Seed is: 33
Number of samples is: 3000
Simulation name is: Simulation_2TV_10x10.sim
TimeStep, Distraction Rate, Missed States, Model Accuracy, Time (ms)
0, 0, 732, 0, 6e-05
1, 0, 731, 1, 0.066506
2, 0, 730, 1.7632, 0.129727
3, 0, 729, 2.7632, 0.192747
4, 0, 729, 2.34816, 0.25748
5, 0, 729, 2.17823, 0.330609
6, 0, 728, 2.94143, 0.39375
7, 0, 727, 3.70463, 0.456589
8, 0, 727, 3.3311, 0.519028
9, 0, 727, 2.95756, 0.581958
10, 0, 727, 2.80463, 0.644718
11, 0, 727, 2.6517, 0.707708
12, 0, 726, 3.41489, 0.770377
13, 0, 726, 2.99986, 0.833056
14, 0, 726, 2.62632, 0.899934
15, 0, 726, 2.25279, 0.962723
16, 0, 726, 2.09986, 1.02562
17, 0, 726, 1.94692, 1.08915
18, 0, 726, 1.777, 1.15176
19, 0, 725, 2.5402, 1.21469
20, 0, 724, 3.30339, 1.27731
21, 0, 724, 2.92986, 1.342
22, 0, 724, 2.55633, 1.40498
23, 0, 724, 2.40339, 1.46782
24, 0, 724, 2.25046, 1.53065
25, 0, 723, 3.25046, 1.59339
26, 0, 723, 2.83542, 1.65605
27, 0, 723, 2.6655, 1.71835
28, 0, 723, 2.5817, 1.78075
29, 0, 722, 3.3449, 1.84338
30, 0, 721, 4.10809, 1.91077
31, 0, 721, 3.73456, 1.97412
32, 0, 721, 3.36103, 2.05551
33, 0, 721, 3.20809, 2.11881
34, 0, 721, 3.05516, 2.18174
35, 0, 720, 4.05516, 2.24453
36, 0, 720, 3.64012, 2.30766
37, 0, 720, 3.4702, 2.37091
38, 0, 719, 4.2334, 2.43406
39, 0, 718, 4.99659, 2.49739
40, 0, 717, 5.75979, 2.57887
41, 0, 717, 5.38626, 2.64593
42, 0, 717, 5.01272, 2.70997
43, 0, 717, 4.85979, 2.78198
44, 0, 717, 4.70686, 2.84542
45, 0, 716, 5.47006, 2.90866
46, 0, 715, 5.82283, 2.97383
47, 0, 715, 5.33786, 3.03726
48, 0, 714, 5.69063, 3.11066
49, 0, 714, 5.20567, 3.17403
50, 0, 714, 5.00113, 3.23726
51, 0, 714, 4.79659, 3.30107
52, 0, 714, 4.68609, 3.37296
53, 0, 713, 5.44929, 3.43732
54, 0, 712, 6.21249, 3.50068
55, 0, 711, 6.97569, 3.56424
56, 0, 710, 7.73888, 3.62771
57, 0, 709, 8.73888, 3.691
58, 0, 709, 8.32385, 3.75397
59, 0, 709, 8.15392, 3.81696
60, 0, 708, 8.91712, 3.88013
61, 0, 707, 9.26989, 3.9533
62, 0, 707, 8.78493, 4.01705
63, 0, 707, 8.41139, 4.08034
64, 0, 707, 8.03786, 4.1512
65, 0, 707, 7.66432, 4.21532
66, 0, 707, 7.45979, 4.27867
67, 0, 707, 7.30685, 4.34193
68, 0, 707, 7.15392, 4.40572
69, 0, 706, 7.91712, 4.4691
70, 0, 705, 8.68032, 4.53308
71, 0, 705, 8.30678, 4.59736
72, 0, 705, 7.93325, 4.66038
73, 0, 705, 7.78032, 4.72304
74, 0, 705, 7.62738, 4.81375
75, 0, 704, 8.39058, 4.87936
76, 0, 703, 9.39058, 4.94268
77, 0, 703, 8.97554, 5.00614
78, 0, 703, 8.80562, 5.06949
79, 0, 702, 9.56881, 5.13685
80, 0, 702, 9.48502, 5.20171
81, 0, 702, 9.11148, 5.28235
82, 0, 702, 9.05848, 5.34672
83, 0, 701, 9.82168, 5.41035
84, 0, 700, 10.8217, 5.47329
85, 0, 700, 10.4066, 5.53614
86, 0, 700, 10.2367, 5.5994
87, 0, 699, 10.9999, 5.66575
88, 0, 698, 11.7631, 5.73299
89, 0, 698, 11.3896, 5.79664
90, 0, 698, 11.016, 5.86935
91, 0, 698, 10.8631, 5.93462
92, 0, 698, 10.7102, 5.99789
93, 0, 697, 11.4734, 6.06127
94, 0, 696, 11.8261, 6.12528
95, 0, 696, 11.3412, 6.1887
96, 0, 695, 11.6939, 6.25265
97, 0, 695, 11.209, 6.31644
98, 0, 695, 11.0044, 6.3802
99, 0, 695, 10.7999, 6.44399
100, 0, 695, 10.647, 6.50786
101, 0, 694, 11.4102, 6.57177
102, 0, 693, 12.1734, 6.63711
103, 0, 693, 11.7998, 6.70077
104, 0, 692, 12.1526, 6.76452
105, 0, 692, 11.6676, 6.82857
106, 0, 692, 11.5147, 6.89265
107, 0, 692, 11.3102, 6.98763
108, 1, 691, 12.3102, 7.05245
109, 2, 690, 13.3102, 7.11625
110, 3, 690, 12.8951, 7.18076
111, 4, 690, 12.7252, 7.24595
112, 5, 690, 12.6321, 7.3103
113, 6, 690, 12.5732, 7.37475
114, 7, 690, 12.5326, 7.43945
115, 8, 690, 12.1175, 7.51146
116, 9, 690, 11.9476, 7.57582
117, 10, 690, 11.8545, 7.63957
118, 11, 690, 11.7956, 7.70382
119, 12, 690, 11.755, 7.76863
120, 13, 690, 11.7252, 7.83335
121, 14, 690, 11.6955, 7.8978
122, 15, 690, 11.6727, 7.9619
123, 16, 690, 11.65, 8.02643
124, 17, 690, 11.6321, 8.0915
125, 18, 690, 11.6176, 8.15896
126, 19, 690, 11.6056, 8.22394
127, 19, 690, 11.5218, 8.2877
128, 19, 689, 12.285, 8.35084
129, 19, 688, 13.0482, 8.41557
130, 19, 688, 12.6747, 8.48304
131, 19, 688, 12.3012, 8.54863
132, 19, 688, 12.1482, 8.61287
133, 19, 687, 12.9114, 8.67713
134, 19, 686, 13.6746, 8.7417
135, 19, 686, 13.3011, 8.80672
136, 19, 685, 13.6539, 8.87216
137, 19, 685, 13.9689, 8.93887
138, 19, 685, 13.3908, 9.00303
139, 19, 685, 13.2379, 9.06711
140, 19, 685, 12.9745, 9.13205
141, 19, 684, 13.7377, 9.20855
142, 19, 683, 14.5009, 9.27415
143, 19, 682, 15.264, 9.33885
144, 19, 681, 16.0272, 9.40332
145, 19, 681, 15.6537, 9.46751
146, 19, 681, 15.5432, 9.53464
147, 19, 681, 15.4327, 9.59955
148, 19, 681, 15.3396, 9.66391
149, 19, 681, 15.2558, 9.72801
150, 19, 681, 15.1029, 9.80426
151, 19, 681, 14.9924, 9.8694
152, 20, 681, 14.9823, 9.93551
153, 20, 681, 14.9457, 10.0001
154, 20, 681, 14.8619, 10.0645
155, 21, 681, 14.844, 10.1301
156, 21, 680, 15.0071, 10.1949
157, 21, 680, 14.9397, 10.2786
158, 21, 679, 15.7029, 10.3441
159, 21, 679, 15.3294, 10.4111
160, 21, 679, 14.9558, 10.4756
161, 21, 679, 14.872, 10.5434
162, 21, 679, 14.7191, 10.6083
163, 21, 679, 14.6353, 10.6731
164, 21, 679, 14.5515, 10.7384
165, 21, 679, 14.178, 10.8032
166, 21, 679, 14.1106, 10.868
167, 21, 679, 14.0666, 10.9329
168, 21, 679, 13.693, 10.9989
169, 21, 679, 13.5401, 11.0642
170, 21, 678, 14.3033, 11.1291
171, 21, 678, 14.2195, 11.1938
172, 21, 677, 14.9827, 11.2587
173, 21, 676, 15.7459, 11.3238
174, 21, 676, 15.3723, 11.4104
175, 21, 676, 14.9988, 11.4913
176, 21, 676, 14.8459, 11.5568
177, 21, 676, 14.6929, 11.6216
178, 21, 675, 15.4561, 11.6869
179, 21, 674, 16.2193, 11.7541
180, 21, 673, 16.9825, 11.8194
181, 21, 673, 16.609, 11.8847
182, 21, 673, 16.2355, 11.9589
183, 21, 673, 16.0825, 12.0247
184, 21, 673, 15.9296, 12.0898
185, 21, 672, 16.9296, 12.1551
186, 21, 672, 16.5146, 12.2208
187, 21, 672, 16.3446, 12.2874
188, 21, 671, 17.1078, 12.3531
189, 21, 671, 16.7343, 12.4183
190, 21, 671, 16.3608, 12.484
191, 21, 671, 16.2078, 12.5628
192, 21, 671, 16.0549, 12.6289
193, 21, 670, 16.8181, 12.6959
194, 21, 669, 17.5813, 12.7616
195, 21, 668, 17.9341, 12.8276
196, 21, 668, 17.4491, 12.8931
197, 21, 668, 17.0756, 12.9585
198, 21, 668, 16.871, 13.0241
199, 21, 667, 17.1124, 13.1054
200, 21, 666, 17.8756, 13.1723
201, 21, 666, 17.7226, 13.2383
202, 21, 666, 17.3491, 13.3155
203, 21, 666, 17.2653, 13.3814
204, 21, 666, 17.0608, 13.4469
205, 21, 665, 17.824, 13.5124
206, 21, 664, 18.5872, 13.5781
207, 21, 663, 18.9399, 13.6439
208, 21, 663, 18.455, 13.7099
209, 21, 663, 18.0814, 13.7777
210, 21, 663, 17.8769, 13.8433
211, 21, 663, 17.724, 13.9133
212, 21, 662, 18.4872, 13.9786
213, 21, 661, 19.2504, 14.0442
214, 21, 660, 20.0136, 14.1099
215, 21, 660, 19.64, 14.1847
216, 21, 660, 19.2665, 14.2508
217, 21, 660, 19.1136, 14.3165
218, 21, 660, 18.9606, 14.3817
219, 21, 659, 19.7238, 14.4476
220, 21, 658, 20.487, 14.5135
221, 21, 657, 21.2502, 14.5809
222, 21, 657, 20.8767, 14.6466
223, 21, 657, 20.5032, 14.7121
224, 21, 656, 21.2664, 14.7774
225, 21, 656, 20.8928, 14.8425
226, 21, 656, 20.5193, 14.9155
227, 21, 655, 20.7606, 15.0152
228, 21, 655, 20.9826, 15.0821
229, 21, 655, 21.1871, 15.1472
230, 21, 654, 21.9503, 15.2129
231, 21, 654, 21.5768, 15.2787
232, 21, 653, 21.9295, 15.3449
233, 21, 653, 21.6255, 15.4109
234, 21, 653, 21.4725, 15.4775
235, 21, 653, 21.3196, 15.5429
236, 21, 652, 21.5609, 15.6085
237, 21, 652, 21.3564, 15.674
238, 21, 652, 20.8714, 15.7404
239, 21, 652, 20.7185, 15.8057
240, 21, 652, 20.6347, 15.8815
241, 21, 652, 20.2612, 15.9489
242, 21, 651, 21.0244, 16.0199
243, 21, 651, 20.9406, 16.0959
244, 21, 651, 20.736, 16.162
245, 21, 650, 21.4992, 16.228
246, 21, 650, 21.1257, 16.2936
247, 21, 649, 21.4785, 16.3674
248, 21, 649, 20.9935, 16.4371
249, 21, 648, 21.2348, 16.5034
250, 21, 648, 21.0303, 16.5699
251, 21, 648, 20.8258, 16.6512
252, 21, 647, 21.589, 16.7172
253, 21, 646, 21.3568, 16.7824
254, 21, 645, 22.7049, 16.8479
255, 21, 644, 23.4681, 16.9133
256, 21, 643, 24.2313, 16.9789
257, 21, 643, 23.8578, 17.0462
258, 21, 643, 23.4842, 17.1126
259, 21, 643, 23.3313, 17.1778
260, 21, 643, 23.1784, 17.2428
261, 21, 642, 23.9416, 17.3086
262, 21, 642, 23.4566, 17.3748
263, 21, 642, 23.0831, 17.4406
264, 21, 642, 22.8785, 17.5068
265, 21, 642, 22.7256, 17.5727
266, 21, 641, 23.4888, 17.6406
267, 21, 641, 23.1153, 17.7088
268, 21, 641, 22.7417, 17.774
269, 21, 640, 22.9831, 17.8397
270, 21, 640, 22.7785, 17.9059
271, 21, 640, 22.6256, 17.9724
272, 21, 640, 22.5151, 18.0379
273, 21, 639, 23.2783, 18.1046
274, 21, 638, 24.0415, 18.1704
275, 21, 638, 23.668, 18.2373
276, 21, 638, 23.2944, 18.3029
277, 21, 638, 23.1415, 18.3683
278, 21, 637, 23.3829, 18.4342
279, 21, 637, 23.1783, 18.5015
280, 21, 636, 24.1783, 18.5673
281, 21, 636, 23.7633, 18.6352
282, 21, 636, 23.5933, 18.7046
283, 21, 636, 23.5096, 18.7895
284, 21, 635, 24.2727, 18.8602
285, 21, 634, 25.0359, 18.9306
286, 21, 633, 25.7991, 18.9984
287, 21, 632, 26.5623, 19.0932
288, 21, 632, 26.1888, 19.1608
289, 21, 632, 25.8153, 19.2507
290, 21, 632, 25.4417, 19.3245
291, 21, 632, 25.0682, 19.3904
292, 21, 632, 24.9153, 19.4561
293, 21, 632, 24.7623, 19.5216
294, 21, 632, 24.6094, 19.5894
295, 21, 631, 25.3726, 19.6729
296, 21, 630, 26.1358, 19.7534
297, 21, 629, 26.899, 19.8221
298, 21, 629, 26.5255, 19.8889
299, 21, 629, 26.1519, 19.9567
300, 21, 629, 25.999, 20.0233
301, 21, 629, 25.8461, 20.0896
302, 21, 628, 25.6139, 20.1561
303, 21, 627, 26.962, 20.2246
304, 21, 626, 27.7252, 20.2914
305, 21, 625, 28.4884, 20.3584
306, 21, 625, 28.1149, 20.4266
307, 21, 625, 27.7414, 20.4931
308, 21, 625, 27.5884, 20.5599
309, 21, 625, 27.4355, 20.6264
310, 21, 624, 28.1987, 20.6931
311, 21, 623, 28.9619, 20.7608
312, 21, 623, 28.5884, 20.8275
313, 21, 623, 28.2148, 20.8942
314, 21, 623, 28.0619, 20.9605
315, 21, 622, 28.3032, 21.0271
316, 21, 622, 28.0987, 21.0937
317, 21, 621, 28.8619, 21.1773
318, 21, 620, 29.6251, 21.2454
319, 21, 619, 29.3929, 21.3123
320, 21, 618, 30.7411, 21.3798
321, 21, 618, 30.3675, 21.4467
322, 21, 618, 29.8826, 21.5138
323, 21, 617, 30.1239, 21.5809
324, 21, 617, 29.9194, 21.6502
325, 21, 617, 29.7148, 21.7174
326, 21, 616, 30.478, 21.785
327, 21, 615, 31.2412, 21.8525
328, 21, 614, 31.594, 21.9227
329, 21, 614, 31.109, 21.99
330, 21, 613, 31.8722, 22.0569
331, 21, 612, 32.6354, 22.1252
332, 21, 611, 33.3986, 22.1923
333, 21, 610, 34.1618, 22.2827
334, 21, 609, 34.5146, 22.3515
335, 21, 609, 34.0296, 22.4187
336, 21, 609, 33.6561, 22.4856
337, 21, 609, 33.878, 22.5651
338, 21, 609, 33.6146, 22.633
339, 21, 609, 33.4617, 22.7004
340, 21, 608, 34.2248, 22.7677
341, 21, 607, 34.988, 22.8371
342, 21, 606, 34.7559, 22.9051
343, 21, 605, 36.104, 22.9898
344, 21, 604, 36.8672, 23.0575
345, 21, 603, 37.6304, 23.1345
346, 21, 602, 38.3936, 23.2032
347, 21, 601, 39.3936, 23.2832
348, 21, 601, 38.9786, 23.3545
349, 21, 600, 39.9786, 23.423
350, 21, 600, 39.5635, 23.4908
351, 21, 600, 39.3936, 23.5586
352, 21, 599, 40.1568, 23.647
353, 21, 598, 41.1568, 23.7293
354, 21, 598, 40.7418, 23.8009
355, 21, 598, 40.5718, 23.8686
356, 21, 597, 41.335, 23.9364
357, 21, 596, 42.0982, 24.0058
358, 21, 596, 41.7247, 24.0737
359, 21, 596, 41.3512, 24.1416
360, 21, 596, 41.1982, 24.2094
361, 21, 596, 41.0453, 24.2771
362, 21, 595, 41.8085, 24.3449
363, 21, 594, 42.8085, 24.4127
364, 21, 594, 42.3935, 24.4804
365, 21, 594, 42.2235, 24.5532
366, 21, 593, 41.9913, 24.6214
367, 21, 592, 43.3395, 24.7082
368, 21, 591, 44.1027, 24.7875
369, 21, 591, 43.6177, 24.8564
370, 21, 591, 43.2442, 24.9248
371, 21, 590, 44.0074, 24.9933
372, 21, 589, 45.0074, 25.0646
373, 21, 589, 44.5924, 25.133
374, 21, 589, 44.4224, 25.2015
375, 21, 588, 45.1856, 25.2699
376, 21, 587, 45.9488, 25.3387
377, 21, 587, 45.5753, 25.4074
378, 21, 587, 45.2018, 25.4761
379, 21, 587, 45.0488, 25.5444
380, 21, 587, 44.8959, 25.613
381, 21, 586, 45.6591, 25.682
382, 21, 585, 46.6591, 25.7507
383, 21, 585, 46.2441, 25.819
384, 21, 585, 46.0741, 25.9115
385, 21, 584, 46.8373, 25.9928
386, 21, 583, 47.6005, 26.083
387, 21, 582, 47.9533, 26.1595
388, 21, 582, 47.4683, 26.2396
389, 21, 582, 47.0948, 26.3084
390, 21, 582, 46.8903, 26.3882
391, 21, 582, 46.7373, 26.4624
392, 21, 581, 47.7373, 26.5365
393, 21, 581, 47.3223, 26.6165
394, 21, 581, 47.1524, 26.6862
395, 21, 580, 47.9156, 26.7661
396, 21, 580, 47.542, 26.8404
397, 21, 580, 47.1685, 26.9174
398, 21, 580, 47.0156, 26.997
399, 21, 579, 47.2569, 27.072
400, 21, 579, 47.0524, 27.1468
401, 21, 578, 47.8156, 27.2421
402, 21, 578, 47.442, 27.3145
403, 21, 578, 47.0685, 27.3949
404, 21, 578, 46.9754, 27.464
405, 21, 578, 46.8225, 27.533
406, 21, 578, 46.6695, 27.6027
407, 21, 578, 46.465, 27.6716
408, 21, 578, 46.3121, 27.7413
409, 21, 578, 46.2532, 27.828
410, 21, 577, 47.0164, 27.8991
411, 21, 577, 46.9326, 27.968
412, 21, 576, 47.6958, 28.037
413, 21, 575, 48.459, 28.1057
414, 21, 575, 48.0854, 28.1773
415, 21, 575, 47.7119, 28.2524
416, 21, 574, 48.4751, 28.3218
417, 21, 573, 49.2383, 28.3919
418, 21, 572, 50.0015, 28.4612
419, 21, 572, 49.6279, 28.5302
420, 21, 572, 49.2544, 28.5996
421, 21, 572, 49.1015, 28.6686
422, 21, 571, 49.3428, 28.7409
423, 21, 571, 49.1383, 28.8104
424, 21, 570, 49.9015, 28.8795
425, 21, 569, 50.6647, 28.9492
426, 21, 568, 51.4279, 29.019
427, 21, 568, 51.0543, 29.0907
428, 21, 568, 50.6808, 29.162
429, 21, 568, 50.5279, 29.2401
430, 21, 568, 50.3749, 29.3095
431, 21, 567, 50.1427, 29.3805
432, 21, 566, 51.4909, 29.45
433, 21, 565, 52.2541, 29.5198
434, 21, 564, 53.0173, 29.5891
435, 21, 564, 52.6438, 29.6584
436, 21, 564, 52.2702, 29.7276
437, 21, 564, 52.1173, 29.7965
438, 21, 563, 52.8805, 29.866
439, 21, 562, 53.6437, 29.9365
440, 21, 562, 53.2702, 30.0062
441, 21, 561, 53.6229, 30.0765
442, 21, 561, 53.138, 30.1469
443, 21, 561, 52.985, 30.2163
444, 21, 560, 53.7482, 30.2858
445, 21, 559, 53.516, 30.3553
446, 21, 558, 54.8642, 30.4256
447, 21, 557, 55.6274, 30.4953
448, 21, 556, 56.3906, 30.5652
449, 21, 555, 56.1584, 30.6354
450, 21, 554, 57.5066, 30.7057
451, 21, 554, 57.133, 30.7755
452, 21, 554, 56.6481, 30.8453
453, 21, 553, 56.8894, 30.915
454, 21, 553, 57.1113, 30.9849
455, 21, 552, 57.8745, 31.0547
456, 21, 552, 57.501, 31.1251
457, 21, 552, 57.016, 31.204
458, 21, 551, 57.3688, 31.2742
459, 21, 551, 56.8838, 31.3478
460, 21, 551, 56.5103, 31.4205
461, 21, 551, 56.3574, 31.4902
462, 21, 551, 56.5793, 31.5602
463, 21, 550, 57.3425, 31.6343
464, 21, 549, 57.1103, 31.7104
465, 21, 548, 58.4585, 31.7925
466, 21, 548, 58.0849, 31.8622
467, 21, 548, 57.6, 31.9319
468, 21, 548, 57.447, 32.0014
469, 21, 548, 57.2425, 32.0712
470, 21, 547, 58.2425, 32.1475
471, 21, 547, 57.8275, 32.2173
472, 21, 546, 58.5907, 32.2881
473, 21, 545, 59.3539, 32.3578
474, 21, 545, 59.2009, 32.4279
475, 21, 544, 60.2009, 32.4976
476, 21, 544, 59.7859, 32.5759
477, 21, 544, 59.616, 32.6456
478, 21, 544, 59.5322, 32.7155
479, 21, 543, 59.8849, 32.7857
480, 21, 543, 59.4, 32.8561
481, 21, 543, 59.0264, 32.9255
482, 21, 542, 59.7896, 32.9995
483, 21, 541, 60.5528, 33.0695
484, 21, 540, 61.316, 33.1393
485, 21, 539, 62.316, 33.2098
486, 21, 539, 61.901, 33.2835
487, 21, 538, 62.6642, 33.3553
488, 21, 538, 62.2907, 33.4255
489, 21, 538, 61.9171, 33.5117
490, 21, 538, 61.7642, 33.5849
491, 21, 538, 61.5943, 33.6563
492, 21, 538, 61.4413, 33.7258
493, 21, 537, 62.2045, 33.7955
494, 21, 537, 61.831, 33.8659
495, 21, 536, 62.1838, 33.9356
496, 21, 536, 61.6988, 34.0057
497, 21, 536, 61.5459, 34.0833
498, 21, 536, 61.3413, 34.1568
499, 21, 535, 62.1045, 34.2263
500, 21, 535, 61.9, 34.2965
501, 21, 535, 61.5265, 34.368
502, 21, 535, 61.416, 34.4375
503, 21, 535, 61.263, 34.5076
504, 21, 535, 61.0931, 34.5771
505, 21, 535, 61.0093, 34.6465
506, 21, 534, 62.0093, 34.7159
507, 21, 534, 61.5943, 34.7856
508, 21, 534, 61.4838, 34.8552
509, 21, 534, 61.2203, 34.9265
510, 21, 534, 61.1673, 34.9964
511, 21, 534, 61.0742, 35.066
512, 21, 534, 60.9231, 35.1364
513, 21, 534, 60.83, 35.2087
514, 21, 534, 60.6254, 35.2792
515, 21, 533, 61.6254, 35.349
516, 21, 533, 61.2104, 35.4221
517, 21, 533, 61.0405, 35.5065
518, 21, 532, 61.8037, 35.5771
519, 21, 531, 62.5669, 35.6469
520, 21, 531, 62.1933, 35.7168
521, 21, 530, 62.9565, 35.7867
522, 21, 529, 63.9565, 35.8559
523, 21, 529, 63.5415, 35.9327
524, 21, 529, 63.3716, 36.0022
525, 21, 528, 64.1348, 36.0718
526, 21, 528, 63.9302, 36.1414
527, 21, 528, 63.5567, 36.211
528, 21, 527, 63.3245, 36.2822
529, 21, 526, 64.6727, 36.3542
530, 21, 525, 65.4359, 36.4237
531, 21, 524, 66.199, 36.4943
532, 21, 524, 65.8255, 36.5642
533, 21, 524, 65.452, 36.6339
534, 21, 524, 65.299, 36.7039
535, 21, 524, 64.9255, 36.7737
536, 21, 523, 65.6887, 36.844
537, 21, 522, 66.4519, 36.9142
538, 21, 521, 67.2151, 36.984
539, 21, 520, 67.9783, 37.0538
540, 21, 520, 67.6048, 37.1252
541, 21, 519, 67.9575, 37.1957
542, 21, 519, 67.4726, 37.2658
543, 21, 519, 67.3196, 37.3356
544, 21, 519, 67.1151, 37.406
545, 21, 518, 67.8783, 37.4761
546, 21, 518, 67.5048, 37.5466
547, 21, 518, 67.1312, 37.6169
548, 21, 518, 66.9783, 37.6868
549, 21, 517, 67.2196, 37.7609
550, 21, 517, 67.0151, 37.831
551, 21, 516, 67.7783, 37.9011
552, 21, 516, 67.4048, 37.9731
553, 21, 516, 67.0312, 38.0487
554, 21, 516, 66.8783, 38.1189
555, 21, 516, 66.7254, 38.1899
556, 21, 516, 66.6323, 38.2604
557, 21, 516, 66.5485, 38.3303
558, 21, 516, 66.4647, 38.4002
559, 21, 515, 67.2279, 38.4705
560, 21, 515, 66.8543, 38.5409
561, 21, 515, 66.7438, 38.6112
562, 21, 515, 66.3703, 38.6813
563, 21, 515, 65.8853, 38.7517
564, 21, 514, 66.8853, 38.8307
565, 21, 514, 66.4703, 38.9009
566, 21, 514, 66.3004, 38.9803
567, 21, 513, 67.0636, 39.0502
568, 21, 512, 67.8268, 39.12
569, 21, 512, 67.6738, 39.1899
570, 21, 511, 68.0266, 39.2742
571, 21, 511, 67.5416, 39.3448
572, 21, 510, 68.3048, 39.4152
573, 21, 509, 68.0726, 39.5106
574, 21, 508, 69.4208, 39.5971
575, 21, 508, 69.0473, 39.6805
576, 21, 508, 68.6737, 39.7509
577, 21, 508, 68.3002, 39.821
578, 21, 507, 68.653, 39.8939
579, 21, 507, 68.168, 39.9643
580, 21, 507, 68.0151, 40.0358
581, 21, 507, 67.8105, 40.1063
582, 21, 506, 68.5737, 40.1791
583, 21, 506, 68.4038, 40.2492
584, 21, 506, 68.2509, 40.3223
585, 21, 506, 67.8773, 40.3926
586, 21, 506, 67.7935, 40.463
587, 21, 506, 67.6406, 40.5333
588, 21, 505, 67.4084, 40.6035
589, 21, 504, 68.7566, 40.6741
590, 21, 504, 68.6036, 40.7442
591, 21, 504, 68.1187, 40.8141
592, 21, 504, 68.0349, 40.8875
593, 21, 504, 67.9819, 40.9575
594, 21, 504, 67.8981, 41.0277
595, 21, 504, 67.8143, 41.0978
596, 21, 504, 67.7305, 41.1679
597, 21, 504, 67.62, 41.2381
598, 21, 504, 67.2465, 41.3083
599, 21, 504, 66.7615, 41.3794
600, 21, 503, 67.5247, 41.4663
601, 21, 503, 67.1512, 41.5376
602, 21, 503, 66.7776, 41.6075
603, 21, 503, 66.6247, 41.6801
604, 21, 503, 66.4718, 41.7508
605, 21, 502, 67.235, 41.8213
606, 21, 502, 66.8614, 41.8917
607, 21, 502, 66.4879, 41.9621
608, 21, 502, 66.335, 42.0325
609, 21, 502, 66.182, 42.1113
610, 21, 501, 66.9452, 42.1818
611, 21, 500, 67.7084, 42.2548
612, 21, 499, 68.4716, 42.325
613, 21, 499, 68.0981, 42.3954
614, 21, 499, 67.7245, 42.4655
615, 21, 499, 67.5716, 42.543
616, 21, 499, 67.4187, 42.6141
617, 21, 499, 66.9337, 42.6848
618, 21, 499, 66.5602, 42.7552
619, 21, 499, 66.7821, 42.8256
620, 21, 499, 66.5187, 42.8963
621, 21, 499, 66.3657, 42.9768
622, 21, 498, 67.1289, 43.0473
623, 21, 497, 67.4817, 43.118
624, 21, 497, 66.9968, 43.1884
625, 21, 496, 67.3495, 43.2601
626, 21, 496, 66.8646, 43.3311
627, 21, 495, 67.6278, 43.402
628, 21, 494, 68.391, 43.4805
629, 21, 494, 68.0174, 43.5508
630, 21, 494, 67.6439, 43.6215
631, 21, 494, 67.491, 43.6922
632, 21, 494, 67.338, 43.7629
633, 21, 493, 68.1012, 43.8338
634, 21, 492, 68.8644, 43.9048
635, 21, 491, 69.6276, 43.976
636, 21, 490, 69.9804, 44.047
637, 21, 490, 69.4954, 44.118
638, 21, 490, 69.1219, 44.1887
639, 21, 490, 68.9173, 44.2593
640, 21, 490, 68.7644, 44.3303
641, 21, 489, 69.7644, 44.4007
642, 21, 489, 69.3494, 44.4718
643, 21, 489, 69.1795, 44.5423
644, 21, 488, 69.9427, 44.6132
645, 21, 487, 70.7058, 44.6839
646, 21, 487, 70.3323, 44.7566
647, 21, 486, 71.0955, 44.8277
648, 21, 485, 71.8587, 44.8987
649, 21, 485, 71.4852, 44.97
650, 21, 485, 71.1116, 45.0408
651, 21, 485, 70.9587, 45.1119
652, 21, 485, 70.8058, 45.1828
653, 21, 485, 70.722, 45.2535
654, 21, 484, 71.4852, 45.3247
655, 21, 484, 71.0002, 45.3959
656, 21, 484, 70.6267, 45.4668
657, 21, 484, 70.4221, 45.5379
658, 21, 484, 70.2692, 45.6087
659, 21, 484, 70.1854, 45.6792
660, 21, 483, 71.1854, 45.7511
661, 21, 483, 70.7704, 45.8219
662, 21, 483, 70.6004, 45.9172
663, 21, 482, 71.3636, 45.9898
664, 21, 481, 72.3636, 46.0609
665, 21, 481, 71.9486, 46.132
666, 21, 480, 72.7118, 46.2034
667, 21, 479, 72.9015, 46.2992
668, 21, 479, 72.528, 46.4071
669, 21, 479, 72.1545, 46.5066
670, 21, 479, 72.0015, 46.6319
671, 21, 479, 71.8486, 46.7471
672, 21, 479, 71.7381, 46.8658
673, 21, 479, 71.5682, 46.9665
674, 21, 479, 71.4751, 47.0533
675, 21, 479, 71.382, 47.1265
676, 21, 479, 71.2982, 47.2003
677, 21, 479, 71.2308, 47.2715
678, 21, 479, 71.1719, 47.3424
679, 21, 479, 71.1189, 47.4136
680, 21, 479, 71.0258, 47.4848
681, 21, 479, 70.942, 47.5561
682, 21, 479, 70.8582, 47.6273
683, 21, 479, 70.8052, 47.6986
684, 21, 478, 71.5684, 47.7699
685, 21, 478, 71.1949, 47.8437
686, 21, 477, 71.5476, 47.9158
687, 21, 477, 71.0627, 47.9908
688, 21, 477, 70.9098, 48.0616
689, 21, 477, 70.7052, 48.1334
690, 21, 476, 71.4684, 48.205
691, 21, 476, 71.0949, 48.2766
692, 21, 476, 70.7213, 48.3477
693, 21, 476, 70.5684, 48.4187
694, 21, 476, 70.4155, 48.49
695, 21, 475, 70.6052, 48.5616
696, 21, 475, 70.4947, 48.6329
697, 21, 474, 71.2579, 48.7042
698, 21, 473, 72.0211, 48.7766
699, 21, 473, 71.6476, 48.8692
700, 21, 473, 71.274, 48.9419
701, 21, 473, 71.1211, 49.0133
702, 21, 473, 70.9682, 49.0855
703, 21, 472, 71.7314, 49.1576
704, 21, 471, 72.7314, 49.2376
705, 21, 471, 72.3163, 49.3098
706, 21, 471, 72.1464, 49.3815
707, 21, 470, 71.9142, 49.4528
708, 21, 469, 73.2624, 49.5248
709, 21, 469, 72.8888, 49.5977
710, 21, 469, 72.4039, 49.6702
711, 21, 469, 72.251, 49.7474
712, 21, 469, 72.0464, 49.8201
713, 21, 468, 73.0464, 49.8921
714, 21, 468, 72.6314, 49.9662
715, 21, 468, 72.4614, 50.0383
716, 21, 468, 72.3777, 50.1099
717, 21, 467, 73.1408, 50.1877
718, 21, 466, 73.904, 50.26
719, 21, 466, 73.5305, 50.3323
720, 21, 466, 73.157, 50.4048
721, 21, 466, 73.004, 50.4766
722, 21, 466, 72.8511, 50.5487
723, 21, 465, 72.6189, 50.6213
724, 21, 464, 73.9671, 50.6953
725, 21, 463, 74.7303, 50.768
726, 21, 462, 75.4935, 50.8416
727, 21, 462, 75.1199, 50.9141
728, 21, 462, 74.7464, 50.9868
729, 21, 462, 74.5935, 51.0593
730, 21, 462, 74.4405, 51.1318
731, 21, 461, 75.2037, 51.2039
732, 21, 460, 75.9669, 51.2765
733, 21, 460, 75.5934, 51.349
734, 21, 460, 75.2199, 51.4213
735, 21, 460, 75.1361, 51.8228
736, 21, 459, 75.8993, 51.9007
737, 21, 458, 76.8993, 51.9753
738, 21, 458, 76.4842, 52.0479
739, 21, 458, 76.3143, 52.1206
740, 21, 457, 77.0775, 52.1931
741, 21, 456, 77.8407, 52.2662
742, 21, 455, 78.6039, 52.3479
743, 21, 455, 78.2304, 52.4217
744, 21, 455, 77.8568, 52.4948
745, 21, 455, 77.7039, 52.5792
746, 21, 454, 78.4671, 52.654
747, 21, 453, 79.2303, 52.727
748, 21, 452, 79.5831, 52.8194
749, 21, 452, 79.0981, 52.8937
750, 21, 452, 78.7246, 52.9668
751, 21, 452, 78.52, 53.04
752, 21, 452, 78.3671, 53.1132
753, 21, 451, 79.1303, 53.1949
754, 22, 450, 80.1303, 53.2679
755, 23, 450, 79.7153, 53.342
756, 24, 450, 79.5453, 53.4175
757, 25, 450, 79.4522, 53.4914
758, 26, 450, 79.3933, 53.567
759, 27, 450, 79.3527, 53.644
760, 28, 450, 79.3229, 53.7177
761, 28, 449, 80.0861, 53.7901
762, 28, 448, 81.0861, 53.8627
763, 28, 448, 80.6711, 53.9454
764, 28, 448, 80.5012, 54.0183
765, 28, 447, 81.2644, 54.0911
766, 28, 447, 80.8908, 54.1724
767, 28, 446, 81.654, 54.2481
768, 28, 445, 82.654, 54.3216
769, 28, 445, 82.239, 54.3945
770, 28, 445, 82.0691, 54.469
771, 28, 444, 82.8323, 54.5418
772, 28, 443, 83.185, 54.615
773, 28, 443, 82.7001, 54.6884
774, 28, 442, 83.4633, 54.7614
775, 28, 441, 84.2265, 54.834
776, 28, 440, 84.9897, 54.9135
777, 28, 439, 85.9897, 54.9992
778, 28, 439, 85.5746, 55.0721
779, 28, 439, 85.4047, 55.1448
780, 28, 438, 86.1679, 55.2174
781, 28, 438, 85.7944, 55.2906
782, 28, 438, 85.4208, 55.3635
783, 28, 438, 85.2679, 55.4365
784, 28, 438, 85.115, 55.5091
785, 28, 437, 85.8782, 55.5817
786, 28, 436, 86.6414, 55.658
787, 28, 436, 86.2678, 55.7312
788, 28, 436, 85.8943, 55.805
789, 28, 435, 86.6575, 55.8974
790, 28, 435, 86.284, 55.9718
791, 28, 434, 86.6367, 56.0616
792, 28, 434, 86.1518, 56.1365
793, 28, 434, 85.9988, 56.2159
794, 28, 434, 85.8459, 56.2906
795, 28, 433, 86.1987, 56.3645
796, 28, 433, 85.7137, 56.4384
797, 28, 433, 85.3402, 56.512
798, 28, 433, 85.1356, 56.5859
799, 28, 433, 84.9827, 56.6624
800, 28, 433, 84.8298, 56.7362
801, 28, 433, 84.6252, 56.8101
802, 28, 433, 84.5414, 56.8839
803, 28, 433, 84.4576, 56.9576
804, 28, 432, 85.2208, 57.0544
805, 28, 431, 85.984, 57.1336
806, 28, 431, 85.6105, 57.2073
807, 28, 431, 85.237, 57.2807
808, 28, 431, 85.084, 57.3544
809, 28, 431, 84.9311, 57.4317
810, 28, 430, 85.9311, 57.5055
811, 28, 430, 85.5161, 57.5799
812, 28, 430, 85.3461, 57.6645
813, 28, 430, 85.2356, 57.7386
814, 28, 429, 86.2356, 57.8145
815, 28, 429, 85.8206, 57.8884
816, 28, 429, 85.6507, 57.9619
817, 28, 428, 86.4139, 58.0355
818, 28, 427, 87.1771, 58.1208
819, 28, 426, 88.1771, 58.1952
820, 28, 426, 87.762, 58.2691
821, 28, 426, 87.5921, 58.3431
822, 28, 425, 88.3553, 58.4171
823, 28, 425, 87.9818, 58.5
824, 28, 425, 87.6082, 58.5741
825, 28, 425, 87.4553, 58.6479
826, 28, 425, 87.3024, 58.729
827, 28, 424, 87.0702, 58.8029
828, 28, 423, 88.4183, 58.8771
829, 29, 423, 88.3956, 58.9589
830, 29, 423, 88.2851, 59.0334
831, 29, 422, 88.0529, 59.1072
832, 29, 421, 89.4011, 59.2036
833, 29, 421, 89.2482, 59.2788
834, 29, 421, 89.1951, 59.3529
835, 29, 421, 88.8216, 59.4315
836, 29, 421, 88.4481, 59.5076
837, 29, 420, 88.2159, 59.5814
838, 29, 419, 89.564, 59.6555
839, 29, 418, 90.3272, 59.7293
840, 29, 417, 91.0904, 59.8045
841, 29, 416, 92.0904, 59.8786
842, 29, 416, 92.0066, 59.9523
843, 29, 416, 91.6331, 60.0352
844, 29, 416, 91.1481, 60.11
845, 30, 416, 91.1302, 60.1859
846, 30, 416, 90.9773, 60.2601
847, 30, 416, 90.6038, 60.3341
848, 30, 416, 90.2302, 60.4082
849, 30, 416, 90.0773, 60.4825
850, 30, 416, 89.9244, 60.5567
851, 30, 415, 90.6876, 60.6307
852, 30, 414, 91.6876, 60.7043
853, 30, 414, 91.2725, 60.7787
854, 30, 414, 91.1026, 60.8524
855, 30, 413, 92.1026, 60.9295
856, 30, 413, 91.6876, 61.0037
857, 30, 413, 91.5176, 61.0819
858, 30, 412, 92.2808, 61.1563
859, 30, 412, 91.9073, 61.2304
860, 30, 411, 92.2601, 61.3047
861, 30, 411, 91.7751, 61.3788
862, 30, 411, 91.6222, 61.4554
863, 30, 411, 91.4176, 61.5297
864, 30, 411, 91.3338, 61.6126
865, 30, 411, 91.2407, 61.6868
866, 30, 411, 91.1476, 61.7609
867, 30, 411, 91.0638, 61.8351
868, 30, 411, 90.9707, 61.9089
869, 30, 410, 91.1604, 61.9906
870, 30, 410, 91.0499, 62.0648
871, 30, 410, 90.9394, 62.1433
872, 30, 410, 90.8556, 62.2429
873, 30, 409, 91.6188, 62.3666
874, 30, 408, 91.3866, 62.4514
875, 30, 407, 92.7348, 62.5521
876, 30, 407, 92.651, 62.6711
877, 30, 407, 92.4981, 62.7583
878, 30, 407, 92.4451, 62.8403
879, 30, 407, 92.4085, 62.9144
880, 30, 407, 92.2556, 62.9889
881, 30, 407, 91.882, 63.063
882, 30, 407, 91.5085, 63.1371
883, 30, 407, 91.0935, 63.2143
884, 30, 407, 90.9235, 63.2886
885, 30, 407, 90.8705, 63.3629
886, 30, 407, 90.7176, 63.4376
887, 30, 406, 91.4808, 63.5118
888, 30, 406, 91.397, 63.6072
889, 30, 405, 92.1602, 63.6826
890, 30, 405, 92.0073, 63.7574
891, 30, 405, 91.6337, 63.8316
892, 30, 405, 91.5499, 63.9059
893, 30, 405, 91.397, 63.9806
894, 30, 405, 91.3132, 64.0554
895, 30, 405, 90.9397, 64.1301
896, 30, 405, 90.8559, 64.2047
897, 30, 405, 90.7721, 64.2803
898, 30, 405, 90.6883, 64.3551
899, 30, 405, 90.5952, 64.4296
900, 30, 405, 90.5422, 64.5039
901, 30, 405, 90.4891, 64.5814
902, 30, 405, 90.4361, 64.6557
903, 31, 405, 90.4216, 64.7316
904, 31, 405, 90.3543, 64.8063
905, 31, 405, 89.8693, 64.8807
906, 31, 404, 90.6325, 64.9554
907, 31, 404, 90.1476, 65.0303
908, 31, 404, 89.774, 65.1051
909, 31, 404, 89.5695, 65.1792
910, 31, 403, 90.3327, 65.2536
911, 31, 403, 90.2222, 65.3334
912, 31, 403, 90.1291, 65.408
913, 31, 402, 90.4819, 65.4829
914, 31, 402, 89.9969, 65.5576
915, 31, 401, 90.9969, 65.6319
916, 31, 401, 90.5819, 65.7062
917, 31, 401, 90.4119, 65.7821
918, 31, 400, 91.1751, 65.8566
919, 31, 400, 91.1162, 65.9509
920, 31, 400, 91.0756, 66.0404
921, 31, 400, 90.8711, 66.1164
922, 31, 400, 90.4975, 66.1908
923, 31, 400, 90.387, 66.2656
924, 31, 399, 91.1502, 66.3404
925, 31, 398, 92.1502, 66.4149
926, 31, 398, 91.7352, 66.4896
927, 31, 397, 92.4984, 66.5698
928, 31, 396, 93.2616, 66.6445
929, 31, 396, 92.888, 66.7195
930, 31, 396, 92.5145, 66.7942
931, 31, 396, 92.3616, 66.8686
932, 31, 395, 93.1248, 66.9431
933, 31, 395, 92.7512, 67.0176
934, 31, 395, 92.6839, 67.1115
935, 31, 395, 92.6001, 67.1871
936, 31, 395, 92.5471, 67.262
937, 31, 395, 92.503, 67.3366
938, 31, 395, 92.3501, 67.4116
939, 31, 395, 91.8651, 67.4949
940, 31, 395, 91.772, 67.5715
941, 31, 395, 91.6191, 67.6461
942, 31, 395, 91.5661, 67.7204
943, 31, 394, 92.3293, 67.7976
944, 31, 393, 93.0925, 67.8723
945, 31, 392, 93.4452, 67.9472
946, 31, 392, 92.9603, 68.022
947, 31, 392, 92.5867, 68.0969
948, 31, 392, 92.3822, 68.1721
949, 31, 392, 92.2293, 68.2467
950, 31, 392, 92.1455, 68.3245
951, 31, 391, 92.9087, 68.3989
952, 31, 390, 93.6719, 68.4729
953, 31, 390, 93.5881, 68.5472
954, 31, 390, 93.2145, 68.6212
955, 31, 390, 93.1615, 68.6973
956, 31, 390, 93.0086, 68.7731
957, 31, 390, 92.9155, 68.8476
958, 31, 390, 92.8317, 68.924
959, 31, 389, 93.5949, 68.9989
960, 31, 388, 93.3627, 69.0734
961, 31, 387, 94.7109, 69.1481
962, 31, 387, 94.3373, 69.2376
963, 31, 387, 94.2535, 69.3128
964, 31, 387, 94.143, 69.3874
965, 31, 387, 93.6581, 69.4623
966, 31, 387, 93.5051, 69.5583
967, 31, 387, 93.4213, 69.6342
968, 31, 387, 93.3375, 69.7084
969, 31, 387, 93.133, 69.7837
970, 31, 387, 93.0741, 69.8652
971, 31, 387, 92.9903, 69.9436
972, 31, 387, 92.6168, 70.0186
973, 31, 387, 92.5638, 70.0931
974, 31, 387, 92.4707, 70.1822
975, 31, 387, 92.3177, 70.2578
976, 31, 387, 92.1648, 70.3398
977, 31, 387, 91.9602, 70.4149
978, 31, 387, 91.9335, 70.4893
979, 31, 387, 91.823, 70.5642
980, 31, 387, 91.7392, 70.6386
981, 31, 387, 91.7026, 70.7131
982, 31, 387, 91.6188, 70.7878
983, 31, 387, 91.5658, 70.8623
984, 31, 387, 91.4985, 70.9513
985, 31, 387, 91.4619, 71.0271
986, 31, 387, 91.4089, 71.1015
987, 31, 387, 91.3559, 71.1778
988, 31, 387, 91.2628, 71.2526
989, 31, 387, 91.1696, 71.3274
990, 31, 387, 91.0858, 71.4096
991, 31, 386, 91.2345, 71.4856
992, 31, 386, 91.1905, 71.5604
993, 31, 386, 91.0375, 71.6351
994, 31, 386, 90.9444, 71.7098
995, 31, 386, 90.8606, 71.8006
996, 31, 386, 90.8165, 71.8763
997, 31, 386, 90.7635, 71.9511
998, 31, 386, 90.559, 72.0259
999, 31, 385, 90.3268, 72.1004
1000, 31, 385, 90.2853, 72.1748
1001, 31, 384, 91.99, 72.2498
1002, 31, 384, 91.6165, 72.3247
1003, 31, 384, 91.0384, 72.3995
1004, 31, 384, 90.8855, 72.4742
1005, 31, 384, 90.622, 72.561
1006, 31, 383, 91.622, 72.6366
1007, 31, 383, 91.207, 72.7117
1008, 31, 383, 91.0371, 72.7863
1009, 31, 383, 90.9533, 72.8609
1010, 31, 383, 90.8003, 72.9353
1011, 31, 383, 90.4268, 73.0094
1012, 31, 383, 90.2569, 73.0844
1013, 31, 382, 91.2569, 73.1633
1014, 31, 382, 90.8418, 73.2378
1015, 31, 382, 90.6719, 73.313
1016, 31, 381, 91.4351, 73.3963
1017, 31, 381, 91.342, 73.4714
1018, 31, 381, 91.1891, 73.5462
1019, 31, 381, 91.1053, 73.6209
1020, 31, 381, 90.9007, 73.7023
1021, 31, 381, 90.8477, 73.7778
1022, 31, 381, 90.7804, 73.8528
1023, 31, 381, 90.7274, 73.9273
1024, 31, 381, 90.6908, 74.0021
1025, 31, 381, 90.6378, 74.0809
1026, 31, 381, 90.5789, 74.1561
1027, 31, 381, 90.7013, 74.2312
1028, 31, 381, 90.6607, 74.3063
1029, 31, 381, 90.6241, 74.3997
1030, 32, 381, 90.6121, 74.4868
1031, 32, 381, 90.5819, 74.5621
1032, 32, 381, 90.5453, 74.6366
1033, 32, 380, 90.7083, 74.7132
1034, 32, 380, 90.641, 74.7878
1035, 32, 380, 90.588, 74.8745
1036, 32, 380, 90.5206, 74.9504
1037, 32, 380, 90.3677, 75.0254
1038, 32, 380, 89.9942, 75.0998
1039, 32, 380, 89.9104, 75.1746
1040, 32, 380, 89.8173, 75.2493
1041, 32, 379, 90.0586, 75.3241
1042, 32, 379, 89.8541, 75.3987
1043, 32, 379, 89.7436, 75.4733
1044, 32, 379, 89.6598, 75.5507
1045, 32, 379, 89.5924, 75.6256
1046, 32, 379, 89.5559, 75.7003
1047, 32, 378, 90.319, 75.7747
1048, 32, 378, 89.8341, 75.856
1049, 32, 378, 89.4606, 75.9387
1050, 32, 377, 90.4606, 76.0134
1051, 32, 377, 90.0455, 76.0875
1052, 32, 377, 89.8756, 76.1616
1053, 32, 377, 89.7918, 76.2357
1054, 32, 377, 89.6389, 76.3099
1055, 32, 377, 89.5551, 76.384
1056, 32, 377, 89.462, 76.4584
1057, 32, 377, 89.3782, 76.5506
1058, 32, 377, 89.285, 76.6258
1059, 32, 377, 89.2012, 76.701
1060, 32, 377, 89.1174, 76.7754
1061, 32, 377, 89.0501, 76.8506
1062, 32, 377, 88.9971, 76.9253
1063, 32, 377, 88.9441, 77.0062
1064, 32, 377, 88.8911, 77.1194
1065, 32, 377, 88.7382, 77.23
1066, 32, 377, 88.6852, 77.3355
1067, 32, 377, 88.5747, 77.4471
1068, 32, 377, 88.4909, 77.5792
1069, 32, 377, 88.3804, 77.7053
1070, 32, 377, 88.3397, 77.8336
1071, 32, 377, 88.3031, 77.9662
1072, 32, 377, 88.2442, 78.1218
1073, 32, 377, 88.2077, 78.2631
1074, 32, 377, 88.1488, 78.4087
1075, 32, 377, 88.0899, 78.5368
1076, 32, 377, 88.0369, 78.6757
1077, 32, 376, 88.2266, 78.8004
1078, 32, 376, 88.1161, 78.9231
1079, 32, 376, 88.0631, 79.0457
1080, 32, 376, 87.9958, 79.1528
1081, 32, 376, 87.8428, 79.2786
1082, 32, 376, 87.7898, 79.3891
1083, 32, 376, 87.7368, 79.5059
1084, 32, 376, 87.9587, 79.6161
1085, 32, 375, 88.7219, 79.7295
1086, 32, 375, 88.3484, 79.8424
1087, 32, 375, 87.9749, 79.9523
1088, 32, 374, 88.7381, 80.0631
1089, 32, 374, 88.3645, 80.1768
1090, 32, 374, 88.2134, 80.2963
1091, 32, 373, 88.9766, 80.411
1092, 32, 373, 88.8661, 80.522
1093, 32, 373, 88.6616, 80.6268
1094, 32, 373, 88.288, 80.7454
1095, 32, 373, 88.1775, 80.8679
1096, 32, 373, 87.804, 80.979
1097, 32, 373, 87.6511, 81.0865
1098, 32, 373, 87.2775, 81.1967
1099, 32, 373, 87.1937, 81.3082
1100, 32, 372, 87.4351, 81.449
1101, 32, 372, 87.2305, 81.5744
1102, 32, 371, 87.9937, 81.6857
1103, 32, 370, 88.7569, 81.7941
1104, 32, 370, 88.3834, 81.9021
1105, 32, 370, 88.0099, 82.0103
1106, 32, 370, 87.8569, 82.1195
1107, 32, 370, 87.704, 82.2308
1108, 32, 369, 88.704, 82.3428
1109, 32, 369, 88.289, 82.4538
1110, 32, 369, 88.119, 82.5931
1111, 32, 368, 88.8822, 82.7041
1112, 32, 368, 88.7293, 82.8326
1113, 32, 368, 88.3558, 82.9429
1114, 32, 368, 88.272, 83.0761
1115, 32, 368, 88.119, 83.1906
1116, 32, 367, 87.8868, 83.3035
1117, 32, 366, 89.235, 83.4231
1118, 32, 365, 89.9982, 83.5479
1119, 32, 365, 89.5132, 83.6664
1120, 32, 365, 89.1397, 83.7813
1121, 32, 365, 88.9352, 83.892
1122, 32, 364, 89.1765, 84.0017
1123, 32, 364, 88.972, 84.1094
1124, 32, 363, 89.7352, 84.2183
1125, 32, 362, 90.4984, 84.3401
1126, 32, 361, 91.2616, 84.4527
1127, 32, 361, 90.888, 84.5638
1128, 32, 361, 90.5145, 84.7107
1129, 32, 361, 90.3616, 84.8234
1130, 32, 361, 90.2086, 84.9352
1131, 32, 361, 90.1248, 85.0486
1132, 32, 360, 90.888, 85.1692
1133, 32, 359, 91.6512, 85.2873
1134, 32, 359, 91.2777, 85.4008
1135, 32, 359, 90.9042, 85.5148
1136, 32, 359, 90.7512, 85.6315
1137, 32, 359, 90.5983, 85.7473
1138, 32, 358, 91.3615, 85.8795
1139, 32, 357, 92.1247, 85.9973
1140, 32, 356, 92.8879, 86.1168
1141, 32, 356, 92.5143, 86.2326
1142, 32, 356, 92.1408, 86.3481
1143, 32, 355, 92.904, 86.4698
1144, 32, 354, 93.6672, 86.5867
1145, 32, 354, 93.2937, 86.7016
1146, 32, 354, 92.9201, 86.8211
1147, 32, 354, 92.7672, 86.9663
1148, 32, 354, 92.6143, 87.0833
1149, 32, 353, 93.3775, 87.2025
1150, 32, 352, 94.1407, 87.3211
1151, 32, 352, 94.0302, 87.4391
1152, 32, 352, 93.6566, 87.5558
1153, 32, 351, 94.4198, 87.6719
1154, 32, 351, 94.2669, 87.7893
1155, 32, 351, 94.1996, 87.9043
1156, 32, 351, 94.1158, 88.0116
1157, 32, 351, 94.0717, 88.1291
1158, 32, 351, 93.9612, 88.2205
1159, 32, 351, 93.8938, 88.2992
1160, 32, 351, 93.8265, 88.3752
1161, 32, 350, 94.5897, 88.454
1162, 32, 349, 95.3529, 88.5303
1163, 32, 348, 95.7056, 88.6066
1164, 32, 348, 95.2207, 88.6828
1165, 32, 348, 94.8472, 88.7604
1166, 32, 348, 94.6426, 88.8362
1167, 32, 348, 94.4897, 88.9118
1168, 32, 347, 95.2529, 88.9873
1169, 32, 346, 96.0161, 89.063
1170, 32, 345, 96.7793, 89.1385
1171, 32, 345, 96.4057, 89.2427
1172, 32, 344, 97.1689, 89.324
1173, 32, 343, 96.9367, 89.3998
1174, 32, 342, 98.2849, 89.4757
1175, 32, 342, 97.9114, 89.5514
1176, 32, 342, 97.7584, 89.6266
1177, 32, 342, 97.3849, 89.702
1178, 32, 342, 96.8999, 89.7775
1179, 32, 342, 96.747, 89.8527
1180, 32, 342, 96.5425, 89.9285
1181, 32, 342, 96.3895, 90.0045
1182, 32, 342, 96.3057, 90.0802
1183, 32, 342, 96.2219, 90.1557
1184, 32, 341, 96.9851, 90.2311
1185, 32, 340, 97.7483, 90.3071
1186, 32, 339, 98.5115, 90.3828
1187, 32, 339, 98.4277, 90.4582
1188, 32, 338, 99.4277, 90.5337
1189, 32, 338, 99.0127, 90.6341
1190, 32, 338, 98.8428, 90.7124
1191, 32, 338, 98.7898, 90.7884
1192, 32, 337, 99.7898, 90.8748
1193, 32, 337, 99.3747, 90.9508
1194, 32, 337, 99.2048, 91.0267
1195, 32, 336, 99.968, 91.1057
1196, 32, 336, 99.5945, 91.1816
1197, 32, 336, 99.2209, 91.2592
1198, 32, 335, 99.9841, 91.3356
1199, 32, 335, 99.6106, 91.4116
1200, 32, 335, 99.2371, 91.4872
1201, 32, 335, 99.0841, 91.5629
1202, 32, 335, 98.9312, 91.6387
1203, 32, 334, 99.0942, 91.7147
1204, 32, 334, 98.9413, 91.7905
1205, 32, 334, 98.7884, 91.866
1206, 32, 334, 98.7046, 91.9417
1207, 32, 333, 99.4678, 92.0205
1208, 32, 332, 100.231, 92.0965
1209, 32, 331, 100.994, 92.1724
1210, 32, 330, 101.347, 92.2667
1211, 32, 330, 100.862, 92.3437
1212, 32, 330, 100.488, 92.4211
1213, 32, 330, 100.405, 92.5081
1214, 32, 330, 100.031, 92.5946
1215, 32, 330, 99.6576, 92.6798
1216, 32, 329, 100.421, 92.7558
1217, 32, 328, 101.184, 92.832
1218, 32, 328, 100.81, 92.9165
1219, 32, 328, 100.437, 92.9925
1220, 32, 328, 100.284, 93.0687
1221, 32, 328, 100.131, 93.1445
1222, 32, 328, 99.9781, 93.2362
1223, 32, 328, 99.6046, 93.3148
1224, 32, 327, 99.7943, 93.3912
1225, 32, 327, 99.6838, 93.4677
1226, 32, 327, 99.5309, 93.5436
1227, 32, 327, 99.4471, 93.6192
1228, 32, 326, 100.21, 93.6959
1229, 32, 326, 99.8367, 93.7719
1230, 32, 325, 100.19, 93.8484
1231, 32, 325, 100.505, 93.9261
1232, 32, 325, 99.9265, 94.0032
1233, 32, 325, 99.7735, 94.0795
1234, 32, 325, 99.569, 94.1577
1235, 32, 325, 99.4161, 94.2339
1236, 32, 325, 99.1526, 94.3106
1237, 32, 325, 99.0688, 94.3867
1238, 32, 325, 99.0158, 94.4626
1239, 32, 325, 98.9628, 94.5388
1240, 32, 325, 98.8523, 94.6151
1241, 32, 324, 99.8523, 94.6911
1242, 32, 323, 100.616, 94.767
1243, 32, 322, 101.616, 94.8434
1244, 32, 322, 101.2, 94.9229
1245, 32, 322, 101.031, 94.9991
1246, 32, 321, 101.794, 95.0752
1247, 32, 321, 101.42, 95.1512
1248, 32, 321, 101.047, 95.2271
1249, 32, 321, 100.894, 95.3028
1250, 32, 321, 100.741, 95.3794
1251, 32, 320, 101.741, 95.4556
1252, 32, 320, 101.326, 95.5316
1253, 32, 320, 101.156, 95.6078
1254, 32, 319, 101.346, 95.6862
1255, 32, 319, 101.235, 95.7634
1256, 32, 318, 101.998, 95.8401
1257, 32, 318, 101.583, 95.9337
1258, 32, 318, 101.21, 96.0142
1259, 32, 318, 100.836, 96.0913
1260, 32, 318, 100.683, 96.1675
1261, 32, 318, 100.53, 96.2494
1262, 32, 318, 100.36, 96.3345
1263, 32, 317, 101.124, 96.4206
1264, 32, 316, 100.891, 96.5096
1265, 32, 315, 102.24, 96.5872
1266, 32, 314, 103.003, 96.6643
1267, 32, 314, 102.518, 96.7436
1268, 32, 314, 102.144, 96.8209
1269, 32, 313, 102.907, 96.8986
1270, 32, 313, 102.534, 96.9781
1271, 32, 313, 102.16, 97.0572
1272, 32, 313, 102.007, 97.1349
1273, 32, 313, 101.803, 97.2264
1274, 32, 312, 102.044, 97.3051
1275, 32, 312, 101.84, 97.3915
1276, 32, 311, 102.081, 97.4692
1277, 32, 311, 101.877, 97.5472
1278, 32, 311, 101.793, 97.6247
1279, 32, 311, 101.682, 97.7031
1280, 32, 310, 101.45, 97.7835
1281, 32, 309, 102.798, 97.8614
1282, 32, 308, 102.566, 97.9387
1283, 32, 307, 103.914, 98.0645
1284, 32, 307, 103.429, 98.1518
1285, 32, 307, 102.944, 98.2301
1286, 32, 306, 102.712, 98.3082
1287, 32, 305, 104.06, 98.3857
1288, 32, 304, 104.823, 98.4633
1289, 32, 303, 105.587, 98.5446
1290, 32, 302, 106.35, 98.6222
1291, 32, 302, 106.266, 98.7012
1292, 32, 302, 105.781, 98.7793
1293, 32, 302, 105.408, 98.8582
1294, 32, 301, 106.171, 98.9361
1295, 32, 300, 105.939, 99.0141
1296, 32, 299, 107.287, 99.0961
1297, 32, 298, 107.639, 99.1749
1298, 32, 298, 107.954, 99.2881
1299, 32, 298, 107.376, 99.3663
1300, 32, 298, 107.266, 99.4446
1301, 32, 298, 107.213, 99.5226
1302, 32, 298, 106.728, 99.6019
1303, 32, 298, 106.932, 99.6903
1304, 32, 298, 106.628, 99.7699
1305, 32, 298, 106.424, 99.8485
1306, 32, 297, 107.187, 99.9274
1307, 32, 296, 107.95, 100.006
1308, 32, 296, 108.172, 100.086
1309, 32, 295, 108.935, 100.164
1310, 32, 294, 109.699, 100.243
1311, 32, 293, 110.462, 100.325
1312, 32, 292, 110.815, 100.404
1313, 32, 292, 110.33, 100.483
1314, 32, 292, 109.956, 100.561
1315, 32, 292, 109.583, 100.64
1316, 32, 292, 109.209, 100.719
1317, 32, 292, 109.004, 100.818
1318, 32, 292, 108.852, 100.898
1319, 32, 292, 108.699, 100.977
1320, 32, 291, 109.699, 101.055
1321, 32, 291, 109.615, 101.135
1322, 32, 290, 110.378, 101.214
1323, 32, 289, 110.731, 101.293
1324, 32, 289, 111.046, 101.372
1325, 32, 289, 110.468, 101.452
1326, 32, 289, 110.094, 101.53
1327, 32, 289, 109.831, 101.611
1328, 32, 289, 109.678, 101.69
1329, 32, 288, 110.441, 101.769
1330, 32, 288, 110.067, 101.848
1331, 32, 288, 109.694, 101.927
1332, 32, 288, 109.541, 102.006
1333, 32, 288, 109.388, 102.085
1334, 32, 287, 110.151, 102.181
1335, 32, 287, 109.778, 102.262
1336, 32, 287, 109.404, 102.341
1337, 32, 287, 109.251, 102.42
1338, 32, 287, 109.098, 102.505
1339, 32, 286, 109.862, 102.6
1340, 32, 285, 110.625, 102.679
1341, 32, 284, 110.978, 102.76
1342, 32, 283, 111.978, 102.838
1343, 32, 283, 111.562, 102.916
1344, 32, 283, 111.078, 103.021
1345, 32, 283, 110.704, 103.099
1346, 32, 283, 110.534, 103.18
1347, 32, 282, 111.297, 103.259
1348, 32, 282, 110.812, 103.344
1349, 32, 281, 111.165, 103.423
1350, 32, 281, 110.68, 103.502
1351, 32, 281, 110.476, 103.58
1352, 32, 281, 110.271, 103.658
1353, 32, 281, 110.118, 103.736
1354, 32, 281, 110.025, 103.815
1355, 32, 281, 109.82, 103.893
1356, 32, 281, 109.71, 103.971
1357, 32, 281, 109.873, 104.05
1358, 32, 281, 109.814, 104.128
1359, 32, 281, 109.73, 104.207
1360, 32, 280, 110.493, 104.307
1361, 32, 279, 111.257, 104.393
1362, 32, 279, 110.883, 104.471
1363, 32, 279, 110.51, 104.549
1364, 32, 279, 110.357, 104.627
1365, 32, 278, 110.598, 104.711
1366, 32, 278, 110.82, 104.79
1367, 32, 278, 110.557, 104.868
1368, 32, 277, 111.557, 104.946
1369, 32, 277, 111.141, 105.024
1370, 32, 277, 110.972, 105.101
1371, 32, 277, 110.888, 105.178
1372, 32, 276, 111.651, 105.255
1373, 32, 275, 112.414, 105.334
1374, 32, 275, 112.041, 105.412
1375, 32, 274, 112.282, 105.49
1376, 32, 274, 112.077, 105.567
1377, 32, 273, 112.841, 105.645
1378, 32, 273, 112.467, 105.746
1379, 32, 273, 112.094, 105.825
1380, 32, 273, 111.941, 105.915
1381, 32, 272, 112.182, 105.993
1382, 32, 272, 111.977, 106.07
1383, 32, 272, 111.894, 106.163
1384, 32, 272, 111.783, 106.241
1385, 32, 272, 111.699, 106.319
1386, 32, 272, 111.616, 106.397
1387, 32, 271, 112.616, 106.473
1388, 32, 271, 112.2, 106.55
1389, 32, 271, 112.031, 106.628
1390, 32, 271, 111.978, 106.705
1391, 32, 271, 111.894, 106.787
1392, 32, 270, 112.657, 106.863
1393, 32, 270, 112.283, 106.94
1394, 32, 270, 111.91, 107.017
1395, 32, 270, 111.757, 107.093
1396, 32, 270, 111.604, 107.17
1397, 32, 270, 111.52, 107.247
1398, 32, 270, 111.316, 107.323
1399, 32, 270, 111.165, 107.415
1400, 32, 270, 111.081, 107.493
1401, 32, 270, 110.97, 107.577
1402, 32, 270, 110.886, 107.654
1403, 32, 270, 110.819, 107.731
1404, 32, 270, 110.446, 107.808
1405, 32, 270, 110.293, 107.9
1406, 32, 270, 110.2, 107.977
1407, 32, 270, 110.116, 108.054
1408, 32, 270, 110.079, 108.131
1409, 32, 270, 109.969, 108.209
1410, 32, 270, 109.595, 108.286
1411, 32, 270, 109.222, 108.363
1412, 32, 270, 108.958, 108.44
1413, 32, 270, 108.874, 108.516
1414, 32, 269, 109.638, 108.598
1415, 32, 268, 110.401, 108.686
1416, 32, 268, 110.027, 108.762
1417, 32, 268, 109.654, 108.839
1418, 32, 268, 109.57, 108.916
1419, 32, 268, 109.419, 108.993
1420, 32, 267, 109.187, 109.069
1421, 32, 266, 110.535, 109.146
1422, 32, 266, 110.161, 109.236
1423, 32, 266, 109.788, 109.314
1424, 32, 265, 110.551, 109.391
1425, 32, 264, 110.319, 109.468
1426, 32, 263, 111.667, 109.545
1427, 32, 262, 112.02, 109.622
1428, 32, 262, 111.535, 109.699
1429, 32, 262, 111.05, 109.777
1430, 32, 262, 110.966, 109.854
1431, 32, 262, 110.796, 109.941
1432, 32, 262, 110.685, 110.019
1433, 32, 262, 110.602, 110.095
1434, 32, 262, 110.549, 110.172
1435, 32, 262, 110.396, 110.249
1436, 32, 262, 110.243, 110.325
1437, 32, 262, 110.159, 110.402
1438, 32, 261, 110.922, 110.479
1439, 32, 260, 111.685, 110.556
1440, 32, 260, 111.312, 110.633
1441, 32, 259, 111.665, 110.71
1442, 32, 259, 111.18, 110.788
1443, 32, 259, 111.027, 110.864
1444, 32, 259, 110.822, 110.941
1445, 32, 258, 111.585, 111.018
1446, 32, 258, 111.432, 111.095
1447, 32, 258, 111.059, 111.173
1448, 32, 258, 110.975, 111.25
1449, 32, 258, 110.822, 111.327
1450, 32, 257, 111.585, 111.403
1451, 32, 257, 111.1, 111.481
1452, 32, 257, 110.727, 111.558
1453, 32, 257, 110.522, 111.635
1454, 32, 256, 110.764, 111.712
1455, 32, 256, 110.559, 111.791
1456, 32, 256, 110.449, 111.869
1457, 32, 256, 110.338, 111.946
1458, 32, 256, 110.271, 112.023
1459, 32, 256, 110.187, 112.101
1460, 32, 255, 110.95, 112.179
1461, 32, 254, 111.713, 112.256
1462, 32, 254, 111.935, 112.334
1463, 32, 253, 112.288, 112.416
1464, 32, 253, 111.803, 112.494
1465, 32, 253, 111.43, 112.585
1466, 32, 253, 111.225, 112.663
1467, 32, 253, 111.021, 112.741
1468, 32, 253, 110.937, 112.819
1469, 32, 253, 110.844, 112.897
1470, 32, 253, 110.733, 112.975
1471, 32, 253, 110.47, 113.053
1472, 32, 253, 110.417, 113.139
1473, 32, 253, 110.333, 113.217
1474, 32, 253, 110.069, 113.295
1475, 32, 253, 109.916, 113.373
1476, 32, 253, 109.833, 113.451
1477, 32, 253, 109.722, 113.532
1478, 32, 253, 109.571, 113.611
1479, 32, 253, 109.487, 113.688
1480, 32, 253, 109.394, 113.765
1481, 32, 253, 109.341, 113.843
1482, 32, 253, 109.188, 113.921
1483, 32, 253, 109.311, 113.998
1484, 32, 253, 109.258, 114.076
1485, 32, 252, 110.021, 114.154
1486, 32, 251, 110.784, 114.234
1487, 32, 251, 110.41, 114.311
1488, 32, 251, 110.037, 114.389
1489, 32, 251, 109.884, 114.471
1490, 32, 250, 110.125, 114.549
1491, 32, 250, 109.921, 114.627
1492, 32, 250, 109.837, 114.705
1493, 32, 249, 110.837, 114.784
1494, 32, 249, 110.422, 114.862
1495, 32, 249, 110.252, 114.941
1496, 32, 249, 110.168, 115.019
1497, 32, 248, 109.936, 115.098
1498, 32, 247, 110.936, 115.178
1499, 32, 247, 110.521, 115.267
1500, 32, 247, 110.351, 115.345
1501, 32, 246, 111.699, 115.424
1502, 32, 246, 111.326, 115.506
1503, 32, 246, 111.173, 115.584
1504, 32, 246, 111.02, 115.663
1505, 32, 245, 111.21, 115.742
1506, 32, 245, 111.099, 115.82
1507, 32, 245, 111.063, 115.943
1508, 32, 245, 110.91, 116.023
1509, 32, 245, 110.705, 116.102
1510, 32, 245, 110.22, 116.18
1511, 32, 245, 110.11, 116.28
1512, 32, 245, 110.016, 116.36
1513, 32, 245, 110.238, 116.438
1514, 32, 245, 110.179, 116.517
1515, 32, 245, 110.096, 116.598
1516, 32, 245, 110.003, 116.677
1517, 32, 245, 109.919, 116.755
1518, 32, 244, 110.919, 116.834
1519, 32, 244, 110.504, 116.913
1520, 32, 244, 110.46, 116.992
1521, 32, 244, 110.407, 117.07
1522, 32, 243, 110.596, 117.149
1523, 32, 243, 110.486, 117.228
1524, 32, 243, 110.419, 117.306
1525, 32, 242, 110.608, 117.402
1526, 32, 242, 110.498, 117.482
1527, 32, 242, 110.345, 117.561
1528, 32, 242, 110.234, 117.64
1529, 32, 242, 110.151, 117.718
1530, 32, 242, 110.067, 117.796
1531, 32, 242, 109.956, 117.874
1532, 32, 242, 109.775, 117.959
1533, 32, 241, 110.775, 118.037
1534, 32, 241, 110.36, 118.116
1535, 32, 241, 110.19, 118.196
1536, 32, 241, 110.107, 118.275
1537, 32, 241, 110.054, 118.353
1538, 32, 241, 110.001, 118.432
1539, 32, 241, 109.848, 118.514
1540, 32, 241, 109.695, 118.593
1541, 32, 241, 109.611, 118.671
1542, 32, 241, 109.527, 118.75
1543, 32, 241, 109.491, 118.828
1544, 32, 241, 109.397, 118.909
1545, 32, 241, 109.314, 119.015
1546, 32, 241, 109.23, 119.151
1547, 32, 241, 109.163, 119.276
1548, 32, 241, 109.11, 119.382
1549, 32, 241, 109.026, 119.494
1550, 32, 241, 108.933, 119.622
1551, 32, 241, 108.849, 119.745
1552, 32, 241, 108.756, 119.854
1553, 32, 241, 108.672, 120.008
1554, 32, 241, 108.588, 120.109
1555, 32, 241, 108.535, 120.213
1556, 32, 241, 108.451, 120.344
1557, 32, 240, 109.214, 120.471
1558, 32, 240, 108.841, 120.599
1559, 32, 240, 108.467, 120.728
1560, 32, 240, 108.314, 120.857
1561, 32, 240, 108.162, 120.991
1562, 32, 239, 108.925, 121.131
1563, 32, 238, 109.688, 121.284
1564, 32, 237, 110.041, 121.453
1565, 32, 237, 109.556, 121.612
1566, 32, 237, 109.182, 121.722
1567, 32, 237, 108.978, 121.829
1568, 32, 237, 108.825, 121.948
1569, 32, 237, 108.41, 122.054
1570, 32, 237, 108.24, 122.159
1571, 32, 237, 108.087, 122.268
1572, 32, 237, 108.003, 122.387
1573, 32, 237, 107.91, 122.47
1574, 32, 237, 107.826, 122.573
1575, 32, 237, 107.716, 122.652
1576, 32, 237, 107.632, 122.731
1577, 32, 237, 107.479, 122.811
1578, 32, 236, 107.669, 122.889
1579, 32, 236, 107.558, 122.968
1580, 32, 236, 107.491, 123.046
1581, 32, 236, 107.338, 123.125
1582, 32, 236, 107.254, 123.212
1583, 32, 236, 107.144, 123.293
1584, 32, 236, 106.991, 123.372
1585, 32, 236, 106.88, 123.463
1586, 32, 236, 106.836, 123.542
1587, 32, 236, 106.655, 123.621
1588, 32, 236, 106.588, 123.699
1589, 32, 236, 106.468, 123.777
1590, 32, 236, 106.371, 123.856
1591, 32, 236, 106.287, 123.936
1592, 32, 236, 106.41, 124.021
1593, 32, 236, 106.365, 124.117
1594, 32, 236, 106.282, 124.198
1595, 32, 236, 106.229, 124.291
1596, 32, 236, 106.145, 124.371
1597, 32, 236, 106.034, 124.45
1598, 32, 235, 106.224, 124.529
1599, 32, 235, 106.114, 124.607
1600, 32, 235, 105.961, 124.686
1601, 32, 235, 105.908, 124.764
1602, 32, 235, 105.815, 124.849
1603, 32, 235, 105.731, 124.927
1604, 32, 235, 105.62, 125.006
1605, 32, 235, 105.527, 125.084
1606, 32, 235, 105.417, 125.162
1607, 32, 234, 106.18, 125.241
1608, 32, 233, 106.943, 125.335
1609, 32, 233, 106.569, 125.414
1610, 32, 233, 106.196, 125.493
1611, 32, 233, 106.043, 125.571
1612, 32, 232, 106.284, 125.65
1613, 32, 232, 106.08, 125.728
1614, 32, 231, 107.08, 125.806
1615, 32, 231, 106.665, 125.896
1616, 32, 231, 106.495, 125.975
1617, 32, 231, 106.411, 126.053
1618, 32, 230, 107.174, 126.131
1619, 32, 230, 107.144, 126.21
1620, 32, 230, 107.091, 126.288
1621, 32, 230, 106.717, 126.367
1622, 32, 230, 106.565, 126.448
1623, 32, 230, 106.412, 126.549
1624, 32, 230, 106.375, 126.667
1625, 32, 230, 106.291, 126.79
1626, 32, 229, 106.644, 126.912
1627, 32, 229, 106.159, 127.033
1628, 32, 229, 106.006, 127.145
1629, 32, 228, 106.769, 127.254
1630, 32, 228, 106.716, 127.365
1631, 32, 228, 106.343, 127.454
1632, 32, 228, 106.306, 127.532
1633, 32, 228, 106.153, 127.613
1634, 32, 228, 106.043, 127.692
1635, 32, 227, 106.233, 127.791
1636, 32, 227, 106.122, 127.891
1637, 32, 227, 106.012, 127.97
1638, 32, 227, 105.901, 128.049
1639, 32, 227, 105.817, 128.128
1640, 32, 227, 105.666, 128.206
1641, 32, 227, 105.556, 128.285
1642, 32, 227, 105.488, 128.363
1643, 32, 227, 105.378, 128.442
1644, 32, 227, 105.294, 128.52
1645, 32, 227, 105.241, 128.601
1646, 32, 227, 105.13, 128.679
1647, 32, 227, 105.104, 128.761
1648, 32, 227, 105.02, 128.844
1649, 32, 227, 104.967, 128.924
1650, 32, 227, 104.914, 129.021
1651, 32, 227, 104.821, 129.1
1652, 32, 227, 104.668, 129.178
1653, 32, 227, 104.6, 129.299
1654, 32, 226, 105.6, 129.394
1655, 32, 226, 105.185, 129.479
1656, 32, 226, 105.102, 129.566
1657, 32, 226, 104.728, 129.655
1658, 33, 226, 104.72, 129.75
1659, 34, 226, 104.705, 129.838
1660, 34, 226, 104.684, 129.922
1661, 34, 226, 104.6, 130.014
1662, 34, 226, 104.533, 130.101
1663, 34, 226, 104.48, 130.187
1664, 34, 226, 104.427, 130.276
1665, 34, 226, 104.368, 130.366
1666, 34, 226, 104.284, 130.453
1667, 34, 225, 105.284, 130.537
1668, 34, 225, 104.869, 130.627
1669, 34, 225, 104.718, 130.711
1670, 34, 225, 104.665, 130.796
1671, 34, 225, 104.581, 130.877
1672, 34, 225, 104.497, 130.979
1673, 34, 225, 104.413, 131.059
1674, 34, 225, 104.329, 131.139
1675, 34, 225, 104.276, 131.233
1676, 34, 225, 104.193, 131.316
1677, 34, 225, 104.041, 131.404
1678, 34, 225, 103.948, 131.486
1679, 34, 225, 103.895, 131.564
1680, 34, 225, 103.842, 131.643
1681, 34, 225, 103.759, 131.737
1682, 34, 225, 103.648, 131.817
1683, 34, 225, 103.564, 131.896
1684, 34, 225, 103.511, 131.976
1685, 34, 225, 103.401, 132.055
1686, 34, 224, 104.401, 132.133
1687, 34, 224, 103.986, 132.218
1688, 34, 224, 103.816, 132.307
1689, 34, 223, 104.579, 132.386
1690, 34, 222, 105.579, 132.465
1691, 34, 222, 105.164, 132.556
1692, 34, 221, 105.927, 132.637
1693, 34, 221, 105.817, 132.716
1694, 34, 221, 105.733, 132.797
1695, 34, 221, 105.649, 132.877
1696, 34, 221, 105.565, 132.956
1697, 34, 221, 105.529, 133.035
1698, 34, 221, 105.461, 133.115
1699, 34, 221, 105.378, 133.196
1700, 34, 221, 105.341, 133.275
1701, 34, 221, 105.136, 133.355
1702, 34, 221, 105.069, 133.434
1703, 34, 221, 104.918, 133.513
1704, 34, 221, 104.544, 133.592
1705, 34, 221, 104.171, 133.672
1706, 34, 220, 105.171, 133.752
1707, 34, 220, 104.756, 133.831
1708, 34, 220, 104.586, 133.91
1709, 34, 220, 104.493, 133.989
1710, 34, 219, 104.683, 134.069
1711, 34, 219, 104.572, 134.148
1712, 34, 219, 104.505, 134.228
1713, 34, 219, 104.437, 134.307
1714, 34, 219, 104.344, 134.387
1715, 34, 219, 104.191, 134.469
1716, 34, 219, 104.021, 134.549
1717, 34, 219, 103.963, 134.628
1718, 34, 219, 103.81, 134.707
1719, 34, 219, 103.742, 134.786
1720, 34, 219, 103.632, 134.865
1721, 34, 219, 103.564, 134.955
1722, 34, 219, 103.471, 135.035
1723, 34, 219, 103.418, 135.114
1724, 34, 219, 103.351, 135.193
1725, 34, 219, 103.298, 135.273
1726, 34, 219, 103.205, 135.352
1727, 34, 219, 103.121, 135.431
1728, 34, 218, 104.121, 135.511
1729, 34, 218, 103.706, 135.591
1730, 34, 218, 103.536, 135.67
1731, 34, 218, 103.426, 135.75
1732, 34, 218, 103.381, 135.829
1733, 34, 218, 103.328, 135.922
1734, 34, 217, 103.518, 136.001
1735, 34, 217, 103.408, 136.103
1736, 34, 217, 103.371, 136.183
1737, 34, 217, 103.287, 136.263
1738, 34, 217, 103.204, 136.343
1739, 34, 217, 103.151, 136.423
1740, 34, 217, 103.098, 136.505
1741, 34, 217, 103.004, 136.585
1742, 34, 217, 102.951, 136.664
1743, 34, 217, 102.858, 136.744
1744, 34, 217, 102.765, 136.823
1745, 34, 217, 102.706, 136.904
1746, 34, 217, 102.639, 136.986
1747, 34, 217, 102.609, 137.066
1748, 34, 217, 102.572, 137.152
1749, 34, 217, 102.479, 137.232
1750, 34, 217, 102.395, 137.311
1751, 34, 217, 102.342, 137.39
1752, 34, 217, 102.283, 137.472
1753, 34, 217, 102.257, 137.552
1754, 34, 216, 102.498, 137.631
1755, 34, 216, 102.293, 137.711
1756, 34, 216, 102.14, 137.79
1757, 34, 216, 102.074, 137.87
1758, 34, 216, 102.021, 137.949
1759, 34, 216, 101.924, 138.047
1760, 34, 216, 101.84, 138.127
1761, 34, 216, 101.787, 138.207
1762, 34, 216, 101.523, 138.286
1763, 34, 216, 101.456, 138.365
1764, 34, 215, 101.619, 138.444
1765, 34, 215, 101.741, 138.523
1766, 34, 215, 101.688, 138.602
1767, 34, 215, 101.635, 138.681
1768, 34, 215, 101.568, 138.761
1769, 34, 215, 101.515, 138.84
1770, 34, 215, 101.488, 138.919
1771, 34, 215, 101.444, 138.998
1772, 34, 215, 101.324, 139.078
1773, 34, 215, 101.271, 139.157
1774, 34, 215, 101.218, 139.251
1775, 34, 215, 101.182, 139.331
1776, 34, 215, 101.129, 139.41
1777, 34, 215, 101.045, 139.489
1778, 34, 215, 101.008, 139.58
1779, 34, 215, 100.925, 139.66
1780, 34, 215, 100.841, 139.739
1781, 34, 215, 100.788, 139.819
1782, 34, 215, 100.735, 139.898
1783, 34, 215, 100.651, 139.976
1784, 34, 215, 100.567, 140.057
1785, 34, 215, 100.474, 140.136
1786, 34, 215, 100.39, 140.215
1787, 34, 215, 100.337, 140.293
1788, 34, 215, 100.284, 140.372
1789, 34, 215, 100.191, 140.451
1790, 34, 215, 100.098, 140.531
1791, 34, 215, 100.045, 140.61
1792, 34, 215, 99.9613, 140.689
1793, 34, 215, 99.9024, 140.768
1794, 34, 215, 99.8435, 140.846
1795, 34, 215, 99.8028, 140.925
1796, 34, 214, 99.9515, 141.004
1797, 34, 214, 99.9074, 141.083
1798, 34, 214, 100.03, 141.162
1799, 34, 214, 99.9327, 141.261
1800, 34, 214, 99.8222, 141.343
1801, 34, 214, 99.7633, 141.422
1802, 34, 214, 99.8748, 141.501
1803, 34, 214, 99.8218, 141.581
1804, 34, 214, 99.7629, 141.66
1805, 34, 214, 99.7099, 141.738
1806, 34, 214, 99.6569, 141.818
1807, 34, 214, 99.6266, 141.896
1808, 34, 214, 99.586, 141.975
1809, 34, 214, 99.5494, 142.07
1810, 34, 214, 99.4964, 142.149
1811, 34, 214, 99.4375, 142.231
1812, 34, 214, 99.4009, 142.309
1813, 34, 214, 99.3479, 142.388
1814, 34, 214, 99.2641, 142.469
1815, 34, 214, 99.3865, 142.56
1816, 34, 214, 99.35, 142.655
1817, 34, 214, 99.2826, 142.735
1818, 34, 214, 99.1297, 142.813
1819, 34, 214, 99.0192, 142.891
1820, 35, 214, 99.0118, 142.975
1821, 36, 214, 98.9998, 143.055
1822, 36, 214, 98.9844, 143.134
1823, 36, 214, 98.8739, 143.212
1824, 36, 214, 98.7808, 143.291
1825, 36, 214, 98.697, 143.369
1826, 36, 214, 98.8194, 143.448
1827, 36, 214, 98.7926, 143.529
1828, 36, 214, 98.7253, 143.608
1829, 36, 214, 98.6579, 143.688
1830, 36, 214, 98.5906, 143.767
1831, 36, 214, 98.5465, 143.845
1832, 36, 214, 98.4792, 143.924
1833, 36, 214, 98.3954, 144.002
1834, 36, 214, 98.328, 144.083
1835, 36, 214, 98.2978, 144.161
1836, 36, 214, 98.2131, 144.24
1837, 36, 214, 98.1026, 144.323
1838, 36, 214, 97.8391, 144.402
1839, 36, 214, 97.7723, 144.482
1840, 36, 214, 97.7421, 144.56
1841, 36, 214, 97.6316, 144.649
1842, 36, 214, 97.5786, 144.728
1843, 36, 214, 97.5256, 144.809
1844, 36, 214, 97.4151, 144.889
1845, 36, 214, 97.371, 144.968
1846, 36, 214, 97.2011, 145.047
1847, 36, 214, 97.157, 145.126
1848, 36, 214, 97.0732, 145.205
1849, 36, 214, 96.9894, 145.284
1850, 36, 214, 96.9221, 145.363
1851, 36, 214, 96.8547, 145.442
1852, 36, 214, 96.7442, 145.521
1853, 36, 214, 96.5931, 145.6
1854, 36, 214, 96.5401, 145.68
1855, 36, 214, 96.4871, 145.758
1856, 36, 214, 96.4033, 145.837
1857, 36, 214, 96.3503, 145.938
1858, 36, 214, 96.2914, 146.032
1859, 36, 214, 96.2384, 146.129
1860, 36, 214, 96.1943, 146.21
1861, 36, 214, 96.1577, 146.289
1862, 36, 214, 96.1211, 146.375
1863, 36, 214, 96.0805, 146.454
1864, 36, 214, 96.0275, 146.533
1865, 36, 214, 95.9601, 146.613
1866, 36, 214, 95.9236, 146.692
1867, 36, 214, 95.8705, 146.787
1868, 36, 214, 95.76, 146.868
1869, 36, 214, 95.6762, 146.947
1870, 36, 214, 95.6089, 147.027
1871, 36, 214, 95.4984, 147.105
1872, 36, 213, 95.6881, 147.184
1873, 36, 213, 95.5776, 147.263
1874, 36, 213, 95.4247, 147.346
1875, 36, 213, 95.2718, 147.425
1876, 36, 213, 95.2188, 147.504
1877, 36, 212, 95.3675, 147.583
1878, 36, 212, 95.3234, 147.663
1879, 36, 212, 95.2303, 147.742
1880, 36, 212, 95.1937, 147.823
1881, 36, 212, 95.1571, 147.902
1882, 36, 212, 95.0042, 147.987
1883, 36, 212, 94.9453, 148.067
1884, 36, 212, 94.7924, 148.155
1885, 36, 212, 94.7086, 148.238
1886, 36, 212, 94.6818, 148.317
1887, 36, 212, 94.6288, 148.397
1888, 36, 212, 94.5922, 148.482
1889, 36, 212, 94.7561, 148.561
1890, 36, 212, 94.659, 148.641
1891, 36, 212, 94.5659, 148.72
1892, 36, 212, 94.4728, 148.8
1893, 36, 212, 94.2683, 148.88
1894, 36, 212, 94.2014, 148.96
1895, 36, 212, 94.1426, 149.039
1896, 36, 212, 94.106, 149.118
1897, 36, 212, 94.0129, 149.213
1898, 36, 212, 93.9291, 149.293
1899, 36, 212, 93.8702, 149.388
1900, 36, 212, 93.8434, 149.469
1901, 36, 212, 93.7904, 149.549
1902, 36, 212, 93.6375, 149.629
1903, 36, 212, 93.5537, 149.709
1904, 36, 212, 93.4699, 149.789
1905, 36, 212, 93.3861, 149.868
1906, 36, 211, 93.5758, 149.948
1907, 36, 211, 93.4653, 150.028
1908, 36, 211, 93.4123, 150.115
1909, 36, 211, 93.2078, 150.195
1910, 36, 211, 93.124, 150.275
1911, 36, 211, 93.0402, 150.354
1912, 36, 211, 92.9813, 150.434
1913, 36, 211, 92.9283, 150.514
1914, 36, 211, 93.0507, 150.594
1915, 36, 211, 93.1848, 150.673
1916, 36, 211, 93.065, 150.753
1917, 36, 211, 92.9812, 150.832
1918, 36, 211, 92.9406, 150.911
1919, 36, 211, 92.8301, 151.002
1920, 36, 211, 92.7935, 151.081
1921, 36, 211, 92.7088, 151.161
1922, 36, 211, 92.6558, 151.24
1923, 36, 211, 92.6027, 151.319
1924, 36, 211, 92.5189, 151.398
1925, 36, 211, 92.7409, 151.478
1926, 36, 211, 92.6571, 151.557
1927, 36, 211, 92.564, 151.637
1928, 36, 211, 92.4802, 151.717
1929, 36, 211, 92.3697, 151.796
1930, 36, 211, 91.9961, 151.876
1931, 36, 211, 91.9431, 151.956
1932, 36, 211, 91.8901, 152.036
1933, 36, 211, 91.8228, 152.116
1934, 36, 211, 91.7297, 152.196
1935, 36, 211, 91.6459, 152.275
1936, 36, 211, 91.5528, 152.354
1937, 36, 211, 91.4597, 152.434
1938, 36, 211, 91.3492, 152.513
1939, 36, 211, 91.3126, 152.605
1940, 36, 211, 91.2537, 152.686
1941, 36, 211, 91.1948, 152.766
1942, 36, 211, 91.1275, 152.846
1943, 36, 211, 91.0686, 152.928
1944, 36, 211, 91.0156, 153.013
1945, 36, 211, 90.9482, 153.092
1946, 36, 211, 90.9116, 153.171
1947, 36, 211, 90.8278, 153.251
1948, 36, 211, 90.744, 153.334
1949, 36, 211, 90.6335, 153.414
1950, 36, 211, 90.5805, 153.494
1951, 36, 211, 90.5364, 153.576
1952, 36, 211, 90.4958, 153.656
1953, 36, 211, 90.4592, 153.735
1954, 36, 211, 90.4226, 153.814
1955, 36, 211, 90.3696, 153.894
1956, 36, 211, 90.3108, 153.972
1957, 36, 211, 90.2003, 154.073
1958, 36, 211, 90.1165, 154.153
1959, 36, 211, 90.0327, 154.233
1960, 36, 211, 89.9961, 154.313
1961, 36, 211, 89.9595, 154.392
1962, 36, 211, 89.8084, 154.471
1963, 36, 211, 89.6038, 154.551
1964, 36, 211, 89.5672, 154.631
1965, 36, 211, 89.5232, 154.71
1966, 36, 211, 89.4558, 154.801
1967, 36, 211, 89.4192, 154.883
1968, 36, 211, 89.3662, 154.965
1969, 36, 211, 89.2557, 155.045
1970, 36, 211, 89.1884, 155.123
1971, 36, 211, 89.121, 155.203
1972, 36, 211, 89.0845, 155.283
1973, 36, 211, 89.0438, 155.376
1974, 36, 211, 89.0171, 155.456
1975, 36, 211, 88.8362, 155.535
1976, 36, 210, 88.9992, 155.615
1977, 36, 210, 88.9319, 155.694
1978, 36, 210, 88.9051, 155.789
1979, 36, 210, 88.8685, 155.887
1980, 36, 210, 88.8155, 155.967
1981, 36, 210, 88.5521, 156.046
1982, 36, 210, 88.4683, 156.125
1983, 36, 210, 88.3153, 156.205
1984, 36, 210, 88.2564, 156.284
1985, 36, 210, 88.2034, 156.363
1986, 36, 210, 88.1628, 156.442
1987, 36, 210, 88.1222, 156.521
1988, 36, 210, 88.0781, 156.6
1989, 36, 210, 88.0415, 156.68
1990, 36, 210, 88.0117, 156.759
1991, 36, 210, 87.989, 156.838
1992, 36, 210, 87.9449, 156.917
1993, 36, 210, 87.9182, 156.996
1994, 36, 210, 87.8652, 157.075
1995, 36, 210, 87.7978, 157.154
1996, 36, 210, 87.7448, 157.233
1997, 36, 210, 87.6775, 157.314
1998, 36, 210, 87.5937, 157.393
1999, 36, 210, 87.3891, 157.473
2000, 36, 210, 87.292, 157.552
2001, 36, 210, 87.239, 157.631
2002, 36, 210, 87.1552, 157.71
2003, 36, 210, 87.0447, 157.789
2004, 36, 210, 86.9858, 157.872
2005, 36, 210, 86.9493, 157.951
2006, 36, 210, 86.9127, 158.03
2007, 36, 210, 86.7616, 158.109
2008, 36, 210, 86.7085, 158.188
2009, 36, 210, 86.6555, 158.267
2010, 36, 210, 86.619, 158.346
2011, 36, 210, 86.566, 158.428
2012, 36, 210, 86.5071, 158.507
2013, 36, 210, 86.6295, 158.587
2014, 36, 210, 86.5929, 158.666
2015, 36, 210, 86.534, 158.748
2016, 36, 210, 86.4666, 158.847
2017, 36, 210, 86.4136, 158.927
2018, 36, 210, 86.3547, 159.011
2019, 36, 210, 86.4889, 159.107
2020, 36, 210, 86.4448, 159.187
2021, 36, 210, 86.361, 159.277
2022, 36, 210, 86.308, 159.366
2023, 36, 210, 86.2491, 159.446
2024, 36, 210, 86.4121, 159.525
2025, 36, 210, 86.3448, 159.605
2026, 36, 210, 86.261, 159.684
2027, 36, 210, 86.1081, 159.784
2028, 36, 210, 86.0407, 159.864
2029, 36, 210, 86.014, 159.944
2030, 36, 210, 85.9774, 160.023
2031, 36, 210, 85.9408, 160.102
2032, 36, 210, 85.8735, 160.182
2033, 36, 210, 85.8369, 160.262
2034, 36, 210, 85.8101, 160.34
2035, 36, 210, 85.7833, 160.419
2036, 36, 210, 85.7393, 160.498
2037, 36, 210, 85.6986, 160.585
2038, 36, 210, 85.662, 160.664
2039, 36, 210, 85.6255, 160.743
2040, 36, 210, 85.5987, 160.822
2041, 36, 210, 85.7271, 160.902
2042, 36, 209, 85.8758, 160.981
2043, 36, 209, 85.9684, 161.061
2044, 36, 209, 85.9278, 161.14
2045, 36, 209, 85.8976, 161.219
2046, 36, 209, 85.8302, 161.298
2047, 36, 209, 85.7772, 161.377
2048, 36, 209, 85.7406, 161.457
2049, 36, 209, 85.6966, 161.551
2050, 36, 209, 85.6559, 161.632
2051, 36, 209, 85.6153, 161.711
2052, 36, 209, 85.5885, 161.79
2053, 36, 209, 85.5479, 161.871
2054, 36, 209, 85.5038, 161.949
2055, 36, 209, 85.4672, 162.045
2056, 36, 209, 85.437, 162.125
2057, 36, 209, 85.4102, 162.206
2058, 36, 209, 85.3429, 162.287
2059, 36, 209, 85.3063, 162.374
2060, 36, 209, 85.2849, 162.453
2061, 36, 209, 85.2319, 162.546
2062, 36, 209, 85.1481, 162.629
2063, 36, 209, 85.1213, 162.709
2064, 36, 209, 85.0545, 162.789
2065, 36, 209, 84.9574, 162.868
2066, 36, 209, 84.8197, 162.946
2067, 36, 209, 84.7791, 163.025
2068, 36, 209, 84.6279, 163.104
2069, 36, 209, 84.5606, 163.184
2070, 36, 209, 84.524, 163.265
2071, 36, 209, 84.4572, 163.344
2072, 36, 209, 84.4206, 163.422
2073, 36, 209, 84.38, 163.5
2074, 36, 208, 84.5212, 163.579
2075, 36, 208, 84.4909, 163.658
2076, 36, 208, 84.4468, 163.736
2077, 36, 208, 84.4103, 163.815
2078, 36, 208, 84.3662, 163.894
2079, 36, 208, 84.3132, 163.973
2080, 36, 208, 84.2766, 164.052
2081, 36, 208, 84.2464, 164.131
2082, 36, 208, 84.2057, 164.21
2083, 36, 208, 84.179, 164.289
2084, 36, 208, 84.1163, 164.369
2085, 36, 208, 84.0797, 164.448
2086, 36, 208, 84.0356, 164.527
2087, 36, 208, 84.0152, 164.605
2088, 36, 208, 83.985, 164.684
2089, 36, 208, 83.932, 164.762
2090, 36, 208, 83.8913, 164.841
2091, 36, 208, 83.8709, 164.919
2092, 36, 208, 83.8302, 164.998
2093, 36, 208, 83.7937, 165.077
2094, 36, 208, 83.6832, 165.156
2095, 36, 208, 83.6564, 165.234
2096, 36, 208, 83.589, 165.313
2097, 36, 208, 83.536, 165.392
2098, 36, 208, 83.4389, 165.47
2099, 36, 208, 83.3859, 165.549
2100, 36, 208, 83.4786, 165.628
2101, 36, 208, 83.4345, 165.707
2102, 36, 208, 83.4077, 165.788
2103, 36, 208, 83.3599, 165.884
2104, 36, 208, 83.3331, 165.966
2105, 36, 208, 83.2801, 166.046
2106, 36, 208, 83.2533, 166.125
2107, 36, 208, 83.2266, 166.204
2108, 36, 208, 83.1428, 166.284
2109, 36, 208, 83.116, 166.363
2110, 36, 208, 83.0322, 166.443
2111, 36, 208, 82.9915, 166.522
2112, 36, 208, 82.9711, 166.603
2113, 36, 207, 83.1341, 166.684
2114, 36, 207, 83.0668, 166.765
2115, 36, 207, 83.0366, 166.86
2116, 36, 207, 83.0068, 166.95
2117, 36, 207, 82.9587, 167.03
2118, 36, 207, 82.918, 167.109
2119, 36, 207, 82.8883, 167.189
2120, 36, 207, 82.8585, 167.268
2121, 36, 207, 82.8424, 167.348
2122, 36, 207, 82.8156, 167.427
2123, 36, 207, 82.7483, 167.507
2124, 36, 207, 82.7278, 167.586
2125, 36, 207, 82.7074, 167.666
2126, 36, 207, 82.5876, 167.745
2127, 36, 207, 82.5573, 167.825
2128, 36, 207, 82.5369, 167.906
2129, 36, 207, 82.5155, 167.993
2130, 36, 207, 82.4928, 168.073
2131, 36, 207, 82.4569, 168.153
2132, 36, 207, 82.4342, 168.233
2133, 36, 207, 82.4211, 168.313
2134, 36, 207, 82.405, 168.393
2135, 36, 207, 82.3846, 168.475
2136, 36, 207, 82.3641, 168.555
2137, 36, 207, 82.3427, 168.637
2138, 36, 207, 82.3223, 168.716
2139, 36, 207, 82.2996, 168.796
2140, 36, 207, 82.2555, 168.876
2141, 36, 207, 82.2394, 168.956
2142, 36, 207, 82.2096, 169.038
2143, 36, 207, 82.1828, 169.118
2144, 36, 207, 82.2348, 169.212
2145, 36, 207, 82.1983, 169.293
2146, 36, 207, 82.1778, 169.374
2147, 36, 207, 82.0847, 169.456
2148, 36, 207, 82.0545, 169.537
2149, 36, 207, 81.9871, 169.617
2150, 36, 207, 81.9569, 169.698
2151, 36, 207, 81.8638, 169.778
2152, 36, 207, 81.8108, 169.857
2153, 36, 207, 81.7578, 169.939
2154, 36, 207, 81.674, 170.019
2155, 36, 207, 81.5229, 170.099
2156, 36, 207, 81.464, 170.18
2157, 36, 207, 81.411, 170.259
2158, 36, 207, 81.3521, 170.34
2159, 36, 207, 81.1475, 170.42
2160, 36, 207, 81.0945, 170.5
2161, 36, 207, 81.0677, 170.579
2162, 36, 206, 81.2055, 170.659
2163, 36, 206, 81.2575, 170.739
2164, 36, 206, 81.2209, 170.819
2165, 36, 206, 81.1238, 170.899
2166, 36, 206, 81.0872, 170.981
2167, 36, 206, 81.0342, 171.065
2168, 36, 206, 80.9753, 171.146
2169, 36, 206, 80.8915, 171.226
2170, 36, 206, 80.8385, 171.307
2171, 36, 206, 80.7796, 171.386
2172, 36, 206, 80.7431, 171.467
2173, 36, 206, 80.7133, 171.547
2174, 36, 206, 80.6692, 171.627
2175, 36, 206, 80.6162, 171.707
2176, 36, 206, 80.5231, 171.787
2177, 36, 206, 80.4642, 171.867
2178, 36, 206, 80.4112, 171.947
2179, 36, 206, 80.3274, 172.033
2180, 36, 206, 80.4905, 172.113
2181, 36, 206, 80.4316, 172.213
2182, 36, 206, 80.3909, 172.295
2183, 36, 206, 80.3543, 172.375
2184, 36, 206, 80.3137, 172.454
2185, 36, 205, 80.4624, 172.545
2186, 36, 205, 80.4183, 172.627
2187, 36, 205, 80.3817, 172.708
2188, 36, 205, 80.3452, 172.788
2189, 36, 205, 80.2863, 172.869
2190, 36, 205, 80.2189, 172.951
2191, 36, 205, 80.1823, 173.033
2192, 36, 205, 80.1458, 173.113
2193, 36, 205, 80.0928, 173.193
2194, 36, 205, 80.2567, 173.275
2195, 36, 205, 80.216, 173.355
2196, 36, 205, 80.1863, 173.435
2197, 36, 205, 80.1595, 173.533
2198, 36, 205, 80.1293, 173.616
2199, 36, 205, 80.0886, 173.696
2200, 36, 205, 79.9781, 173.777
2201, 36, 205, 79.9251, 173.857
2202, 36, 205, 79.881, 173.938
2203, 36, 205, 79.7972, 174.017
2204, 36, 205, 79.7705, 174.097
2205, 36, 205, 79.7437, 174.177
2206, 36, 205, 79.7071, 174.257
2207, 36, 205, 79.6705, 174.336
2208, 36, 205, 79.634, 174.416
2209, 36, 205, 79.5235, 174.496
2210, 36, 205, 79.4397, 174.6
2211, 36, 205, 79.3956, 174.685
2212, 36, 205, 79.3653, 174.765
2213, 36, 205, 79.3213, 174.845
2214, 36, 205, 79.2847, 174.925
2215, 36, 205, 79.2481, 175.005
2216, 36, 205, 79.0672, 175.085
2217, 36, 205, 79.0266, 175.165
2218, 36, 205, 78.9736, 175.245
2219, 36, 205, 78.937, 175.325
2220, 36, 205, 78.8265, 175.406
2221, 37, 205, 78.8164, 175.491
2222, 37, 205, 78.7951, 175.579
2223, 37, 205, 78.7585, 175.659
2224, 37, 205, 78.7317, 175.739
2225, 37, 205, 78.5272, 175.819
2226, 37, 205, 78.4906, 175.912
2227, 37, 205, 78.4465, 175.994
2228, 37, 205, 78.3876, 176.076
2229, 37, 205, 78.3346, 176.173
2230, 37, 205, 78.2508, 176.254
2231, 37, 205, 78.2142, 176.333
2232, 37, 204, 78.3554, 176.415
2233, 37, 204, 78.3252, 176.507
2234, 37, 204, 78.2845, 176.586
2235, 37, 204, 78.248, 176.667
2236, 37, 204, 78.2212, 176.747
2237, 37, 204, 78.1771, 176.827
2238, 37, 204, 78.1405, 176.907
2239, 37, 204, 78.0732, 176.987
2240, 37, 204, 78.0464, 177.066
2241, 37, 204, 77.9875, 177.146
2242, 37, 204, 77.9286, 177.234
2243, 37, 204, 77.8921, 177.314
2244, 37, 204, 77.8623, 177.404
2245, 37, 204, 77.8321, 177.493
2246, 37, 204, 77.7955, 177.574
2247, 37, 204, 77.7589, 177.654
2248, 37, 204, 77.7287, 177.734
2249, 37, 204, 77.6985, 177.814
2250, 37, 204, 77.6717, 177.894
2251, 37, 204, 77.7941, 177.976
2252, 37, 204, 77.7673, 178.055
2253, 38, 204, 77.7588, 178.137
2254, 39, 204, 77.7514, 178.22
2255, 39, 204, 77.7246, 178.301
2256, 39, 204, 77.6275, 178.381
2257, 39, 204, 77.5834, 178.466
2258, 39, 204, 77.5428, 178.546
2259, 39, 204, 77.5223, 178.627
2260, 39, 204, 77.4817, 178.707
2261, 39, 204, 77.4519, 178.787
2262, 39, 204, 77.4113, 178.866
2263, 39, 203, 77.5525, 178.947
2264, 39, 203, 77.5223, 179.027
2265, 39, 203, 77.4955, 179.116
2266, 39, 203, 77.5475, 179.208
2267, 39, 202, 77.7105, 179.299
2268, 39, 202, 77.6432, 179.379
2269, 39, 201, 77.7844, 179.461
2270, 39, 201, 77.7541, 179.549
2271, 39, 201, 77.6868, 179.633
2272, 39, 201, 77.603, 179.713
2273, 39, 201, 77.5762, 179.793
2274, 39, 201, 77.5465, 179.873
2275, 39, 201, 77.5197, 179.953
2276, 39, 201, 77.4524, 180.033
2277, 39, 201, 77.4158, 180.113
2278, 39, 201, 77.3953, 180.192
2279, 39, 201, 77.2848, 180.272
2280, 39, 201, 77.2694, 180.352
2281, 39, 201, 77.2392, 180.432
2282, 39, 201, 77.2165, 180.512
2283, 39, 200, 77.3577, 180.602
2284, 39, 200, 77.3218, 180.682
2285, 39, 200, 77.2915, 180.762
2286, 39, 200, 77.2247, 180.842
2287, 39, 200, 77.195, 180.937
2288, 39, 200, 77.1736, 181.03
2289, 39, 200, 77.1439, 181.12
2290, 39, 200, 77.0765, 181.206
2291, 39, 200, 77.0498, 181.29
2292, 39, 200, 77.0057, 181.381
2293, 39, 200, 76.9527, 181.466
2294, 39, 200, 76.912, 181.551
2295, 39, 200, 76.8679, 181.647
2296, 39, 200, 76.8475, 181.732
2297, 39, 200, 76.827, 181.836
2298, 39, 200, 76.8043, 181.924
2299, 39, 200, 76.7839, 182.015
2300, 39, 200, 76.7432, 182.1
2301, 39, 199, 76.8844, 182.187
2302, 39, 199, 76.8542, 182.284
2303, 39, 199, 76.8135, 182.375
2304, 39, 199, 76.7729, 182.456
2305, 39, 199, 76.7363, 182.563
2306, 39, 199, 76.7149, 182.645
2307, 39, 199, 76.6882, 182.725
2308, 39, 199, 76.6584, 182.806
2309, 39, 199, 76.6371, 182.886
2310, 39, 199, 76.6157, 182.974
2311, 39, 199, 76.5889, 183.055
2312, 39, 199, 76.5675, 183.136
2313, 39, 199, 76.5373, 183.218
2314, 39, 199, 76.5105, 183.298
2315, 39, 199, 76.4575, 183.378
2316, 39, 199, 76.3604, 183.46
2317, 39, 199, 76.34, 183.54
2318, 39, 199, 76.3041, 183.623
2319, 39, 199, 76.2744, 183.704
2320, 39, 199, 76.2476, 183.784
2321, 39, 199, 76.2271, 183.866
2322, 39, 199, 76.2004, 183.947
2323, 39, 199, 76.1706, 184.028
2324, 39, 199, 76.134, 184.11
2325, 39, 199, 76.1038, 184.191
2326, 39, 199, 76.0365, 184.271
2327, 40, 199, 76.03, 184.371
2328, 40, 199, 75.9998, 184.454
2329, 40, 199, 75.9837, 184.535
2330, 40, 199, 75.9535, 184.618
2331, 40, 199, 75.933, 184.699
2332, 41, 199, 75.9274, 184.783
2333, 41, 199, 75.9069, 184.867
2334, 41, 199, 75.8401, 184.948
2335, 41, 199, 75.8187, 185.036
2336, 41, 199, 75.7983, 185.117
2337, 41, 199, 75.7804, 185.198
2338, 41, 199, 75.753, 185.279
2339, 41, 199, 75.7316, 185.36
2340, 41, 199, 75.7154, 185.44
2341, 41, 199, 75.6993, 185.521
2342, 41, 199, 75.6789, 185.602
2343, 41, 199, 75.6634, 185.684
2344, 41, 199, 75.6153, 185.765
2345, 41, 199, 75.5885, 185.846
2346, 41, 199, 75.5519, 185.94
2347, 41, 199, 75.5306, 186.021
2348, 41, 199, 75.5101, 186.103
2349, 41, 199, 75.4433, 186.184
2350, 41, 199, 75.4303, 186.265
2351, 41, 198, 75.5933, 186.348
2352, 41, 198, 75.526, 186.428
2353, 41, 198, 75.5055, 186.509
2354, 41, 198, 75.4466, 186.608
2355, 41, 198, 75.4198, 186.705
2356, 41, 198, 75.4718, 186.787
2357, 41, 198, 75.388, 186.868
2358, 41, 198, 75.3207, 186.95
2359, 41, 198, 75.2236, 187.031
2360, 41, 198, 75.187, 187.112
2361, 41, 198, 75.1666, 187.21
2362, 41, 198, 75.1364, 187.293
2363, 41, 198, 75.0998, 187.374
2364, 41, 198, 75.0468, 187.454
2365, 41, 198, 75.0102, 187.535
2366, 41, 198, 74.9572, 187.616
2367, 41, 198, 74.9304, 187.697
2368, 41, 198, 74.8774, 187.777
2369, 41, 197, 75.0261, 187.863
2370, 41, 197, 75.1188, 187.944
2371, 41, 197, 75.0781, 188.025
2372, 41, 196, 75.2268, 188.107
2373, 41, 196, 75.1827, 188.188
2374, 41, 196, 75.1461, 188.269
2375, 41, 196, 75.2161, 188.35
2376, 41, 196, 75.3275, 188.434
2377, 41, 196, 75.2909, 188.515
2378, 41, 196, 75.2641, 188.597
2379, 41, 196, 75.2344, 188.679
2380, 41, 196, 75.2076, 188.762
2381, 41, 196, 75.3181, 188.843
2382, 41, 196, 75.2816, 188.924
2383, 41, 196, 75.2285, 189.005
2384, 41, 196, 75.1755, 189.092
2385, 41, 195, 75.3653, 189.174
2386, 41, 195, 75.3287, 189.27
2387, 41, 195, 75.2698, 189.352
2388, 41, 194, 75.4185, 189.433
2389, 41, 194, 75.3744, 189.514
2390, 41, 194, 75.3338, 189.595
2391, 41, 194, 75.2972, 189.676
2392, 41, 193, 75.4459, 189.757
2393, 41, 193, 75.4018, 189.841
2394, 41, 193, 75.3488, 189.923
2395, 41, 193, 75.265, 190.003
2396, 41, 192, 75.5063, 190.083
2397, 41, 192, 75.3018, 190.164
2398, 41, 192, 75.2488, 190.245
2399, 41, 192, 75.1383, 190.326
2400, 41, 191, 75.3013, 190.406
2401, 41, 191, 75.234, 190.487
2402, 41, 191, 75.1502, 190.567
2403, 41, 191, 75.1136, 190.649
2404, 41, 191, 75.0031, 190.729
2405, 41, 191, 74.9501, 190.81
2406, 41, 191, 74.8912, 190.891
2407, 41, 191, 74.8239, 190.971
2408, 41, 191, 74.765, 191.054
2409, 41, 191, 74.7209, 191.147
2410, 41, 191, 74.6679, 191.228
2411, 41, 190, 75.6679, 191.308
2412, 41, 190, 75.2529, 191.389
2413, 41, 190, 75.0829, 191.469
2414, 41, 190, 74.9898, 191.549
2415, 41, 190, 74.906, 191.63
2416, 41, 190, 74.8129, 191.71
2417, 41, 190, 74.7763, 191.791
2418, 41, 190, 74.6925, 191.871
2419, 41, 190, 74.6087, 191.951
2420, 41, 190, 74.5722, 192.034
2421, 41, 190, 74.5133, 192.114
2422, 41, 190, 74.4459, 192.195
2423, 41, 190, 74.3786, 192.276
2424, 41, 190, 74.3256, 192.357
2425, 41, 190, 74.2667, 192.438
2426, 41, 190, 74.2137, 192.518
2427, 41, 190, 74.0438, 192.61
2428, 41, 190, 73.9849, 192.694
2429, 41, 190, 73.9175, 192.79
2430, 41, 190, 73.8873, 192.871
2431, 41, 190, 73.8432, 192.952
2432, 41, 190, 73.7902, 193.032
2433, 41, 190, 73.7634, 193.113
2434, 41, 190, 73.7268, 193.193
2435, 41, 190, 73.6862, 193.274
2436, 41, 190, 73.6496, 193.355
2437, 41, 190, 73.4451, 193.436
2438, 41, 190, 73.4085, 193.516
2439, 41, 190, 73.3783, 193.597
2440, 41, 190, 73.3417, 193.677
2441, 41, 190, 73.3149, 193.759
2442, 41, 190, 73.2945, 193.839
2443, 41, 190, 73.2579, 193.926
2444, 41, 190, 73.1732, 194.006
2445, 41, 190, 73.1291, 194.086
2446, 41, 190, 73.0618, 194.166
2447, 41, 190, 73.035, 194.245
2448, 41, 190, 73.0082, 194.325
2449, 41, 190, 72.9676, 194.404
2450, 41, 190, 72.931, 194.484
2451, 41, 190, 73.0236, 194.584
2452, 41, 190, 72.9969, 194.664
2453, 41, 190, 72.9666, 194.745
2454, 41, 190, 72.9369, 194.824
2455, 41, 190, 72.9155, 194.906
2456, 41, 190, 72.8858, 194.986
2457, 41, 190, 72.8653, 195.073
2458, 41, 190, 72.8356, 195.153
2459, 41, 190, 72.8151, 195.233
2460, 41, 190, 72.8671, 195.313
2461, 41, 190, 72.8374, 195.394
2462, 41, 190, 72.8106, 195.474
2463, 41, 190, 72.7838, 195.555
2464, 41, 190, 72.7, 195.635
2465, 41, 190, 72.6162, 195.714
2466, 41, 190, 72.5632, 195.795
2467, 41, 190, 72.5102, 195.895
2468, 41, 190, 72.4572, 195.977
2469, 41, 190, 72.4042, 196.057
2470, 41, 190, 72.3071, 196.137
2471, 41, 190, 72.2398, 196.217
2472, 41, 190, 72.1724, 196.297
2473, 41, 190, 72.152, 196.387
2474, 41, 190, 72.1252, 196.469
2475, 41, 190, 72.1048, 196.549
2476, 41, 190, 72.1974, 196.629
2477, 41, 190, 72.0869, 196.709
2478, 41, 189, 72.2499, 196.789
2479, 41, 189, 72.1826, 196.869
2480, 41, 189, 72.1296, 196.951
2481, 41, 189, 72.0855, 197.032
2482, 41, 189, 72.1782, 197.114
2483, 41, 189, 72.1341, 197.196
2484, 41, 189, 72.0493, 197.277
2485, 41, 189, 72.0087, 197.357
2486, 41, 189, 71.9819, 197.439
2487, 41, 189, 71.9454, 197.521
2488, 41, 189, 71.8972, 197.602
2489, 41, 188, 72.0384, 197.683
2490, 41, 188, 72.0025, 197.763
2491, 41, 188, 71.9723, 197.845
2492, 41, 188, 71.9421, 197.925
2493, 41, 188, 71.9259, 198.008
2494, 41, 188, 71.9046, 198.089
2495, 41, 188, 71.868, 198.169
2496, 41, 188, 71.8412, 198.25
2497, 41, 187, 71.9824, 198.331
2498, 41, 187, 71.9522, 198.415
2499, 41, 187, 71.8933, 198.496
2500, 41, 187, 71.8728, 198.577
2501, 41, 187, 71.7623, 198.658
2502, 41, 187, 71.6652, 198.738
2503, 41, 187, 71.6287, 198.819
2504, 41, 187, 71.6019, 198.902
2505, 41, 187, 71.5717, 198.992
2506, 41, 187, 71.5276, 199.073
2507, 41, 187, 71.5008, 199.171
2508, 41, 187, 71.4567, 199.268
2509, 41, 187, 71.5266, 199.351
2510, 41, 187, 71.4969, 199.433
2511, 41, 187, 71.4755, 199.515
2512, 41, 187, 71.4349, 199.598
2513, 41, 187, 71.4051, 199.679
2514, 41, 187, 71.389, 199.763
2515, 41, 187, 71.3685, 199.845
2516, 41, 187, 71.3245, 199.927
2517, 41, 187, 71.2977, 200.013
2518, 41, 187, 71.2536, 200.095
2519, 41, 187, 71.2268, 200.177
2520, 41, 187, 71.1738, 200.261
2521, 41, 187, 71.1257, 200.345
2522, 41, 187, 71.1095, 200.427
2523, 41, 187, 71.0882, 200.509
2524, 41, 187, 71.0441, 200.59
2525, 41, 187, 71, 200.678
2526, 41, 187, 70.9326, 200.76
2527, 41, 187, 70.8961, 200.841
2528, 41, 187, 70.852, 200.923
2529, 41, 186, 70.9897, 201.004
2530, 41, 186, 70.9629, 201.087
2531, 41, 186, 70.9468, 201.187
2532, 41, 186, 71.0582, 201.27
2533, 41, 186, 70.9909, 201.355
2534, 41, 186, 70.9641, 201.445
2535, 41, 186, 70.9437, 201.527
2536, 41, 186, 70.9275, 201.609
2537, 41, 186, 70.891, 201.69
2538, 41, 186, 70.838, 201.776
2539, 41, 186, 70.8175, 201.857
2540, 41, 185, 70.9662, 201.939
2541, 41, 185, 70.9221, 202.04
2542, 41, 185, 70.825, 202.122
2543, 41, 185, 70.7661, 202.205
2544, 41, 185, 70.7131, 202.287
2545, 41, 185, 70.6293, 202.368
2546, 41, 185, 70.5455, 202.471
2547, 41, 185, 70.4787, 202.565
2548, 41, 185, 70.4422, 202.647
2549, 41, 185, 70.3833, 202.729
2550, 41, 185, 70.3426, 202.81
2551, 41, 185, 70.3158, 202.892
2552, 41, 185, 70.2793, 202.973
2553, 41, 185, 70.2119, 203.054
2554, 41, 185, 70.1589, 203.139
2555, 41, 185, 70.1059, 203.223
2556, 41, 185, 69.9548, 203.305
2557, 41, 185, 69.9018, 203.387
2558, 41, 185, 69.8344, 203.469
2559, 41, 185, 69.7506, 203.55
2560, 41, 184, 69.9137, 203.632
2561, 41, 184, 69.8463, 203.716
2562, 41, 184, 69.8196, 203.8
2563, 41, 184, 69.7928, 203.881
2564, 41, 184, 69.7398, 203.963
2565, 41, 184, 69.7032, 204.045
2566, 41, 184, 69.6502, 204.127
2567, 41, 184, 69.6136, 204.208
2568, 41, 184, 69.5695, 204.29
2569, 41, 184, 69.5106, 204.372
2570, 41, 184, 69.4666, 204.453
2571, 41, 184, 69.5592, 204.535
2572, 41, 184, 69.5062, 204.617
2573, 41, 184, 69.3533, 204.698
2574, 41, 184, 69.3003, 204.78
2575, 41, 184, 69.1473, 204.861
2576, 41, 184, 69.0368, 204.944
2577, 41, 184, 68.9695, 205.025
2578, 41, 184, 68.9329, 205.106
2579, 41, 184, 68.8656, 205.192
2580, 41, 184, 68.8215, 205.279
2581, 41, 184, 68.7849, 205.368
2582, 41, 184, 68.7483, 205.449
2583, 41, 184, 68.6512, 205.531
2584, 41, 184, 68.6146, 205.611
2585, 41, 184, 68.5781, 205.692
2586, 41, 184, 68.4251, 205.773
2587, 41, 184, 68.3413, 205.855
2588, 41, 184, 68.3048, 205.949
2589, 41, 184, 68.278, 206.031
2590, 41, 184, 68.225, 206.112
2591, 41, 184, 68.1884, 206.193
2592, 41, 184, 68.1478, 206.274
2593, 41, 184, 68.121, 206.375
2594, 41, 184, 67.9511, 206.46
2595, 41, 184, 67.9145, 206.544
2596, 41, 183, 68.0775, 206.625
2597, 41, 183, 68.1999, 206.708
2598, 41, 183, 68.141, 206.789
2599, 41, 183, 68.088, 206.872
2600, 41, 183, 68.0474, 206.967
2601, 41, 183, 67.9944, 207.051
2602, 41, 183, 67.9578, 207.132
2603, 41, 183, 67.8607, 207.215
2604, 41, 183, 67.7676, 207.297
2605, 41, 183, 67.6838, 207.391
2606, 41, 183, 67.6397, 207.473
2607, 41, 183, 67.5808, 207.554
2608, 41, 183, 67.5442, 207.637
2609, 41, 182, 67.7073, 207.719
2610, 41, 182, 67.6399, 207.8
2611, 41, 182, 67.7623, 207.883
2612, 41, 182, 67.7182, 207.966
2613, 41, 182, 67.6652, 208.046
2614, 41, 182, 67.6122, 208.127
2615, 41, 182, 67.5017, 208.208
2616, 41, 182, 67.4344, 208.289
2617, 41, 182, 67.3373, 208.37
2618, 41, 182, 67.2843, 208.45
2619, 41, 182, 67.2169, 208.531
2620, 41, 182, 67.1639, 208.615
2621, 41, 182, 67.1109, 208.696
2622, 41, 182, 67.0579, 208.789
2623, 41, 182, 66.9911, 208.87
2624, 41, 182, 66.9546, 208.953
2625, 41, 182, 66.9105, 209.034
2626, 41, 182, 66.8837, 209.116
2627, 41, 182, 66.8248, 209.209
2628, 41, 182, 66.7882, 209.293
2629, 41, 182, 66.7516, 209.374
2630, 41, 182, 66.6928, 209.479
2631, 41, 182, 66.6562, 209.561
2632, 41, 182, 66.5973, 209.642
2633, 41, 182, 66.5566, 209.723
2634, 41, 182, 66.4595, 209.804
2635, 41, 182, 66.5522, 209.886
2636, 41, 182, 66.5156, 209.967
2637, 41, 182, 66.479, 210.049
2638, 41, 182, 66.4384, 210.13
2639, 41, 182, 66.4082, 210.212
2640, 41, 182, 66.3675, 210.293
2641, 41, 181, 66.5053, 210.396
2642, 41, 181, 66.4839, 210.478
2643, 41, 181, 66.4171, 210.56
2644, 41, 181, 66.3503, 210.642
2645, 41, 181, 66.3235, 210.724
2646, 41, 180, 66.4722, 210.806
2647, 41, 180, 66.4281, 210.887
2648, 41, 180, 66.3443, 210.969
2649, 41, 179, 66.4855, 211.069
2650, 41, 179, 66.4266, 211.151
2651, 41, 179, 66.3998, 211.242
2652, 41, 179, 66.3468, 211.324
2653, 41, 179, 66.2938, 211.405
2654, 41, 179, 66.2636, 211.486
2655, 41, 179, 66.2195, 211.568
2656, 41, 179, 66.1754, 211.649
2657, 41, 179, 66.1452, 211.731
2658, 41, 179, 66.0922, 211.813
2659, 41, 179, 66.0556, 211.894
2660, 41, 179, 65.9718, 211.977
2661, 41, 179, 65.9352, 212.058
2662, 41, 179, 65.8987, 212.14
2663, 41, 179, 65.8621, 212.221
2664, 41, 179, 65.8091, 212.302
2665, 41, 179, 65.7253, 212.383
2666, 41, 179, 65.6723, 212.465
2667, 41, 179, 65.6193, 212.555
2668, 41, 178, 65.7605, 212.638
2669, 41, 178, 65.7302, 212.719
2670, 41, 178, 65.7, 212.801
2671, 41, 178, 65.6029, 212.882
2672, 41, 178, 65.5663, 212.963
2673, 41, 178, 65.5396, 213.053
2674, 41, 178, 65.4866, 213.136
2675, 41, 178, 65.4425, 213.218
2676, 41, 178, 65.4059, 213.299
2677, 41, 178, 65.3618, 213.382
2678, 41, 177, 65.5248, 213.464
2679, 41, 177, 65.4575, 213.545
2680, 41, 177, 65.3604, 213.626
2681, 41, 177, 65.3336, 213.708
2682, 41, 177, 65.2895, 213.789
2683, 41, 177, 65.2593, 213.871
2684, 41, 177, 65.1755, 213.952
2685, 41, 177, 65.1166, 214.034
2686, 41, 177, 65.0493, 214.115
2687, 41, 177, 65.0195, 214.198
2688, 41, 177, 64.9527, 214.28
2689, 41, 177, 64.9121, 214.361
2690, 41, 177, 64.8714, 214.442
2691, 41, 177, 64.8184, 214.524
2692, 41, 177, 64.7887, 214.605
2693, 41, 177, 64.7585, 214.687
2694, 41, 177, 64.7219, 214.768
2695, 41, 177, 64.6381, 214.867
2696, 41, 177, 64.5543, 214.97
2697, 41, 177, 64.4875, 215.053
2698, 41, 177, 64.4607, 215.134
2699, 41, 177, 64.4339, 215.221
2700, 41, 177, 64.3974, 215.304
2701, 41, 177, 64.3533, 215.388
2702, 41, 176, 64.5163, 215.47
2703, 41, 176, 64.449, 215.551
2704, 41, 176, 64.5831, 215.635
2705, 41, 176, 64.5627, 215.717
2706, 41, 176, 64.5422, 215.799
2707, 41, 176, 64.5154, 215.893
2708, 41, 176, 64.4789, 215.983
2709, 41, 176, 64.3858, 216.066
2710, 41, 176, 64.3328, 216.147
2711, 41, 176, 64.306, 216.229
2712, 41, 176, 64.2855, 216.311
2713, 41, 176, 64.2414, 216.393
2714, 41, 176, 64.2147, 216.475
2715, 41, 176, 64.1479, 216.558
2716, 41, 176, 64.1113, 216.64
2717, 41, 176, 64.0142, 216.722
2718, 41, 176, 63.9701, 216.807
2719, 41, 175, 64.1078, 216.889
2720, 41, 175, 64.0811, 216.97
2721, 41, 174, 64.2223, 217.052
2722, 41, 174, 64.192, 217.133
2723, 41, 174, 64.148, 217.217
2724, 41, 174, 64.0949, 217.305
2725, 41, 173, 64.3363, 217.389
2726, 41, 173, 64.1317, 217.471
2727, 41, 173, 64.0877, 217.556
2728, 41, 173, 64.0511, 217.657
2729, 41, 173, 64.0243, 217.739
2730, 41, 173, 64.0089, 217.828
2731, 41, 173, 63.9884, 217.913
2732, 41, 172, 64.1296, 217.995
2733, 41, 172, 64.0994, 218.076
2734, 41, 172, 64.0628, 218.158
2735, 41, 172, 64.0326, 218.24
2736, 41, 172, 64.0024, 218.322
2737, 41, 172, 63.935, 218.404
2738, 41, 172, 63.9136, 218.486
2739, 41, 172, 63.8771, 218.567
2740, 41, 172, 63.8241, 218.648
2741, 41, 172, 63.7938, 218.738
2742, 41, 172, 63.7636, 218.819
2743, 41, 172, 63.7422, 218.909
2744, 41, 172, 63.7218, 218.992
2745, 41, 172, 63.7063, 219.076
2746, 41, 172, 63.639, 219.164
2747, 41, 172, 63.5949, 219.26
2748, 41, 172, 63.5468, 219.342
2749, 41, 172, 63.5254, 219.427
2750, 41, 172, 63.5774, 219.528
2751, 41, 172, 63.5368, 219.611
2752, 41, 172, 63.51, 219.694
2753, 41, 172, 63.4693, 219.776
2754, 41, 172, 63.5393, 219.858
2755, 41, 172, 63.5095, 219.939
2756, 41, 172, 63.4614, 220.022
2757, 41, 172, 63.4255, 220.104
2758, 41, 172, 63.3953, 220.186
2759, 41, 172, 63.3679, 220.268
2760, 41, 172, 63.3272, 220.35
2761, 41, 172, 63.3068, 220.438
2762, 41, 172, 63.4292, 220.52
2763, 41, 172, 63.3885, 220.603
2764, 41, 172, 63.3681, 220.685
2765, 41, 172, 63.3378, 220.768
2766, 41, 172, 63.3898, 220.854
2767, 41, 172, 63.3458, 220.938
2768, 41, 172, 63.3092, 221.034
2769, 41, 172, 63.2824, 221.117
2770, 41, 172, 63.261, 221.214
2771, 41, 172, 63.2245, 221.297
2772, 41, 171, 63.3875, 221.38
2773, 41, 171, 63.5099, 221.465
2774, 41, 171, 63.4128, 221.547
2775, 41, 171, 63.3501, 221.629
2776, 41, 171, 63.2531, 221.711
2777, 41, 171, 63.2369, 221.793
2778, 41, 171, 63.2155, 221.875
2779, 41, 171, 63.1797, 221.96
2780, 41, 171, 63.1529, 222.042
2781, 41, 170, 63.2941, 222.126
2782, 41, 170, 63.2639, 222.208
2783, 41, 170, 63.2371, 222.305
2784, 41, 170, 63.2069, 222.388
2785, 41, 169, 63.348, 222.472
2786, 41, 169, 63.3178, 222.57
2787, 41, 169, 63.2648, 222.654
2788, 41, 168, 63.406, 222.756
2789, 41, 168, 63.3758, 222.84
2790, 41, 168, 63.2787, 222.924
2791, 41, 168, 63.1682, 223.006
2792, 41, 168, 63.1316, 223.089
2793, 41, 168, 63.1112, 223.171
2794, 41, 168, 63.0809, 223.264
2795, 41, 168, 63.0542, 223.349
2796, 41, 168, 63.0101, 223.432
2797, 41, 168, 62.9798, 223.515
2798, 41, 168, 62.9433, 223.605
2799, 41, 168, 62.8765, 223.688
2800, 41, 168, 62.8324, 223.771
2801, 41, 168, 62.7794, 223.853
2802, 41, 168, 62.7264, 223.936
2803, 41, 168, 62.6782, 224.019
2804, 41, 167, 62.8412, 224.101
2805, 41, 167, 62.7739, 224.184
2806, 41, 167, 62.7066, 224.266
2807, 41, 167, 62.6953, 224.35
2808, 41, 167, 62.6587, 224.431
2809, 41, 167, 62.6221, 224.528
2810, 41, 167, 62.5856, 224.612
2811, 41, 167, 62.5415, 224.694
2812, 41, 167, 62.4974, 224.776
2813, 41, 167, 62.4608, 224.858
2814, 41, 167, 62.3079, 224.94
2815, 42, 167, 62.2978, 225.024
2816, 43, 167, 62.2914, 225.108
2817, 44, 167, 62.2828, 225.192
2818, 45, 167, 62.2772, 225.277
2819, 46, 167, 62.2698, 225.361
2820, 46, 166, 62.4075, 225.443
2821, 47, 166, 62.4025, 225.53
2822, 47, 166, 62.4545, 225.62
2823, 48, 166, 62.4481, 225.704
2824, 48, 166, 62.4398, 225.788
2825, 48, 166, 62.404, 225.885
2826, 48, 166, 62.3633, 225.968
2827, 48, 166, 62.3365, 226.05
2828, 48, 166, 62.3068, 226.133
2829, 48, 166, 62.2863, 226.215
2830, 48, 166, 62.2457, 226.297
2831, 48, 166, 62.2189, 226.379
2832, 48, 166, 62.1708, 226.462
2833, 48, 166, 62.1267, 226.544
2834, 48, 166, 62.1787, 226.626
2835, 48, 166, 62.1119, 226.714
2836, 48, 166, 62.0817, 226.836
2837, 48, 166, 62.0451, 226.95
2838, 48, 166, 62.0183, 227.084
2839, 48, 166, 61.9915, 227.185
2840, 48, 165, 62.1327, 227.291
2841, 48, 165, 62.1025, 227.416
2842, 48, 165, 62.0659, 227.516
2843, 48, 165, 62.0362, 227.599
2844, 48, 165, 62.0059, 227.682
2845, 48, 165, 61.9757, 227.765
2846, 48, 165, 61.9489, 227.85
2847, 48, 165, 61.8959, 227.933
2848, 48, 165, 61.8755, 228.015
2849, 48, 165, 61.8389, 228.097
2850, 48, 165, 61.8121, 228.181
2851, 48, 165, 61.7715, 228.265
2852, 48, 165, 61.7349, 228.349
2853, 48, 165, 61.7145, 228.431
2854, 48, 164, 61.8513, 228.513
2855, 48, 164, 61.8359, 228.596
2856, 48, 164, 61.8154, 228.679
2857, 48, 164, 61.7788, 228.761
2858, 48, 164, 61.7486, 228.847
2859, 48, 164, 61.7045, 228.93
2860, 48, 163, 61.8413, 229.013
2861, 48, 163, 61.7215, 229.099
2862, 48, 163, 61.6547, 229.184
2863, 48, 163, 61.6245, 229.282
2864, 48, 163, 61.5879, 229.364
2865, 48, 163, 61.6578, 229.446
2866, 48, 163, 61.591, 229.529
2867, 48, 163, 61.5756, 229.611
2868, 48, 163, 61.5542, 229.693
2869, 48, 163, 61.5338, 229.787
2870, 48, 163, 61.5124, 229.872
2871, 48, 163, 61.5823, 229.959
2872, 48, 163, 61.5521, 230.041
2873, 48, 163, 61.5218, 230.124
2874, 48, 163, 61.5005, 230.206
2875, 48, 163, 61.4702, 230.288
2876, 48, 163, 61.4262, 230.37
2877, 49, 163, 61.4217, 230.454
2878, 50, 163, 61.4161, 230.538
2879, 50, 163, 61.41, 230.621
2880, 50, 163, 61.3826, 230.712
2881, 50, 163, 61.3665, 230.799
2882, 50, 163, 61.2827, 230.881
2883, 50, 163, 61.2783, 230.976
2884, 50, 163, 61.2515, 231.059
2885, 50, 163, 61.2149, 231.141
2886, 50, 163, 61.1936, 231.223
2887, 50, 163, 61.1638, 231.305
2888, 50, 163, 61.1477, 231.388
2889, 50, 163, 61.1263, 231.488
2890, 50, 163, 61.0822, 231.578
2891, 50, 163, 61.0661, 231.663
2892, 50, 163, 61.0531, 231.745
2893, 50, 163, 61.0326, 231.827
2894, 50, 163, 61.0029, 231.909
2895, 50, 163, 60.9361, 231.992
2896, 50, 163, 60.8954, 232.074
2897, 50, 163, 60.8687, 232.157
2898, 50, 163, 60.8205, 232.239
2899, 50, 163, 60.7991, 232.329
2900, 50, 163, 60.706, 232.411
2901, 50, 163, 60.6654, 232.5
2902, 50, 163, 60.7353, 232.603
2903, 50, 163, 60.6764, 232.693
2904, 50, 163, 60.6467, 232.786
2905, 50, 163, 60.5985, 232.88
2906, 50, 163, 60.5619, 232.968
2907, 51, 163, 60.5579, 233.064
2908, 52, 163, 60.5529, 233.161
2909, 53, 163, 60.5485, 233.258
2910, 53, 163, 60.5126, 233.347
2911, 53, 163, 60.4972, 233.435
2912, 53, 163, 60.4744, 233.528
2913, 53, 163, 60.454, 233.62
2914, 53, 162, 60.5952, 233.708
2915, 53, 162, 60.565, 233.796
2916, 53, 162, 60.5291, 233.888
2917, 53, 162, 60.4993, 233.976
2918, 53, 162, 60.4766, 234.064
2919, 53, 162, 60.4562, 234.146
2920, 53, 162, 60.4203, 234.228
2921, 53, 162, 60.409, 234.31
2922, 53, 162, 60.3684, 234.392
2923, 53, 162, 60.3504, 234.475
2924, 53, 162, 60.323, 234.557
2925, 53, 162, 60.2963, 234.658
2926, 53, 162, 60.2689, 234.742
2927, 53, 162, 60.2484, 234.825
2928, 53, 162, 60.2453, 234.909
2929, 53, 162, 60.2285, 234.991
2930, 53, 162, 60.2058, 235.073
2931, 53, 161, 60.3433, 235.156
2932, 53, 161, 60.3302, 235.238
2933, 53, 161, 60.3005, 235.32
2934, 53, 161, 60.2737, 235.402
2935, 53, 161, 60.2624, 235.485
2936, 53, 161, 60.247, 235.567
2937, 53, 161, 60.2387, 235.65
2938, 53, 161, 60.216, 235.732
2939, 53, 161, 60.1892, 235.814
2940, 53, 161, 60.1688, 235.905
2941, 53, 161, 60.1483, 235.994
2942, 53, 161, 60.1256, 236.076
2943, 53, 161, 60.1042, 236.158
2944, 53, 161, 60.0863, 236.241
2945, 53, 161, 60.075, 236.34
2946, 53, 161, 60.0537, 236.423
2947, 53, 161, 60.0239, 236.506
2948, 53, 161, 60.0078, 236.589
2949, 53, 161, 59.9873, 236.674
2950, 53, 161, 59.9669, 236.756
2951, 53, 161, 59.9401, 236.839
2952, 53, 161, 59.8995, 236.921
2953, 53, 161, 59.8727, 237.005
2954, 53, 161, 59.8138, 237.086
2955, 53, 161, 59.7656, 237.168
2956, 53, 161, 59.7452, 237.25
2957, 53, 160, 59.8864, 237.332
2958, 53, 160, 59.8562, 237.414
2959, 53, 160, 59.8203, 237.497
2960, 53, 160, 59.7989, 237.579
2961, 53, 160, 59.7785, 237.661
2962, 53, 160, 59.7482, 237.745
2963, 53, 160, 59.8272, 237.827
2964, 53, 160, 59.7791, 237.909
2965, 53, 160, 59.763, 237.993
2966, 53, 160, 59.7362, 238.076
2967, 53, 160, 59.688, 238.161
2968, 53, 160, 59.6667, 238.243
2969, 53, 160, 59.5819, 238.325
2970, 53, 160, 59.5615, 238.408
2971, 53, 160, 59.5461, 238.49
2972, 53, 160, 59.5299, 238.573
2973, 53, 160, 59.4933, 238.655
2974, 53, 160, 59.472, 238.738
2975, 53, 160, 59.4417, 238.82
2976, 53, 160, 59.4263, 238.912
2977, 53, 160, 59.3966, 238.998
2978, 53, 160, 59.3752, 239.08
2979, 53, 160, 59.3591, 239.162
2980, 53, 160, 59.3294, 239.252
2981, 53, 160, 59.3026, 239.335
2982, 53, 160, 59.2585, 239.417
2983, 53, 160, 59.2371, 239.499
2984, 53, 160, 59.307, 239.585
2985, 53, 160, 59.2589, 239.672
2986, 53, 160, 59.211, 239.755
2987, 53, 160, 59.1752, 239.841
2988, 53, 160, 59.1386, 239.923
2989, 53, 160, 59.0945, 240.012
2990, 53, 160, 59.0415, 240.095
2991, 53, 160, 58.9747, 240.189
2992, 53, 160, 58.9616, 240.272
2993, 53, 160, 58.9462, 240.354
2994, 53, 160, 58.9248, 240.438
2995, 53, 160, 58.8981, 240.52
2996, 53, 160, 58.8713, 240.603
2997, 53, 160, 58.8508, 240.701
2998, 53, 160, 58.8378, 240.785
2999, 53, 160, 58.808, 240.867
