Seed is: 33
Number of samples is: 3000
Simulation name is: Simulation_2TV_10x10.sim
TimeStep, Distraction Rate, Missed States, Model Accuracy, Time (ms)
0, 0, 732, 0, 7e-05
1, 0, 731, 1, 0.088258
2, 0, 730, 1.7632, 0.181165
3, 0, 729, 2.52639, 0.250567
4, 0, 728, 3.52639, 0.313046
5, 0, 728, 3.11136, 0.375205
6, 0, 728, 2.69632, 0.437163
7, 0, 728, 2.52639, 0.49884
8, 0, 728, 2.43329, 0.560327
9, 0, 728, 2.37439, 0.622335
10, 0, 728, 2.20447, 0.683762
11, 0, 728, 2.16382, 0.7455
12, 0, 728, 2.07071, 0.828778
13, 0, 727, 2.83391, 0.916045
14, 0, 726, 3.83391, 0.978864
15, 0, 725, 4.59711, 1.04375
16, 0, 724, 5.36031, 1.10637
17, 0, 723, 6.1235, 1.1692
18, 0, 722, 6.8867, 1.23214
19, 0, 722, 6.47166, 1.29499
20, 0, 721, 7.23486, 1.35914
21, 0, 721, 6.86133, 1.42135
22, 0, 720, 7.62452, 1.48564
23, 0, 719, 8.38772, 1.54825
24, 0, 719, 8.01419, 1.61078
25, 0, 719, 7.64065, 1.67342
26, 0, 718, 8.40385, 1.73721
27, 0, 717, 9.16705, 1.80018
28, 0, 716, 10.167, 1.86311
29, 0, 715, 10.5198, 1.92636
30, 0, 714, 11.283, 1.98985
31, 0, 713, 12.0462, 2.05311
32, 0, 713, 11.8763, 2.11906
33, 0, 712, 12.2291, 2.18261
34, 0, 712, 11.8555, 2.24579
35, 0, 712, 11.482, 2.30855
36, 0, 712, 11.3291, 2.37178
37, 0, 712, 10.9555, 2.43499
38, 0, 712, 10.5405, 2.49795
39, 0, 712, 10.3876, 2.56359
40, 0, 712, 10.2346, 2.62627
41, 0, 712, 10.5497, 2.68903
42, 0, 712, 10.4659, 2.75254
43, 0, 712, 10.3129, 2.81545
44, 0, 712, 9.93939, 2.87828
45, 0, 712, 9.56586, 2.94145
46, 0, 712, 9.51286, 3.0048
47, 0, 712, 9.42906, 3.06763
48, 0, 712, 9.33595, 3.13084
49, 0, 712, 9.29937, 3.19366
50, 0, 711, 10.0626, 3.25656
51, 0, 711, 9.68903, 3.32038
52, 0, 711, 9.5361, 3.38395
53, 0, 711, 9.38317, 3.44666
54, 0, 710, 10.3832, 3.50943
55, 0, 709, 11.1464, 3.57266
56, 0, 708, 12.1464, 3.63856
57, 0, 708, 11.7313, 3.70241
58, 0, 707, 12.4945, 3.76578
59, 0, 707, 12.4107, 3.82903
60, 0, 707, 12.3269, 3.89236
61, 0, 707, 11.9534, 3.95558
62, 0, 707, 11.7835, 4.01914
63, 0, 706, 12.5467, 4.08279
64, 0, 705, 13.3099, 4.17891
65, 0, 704, 14.0731, 4.25967
66, 0, 703, 14.8363, 4.32559
67, 0, 702, 15.5995, 4.39107
68, 0, 701, 16.3627, 4.4546
69, 0, 700, 17.3627, 4.51811
70, 0, 699, 18.1259, 4.58162
71, 0, 698, 18.889, 4.64562
72, 0, 697, 19.6522, 4.70923
73, 0, 696, 20.6522, 4.78279
74, 0, 695, 21.4154, 4.8663
75, 0, 695, 21.0419, 4.9312
76, 0, 694, 22.0419, 5.0069
77, 0, 694, 21.6684, 5.09678
78, 0, 693, 22.4316, 5.18211
79, 0, 692, 23.1948, 5.25784
80, 0, 691, 23.958, 5.32226
81, 0, 690, 24.7212, 5.38638
82, 0, 689, 25.7212, 5.45625
83, 0, 689, 25.3061, 5.53984
84, 0, 689, 25.1362, 5.62244
85, 0, 689, 25.0431, 5.68783
86, 0, 688, 25.8063, 5.75235
87, 0, 687, 25.5741, 5.81658
88, 0, 686, 26.9223, 5.88117
89, 0, 685, 27.6855, 5.94604
90, 0, 684, 28.4486, 6.01018
91, 0, 683, 29.2118, 6.07418
92, 0, 683, 28.8383, 6.13838
93, 0, 683, 28.4648, 6.20251
94, 0, 682, 29.228, 6.26606
95, 0, 681, 29.9912, 6.33076
96, 0, 680, 30.7544, 6.39538
97, 0, 679, 31.5176, 6.45957
98, 0, 679, 31.0326, 6.52377
99, 0, 679, 30.6591, 6.59064
100, 0, 678, 31.6591, 6.6548
101, 0, 678, 31.244, 6.72053
102, 0, 678, 31.0741, 6.78474
103, 0, 677, 31.8373, 6.84903
104, 0, 677, 31.4638, 6.91358
105, 0, 677, 31.2592, 6.97767
106, 0, 677, 31.1063, 7.04359
107, 0, 677, 30.7328, 7.10824
108, 0, 676, 30.5006, 7.17259
109, 0, 676, 30.127, 7.23726
110, 0, 675, 30.8902, 7.30188
111, 0, 674, 31.6534, 7.36663
112, 0, 673, 32.4166, 7.43117
113, 0, 672, 33.1798, 7.54868
114, 0, 671, 33.943, 7.62203
115, 0, 670, 34.7062, 7.68695
116, 0, 669, 35.4694, 7.7516
117, 0, 668, 36.2326, 7.81643
118, 0, 667, 36.9958, 7.88172
119, 0, 666, 36.7636, 7.9467
120, 0, 665, 38.1118, 8.01182
121, 0, 665, 37.7383, 8.07686
122, 0, 664, 38.5014, 8.14222
123, 0, 663, 39.2646, 8.20832
124, 0, 662, 40.0278, 8.27554
125, 0, 661, 40.791, 8.34118
126, 0, 660, 41.5542, 8.40733
127, 0, 659, 42.3174, 8.47277
128, 0, 658, 43.0806, 8.53776
129, 0, 657, 43.8438, 8.60559
130, 0, 656, 44.607, 8.67146
131, 0, 655, 45.3702, 8.73805
132, 0, 654, 46.1334, 8.80418
133, 0, 653, 46.8966, 8.86986
134, 0, 653, 46.5231, 8.93646
135, 0, 652, 47.2863, 9.01837
136, 0, 651, 48.0495, 9.08541
137, 0, 650, 48.8127, 9.1523
138, 0, 649, 49.5759, 9.21849
139, 0, 649, 49.2023, 9.28605
140, 0, 648, 49.5551, 9.35244
141, 0, 647, 50.3183, 9.41899
142, 0, 646, 51.0815, 9.48536
143, 0, 645, 51.8447, 9.55234
144, 0, 644, 52.6079, 9.61897
145, 0, 643, 53.3711, 9.68702
146, 0, 642, 54.3711, 9.75404
147, 0, 641, 54.1389, 9.82065
148, 0, 641, 53.7239, 9.88863
149, 0, 641, 53.3503, 9.95721
150, 0, 640, 54.3503, 10.0242
151, 0, 640, 53.9768, 10.0906
152, 0, 639, 55.325, 10.1568
153, 0, 638, 56.0882, 10.2237
154, 0, 637, 56.8514, 10.2906
155, 0, 637, 56.6984, 10.3569
156, 0, 636, 57.0512, 10.4236
157, 0, 636, 56.5662, 10.4905
158, 0, 636, 56.1927, 10.5569
159, 0, 635, 56.9559, 10.6234
160, 0, 634, 56.7237, 10.6901
161, 0, 634, 56.5708, 10.7564
162, 0, 634, 56.1972, 10.8591
163, 0, 633, 56.9604, 10.9324
164, 0, 633, 56.5869, 10.9996
165, 0, 633, 56.2134, 11.0667
166, 0, 632, 56.9766, 11.134
167, 0, 631, 56.7444, 11.2006
168, 0, 630, 57.5076, 11.2674
169, 0, 629, 57.2754, 11.3341
170, 0, 629, 56.9018, 11.4007
171, 0, 629, 56.7489, 11.467
172, 0, 628, 57.5121, 11.534
173, 0, 627, 58.2753, 11.6009
174, 0, 626, 59.0385, 11.6674
175, 0, 625, 59.8017, 11.7345
176, 0, 624, 60.5649, 11.8012
177, 0, 624, 60.8799, 11.8682
178, 0, 624, 60.5064, 11.9352
179, 0, 624, 60.3365, 12.0042
180, 0, 624, 59.9629, 12.0713
181, 0, 624, 59.3849, 12.1386
182, 0, 624, 59.2319, 12.2052
183, 0, 623, 58.9997, 12.2723
184, 0, 623, 58.8468, 12.3391
185, 0, 623, 58.3618, 12.406
186, 0, 622, 59.3618, 12.4921
187, 0, 622, 58.9468, 12.5604
188, 0, 622, 58.7769, 12.6269
189, 0, 622, 58.4033, 12.6935
190, 0, 622, 58.0298, 12.7598
191, 0, 622, 57.946, 12.8267
192, 0, 622, 57.7931, 12.8929
193, 0, 622, 57.4195, 12.9592
194, 0, 622, 57.046, 13.0254
195, 0, 622, 56.6725, 13.0919
196, 0, 621, 57.4357, 13.1587
197, 0, 620, 58.1989, 13.2252
198, 0, 620, 58.0459, 13.2919
199, 0, 620, 57.6724, 13.3587
200, 0, 619, 59.0206, 13.4264
201, 0, 618, 60.3687, 13.4935
202, 0, 617, 61.3687, 13.5606
203, 0, 616, 62.1319, 13.6284
204, 0, 615, 63.1319, 13.6958
205, 0, 615, 62.7584, 13.763
206, 0, 614, 62.5262, 13.8324
207, 0, 614, 62.1527, 13.9022
208, 0, 613, 62.9159, 13.9884
209, 0, 612, 64.264, 14.057
210, 0, 612, 63.849, 14.1242
211, 0, 611, 64.6122, 14.2365
212, 0, 610, 64.9649, 14.3043
213, 0, 609, 65.9649, 14.3726
214, 0, 609, 65.5914, 14.4398
215, 0, 609, 65.4215, 14.5068
216, 0, 609, 65.048, 14.5736
217, 0, 609, 64.6329, 14.6408
218, 0, 609, 64.48, 14.7078
219, 0, 609, 64.3869, 14.775
220, 0, 609, 64.0133, 14.8423
221, 0, 609, 63.8088, 14.9096
222, 0, 609, 63.6559, 14.9769
223, 0, 609, 63.4859, 15.0448
224, 0, 609, 63.4021, 15.1121
225, 0, 609, 63.3184, 15.1798
226, 0, 609, 62.8334, 15.2471
227, 0, 609, 62.4599, 15.3143
228, 0, 609, 61.9749, 15.3817
229, 0, 609, 61.822, 15.4491
230, 0, 609, 61.769, 15.5162
231, 0, 609, 61.616, 15.5833
232, 0, 609, 61.4631, 15.6506
233, 0, 609, 60.9781, 15.7179
234, 0, 608, 61.7413, 15.7857
235, 0, 607, 61.5091, 15.856
236, 0, 606, 62.2723, 15.9233
237, 0, 605, 63.0355, 15.9918
238, 0, 605, 62.662, 16.0594
239, 0, 604, 63.4252, 16.1271
240, 0, 603, 64.1884, 16.1951
241, 0, 602, 65.1884, 16.2632
242, 0, 601, 65.9516, 16.3314
243, 0, 600, 66.7148, 16.3996
244, 0, 599, 67.478, 16.4674
245, 0, 598, 68.2412, 16.5353
246, 0, 598, 67.8261, 16.6104
247, 0, 598, 67.4526, 16.695
248, 0, 598, 67.0791, 16.7644
249, 0, 598, 66.7055, 16.8324
250, 0, 597, 67.7055, 16.9003
251, 0, 596, 68.7055, 16.9685
252, 0, 595, 69.4687, 17.0364
253, 0, 594, 70.2319, 17.1043
254, 0, 594, 69.8584, 17.173
255, 0, 593, 70.8584, 17.2413
256, 0, 593, 70.4849, 17.3127
257, 0, 593, 70.3319, 17.3841
258, 0, 593, 70.179, 17.4525
259, 0, 593, 70.0952, 17.5683
260, 0, 593, 70.0114, 17.6391
261, 0, 593, 69.9584, 17.7073
262, 0, 593, 69.8479, 17.7749
263, 0, 593, 69.695, 17.843
264, 0, 593, 69.3214, 17.9114
265, 0, 593, 69.2376, 17.98
266, 0, 593, 69.0847, 18.0479
267, 0, 593, 69.0317, 18.1162
268, 0, 593, 68.9479, 18.184
269, 0, 593, 68.889, 18.2518
270, 0, 593, 68.8524, 18.3202
271, 0, 593, 68.7686, 18.3889
272, 0, 592, 68.5364, 18.4574
273, 0, 592, 68.3835, 18.5259
274, 0, 592, 68.179, 18.5935
275, 0, 592, 68.0952, 18.6609
276, 0, 592, 67.8906, 18.7505
277, 0, 592, 67.8068, 18.821
278, 0, 592, 67.4333, 18.8892
279, 0, 592, 67.2804, 18.9571
280, 0, 592, 67.1873, 19.0251
281, 0, 592, 67.1507, 19.0927
282, 0, 592, 67.1239, 19.1609
283, 0, 592, 67.0401, 19.2285
284, 0, 592, 66.7767, 19.2962
285, 0, 592, 66.5721, 19.3752
286, 0, 591, 66.7619, 19.444
287, 0, 591, 66.3883, 19.5118
288, 0, 591, 66.2354, 19.5798
289, 0, 590, 66.4767, 19.6478
290, 0, 590, 66.1032, 19.7156
291, 0, 590, 66.0502, 19.7843
292, 0, 589, 67.3984, 19.8527
293, 0, 588, 68.1616, 19.9207
294, 0, 588, 67.7465, 19.9891
295, 0, 588, 67.7099, 20.0572
296, 0, 588, 67.6569, 20.1254
297, 0, 588, 67.6302, 20.1933
298, 0, 588, 67.5371, 20.2613
299, 0, 588, 67.5005, 20.3295
300, 0, 588, 67.3306, 20.3975
301, 0, 588, 67.2375, 20.4659
302, 0, 588, 66.8639, 20.5345
303, 0, 588, 66.4904, 20.6025
304, 0, 587, 66.7317, 20.6704
305, 0, 587, 66.3582, 20.7383
306, 0, 587, 66.2053, 20.8402
307, 0, 586, 66.9685, 20.9283
308, 0, 585, 66.7363, 20.9972
309, 0, 585, 66.3212, 21.066
310, 0, 585, 66.1513, 21.138
311, 0, 585, 65.9984, 21.2069
312, 0, 585, 65.7938, 21.2751
313, 0, 585, 65.6409, 21.3431
314, 0, 585, 65.6204, 21.4108
315, 0, 585, 65.5937, 21.4817
316, 0, 585, 65.5348, 21.5506
317, 0, 584, 66.298, 21.6192
318, 0, 583, 67.0612, 21.6876
319, 0, 582, 67.8244, 21.7562
320, 0, 582, 67.4508, 21.8247
321, 0, 581, 68.799, 21.8933
322, 0, 580, 69.5622, 21.962
323, 0, 579, 70.3254, 22.0306
324, 0, 578, 71.0886, 22.0991
325, 0, 578, 70.9357, 22.1676
326, 0, 577, 71.6989, 22.236
327, 0, 576, 72.4621, 22.3046
328, 0, 575, 72.8148, 22.3734
329, 0, 575, 72.3299, 22.4423
330, 0, 574, 72.5712, 22.5128
331, 0, 574, 72.7931, 22.5825
332, 0, 574, 72.5297, 22.6517
333, 0, 574, 72.3598, 22.7202
334, 0, 574, 72.2068, 22.7881
335, 0, 574, 72.0539, 22.8566
336, 0, 573, 72.8171, 22.9272
337, 0, 572, 72.5849, 22.9963
338, 0, 571, 73.9331, 23.066
339, 0, 570, 74.9331, 23.1354
340, 0, 570, 74.518, 23.2043
341, 0, 569, 75.2812, 23.2737
342, 0, 568, 76.0444, 23.3432
343, 0, 567, 76.2858, 23.4145
344, 0, 567, 76.0812, 23.4842
345, 0, 567, 75.9974, 23.5532
346, 0, 566, 76.7606, 23.6245
347, 0, 565, 77.5238, 23.6939
348, 0, 565, 77.4133, 23.7632
349, 0, 565, 76.9284, 23.8331
350, 0, 564, 76.6962, 23.9253
351, 0, 564, 76.3226, 23.9962
352, 0, 563, 77.0858, 24.0651
353, 0, 563, 77.002, 24.1529
354, 0, 562, 77.2434, 24.249
355, 0, 562, 77.0388, 24.3184
356, 0, 562, 76.6653, 24.388
357, 0, 562, 76.4608, 24.4572
358, 0, 562, 76.4078, 24.5263
359, 0, 562, 76.3663, 24.5958
360, 0, 561, 78.071, 24.6655
361, 0, 560, 78.8342, 24.7362
362, 0, 560, 78.4606, 24.8058
363, 0, 559, 79.2238, 24.8751
364, 0, 559, 79.0709, 24.9448
365, 0, 559, 78.6974, 25.0141
366, 0, 558, 79.4606, 25.084
367, 0, 557, 80.4606, 25.1541
368, 0, 556, 81.2238, 25.2296
369, 0, 555, 81.9869, 25.3004
370, 0, 554, 82.9869, 25.3703
371, 0, 553, 83.2283, 25.4403
372, 0, 553, 83.0238, 25.5102
373, 0, 553, 82.6502, 25.5799
374, 0, 552, 83.4134, 25.6501
375, 0, 551, 84.1766, 25.7202
376, 0, 551, 84.0067, 25.7902
377, 0, 550, 84.7699, 25.86
378, 0, 550, 84.3964, 25.9327
379, 0, 550, 84.5187, 26.0043
380, 0, 550, 84.6529, 26.0744
381, 0, 550, 84.5331, 26.1443
382, 0, 550, 84.3285, 26.2141
383, 0, 549, 84.6813, 26.284
384, 0, 548, 86.0295, 26.3536
385, 0, 548, 85.9457, 26.4235
386, 0, 548, 85.8619, 26.4936
387, 0, 548, 85.3769, 26.5634
388, 0, 548, 85.1724, 26.6331
389, 0, 548, 84.7988, 26.7031
390, 0, 548, 84.3139, 26.7731
391, 0, 548, 84.2609, 26.8432
392, 0, 548, 84.2404, 26.9127
393, 0, 548, 84.0875, 26.9826
394, 0, 548, 84.0037, 27.0546
395, 0, 548, 83.5887, 27.1248
396, 0, 548, 83.1736, 27.1946
397, 0, 548, 83.0898, 27.2643
398, 0, 548, 82.7163, 27.3485
399, 0, 547, 83.7163, 27.4199
400, 0, 547, 83.2313, 27.5318
401, 0, 547, 82.8578, 27.6086
402, 0, 547, 82.7049, 27.6787
403, 0, 547, 82.3313, 27.7484
404, 0, 546, 83.0945, 27.8185
405, 0, 546, 82.721, 27.8883
406, 0, 546, 82.3475, 27.9604
407, 0, 546, 82.2627, 28.0304
408, 0, 546, 82.4258, 28.1001
409, 0, 546, 82.0522, 28.1701
410, 0, 545, 82.8154, 28.2403
411, 0, 545, 82.4419, 28.3106
412, 0, 544, 82.6832, 28.3806
413, 0, 544, 82.4787, 28.4506
414, 0, 544, 82.3258, 28.5205
415, 0, 544, 82.1728, 28.5905
416, 0, 544, 81.7578, 28.6627
417, 0, 544, 81.6049, 28.7325
418, 0, 544, 81.5422, 28.8023
419, 0, 544, 81.4892, 28.8722
420, 0, 544, 81.4414, 28.942
421, 0, 544, 81.0678, 29.0134
422, 0, 544, 80.9149, 29.0832
423, 0, 543, 81.0636, 29.1536
424, 0, 543, 80.859, 29.2247
425, 0, 543, 80.3741, 29.2946
426, 0, 543, 80.0006, 29.3647
427, 0, 543, 79.8901, 29.4344
428, 0, 543, 79.5165, 29.504
429, 0, 543, 79.475, 29.5756
430, 0, 543, 79.3819, 29.6455
431, 0, 543, 79.3289, 29.7152
432, 0, 543, 79.2759, 29.7852
433, 0, 543, 79.1921, 29.8553
434, 0, 543, 79.0222, 29.9252
435, 0, 543, 78.8522, 29.9951
436, 0, 543, 78.7417, 30.0649
437, 0, 543, 78.6579, 30.1345
438, 0, 543, 78.5742, 30.2044
439, 0, 543, 78.5376, 30.2746
440, 0, 543, 78.4445, 30.3444
441, 0, 543, 78.3514, 30.4144
442, 0, 543, 78.284, 30.4844
443, 0, 543, 78.2251, 30.5543
444, 0, 543, 78.1721, 30.6244
445, 0, 543, 78.1191, 30.6944
446, 0, 543, 78.0785, 30.7648
447, 0, 542, 79.7832, 30.8814
448, 0, 542, 79.632, 30.953
449, 0, 542, 79.5389, 31.023
450, 0, 542, 79.4859, 31.0934
451, 0, 542, 79.427, 31.1638
452, 0, 542, 79.3829, 31.2339
453, 0, 542, 79.3562, 31.3038
454, 0, 542, 79.2973, 31.3739
455, 0, 542, 79.2566, 31.4441
456, 0, 542, 79.22, 31.5144
457, 0, 542, 79.1835, 31.5851
458, 0, 542, 79.1532, 31.6553
459, 0, 542, 79.4167, 31.7254
460, 0, 542, 79.3962, 31.7952
461, 0, 542, 79.3748, 31.8653
462, 0, 542, 79.3451, 31.9354
463, 0, 542, 79.329, 32.0055
464, 0, 542, 79.3022, 32.0756
465, 0, 541, 79.4919, 32.1459
466, 0, 541, 79.339, 32.2164
467, 0, 541, 78.9655, 32.2864
468, 0, 541, 78.855, 32.3569
469, 0, 541, 78.4814, 32.4269
470, 0, 541, 78.444, 32.4971
471, 0, 541, 78.6079, 32.5672
472, 0, 541, 78.427, 32.6374
473, 0, 541, 78.2224, 32.7075
474, 0, 541, 78.1784, 32.7775
475, 0, 541, 78.1195, 32.8473
476, 0, 540, 78.2825, 32.9179
477, 0, 540, 78.2664, 32.9881
478, 0, 540, 78.2298, 33.0586
479, 0, 540, 78.1932, 33.1289
480, 0, 540, 78.1526, 33.1992
481, 0, 540, 78.1258, 33.2701
482, 0, 540, 78.1031, 33.34
483, 0, 540, 78.09, 33.4102
484, 0, 539, 78.2278, 33.4961
485, 0, 539, 78.2064, 33.5815
486, 0, 539, 78.139, 33.6524
487, 0, 539, 77.9861, 33.7227
488, 0, 539, 77.7816, 33.7928
489, 0, 539, 77.6286, 33.8627
490, 0, 539, 77.5181, 33.933
491, 0, 539, 77.367, 34.0031
492, 0, 539, 77.314, 34.0731
493, 0, 539, 77.261, 34.184
494, 0, 539, 77.1505, 34.2633
495, 0, 539, 77.0574, 34.3334
496, 0, 538, 77.8206, 34.4054
497, 0, 537, 78.1734, 34.4777
498, 0, 537, 77.6884, 34.5485
499, 0, 537, 77.6295, 34.6188
500, 0, 537, 77.5765, 34.6894
501, 0, 537, 77.466, 34.762
502, 0, 537, 77.4294, 34.8321
503, 0, 537, 77.3621, 34.9131
504, 0, 537, 77.2091, 34.9836
505, 0, 537, 77.1651, 35.0532
506, 0, 537, 77.1285, 35.123
507, 0, 537, 76.9755, 35.1929
508, 0, 537, 76.8917, 35.2634
509, 0, 537, 76.7388, 35.333
510, 0, 536, 78.087, 35.4031
511, 0, 536, 77.7134, 35.4729
512, 0, 536, 77.1354, 35.5443
513, 0, 535, 77.8986, 35.6181
514, 0, 534, 78.6618, 35.6881
515, 0, 534, 78.2882, 35.7586
516, 0, 533, 79.0514, 35.8292
517, 0, 533, 78.6779, 35.8999
518, 0, 532, 79.4411, 35.97
519, 0, 531, 80.2043, 36.0399
520, 0, 530, 80.9675, 36.11
521, 0, 530, 80.8145, 36.1803
522, 0, 529, 81.5777, 36.2508
523, 0, 528, 82.3409, 36.3212
524, 0, 527, 83.1041, 36.3916
525, 0, 526, 83.8673, 36.4622
526, 0, 526, 83.7835, 36.5484
527, 0, 526, 83.6904, 36.619
528, 0, 526, 83.3169, 36.6894
529, 0, 525, 84.3169, 36.7595
530, 0, 524, 85.0801, 36.8319
531, 0, 523, 85.8433, 36.9237
532, 0, 523, 85.4698, 36.9945
533, 0, 522, 86.233, 37.0645
534, 0, 521, 86.0008, 37.1349
535, 0, 520, 87.3489, 37.206
536, 0, 519, 88.3489, 37.2762
537, 0, 518, 89.1121, 37.3551
538, 0, 517, 90.1121, 37.4268
539, 0, 517, 89.6971, 37.5294
540, 0, 516, 90.4603, 37.601
541, 0, 515, 91.2235, 37.6723
542, 0, 514, 90.9913, 37.7434
543, 0, 513, 91.9913, 37.8158
544, 0, 512, 93.3394, 37.8866
545, 0, 511, 94.1026, 37.9572
546, 0, 511, 93.6177, 38.0285
547, 0, 510, 94.3809, 38.0992
548, 0, 509, 95.1441, 38.1906
549, 0, 508, 96.1441, 38.3005
550, 0, 507, 96.9073, 38.4167
551, 0, 506, 97.6705, 38.5246
552, 0, 505, 98.4337, 38.632
553, 0, 504, 99.1969, 38.7317
554, 0, 503, 98.9647, 38.8392
555, 0, 502, 99.9647, 38.9435
556, 0, 501, 101.313, 39.0674
557, 0, 500, 102.313, 39.1406
558, 0, 499, 102.554, 39.2115
559, 0, 499, 102.35, 39.2831
560, 0, 498, 103.113, 39.3545
561, 0, 497, 103.876, 39.4357
562, 0, 497, 103.461, 39.5069
563, 0, 497, 103.291, 39.5782
564, 0, 497, 103.138, 39.6495
565, 0, 496, 103.901, 39.7209
566, 0, 495, 104.665, 39.8007
567, 0, 494, 105.428, 39.8736
568, 0, 494, 105.054, 39.9451
569, 0, 493, 104.822, 40.0165
570, 0, 493, 104.448, 40.0882
571, 0, 493, 104.075, 40.1591
572, 0, 492, 104.838, 40.23
573, 0, 492, 104.685, 40.3012
574, 0, 492, 104.632, 40.3725
575, 0, 492, 104.259, 40.4456
576, 0, 492, 104.106, 40.517
577, 0, 491, 104.869, 40.5886
578, 0, 490, 105.632, 40.6622
579, 0, 489, 106.395, 40.7353
580, 0, 488, 107.743, 40.8262
581, 0, 487, 108.507, 40.9201
582, 0, 487, 108.822, 40.9919
583, 0, 487, 108.669, 41.0633
584, 0, 487, 108.585, 41.1347
585, 0, 487, 108.211, 41.2066
586, 0, 487, 108.059, 41.2783
587, 0, 487, 107.48, 41.35
588, 0, 486, 108.244, 41.4233
589, 0, 486, 107.87, 41.495
590, 0, 485, 108.223, 41.5672
591, 0, 485, 107.738, 41.6388
592, 0, 484, 108.501, 41.7103
593, 0, 483, 108.854, 41.7821
594, 0, 483, 108.48, 41.8533
595, 0, 483, 108.361, 41.9252
596, 0, 483, 108.25, 41.9964
597, 0, 483, 108.166, 42.0677
598, 0, 483, 108.013, 42.1392
599, 0, 483, 107.977, 42.2109
600, 0, 483, 107.603, 42.2825
601, 0, 483, 107.506, 42.3548
602, 0, 483, 107.447, 42.427
603, 0, 483, 107.403, 42.4985
604, 0, 482, 107.593, 42.5702
605, 0, 482, 107.526, 42.6419
606, 0, 482, 107.499, 42.7138
607, 0, 482, 107.459, 42.7862
608, 0, 482, 107.443, 42.8585
609, 0, 482, 107.359, 42.9305
610, 0, 481, 107.601, 43.0027
611, 0, 480, 107.79, 43.0904
612, 0, 480, 107.621, 43.1632
613, 0, 480, 107.527, 43.2357
614, 0, 480, 107.417, 43.3074
615, 0, 480, 107.387, 43.3795
616, 0, 480, 107.234, 43.4523
617, 0, 479, 107.997, 43.5245
618, 0, 478, 108.761, 43.5975
619, 0, 477, 109.524, 43.6866
620, 0, 477, 109.26, 43.76
621, 0, 476, 110.023, 43.8323
622, 0, 475, 110.787, 43.9044
623, 0, 475, 110.582, 43.9766
624, 0, 475, 110.209, 44.0489
625, 0, 474, 110.972, 44.1215
626, 0, 474, 110.598, 44.2253
627, 0, 474, 110.113, 44.2981
628, 0, 473, 110.303, 44.3709
629, 0, 472, 111.066, 44.4592
630, 0, 472, 110.651, 44.5324
631, 0, 472, 110.278, 44.605
632, 0, 472, 110.125, 44.6891
633, 0, 471, 110.888, 44.7614
634, 0, 470, 111.651, 44.8345
635, 0, 470, 111.278, 44.9064
636, 0, 470, 111.125, 44.9783
637, 0, 470, 110.92, 45.0503
638, 0, 470, 110.547, 45.1225
639, 0, 470, 110.394, 45.195
640, 0, 470, 110.31, 45.2665
641, 0, 470, 110.226, 45.3386
642, 0, 470, 109.853, 45.4106
643, 0, 470, 109.7, 45.4825
644, 0, 470, 109.547, 45.5542
645, 0, 470, 109.173, 45.6305
646, 0, 470, 108.8, 45.7025
647, 0, 470, 108.647, 45.775
648, 0, 469, 109.41, 45.8471
649, 0, 468, 110.173, 45.9184
650, 0, 467, 110.936, 45.9916
651, 0, 467, 110.563, 46.0635
652, 0, 466, 111.326, 46.1352
653, 0, 466, 110.952, 46.2077
654, 0, 466, 110.799, 46.2799
655, 0, 466, 110.426, 46.3515
656, 0, 466, 110.315, 46.4233
657, 0, 466, 110.232, 46.4959
658, 0, 466, 110.201, 46.568
659, 0, 466, 110.188, 46.6401
660, 0, 466, 110.168, 46.7123
661, 0, 466, 110.157, 46.7854
662, 0, 466, 110.146, 46.8573
663, 0, 466, 110.105, 46.9298
664, 0, 466, 110.075, 47.0034
665, 0, 466, 110.053, 47.0756
666, 0, 466, 110.023, 47.1478
667, 0, 466, 109.87, 47.2207
668, 0, 466, 109.843, 47.294
669, 0, 466, 109.813, 47.3664
670, 0, 466, 109.76, 47.4407
671, 0, 466, 109.676, 47.5463
672, 0, 466, 109.649, 47.6194
673, 0, 466, 109.497, 47.6922
674, 0, 466, 109.344, 47.765
675, 0, 466, 109.191, 47.8363
676, 0, 466, 109.301, 47.908
677, 0, 466, 109.217, 47.9794
678, 0, 466, 109.181, 48.0513
679, 0, 466, 109.403, 48.1242
680, 0, 466, 109.292, 48.1956
681, 0, 466, 109.139, 48.2672
682, 0, 466, 108.654, 48.3464
683, 0, 466, 108.501, 48.4187
684, 0, 466, 108.128, 48.4901
685, 0, 466, 108.044, 48.5625
686, 0, 466, 108.017, 48.6343
687, 0, 466, 107.934, 48.7064
688, 0, 466, 107.781, 48.7785
689, 0, 466, 107.628, 48.853
690, 0, 466, 107.364, 48.9252
691, 0, 466, 107.328, 48.9974
692, 0, 466, 107.307, 49.0699
693, 0, 466, 107.254, 49.1418
694, 0, 466, 107.17, 49.2137
695, 0, 465, 107.934, 49.2871
696, 0, 465, 107.56, 49.3592
697, 0, 465, 107.187, 49.4313
698, 0, 465, 107.103, 49.5244
699, 0, 465, 106.992, 49.5976
700, 0, 465, 106.939, 49.6695
701, 0, 465, 106.566, 49.7418
702, 0, 464, 107.566, 49.8298
703, 0, 464, 107.151, 49.9047
704, 0, 464, 106.998, 49.9872
705, 0, 464, 106.914, 50.0749
706, 0, 464, 106.861, 50.1475
707, 0, 464, 106.487, 50.2197
708, 0, 464, 106.114, 50.2919
709, 0, 464, 105.961, 50.3636
710, 0, 463, 106.724, 50.4381
711, 0, 463, 106.351, 50.5121
712, 0, 463, 106.267, 50.5847
713, 0, 463, 106.183, 50.6564
714, 0, 463, 106.13, 50.7284
715, 0, 463, 106.046, 50.8297
716, 0, 463, 105.993, 50.9196
717, 0, 463, 105.578, 50.9918
718, 0, 463, 105.525, 51.0641
719, 0, 462, 105.878, 51.1363
720, 0, 462, 105.504, 51.2084
721, 0, 461, 105.857, 51.2843
722, 0, 461, 105.704, 51.3566
723, 0, 461, 105.668, 51.4289
724, 0, 460, 106.431, 51.5016
725, 0, 460, 106.278, 51.5737
726, 0, 460, 106.194, 51.6457
727, 0, 460, 105.821, 51.7181
728, 0, 459, 106.584, 51.7906
729, 0, 459, 106.21, 51.8632
730, 0, 459, 106.057, 51.9361
731, 0, 459, 105.684, 52.0088
732, 0, 459, 105.31, 52.0808
733, 0, 459, 105.226, 52.153
734, 0, 459, 105.073, 52.2343
735, 0, 459, 105.006, 52.3071
736, 0, 459, 104.853, 52.3835
737, 0, 459, 104.8, 52.4558
738, 0, 459, 104.716, 52.5279
739, 0, 459, 104.565, 52.6002
740, 0, 459, 104.512, 52.6731
741, 0, 459, 104.445, 52.7594
742, 0, 459, 104.071, 52.8336
743, 0, 459, 104.035, 52.9061
744, 0, 459, 103.982, 52.98
745, 0, 459, 103.871, 53.0526
746, 0, 459, 103.804, 53.1244
747, 0, 459, 103.693, 53.1965
748, 0, 459, 103.626, 53.2685
749, 0, 459, 103.76, 53.3409
750, 0, 459, 103.64, 53.4139
751, 0, 459, 103.604, 53.4866
752, 0, 459, 103.583, 53.5591
753, 0, 459, 103.542, 53.6318
754, 0, 459, 103.475, 53.704
755, 0, 459, 103.434, 53.7767
756, 0, 459, 103.404, 53.849
757, 0, 459, 103.381, 53.9214
758, 0, 459, 103.361, 53.995
759, 0, 459, 103.334, 54.0675
760, 0, 459, 103.319, 54.1647
761, 0, 459, 103.275, 54.2524
762, 0, 459, 103.222, 54.3248
763, 0, 459, 103.154, 54.397
764, 0, 459, 103.101, 54.4712
765, 0, 459, 102.991, 54.543
766, 0, 459, 102.894, 54.615
767, 0, 459, 102.841, 54.6906
768, 0, 459, 102.688, 54.7634
769, 0, 458, 103.451, 54.8447
770, 0, 457, 103.804, 54.9171
771, 0, 457, 103.43, 54.9893
772, 0, 456, 103.783, 55.0616
773, 0, 456, 103.298, 55.1341
774, 0, 456, 103.145, 55.2062
775, 0, 456, 103.092, 55.2782
776, 0, 456, 103.056, 55.3526
777, 0, 455, 103.197, 55.4248
778, 0, 455, 103.144, 55.4985
779, 0, 455, 103.06, 55.5721
780, 0, 455, 103.049, 55.6461
781, 0, 454, 103.186, 55.7202
782, 0, 454, 103.171, 55.7925
783, 0, 454, 102.534, 55.8685
784, 0, 454, 102.485, 55.9428
785, 0, 454, 102.465, 56.0156
786, 0, 454, 102.435, 56.0887
787, 0, 454, 102.451, 56.1612
788, 0, 454, 102.428, 56.2344
789, 0, 454, 102.411, 56.3072
790, 0, 454, 102.463, 56.3799
791, 0, 454, 102.445, 56.4544
792, 0, 454, 102.431, 56.5273
793, 0, 454, 102.419, 56.5999
794, 0, 454, 102.366, 56.6736
795, 0, 454, 102.161, 56.7462
796, 0, 453, 102.924, 56.8197
797, 0, 452, 103.924, 56.8932
798, 0, 451, 104.924, 56.9668
799, 0, 450, 105.688, 57.0401
800, 0, 450, 105.314, 57.113
801, 0, 450, 105.23, 57.1883
802, 0, 450, 105.077, 57.262
803, 0, 450, 104.994, 57.3349
804, 0, 450, 104.62, 57.4081
805, 0, 450, 104.205, 57.5101
806, 0, 450, 103.79, 57.5855
807, 0, 450, 103.62, 57.6584
808, 0, 450, 103.527, 57.731
809, 0, 450, 103.357, 57.8042
810, 0, 450, 103.298, 57.8772
811, 0, 449, 103.651, 57.9516
812, 0, 449, 103.558, 58.0246
813, 0, 449, 103.499, 58.0993
814, 0, 449, 103.458, 58.1729
815, 0, 449, 102.973, 58.2462
816, 0, 449, 102.82, 58.3194
817, 0, 449, 102.616, 58.3924
818, 0, 449, 102.532, 58.4652
819, 0, 449, 102.502, 58.5377
820, 0, 449, 102.129, 58.6106
821, 0, 449, 101.755, 58.6833
822, 0, 449, 101.714, 58.7572
823, 0, 449, 101.562, 58.83
824, 0, 449, 101.451, 58.9029
825, 0, 449, 101.367, 58.9758
826, 0, 449, 101.274, 59.0494
827, 0, 449, 101.121, 59.1223
828, 0, 449, 101.011, 59.1953
829, 0, 449, 100.958, 59.2686
830, 0, 449, 100.935, 59.3411
831, 0, 449, 100.917, 59.4139
832, 0, 449, 100.85, 59.4867
833, 0, 449, 100.813, 59.5587
834, 0, 449, 100.799, 59.6314
835, 0, 449, 100.715, 59.7046
836, 0, 449, 100.631, 59.7796
837, 0, 449, 100.564, 59.8538
838, 0, 449, 100.411, 59.927
839, 0, 449, 100.375, 60.0024
840, 0, 448, 100.512, 60.075
841, 0, 448, 100.476, 60.1474
842, 0, 448, 100.392, 60.2198
843, 0, 448, 100.374, 60.2921
844, 0, 448, 100.365, 60.3668
845, 0, 448, 100.335, 60.4392
846, 0, 448, 100.317, 60.5114
847, 0, 448, 100.302, 60.5835
848, 0, 448, 99.9979, 60.6559
849, 0, 448, 99.8449, 60.7281
850, 0, 448, 99.8207, 60.8143
851, 0, 448, 99.8003, 60.9023
852, 0, 448, 99.7165, 60.9748
853, 0, 448, 99.6327, 61.0548
854, 0, 448, 99.6128, 61.1282
855, 0, 448, 99.4599, 61.2
856, 0, 448, 99.4069, 61.2723
857, 0, 448, 99.3231, 61.3443
858, 0, 448, 99.2865, 61.4165
859, 0, 448, 99.2597, 61.4892
860, 0, 448, 99.1068, 61.5617
861, 0, 448, 99.0907, 61.634
862, 0, 448, 98.7171, 61.7063
863, 0, 448, 98.673, 61.7785
864, 0, 448, 98.5893, 61.8508
865, 0, 448, 98.5362, 61.9228
866, 0, 448, 98.4689, 61.9952
867, 0, 448, 98.4159, 62.0682
868, 0, 448, 98.3321, 62.1406
869, 0, 448, 97.9586, 62.2128
870, 0, 448, 97.7886, 62.2848
871, 0, 448, 97.6781, 62.3571
872, 0, 448, 97.5082, 62.4293
873, 0, 448, 97.4151, 62.5022
874, 0, 448, 97.3562, 62.5744
875, 0, 448, 97.2724, 62.6468
876, 0, 447, 97.4136, 62.7189
877, 0, 447, 97.3031, 62.791
878, 0, 447, 96.9296, 62.8657
879, 0, 447, 96.7596, 62.9383
880, 0, 447, 96.6067, 63.0106
881, 0, 447, 96.5661, 63.0828
882, 0, 447, 96.5363, 63.1561
883, 0, 446, 96.6994, 63.2292
884, 0, 446, 96.6464, 63.3033
885, 0, 446, 96.6161, 63.3764
886, 0, 446, 96.5957, 63.4488
887, 0, 446, 96.4427, 63.5209
888, 0, 446, 96.2898, 63.5937
889, 0, 446, 96.2532, 63.6666
890, 0, 446, 96.1694, 63.7556
891, 0, 446, 95.6845, 63.8286
892, 0, 445, 96.4477, 63.9017
893, 0, 445, 96.0741, 63.9742
894, 0, 445, 95.9212, 64.0464
895, 0, 444, 95.689, 64.1189
896, 0, 443, 95.8787, 64.2344
897, 0, 443, 95.7682, 64.3112
898, 0, 443, 95.7317, 64.3842
899, 0, 443, 95.6787, 64.4566
900, 0, 443, 95.5257, 64.529
901, 0, 443, 95.4727, 64.6014
902, 0, 443, 95.3198, 64.6739
903, 0, 443, 95.236, 64.7465
904, 0, 443, 95.1994, 64.8237
905, 0, 443, 95.1405, 64.896
906, 0, 443, 95.0999, 64.9685
907, 0, 443, 95.0161, 65.0409
908, 0, 443, 94.9323, 65.1133
909, 0, 443, 94.7794, 65.1854
910, 0, 443, 94.4058, 65.2579
911, 0, 443, 94.3528, 65.3308
912, 0, 443, 93.9793, 65.403
913, 0, 442, 94.3321, 65.4753
914, 0, 441, 95.0953, 65.5482
915, 0, 440, 95.8584, 65.6206
916, 0, 440, 95.4849, 65.6932
917, 0, 440, 95.426, 65.767
918, 0, 439, 96.1892, 65.8489
919, 0, 438, 96.9524, 65.9223
920, 0, 438, 96.9118, 65.995
921, 0, 438, 96.882, 66.0672
922, 0, 438, 96.7291, 66.1395
923, 0, 438, 96.3556, 66.2127
924, 0, 438, 96.2718, 66.2854
925, 0, 438, 96.1188, 66.3579
926, 0, 437, 96.882, 66.4302
927, 0, 436, 96.6498, 66.5213
928, 0, 435, 97.998, 66.5968
929, 0, 434, 98.7612, 66.6706
930, 0, 434, 98.3877, 66.7452
931, 0, 434, 97.9726, 66.8242
932, 0, 433, 98.9726, 66.897
933, 0, 433, 98.5576, 66.9698
934, 0, 433, 98.3877, 67.0428
935, 0, 432, 99.1509, 67.1163
936, 0, 431, 100.151, 67.1908
937, 0, 430, 100.914, 67.264
938, 0, 430, 100.744, 67.337
939, 0, 429, 101.507, 67.4104
940, 0, 429, 101.092, 67.5176
941, 0, 428, 101.855, 67.5944
942, 0, 427, 102.619, 67.668
943, 0, 427, 102.134, 67.7413
944, 0, 427, 101.76, 67.8142
945, 0, 427, 101.387, 67.8877
946, 0, 426, 102.15, 67.961
947, 0, 426, 101.776, 68.036
948, 0, 426, 101.291, 68.1095
949, 0, 426, 100.918, 68.1827
950, 0, 426, 100.825, 68.2557
951, 0, 425, 101.588, 68.3307
952, 0, 424, 102.351, 68.4042
953, 0, 424, 101.978, 68.4786
954, 0, 424, 101.894, 68.5528
955, 0, 424, 101.52, 68.6258
956, 0, 424, 101.147, 68.6992
957, 0, 424, 101.124, 68.7745
958, 0, 424, 101.106, 68.8477
959, 0, 424, 100.953, 68.9215
960, 0, 423, 101.716, 68.9945
961, 0, 422, 102.48, 69.0713
962, 0, 422, 101.995, 69.1453
963, 0, 422, 101.621, 69.2186
964, 0, 421, 102.384, 69.2926
965, 0, 420, 103.147, 69.3667
966, 0, 420, 102.774, 69.4399
967, 0, 420, 102.4, 69.5132
968, 0, 420, 102.247, 69.5863
969, 0, 420, 101.874, 69.6594
970, 0, 419, 102.637, 69.7328
971, 0, 418, 103.4, 69.8062
972, 0, 418, 103.027, 69.8798
973, 0, 418, 102.653, 69.9531
974, 0, 418, 102.569, 70.0262
975, 0, 418, 102.416, 70.0991
976, 0, 418, 102.043, 70.1732
977, 0, 418, 101.959, 70.2473
978, 0, 418, 101.806, 70.3204
979, 0, 418, 101.792, 70.3971
980, 0, 418, 101.708, 70.4701
981, 0, 418, 101.655, 70.5434
982, 0, 418, 101.602, 70.6172
983, 0, 418, 101.228, 70.6909
984, 0, 417, 101.992, 70.7644
985, 0, 417, 101.839, 70.8648
986, 0, 417, 101.686, 70.9392
987, 0, 417, 101.633, 71.0128
988, 0, 417, 101.549, 71.0861
989, 0, 417, 101.438, 71.1592
990, 0, 417, 101.023, 71.2325
991, 0, 417, 100.87, 71.3067
992, 0, 416, 101.87, 71.3803
993, 0, 416, 101.666, 71.4533
994, 0, 416, 101.582, 71.5261
995, 0, 416, 101.472, 71.5997
996, 0, 416, 101.319, 71.673
997, 0, 416, 101.166, 71.7471
998, 0, 415, 101.355, 71.8246
999, 0, 415, 100.982, 71.8997
1000, 0, 415, 100.829, 71.9731
1001, 0, 415, 100.676, 72.0469
1002, 0, 415, 100.261, 72.1204
1003, 0, 415, 100.177, 72.1942
1004, 0, 415, 100.067, 72.2671
1005, 0, 415, 100.03, 72.3415
1006, 0, 415, 100.018, 72.4157
1007, 0, 415, 99.9652, 72.4892
1008, 0, 415, 99.9286, 72.5653
1009, 0, 415, 99.892, 72.6388
1010, 0, 414, 100.655, 72.7122
1011, 0, 413, 101.008, 72.7857
1012, 0, 413, 101.323, 72.8591
1013, 0, 413, 101.264, 72.9327
1014, 0, 413, 101.223, 73.0062
1015, 0, 413, 100.85, 73.0863
1016, 0, 413, 100.766, 73.1604
1017, 0, 413, 100.739, 73.2343
1018, 0, 412, 100.902, 73.3079
1019, 0, 412, 100.819, 73.3817
1020, 0, 412, 100.614, 73.4553
1021, 0, 411, 101.377, 73.5285
1022, 0, 411, 101.293, 73.6048
1023, 0, 410, 101.457, 73.6992
1024, 0, 410, 101.389, 73.7754
1025, 0, 410, 101.279, 73.8529
1026, 0, 410, 101.126, 73.9275
1027, 0, 410, 100.548, 74.0009
1028, 0, 410, 100.174, 74.0748
1029, 0, 410, 99.8006, 74.1703
1030, 0, 410, 99.4271, 74.2582
1031, 0, 410, 99.3973, 74.3321
1032, 0, 410, 99.1339, 74.4058
1033, 0, 409, 99.8971, 74.4798
1034, 0, 409, 99.5236, 74.5538
1035, 0, 409, 99.3706, 74.6276
1036, 0, 409, 99.2177, 74.7019
1037, 0, 409, 98.7327, 74.7753
1038, 0, 409, 98.3592, 74.8544
1039, 0, 409, 97.9442, 74.9281
1040, 0, 409, 97.7912, 75.0017
1041, 0, 409, 97.6213, 75.0749
1042, 0, 409, 97.5282, 75.1484
1043, 0, 409, 97.3237, 75.2216
1044, 0, 409, 96.9501, 75.2951
1045, 0, 408, 97.9501, 75.3689
1046, 0, 408, 97.5766, 75.4429
1047, 0, 408, 97.4067, 75.5171
1048, 0, 408, 97.3229, 75.5912
1049, 0, 408, 97.264, 75.6647
1050, 0, 408, 97.1709, 75.7383
1051, 0, 408, 97.0604, 75.8121
1052, 0, 408, 96.9074, 75.8863
1053, 0, 408, 96.5339, 75.9604
1054, 0, 408, 96.1189, 76.0339
1055, 0, 408, 96.3408, 76.1074
1056, 0, 408, 95.9673, 76.181
1057, 0, 408, 95.8143, 76.2549
1058, 0, 408, 95.4408, 76.3283
1059, 0, 408, 95.0673, 76.4021
1060, 0, 407, 95.3086, 76.4765
1061, 0, 407, 95.1041, 76.55
1062, 0, 407, 94.9511, 76.6239
1063, 0, 407, 94.8673, 76.6984
1064, 0, 407, 94.4938, 76.7731
1065, 0, 407, 94.2893, 76.847
1066, 0, 406, 95.0524, 76.9208
1067, 0, 406, 94.8995, 76.9946
1068, 0, 406, 94.526, 77.0689
1069, 0, 406, 94.3561, 77.1434
1070, 0, 406, 93.9825, 77.2166
1071, 0, 406, 93.9152, 77.2903
1072, 0, 405, 94.1565, 77.3637
1073, 0, 405, 94.0892, 77.4394
1074, 0, 405, 93.9193, 77.5404
1075, 0, 405, 93.8662, 77.6148
1076, 0, 405, 93.9589, 77.6888
1077, 0, 405, 93.789, 77.7633
1078, 0, 405, 93.7216, 77.8368
1079, 0, 405, 93.6378, 77.9107
1080, 0, 405, 93.5937, 77.9842
1081, 0, 404, 93.7568, 78.0587
1082, 0, 404, 93.7202, 78.1326
1083, 0, 404, 93.6761, 78.2068
1084, 0, 404, 93.6493, 78.2811
1085, 0, 404, 93.5655, 78.3555
1086, 0, 404, 93.5125, 78.4302
1087, 0, 404, 93.308, 78.5049
1088, 0, 404, 93.2714, 78.5792
1089, 0, 404, 93.2412, 78.6529
1090, 0, 404, 93.1481, 78.7266
1091, 0, 404, 93.0807, 78.8005
1092, 0, 404, 93.0594, 78.8749
1093, 0, 404, 93.0326, 78.9614
1094, 0, 404, 92.9658, 79.0352
1095, 0, 404, 92.5923, 79.1085
1096, 0, 404, 92.2187, 79.1837
1097, 0, 404, 92.0658, 79.2574
1098, 0, 404, 91.9984, 79.3314
1099, 0, 404, 91.9454, 79.4051
1100, 0, 404, 91.8349, 79.4794
1101, 0, 403, 92.5981, 79.5535
1102, 0, 403, 92.4452, 79.6286
1103, 0, 403, 92.0717, 79.7029
1104, 0, 402, 92.4244, 79.7769
1105, 0, 402, 92.0509, 79.851
1106, 0, 401, 92.8141, 79.9257
1107, 0, 401, 92.6612, 79.9996
1108, 0, 401, 92.6344, 80.0732
1109, 0, 401, 92.5671, 80.1479
1110, 0, 401, 92.4997, 80.2233
1111, 0, 401, 92.4159, 80.2973
1112, 0, 401, 92.3718, 80.3713
1113, 0, 401, 92.3451, 80.4453
1114, 0, 401, 92.3153, 80.5203
1115, 0, 401, 92.2623, 80.5952
1116, 0, 401, 92.1785, 80.6692
1117, 0, 401, 92.1344, 80.7607
1118, 0, 400, 92.3758, 80.8651
1119, 0, 400, 92.3228, 80.94
1120, 0, 400, 92.2862, 81.0144
1121, 0, 400, 92.2648, 81.0884
1122, 0, 400, 92.2518, 81.1625
1123, 0, 400, 92.2353, 81.2382
1124, 0, 400, 92.1361, 81.3131
1125, 0, 400, 92.0687, 81.387
1126, 0, 400, 92.0526, 81.461
1127, 0, 400, 92.0224, 81.5346
1128, 0, 400, 92.0044, 81.6103
1129, 0, 400, 91.9883, 81.684
1130, 0, 400, 91.9581, 81.7583
1131, 0, 400, 91.9419, 81.8322
1132, 0, 400, 91.9054, 81.9065
1133, 0, 400, 91.8216, 81.9803
1134, 0, 400, 91.6686, 82.0543
1135, 0, 400, 91.2951, 82.1298
1136, 0, 400, 91.2649, 82.204
1137, 0, 399, 91.4061, 82.2778
1138, 0, 399, 91.3531, 82.3516
1139, 0, 399, 91.3317, 82.4261
1140, 0, 399, 91.3015, 82.5
1141, 0, 399, 91.2747, 82.5744
1142, 0, 399, 91.2217, 82.6486
1143, 0, 399, 91.2737, 82.7242
1144, 0, 399, 91.2378, 82.7985
1145, 0, 399, 91.2233, 82.8907
1146, 0, 399, 91.1867, 82.982
1147, 0, 399, 91.1029, 83.0716
1148, 0, 399, 91.0815, 83.1464
1149, 0, 399, 91.0611, 83.2205
1150, 0, 399, 91.0481, 83.2944
1151, 0, 399, 91.0276, 83.3684
1152, 0, 399, 91.0163, 83.4462
1153, 0, 399, 90.9866, 83.5205
1154, 0, 399, 90.9639, 83.5956
1155, 0, 399, 90.9365, 83.6701
1156, 0, 399, 90.8999, 83.7438
1157, 0, 399, 90.8908, 83.8179
1158, 0, 399, 90.8681, 83.8931
1159, 0, 399, 90.8502, 83.9669
1160, 0, 399, 90.8371, 84.0409
1161, 0, 399, 90.8158, 84.1151
1162, 0, 399, 90.8038, 84.2186
1163, 0, 399, 90.7771, 84.293
1164, 0, 399, 90.7592, 84.3673
1165, 0, 399, 90.6918, 84.4414
1166, 0, 399, 90.6245, 84.5153
1167, 0, 399, 90.5715, 84.5893
1168, 0, 399, 90.5607, 84.663
1169, 0, 399, 90.4078, 84.7494
1170, 0, 399, 90.3775, 84.8241
1171, 0, 398, 90.5673, 84.8982
1172, 0, 398, 90.5143, 84.9725
1173, 0, 398, 90.4777, 85.0465
1174, 0, 398, 90.4247, 85.1203
1175, 0, 398, 90.2201, 85.1943
1176, 0, 398, 90.2101, 85.2681
1177, 0, 398, 90.1947, 85.3422
1178, 0, 398, 90.1834, 85.4162
1179, 0, 398, 90.3345, 85.4902
1180, 0, 398, 90.3268, 85.5644
1181, 0, 398, 90.3185, 85.6387
1182, 0, 398, 90.1149, 85.7128
1183, 0, 398, 90.0875, 85.7944
1184, 0, 398, 90.079, 85.8686
1185, 0, 398, 90.0677, 85.9428
1186, 0, 398, 90.0616, 86.0167
1187, 0, 398, 90.0412, 86.0909
1188, 0, 398, 90.0304, 86.1647
1189, 0, 397, 90.1752, 86.2387
1190, 0, 397, 90.1747, 86.3126
1191, 0, 397, 90.1306, 86.3867
1192, 0, 397, 90.1461, 86.4608
1193, 0, 397, 90.1293, 86.5347
1194, 0, 397, 90.099, 86.624
1195, 0, 397, 89.9885, 86.7
1196, 0, 397, 89.9618, 86.7751
1197, 0, 397, 89.9177, 86.85
1198, 0, 397, 89.8811, 86.9252
1199, 0, 397, 90.103, 86.9998
1200, 0, 397, 89.8396, 87.0751
1201, 0, 397, 89.8128, 87.15
1202, 0, 397, 89.6617, 87.225
1203, 0, 397, 89.5779, 87.3001
1204, 0, 397, 89.5477, 87.3749
1205, 0, 397, 89.5272, 87.4498
1206, 0, 397, 89.5142, 87.5533
1207, 0, 397, 89.4874, 87.6278
1208, 0, 397, 89.4036, 87.702
1209, 0, 397, 89.2507, 87.7763
1210, 0, 397, 89.0977, 87.8504
1211, 0, 396, 89.8609, 87.9242
1212, 0, 395, 90.6241, 87.9988
1213, 0, 394, 91.3873, 88.0734
1214, 0, 393, 92.1505, 88.1484
1215, 0, 393, 92.0975, 88.2227
1216, 0, 393, 92.0445, 88.297
1217, 0, 393, 91.9915, 88.3715
1218, 0, 393, 91.9326, 88.4456
1219, 0, 392, 92.0738, 88.5225
1220, 0, 392, 92.0372, 88.6001
1221, 0, 392, 91.6222, 88.6744
1222, 0, 392, 91.4692, 88.7642
1223, 0, 392, 91.3761, 88.8388
1224, 0, 392, 91.2232, 88.9129
1225, 0, 392, 91.1394, 88.9867
1226, 0, 392, 91.4544, 89.0612
1227, 0, 392, 91.434, 89.1354
1228, 0, 392, 91.3899, 89.2099
1229, 0, 392, 91.237, 89.2857
1230, 0, 392, 91.2102, 89.3601
1231, 0, 392, 91.1736, 89.4352
1232, 0, 392, 91.1371, 89.5094
1233, 0, 392, 91.084, 89.607
1234, 0, 392, 90.8795, 89.6822
1235, 0, 392, 90.8206, 89.7561
1236, 0, 392, 90.7368, 89.8555
1237, 0, 392, 90.7002, 89.9393
1238, 0, 392, 90.6164, 90.0141
1239, 0, 392, 90.5634, 90.0885
1240, 0, 392, 89.9854, 90.1631
1241, 0, 391, 90.7486, 90.2384
1242, 0, 391, 90.375, 90.3132
1243, 0, 391, 90.0015, 90.4103
1244, 0, 391, 89.7381, 90.5369
1245, 0, 391, 89.5851, 90.6644
1246, 0, 391, 89.5321, 90.7839
1247, 0, 391, 89.4216, 90.9126
1248, 0, 391, 89.3686, 91.0279
1249, 0, 391, 89.332, 91.1494
1250, 0, 391, 89.3053, 91.2625
1251, 0, 391, 89.2687, 91.3738
1252, 0, 390, 89.4099, 91.4834
1253, 0, 390, 89.3797, 91.6009
1254, 0, 390, 89.3123, 91.7086
1255, 0, 390, 89.2757, 91.8023
1256, 0, 390, 89.2084, 91.8775
1257, 0, 390, 89.0555, 91.9525
1258, 0, 390, 88.9623, 92.055
1259, 0, 390, 88.9258, 92.1684
1260, 0, 389, 89.1155, 92.2833
1261, 0, 389, 89.0853, 92.3788
1262, 0, 389, 89.0264, 92.4543
1263, 0, 389, 88.8218, 92.5286
1264, 0, 389, 88.738, 92.6538
1265, 0, 389, 88.6275, 92.7427
1266, 0, 389, 88.5745, 92.8366
1267, 0, 389, 88.5478, 92.9611
1268, 0, 389, 88.521, 93.0441
1269, 0, 389, 88.5056, 93.1445
1270, 0, 388, 88.6424, 93.2347
1271, 0, 388, 88.6333, 93.3438
1272, 0, 388, 88.6196, 93.4829
1273, 0, 388, 88.6041, 93.5805
1274, 0, 388, 88.5837, 93.703
1275, 0, 388, 88.5623, 93.8164
1276, 0, 387, 88.752, 93.8972
1277, 0, 387, 88.6415, 93.9723
1278, 0, 387, 88.5577, 94.0469
1279, 0, 387, 88.5047, 94.1217
1280, 0, 387, 88.4379, 94.2124
1281, 0, 387, 88.5306, 94.289
1282, 0, 386, 88.6718, 94.3635
1283, 0, 386, 88.645, 94.4384
1284, 0, 386, 88.592, 94.5131
1285, 0, 386, 88.5082, 94.5877
1286, 0, 386, 88.4552, 94.6626
1287, 0, 385, 89.2184, 94.7371
1288, 0, 384, 89.5712, 94.8123
1289, 0, 384, 89.0862, 94.8868
1290, 0, 384, 88.9163, 94.9615
1291, 0, 384, 88.8232, 95.0356
1292, 0, 384, 88.7394, 95.1114
1293, 0, 384, 88.6987, 95.1865
1294, 0, 384, 88.4942, 95.2613
1295, 0, 384, 88.4412, 95.3364
1296, 0, 384, 87.9562, 95.4118
1297, 0, 384, 87.5827, 95.4867
1298, 0, 384, 87.3781, 95.5621
1299, 0, 383, 88.7263, 95.6387
1300, 0, 382, 89.4895, 95.7137
1301, 0, 382, 89.3366, 95.7885
1302, 0, 382, 89.3068, 95.8631
1303, 0, 382, 89.2841, 95.9374
1304, 0, 382, 89.1736, 96.012
1305, 0, 382, 89.0898, 96.0865
1306, 0, 382, 89.0532, 96.1619
1307, 0, 382, 88.9859, 96.2364
1308, 0, 382, 88.8329, 96.3123
1309, 0, 382, 88.7889, 96.3868
1310, 0, 382, 88.7051, 96.4615
1311, 0, 382, 88.6783, 96.5361
1312, 0, 381, 88.827, 96.6112
1313, 0, 381, 88.7829, 96.686
1314, 0, 381, 88.7561, 96.7607
1315, 0, 381, 88.7031, 96.8361
1316, 0, 381, 88.6501, 96.9112
1317, 0, 380, 88.8915, 96.9863
1318, 0, 380, 89.0554, 97.0614
1319, 0, 380, 89.0188, 97.1367
1320, 0, 380, 88.8142, 97.2116
1321, 0, 380, 88.7304, 97.2866
1322, 0, 380, 88.7002, 97.3614
1323, 0, 379, 88.8489, 97.4368
1324, 0, 379, 88.7959, 97.5257
1325, 0, 379, 88.7755, 97.6013
1326, 0, 379, 88.7452, 97.6766
1327, 0, 378, 88.883, 97.7519
1328, 0, 378, 88.7725, 97.827
1329, 0, 378, 88.7511, 97.9016
1330, 0, 378, 88.7145, 97.9775
1331, 0, 378, 88.6664, 98.0527
1332, 0, 378, 88.6459, 98.131
1333, 0, 378, 88.6018, 98.2059
1334, 0, 378, 88.5345, 98.2807
1335, 0, 378, 88.4979, 98.3554
1336, 0, 378, 88.4818, 98.4301
1337, 0, 378, 88.2183, 98.5051
1338, 0, 378, 88.1345, 98.5797
1339, 0, 378, 87.93, 98.6542
1340, 0, 377, 88.6932, 98.7292
1341, 0, 377, 88.3197, 98.8038
1342, 0, 376, 89.0829, 98.8784
1343, 0, 375, 89.8461, 98.9535
1344, 0, 375, 89.6931, 99.0285
1345, 0, 374, 91.0413, 99.1119
1346, 0, 374, 90.6678, 99.1905
1347, 0, 373, 91.4309, 99.266
1348, 0, 372, 91.6723, 99.3414
1349, 0, 371, 92.4355, 99.4165
1350, 0, 370, 93.1987, 99.4917
1351, 0, 369, 93.44, 99.5674
1352, 0, 369, 93.0665, 99.6426
1353, 0, 369, 92.956, 99.7293
1354, 0, 369, 92.471, 99.8116
1355, 0, 368, 92.2388, 99.887
1356, 0, 367, 93.587, 99.9623
1357, 0, 367, 93.3825, 100.037
1358, 0, 367, 92.8975, 100.112
1359, 0, 367, 92.7446, 100.187
1360, 0, 367, 92.708, 100.264
1361, 0, 367, 92.6714, 100.34
1362, 0, 367, 92.6041, 100.416
1363, 0, 367, 92.5203, 100.491
1364, 0, 367, 92.4935, 100.566
1365, 0, 367, 92.4405, 100.641
1366, 0, 367, 92.2876, 100.717
1367, 0, 367, 92.2578, 100.791
1368, 0, 366, 92.4065, 100.885
1369, 0, 366, 92.4992, 100.961
1370, 0, 366, 92.4724, 101.036
1371, 0, 366, 92.4519, 101.111
1372, 0, 366, 92.4315, 101.186
1373, 0, 366, 92.2506, 101.261
1374, 0, 366, 92.1668, 101.336
1375, 0, 366, 92.1463, 101.411
1376, 0, 366, 92.0795, 101.487
1377, 0, 366, 92.0528, 101.561
1378, 0, 366, 91.9998, 101.635
1379, 0, 366, 91.9784, 101.71
1380, 0, 366, 91.9579, 101.785
1381, 0, 366, 91.9425, 101.86
1382, 0, 366, 91.9221, 101.934
1383, 0, 366, 91.992, 102.009
1384, 0, 366, 91.9693, 102.084
1385, 0, 366, 91.9513, 102.159
1386, 0, 366, 91.9148, 102.233
1387, 0, 366, 91.8782, 102.308
1388, 0, 366, 91.8568, 102.383
1389, 0, 366, 91.7463, 102.459
1390, 0, 366, 91.6358, 102.533
1391, 0, 366, 91.5992, 102.608
1392, 0, 366, 91.5403, 102.683
1393, 0, 366, 91.6627, 102.758
1394, 0, 366, 91.5656, 102.833
1395, 0, 366, 91.5583, 102.908
1396, 0, 366, 91.5737, 102.983
1397, 0, 366, 91.5569, 103.057
1398, 0, 366, 91.5424, 103.132
1399, 0, 366, 91.538, 103.208
1400, 0, 366, 91.5314, 103.283
1401, 0, 366, 91.5194, 103.357
1402, 0, 366, 91.5093, 103.433
1403, 0, 366, 91.5504, 103.507
1404, 0, 366, 91.5305, 103.582
1405, 0, 366, 91.5241, 103.657
1406, 0, 366, 91.5106, 103.732
1407, 0, 366, 91.4879, 103.807
1408, 0, 366, 91.47, 103.882
1409, 0, 366, 91.4535, 103.957
1410, 0, 366, 91.4479, 104.031
1411, 0, 366, 91.4371, 104.106
1412, 0, 366, 91.4285, 104.207
1413, 0, 366, 91.414, 104.282
1414, 0, 366, 91.402, 104.358
1415, 0, 366, 91.3883, 104.433
1416, 0, 366, 91.3609, 104.508
1417, 0, 366, 91.2935, 104.582
1418, 0, 366, 91.2494, 104.657
1419, 0, 366, 91.1821, 104.734
1420, 0, 366, 91.0983, 104.809
1421, 0, 366, 90.7248, 104.883
1422, 0, 366, 90.7086, 104.958
1423, 0, 366, 90.8725, 105.033
1424, 0, 366, 90.8284, 105.108
1425, 0, 365, 90.9771, 105.184
1426, 0, 365, 90.9241, 105.259
1427, 0, 365, 90.8403, 105.334
1428, 0, 365, 90.8101, 105.424
1429, 0, 365, 90.7874, 105.518
1430, 0, 365, 90.7761, 105.624
1431, 0, 365, 90.76, 105.818
1432, 0, 365, 90.7332, 105.931
1433, 0, 365, 90.6802, 106.045
1434, 0, 365, 90.6682, 106.147
1435, 0, 365, 90.6537, 106.223
1436, 0, 365, 90.6437, 106.299
1437, 0, 365, 90.6232, 106.374
1438, 0, 365, 90.5965, 106.449
1439, 0, 365, 90.581, 106.525
1440, 0, 365, 90.5445, 106.601
1441, 0, 365, 90.5079, 106.676
1442, 0, 365, 90.4549, 106.751
1443, 0, 364, 90.6962, 106.827
1444, 0, 364, 90.4917, 106.902
1445, 0, 364, 90.4551, 106.977
1446, 0, 363, 90.6448, 107.053
1447, 0, 363, 90.8079, 107.129
1448, 0, 363, 90.7549, 107.212
1449, 0, 363, 90.7344, 107.287
1450, 0, 363, 90.713, 107.363
1451, 0, 363, 90.6457, 107.439
1452, 0, 363, 90.5352, 107.545
1453, 0, 363, 90.4986, 107.62
1454, 0, 363, 90.5685, 107.695
1455, 0, 363, 90.5204, 107.77
1456, 0, 363, 90.1469, 107.845
1457, 0, 362, 90.9101, 107.92
1458, 1, 361, 91.9101, 107.995
1459, 1, 360, 92.6733, 108.07
1460, 1, 360, 92.1883, 108.146
1461, 1, 359, 92.9515, 108.221
1462, 1, 359, 92.747, 108.297
1463, 1, 359, 92.3734, 108.372
1464, 1, 359, 92.2205, 108.447
1465, 1, 359, 92.1367, 108.522
1466, 1, 359, 92.1259, 108.597
1467, 1, 359, 92.0421, 108.673
1468, 1, 359, 91.9583, 108.748
1469, 1, 359, 91.9429, 108.823
1470, 1, 359, 91.9022, 108.898
1471, 1, 359, 91.5287, 108.975
1472, 1, 359, 91.3758, 109.053
1473, 1, 359, 91.2653, 109.128
1474, 1, 358, 92.0285, 109.203
1475, 1, 357, 93.0285, 109.279
1476, 1, 356, 92.7963, 109.354
1477, 1, 355, 93.5595, 109.43
1478, 1, 354, 94.5595, 109.508
1479, 1, 353, 95.3227, 109.583
1480, 1, 353, 94.9076, 109.668
1481, 1, 353, 94.7377, 109.743
1482, 1, 352, 95.5009, 109.818
1483, 1, 352, 95.2964, 109.894
1484, 1, 351, 95.5377, 109.969
1485, 1, 351, 95.5011, 110.045
1486, 1, 351, 95.4481, 110.12
1487, 1, 351, 95.3951, 110.197
1488, 1, 351, 95.3747, 110.272
1489, 1, 351, 95.2909, 110.348
1490, 1, 351, 95.138, 110.423
1491, 1, 351, 95.085, 110.498
1492, 1, 351, 95.0319, 110.575
1493, 1, 351, 94.9789, 110.65
1494, 1, 351, 94.6054, 110.725
1495, 1, 351, 94.4525, 110.814
1496, 1, 351, 94.0789, 110.903
1497, 1, 351, 93.7054, 110.98
1498, 1, 351, 93.3319, 111.055
1499, 1, 351, 92.9583, 111.131
1500, 1, 351, 92.8745, 111.207
1501, 1, 351, 92.8072, 111.282
1502, 1, 351, 93.1222, 111.357
1503, 1, 351, 93.0692, 111.432
1504, 1, 351, 93.0162, 111.508
1505, 1, 351, 92.9632, 111.583
1506, 1, 351, 92.9365, 111.658
1507, 1, 351, 92.8999, 111.733
1508, 1, 351, 92.8891, 111.809
1509, 1, 351, 92.8677, 111.884
1510, 1, 350, 93.0575, 111.97
1511, 1, 350, 93.0484, 112.045
1512, 1, 350, 93.0118, 112.123
1513, 1, 350, 92.9445, 112.198
1514, 1, 350, 92.8607, 112.273
1515, 1, 350, 92.8166, 112.348
1516, 1, 350, 92.7061, 112.424
1517, 1, 349, 92.8473, 112.499
1518, 1, 349, 92.6428, 112.575
1519, 1, 349, 92.5754, 112.65
1520, 1, 349, 92.5457, 112.726
1521, 1, 349, 92.5229, 112.801
1522, 1, 349, 92.5929, 112.877
1523, 1, 349, 92.5774, 112.952
1524, 1, 349, 92.5613, 113.027
1525, 1, 348, 92.699, 113.103
1526, 1, 348, 92.69, 113.178
1527, 1, 348, 92.6746, 113.253
1528, 1, 348, 92.6669, 113.329
1529, 1, 348, 92.6303, 113.404
1530, 1, 348, 92.6098, 113.48
1531, 1, 348, 92.5937, 113.555
1532, 1, 348, 92.5496, 113.63
1533, 1, 348, 92.5228, 113.706
1534, 1, 348, 92.5024, 113.781
1535, 1, 348, 92.4911, 113.857
1536, 1, 348, 92.4381, 113.932
1537, 1, 348, 92.4298, 114.007
1538, 1, 348, 92.4221, 114.083
1539, 1, 348, 92.3548, 114.194
1540, 1, 348, 92.288, 114.271
1541, 1, 348, 92.283, 114.347
1542, 1, 347, 92.4242, 114.423
1543, 1, 347, 92.3939, 114.499
1544, 1, 347, 92.3458, 114.574
1545, 1, 347, 92.3244, 114.65
1546, 1, 347, 92.2838, 114.726
1547, 1, 347, 92.2479, 114.801
1548, 1, 347, 92.2266, 114.876
1549, 1, 347, 92.1825, 114.951
1550, 1, 347, 92.1459, 115.029
1551, 1, 347, 92.1346, 115.105
1552, 1, 347, 92.0906, 115.192
1553, 1, 347, 92.0603, 115.268
1554, 1, 347, 92.0301, 115.343
1555, 1, 347, 92.0087, 115.418
1556, 1, 347, 91.9957, 115.493
1557, 1, 347, 91.9598, 115.569
1558, 1, 347, 91.9437, 115.645
1559, 1, 346, 92.1067, 115.721
1560, 1, 346, 92.0394, 115.796
1561, 1, 346, 92.0028, 115.872
1562, 1, 346, 91.9662, 115.947
1563, 1, 345, 92.7294, 116.024
1564, 1, 344, 93.4926, 116.099
1565, 1, 343, 93.8454, 116.175
1566, 1, 343, 93.3604, 116.251
1567, 1, 343, 93.3302, 116.326
1568, 1, 343, 92.9151, 116.402
1569, 1, 343, 92.5416, 116.478
1570, 1, 343, 92.4485, 116.553
1571, 1, 343, 92.075, 116.629
1572, 1, 342, 93.075, 116.704
1573, 1, 342, 92.6599, 116.78
1574, 1, 341, 93.4231, 116.855
1575, 1, 340, 94.4231, 116.96
1576, 1, 339, 95.1863, 117.037
1577, 2, 338, 96.1863, 117.113
1578, 2, 338, 95.8128, 117.206
1579, 2, 337, 96.576, 117.282
1580, 3, 337, 96.1609, 117.358
1581, 4, 337, 95.991, 117.434
1582, 4, 336, 96.2324, 117.546
1583, 5, 336, 96.1392, 117.623
1584, 5, 336, 95.9347, 117.698
1585, 5, 336, 95.9133, 117.774
1586, 5, 336, 95.7434, 117.85
1587, 5, 336, 95.6904, 117.926
1588, 5, 336, 95.675, 118.001
1589, 5, 336, 95.7676, 118.077
1590, 5, 335, 95.9163, 118.152
1591, 5, 335, 95.8495, 118.228
1592, 5, 335, 95.8014, 118.303
1593, 5, 335, 95.7852, 118.379
1594, 5, 335, 95.7585, 118.455
1595, 5, 335, 95.6747, 118.53
1596, 5, 335, 95.6381, 118.605
1597, 5, 335, 95.6268, 118.681
1598, 5, 335, 95.6089, 118.757
1599, 5, 335, 95.4984, 118.833
1600, 5, 335, 95.4543, 118.908
1601, 5, 335, 95.443, 118.983
1602, 5, 335, 95.3499, 119.059
1603, 5, 335, 95.3018, 119.135
1604, 5, 335, 95.2873, 119.21
1605, 5, 335, 95.3128, 119.286
1606, 5, 335, 95.2915, 119.362
1607, 5, 335, 95.2474, 119.438
1608, 5, 335, 95.1369, 119.513
1609, 5, 335, 95.0839, 119.589
1610, 5, 335, 95.048, 119.665
1611, 5, 335, 95.0212, 119.741
1612, 5, 335, 94.9241, 119.816
1613, 5, 335, 94.8876, 119.891
1614, 5, 334, 95.0288, 119.967
1615, 5, 334, 94.9922, 120.043
1616, 5, 334, 94.9556, 120.119
1617, 5, 334, 94.7747, 120.195
1618, 5, 334, 94.7634, 120.27
1619, 5, 334, 94.6966, 120.347
1620, 5, 334, 94.6525, 120.422
1621, 5, 334, 94.6371, 120.498
1622, 5, 334, 94.6103, 120.574
1623, 5, 334, 94.7388, 120.65
1624, 5, 334, 94.7085, 120.726
1625, 5, 334, 94.6872, 120.82
1626, 5, 334, 94.7977, 120.905
1627, 5, 334, 94.6984, 120.982
1628, 5, 334, 94.6902, 121.058
1629, 5, 334, 94.674, 121.149
1630, 5, 334, 94.668, 121.225
1631, 5, 334, 94.6006, 121.302
1632, 5, 334, 94.564, 121.378
1633, 5, 334, 94.4967, 121.492
1634, 5, 333, 94.738, 121.592
1635, 5, 333, 94.7022, 121.683
1636, 5, 333, 94.6853, 121.813
1637, 5, 333, 94.6586, 121.915
1638, 5, 333, 94.6145, 121.993
1639, 5, 333, 94.5871, 122.07
1640, 5, 333, 94.5751, 122.146
1641, 5, 333, 94.5617, 122.222
1642, 5, 333, 94.5412, 122.298
1643, 5, 333, 94.5304, 122.374
1644, 5, 333, 94.5143, 122.451
1645, 5, 333, 94.484, 122.527
1646, 5, 333, 94.2795, 122.603
1647, 5, 333, 94.1266, 122.679
1648, 5, 333, 93.753, 122.755
1649, 5, 333, 93.6941, 122.832
1650, 5, 333, 93.6535, 122.908
1651, 5, 333, 93.6237, 122.984
1652, 5, 333, 93.601, 123.061
1653, 5, 332, 94.9492, 123.138
1654, 6, 332, 94.5341, 123.214
1655, 7, 332, 94.3642, 123.29
1656, 8, 332, 94.3053, 123.367
1657, 9, 332, 94.2647, 123.452
1658, 9, 331, 95.0279, 123.529
1659, 9, 330, 95.7911, 123.605
1660, 9, 330, 95.6212, 123.682
1661, 9, 330, 95.4682, 123.758
1662, 9, 330, 95.4503, 123.834
1663, 9, 330, 95.4358, 123.911
1664, 9, 330, 94.9508, 123.987
1665, 10, 330, 94.9211, 124.064
1666, 10, 330, 94.8106, 124.157
1667, 10, 330, 94.4371, 124.253
1668, 10, 330, 93.9521, 124.33
1669, 10, 330, 93.5786, 124.406
1670, 10, 330, 93.542, 124.482
1671, 10, 330, 93.5013, 124.558
1672, 10, 330, 93.4716, 124.634
1673, 10, 330, 92.8935, 124.71
1674, 10, 330, 92.8097, 124.786
1675, 10, 330, 92.7829, 124.863
1676, 10, 330, 92.7562, 124.939
1677, 10, 330, 92.9607, 125.015
1678, 10, 330, 93.0397, 125.091
1679, 10, 330, 92.7356, 125.167
1680, 10, 330, 92.6768, 125.244
1681, 10, 330, 92.5238, 125.32
1682, 10, 330, 92.44, 125.396
1683, 10, 330, 92.4103, 125.498
1684, 10, 330, 92.3876, 125.59
1685, 10, 330, 92.3038, 125.707
1686, 10, 330, 92.1338, 125.8
1687, 10, 330, 92.0407, 125.919
1688, 10, 330, 91.9877, 126.024
1689, 10, 330, 91.9347, 126.111
1690, 10, 330, 91.4498, 126.188
1691, 10, 329, 92.4498, 126.264
1692, 10, 329, 92.0762, 126.343
1693, 10, 329, 92.0173, 126.42
1694, 10, 329, 91.9807, 126.496
1695, 10, 329, 91.9401, 126.572
1696, 10, 329, 91.8871, 126.648
1697, 10, 329, 91.8644, 126.725
1698, 10, 329, 91.8439, 126.801
1699, 10, 329, 91.691, 126.877
1700, 10, 329, 91.5381, 126.954
1701, 10, 329, 91.5113, 127.03
1702, 10, 329, 91.4811, 127.106
1703, 10, 329, 91.4728, 127.182
1704, 10, 329, 91.4514, 127.258
1705, 10, 329, 91.3925, 127.335
1706, 10, 329, 91.3519, 127.419
1707, 10, 329, 91.3306, 127.519
1708, 10, 329, 91.3218, 127.597
1709, 10, 329, 91.3087, 127.673
1710, 10, 329, 91.2987, 127.75
1711, 10, 329, 91.2901, 127.826
1712, 10, 329, 91.283, 127.902
1713, 10, 329, 91.27, 127.978
1714, 10, 329, 91.2486, 128.054
1715, 10, 329, 91.2341, 128.13
1716, 10, 329, 91.2233, 128.207
1717, 10, 329, 91.2142, 128.283
1718, 10, 329, 91.1928, 128.359
1719, 10, 329, 91.2855, 128.436
1720, 10, 329, 91.2109, 128.515
1721, 10, 329, 91.2104, 128.591
1722, 10, 329, 91.143, 128.667
1723, 10, 329, 91.1217, 128.743
1724, 10, 329, 91.1012, 128.82
1725, 10, 329, 90.9501, 128.895
1726, 10, 329, 90.9347, 128.971
1727, 10, 329, 90.8678, 129.047
1728, 10, 329, 90.8376, 129.123
1729, 10, 329, 90.7895, 129.199
1730, 10, 329, 90.7681, 129.275
1731, 10, 329, 90.7546, 129.351
1732, 10, 329, 90.8031, 129.427
1733, 10, 329, 90.7876, 129.503
1734, 10, 329, 90.7297, 129.579
1735, 10, 329, 90.7167, 129.655
1736, 10, 329, 90.7059, 129.73
1737, 10, 329, 90.6946, 129.806
1738, 10, 329, 90.6792, 129.882
1739, 10, 329, 90.663, 129.958
1740, 10, 329, 90.5659, 130.034
1741, 10, 329, 90.5547, 130.11
1742, 10, 329, 90.5087, 130.186
1743, 10, 329, 90.4646, 130.263
1744, 10, 329, 90.4491, 130.338
1745, 10, 329, 90.433, 130.414
1746, 10, 329, 90.4264, 130.491
1747, 10, 329, 90.4133, 130.567
1748, 10, 329, 90.3865, 130.643
1749, 10, 329, 90.3598, 130.719
1750, 10, 329, 90.3443, 130.794
1751, 10, 329, 90.3361, 130.902
1752, 10, 329, 90.365, 130.978
1753, 10, 329, 90.406, 131.054
1754, 10, 329, 90.3701, 131.13
1755, 10, 329, 90.3433, 131.206
1756, 10, 329, 90.3351, 131.282
1757, 10, 329, 90.322, 131.358
1758, 10, 329, 90.2115, 131.435
1759, 10, 328, 90.3493, 131.513
1760, 10, 328, 90.319, 131.598
1761, 10, 328, 90.3029, 131.674
1762, 10, 328, 90.2898, 131.751
1763, 10, 328, 90.2596, 131.827
1764, 10, 328, 90.2392, 131.903
1765, 10, 328, 90.2279, 131.98
1766, 10, 328, 90.2118, 132.056
1767, 10, 328, 90.2005, 132.132
1768, 10, 328, 90.1167, 132.208
1769, 10, 328, 90.1236, 132.284
1770, 10, 328, 90.049, 132.361
1771, 10, 328, 90.0865, 132.437
1772, 10, 328, 90.066, 132.513
1773, 10, 328, 90.1493, 132.589
1774, 10, 328, 90.1128, 132.665
1775, 10, 328, 90.0687, 132.741
1776, 10, 328, 90.0419, 132.818
1777, 10, 327, 90.1796, 132.894
1778, 10, 327, 90.143, 132.971
1779, 10, 327, 90.0949, 133.048
1780, 10, 327, 90.0543, 133.124
1781, 10, 327, 90.0412, 133.202
1782, 10, 327, 90.0292, 133.301
1783, 10, 327, 90.0207, 133.378
1784, 10, 327, 90.0133, 133.456
1785, 10, 327, 90.0069, 133.551
1786, 10, 327, 89.9907, 133.628
1787, 10, 327, 89.9466, 133.704
1788, 10, 327, 89.8361, 133.78
1789, 10, 327, 89.7921, 133.856
1790, 10, 327, 89.7623, 133.933
1791, 10, 327, 89.7349, 134.009
1792, 10, 327, 89.7181, 134.085
1793, 10, 327, 89.6968, 134.204
1794, 10, 327, 89.6923, 134.282
1795, 10, 327, 89.7298, 134.358
1796, 10, 327, 89.7258, 134.436
1797, 10, 327, 89.7928, 134.512
1798, 10, 327, 89.7794, 134.588
1799, 10, 327, 89.7264, 134.664
1800, 10, 327, 89.6996, 134.74
1801, 10, 327, 89.6792, 134.827
1802, 10, 327, 89.6578, 134.903
1803, 10, 327, 89.5473, 134.98
1804, 10, 327, 89.5205, 135.056
1805, 10, 327, 89.5075, 135.151
1806, 10, 327, 89.4486, 135.228
1807, 10, 327, 89.4183, 135.304
1808, 10, 327, 89.3916, 135.38
1809, 10, 327, 89.355, 135.456
1810, 10, 327, 89.3389, 135.532
1811, 10, 327, 89.3328, 135.608
1812, 10, 327, 89.3194, 135.685
1813, 10, 327, 89.3086, 135.761
1814, 10, 327, 89.2955, 135.839
1815, 10, 327, 89.2653, 135.915
1816, 10, 327, 89.2492, 135.991
1817, 10, 327, 89.2287, 136.074
1818, 10, 327, 89.1928, 136.151
1819, 10, 327, 89.1767, 136.227
1820, 10, 327, 89.1588, 136.306
1821, 10, 327, 89.0483, 136.382
1822, 10, 327, 89.0322, 136.459
1823, 10, 327, 89.016, 136.535
1824, 10, 327, 89.003, 136.611
1825, 10, 327, 88.9899, 136.702
1826, 10, 327, 88.9792, 136.796
1827, 10, 327, 88.828, 136.896
1828, 10, 326, 89.5912, 136.974
1829, 10, 325, 90.5912, 137.051
1830, 10, 324, 91.3544, 137.128
1831, 10, 323, 92.1176, 137.205
1832, 10, 322, 92.8808, 137.281
1833, 10, 322, 92.8278, 137.36
1834, 10, 322, 92.708, 137.442
1835, 10, 322, 92.3345, 137.555
1836, 10, 322, 91.9609, 137.632
1837, 10, 321, 92.3137, 137.709
1838, 10, 321, 91.8287, 137.785
1839, 10, 320, 92.8287, 137.863
1840, 10, 320, 92.4137, 137.94
1841, 10, 320, 92.2608, 138.017
1842, 10, 320, 92.2078, 138.093
1843, 10, 320, 92.1947, 138.17
1844, 10, 320, 92.1733, 138.247
1845, 10, 319, 92.3126, 138.326
1846, 10, 319, 92.3043, 138.403
1847, 10, 319, 92.283, 138.496
1848, 10, 319, 92.2747, 138.573
1849, 10, 319, 92.2073, 138.649
1850, 10, 319, 92.1869, 138.726
1851, 10, 319, 92.1655, 138.802
1852, 10, 319, 92.1494, 138.879
1853, 10, 319, 92.1226, 138.955
1854, 10, 319, 92.086, 139.04
1855, 10, 319, 92.0706, 139.117
1856, 10, 319, 92.0502, 139.194
1857, 10, 319, 92.0136, 139.273
1858, 10, 319, 91.9462, 139.35
1859, 10, 319, 91.9372, 139.426
1860, 10, 319, 91.9264, 139.503
1861, 10, 319, 91.905, 139.579
1862, 10, 319, 91.7673, 139.656
1863, 10, 319, 91.7371, 139.733
1864, 10, 319, 91.6378, 139.81
1865, 10, 319, 91.627, 139.886
1866, 10, 319, 91.5789, 139.962
1867, 10, 319, 91.5487, 140.054
1868, 10, 319, 91.5742, 140.131
1869, 10, 319, 91.5301, 140.209
1870, 10, 319, 90.952, 140.286
1871, 10, 319, 90.8682, 140.363
1872, 10, 319, 90.8478, 140.439
1873, 10, 319, 90.8273, 140.515
1874, 10, 319, 90.8143, 140.592
1875, 10, 319, 90.8012, 140.668
1876, 10, 319, 90.7905, 140.746
1877, 10, 319, 90.7631, 140.849
1878, 10, 318, 90.8999, 140.927
1879, 10, 318, 90.8558, 141.004
1880, 10, 318, 90.8481, 141.08
1881, 10, 318, 90.8393, 141.157
1882, 10, 318, 90.828, 141.234
1883, 10, 318, 90.8135, 141.31
1884, 10, 318, 90.7974, 141.387
1885, 10, 318, 90.7891, 141.476
1886, 10, 318, 90.6514, 141.574
1887, 10, 318, 90.6346, 141.705
1888, 10, 318, 90.7085, 141.79
1889, 10, 318, 90.6977, 141.925
1890, 10, 318, 90.6611, 142.037
1891, 10, 318, 90.6496, 142.123
1892, 10, 318, 90.6387, 142.2
1893, 10, 318, 90.5857, 142.277
1894, 10, 318, 90.577, 142.354
1895, 10, 318, 90.5679, 142.431
1896, 10, 318, 90.5006, 142.508
1897, 10, 318, 90.4851, 142.585
1898, 10, 318, 90.5006, 142.662
1899, 10, 318, 90.4838, 142.74
1900, 10, 318, 90.4624, 142.819
1901, 10, 318, 90.4356, 142.897
1902, 10, 318, 90.4226, 142.974
1903, 10, 318, 90.4072, 143.05
1904, 10, 318, 90.3964, 143.127
1905, 10, 318, 90.2993, 143.204
1906, 10, 318, 90.2627, 143.28
1907, 10, 318, 90.2514, 143.357
1908, 10, 318, 90.1841, 143.434
1909, 10, 318, 90.1628, 143.512
1910, 10, 318, 90.152, 143.589
1911, 10, 318, 90.1306, 143.666
1912, 10, 318, 90.1152, 143.742
1913, 10, 318, 90.0984, 143.831
1914, 10, 318, 90.0893, 143.937
1915, 10, 318, 90.0591, 144.044
1916, 10, 318, 89.7956, 144.19
1917, 10, 318, 89.7118, 144.299
1918, 10, 318, 89.628, 144.403
1919, 10, 317, 90.3912, 144.527
1920, 10, 317, 90.6132, 144.627
1921, 10, 317, 90.4602, 144.705
1922, 10, 317, 90.4072, 144.782
1923, 10, 317, 90.3911, 144.859
1924, 10, 317, 90.3697, 144.936
1925, 10, 317, 90.343, 145.013
1926, 10, 317, 90.19, 145.09
1927, 10, 317, 89.9266, 145.166
1928, 10, 316, 90.1679, 145.243
1929, 10, 316, 89.7944, 145.32
1930, 10, 316, 89.7106, 145.397
1931, 10, 316, 89.5577, 145.473
1932, 10, 316, 89.4047, 145.553
1933, 10, 316, 89.0312, 145.63
1934, 10, 316, 88.9782, 145.706
1935, 10, 316, 88.9416, 145.783
1936, 10, 316, 88.9202, 145.86
1937, 10, 316, 88.8998, 145.937
1938, 10, 316, 88.8907, 146.014
1939, 10, 316, 88.8847, 146.091
1940, 10, 316, 88.7916, 146.168
1941, 10, 316, 88.418, 146.244
1942, 10, 316, 88.3913, 146.321
1943, 10, 316, 88.2383, 146.397
1944, 10, 316, 88.2179, 146.474
1945, 10, 316, 88.1341, 146.551
1946, 10, 316, 88.118, 146.628
1947, 10, 316, 88.065, 146.705
1948, 10, 316, 88.0209, 146.783
1949, 10, 316, 88.0054, 146.86
1950, 10, 316, 87.9972, 146.937
1951, 10, 316, 87.9758, 147.014
1952, 10, 316, 87.949, 147.091
1953, 10, 316, 87.9413, 147.169
1954, 10, 316, 87.8745, 147.246
1955, 10, 316, 87.501, 147.323
1956, 10, 316, 87.0859, 147.4
1957, 10, 315, 86.8537, 147.492
1958, 10, 315, 86.6838, 147.57
1959, 10, 315, 86.3103, 147.647
1960, 10, 315, 86.1573, 147.724
1961, 10, 315, 86.0044, 147.801
1962, 10, 315, 85.7999, 147.878
1963, 10, 315, 85.4263, 147.956
1964, 10, 314, 86.1895, 148.033
1965, 10, 314, 86.0366, 148.112
1966, 10, 314, 85.6631, 148.19
1967, 10, 314, 85.2895, 148.267
1968, 10, 313, 86.0527, 148.344
1969, 10, 313, 85.5678, 148.42
1970, 10, 313, 85.7308, 148.497
1971, 10, 313, 85.5797, 148.574
1972, 10, 313, 85.2061, 148.651
1973, 10, 313, 85.1223, 148.728
1974, 10, 313, 85.0118, 148.805
1975, 10, 313, 84.9588, 148.881
1976, 10, 313, 84.8059, 148.958
1977, 10, 313, 84.5425, 149.035
1978, 10, 313, 84.6649, 149.112
1979, 10, 313, 84.5811, 149.188
1980, 10, 313, 84.4111, 149.265
1981, 10, 313, 84.26, 149.345
1982, 10, 313, 84.1629, 149.422
1983, 10, 312, 84.5157, 149.499
1984, 10, 312, 84.0307, 149.576
1985, 10, 312, 83.8778, 149.653
1986, 10, 312, 84.0119, 149.73
1987, 10, 312, 83.6384, 149.827
1988, 10, 312, 83.4855, 149.913
1989, 10, 312, 83.4017, 150.007
1990, 10, 312, 83.2487, 150.084
1991, 10, 311, 84.0119, 150.161
1992, 10, 311, 83.9915, 150.238
1993, 10, 310, 84.1545, 150.314
1994, 10, 310, 84.1104, 150.391
1995, 10, 310, 84.1004, 150.468
1996, 10, 310, 84.0842, 150.544
1997, 10, 310, 84.0004, 150.623
1998, 10, 310, 83.8475, 150.7
1999, 10, 310, 83.8173, 150.778
2000, 10, 310, 83.8087, 150.87
2001, 10, 310, 83.8013, 150.947
2002, 10, 309, 83.9388, 151.023
2003, 10, 309, 83.9276, 151.1
2004, 10, 309, 83.9062, 151.177
2005, 10, 309, 83.8998, 151.253
2006, 10, 309, 83.8632, 151.33
2007, 10, 309, 83.7527, 151.406
2008, 10, 309, 83.5998, 151.484
2009, 10, 309, 83.5468, 151.56
2010, 10, 309, 83.4879, 151.637
2011, 10, 309, 83.4205, 151.713
2012, 10, 309, 83.3675, 151.79
2013, 10, 309, 82.9525, 151.867
2014, 10, 309, 82.8687, 151.944
2015, 10, 309, 82.4951, 152.023
2016, 10, 308, 82.6849, 152.1
2017, 10, 308, 82.5744, 152.177
2018, 10, 308, 82.6968, 152.254
2019, 10, 308, 82.6813, 152.33
2020, 10, 308, 82.6731, 152.407
2021, 10, 308, 82.6201, 152.484
2022, 10, 308, 82.5363, 152.561
2023, 10, 308, 82.3833, 152.637
2024, 10, 308, 82.316, 152.714
2025, 10, 308, 82.2189, 152.8
2026, 10, 308, 82.066, 152.88
2027, 10, 308, 82.0547, 152.958
2028, 10, 308, 82.0491, 153.035
2029, 10, 308, 82.0223, 153.111
2030, 10, 308, 81.8693, 153.188
2031, 10, 308, 81.7164, 153.265
2032, 10, 308, 81.6233, 153.343
2033, 10, 308, 81.4704, 153.42
2034, 10, 307, 82.2336, 153.496
2035, 10, 306, 82.9968, 153.574
2036, 10, 306, 82.913, 153.65
2037, 10, 306, 82.86, 153.727
2038, 10, 306, 82.707, 153.804
2039, 10, 306, 82.5025, 153.881
2040, 10, 306, 82.3326, 153.978
2041, 10, 306, 82.2488, 154.059
2042, 10, 306, 82.129, 154.149
2043, 10, 306, 81.976, 154.227
2044, 10, 306, 81.8829, 154.304
2045, 10, 306, 81.4679, 154.381
2046, 10, 306, 81.4313, 154.458
2047, 10, 306, 81.0578, 154.536
2048, 10, 306, 80.6842, 154.613
2049, 10, 306, 80.6174, 154.71
2050, 10, 306, 80.4129, 154.788
2051, 10, 306, 80.3291, 154.865
2052, 10, 305, 81.0923, 154.942
2053, 10, 305, 80.7188, 155.02
2054, 10, 305, 80.3452, 155.106
2055, 10, 305, 79.9717, 155.183
2056, 10, 305, 79.8879, 155.26
2057, 10, 305, 79.6834, 155.337
2058, 10, 305, 79.5986, 155.414
2059, 10, 305, 79.5148, 155.491
2060, 10, 304, 80.5148, 155.568
2061, 10, 304, 80.4522, 155.645
2062, 10, 304, 80.3992, 155.723
2063, 10, 304, 80.2462, 155.8
2064, 10, 304, 80.0417, 155.877
2065, 10, 303, 80.2047, 155.954
2066, 10, 303, 80.0942, 156.031
2067, 10, 303, 79.9837, 156.11
2068, 10, 303, 79.9359, 156.187
2069, 10, 303, 79.8521, 156.264
2070, 10, 303, 79.7416, 156.341
2071, 10, 303, 79.705, 156.417
2072, 10, 303, 79.6212, 156.494
2073, 10, 303, 79.5682, 156.571
2074, 10, 303, 79.5316, 156.648
2075, 10, 303, 79.4478, 156.725
2076, 10, 303, 79.3805, 156.802
2077, 10, 303, 79.3644, 156.879
2078, 10, 303, 79.3278, 156.956
2079, 10, 303, 79.301, 157.032
2080, 10, 303, 79.2337, 157.11
2081, 10, 303, 79.1499, 157.187
2082, 10, 303, 78.7763, 157.264
2083, 10, 303, 78.6234, 157.341
2084, 10, 303, 78.5966, 157.418
2085, 10, 302, 78.7597, 157.507
2086, 10, 302, 78.6759, 157.585
2087, 10, 302, 78.7873, 157.662
2088, 10, 302, 78.7026, 157.739
2089, 10, 302, 78.6821, 157.818
2090, 10, 302, 78.634, 157.895
2091, 10, 302, 78.581, 157.973
2092, 10, 301, 79.3442, 158.05
2093, 10, 300, 80.3442, 158.128
2094, 10, 299, 81.3442, 158.205
2095, 10, 299, 80.9291, 158.282
2096, 10, 299, 80.5141, 158.36
2097, 10, 298, 81.2773, 158.437
2098, 10, 298, 81.1244, 158.514
2099, 10, 298, 81.0406, 158.59
2100, 10, 298, 81.152, 158.668
2101, 10, 298, 81.0673, 158.745
2102, 10, 298, 81.0142, 158.822
2103, 10, 298, 81.006, 158.9
2104, 10, 298, 80.9999, 158.977
2105, 10, 298, 80.9633, 159.054
2106, 10, 298, 80.5898, 159.131
2107, 10, 298, 80.506, 159.208
2108, 10, 298, 80.4833, 159.285
2109, 10, 298, 80.3303, 159.362
2110, 10, 298, 80.2465, 159.44
2111, 10, 298, 80.0954, 159.517
2112, 10, 298, 79.7219, 159.594
2113, 10, 298, 79.6778, 159.672
2114, 10, 298, 79.5249, 159.749
2115, 10, 298, 79.5069, 159.828
2116, 10, 298, 79.4231, 159.905
2117, 10, 298, 79.4171, 159.982
2118, 10, 298, 79.4121, 160.06
2119, 10, 298, 79.4076, 160.138
2120, 10, 298, 79.371, 160.216
2121, 10, 298, 79.3443, 160.292
2122, 10, 298, 79.3175, 160.369
2123, 10, 298, 79.2734, 160.446
2124, 10, 298, 79.2204, 160.523
2125, 10, 298, 78.8469, 160.6
2126, 10, 298, 78.7795, 160.678
2127, 10, 298, 78.6266, 160.771
2128, 10, 297, 78.8163, 160.868
2129, 10, 297, 78.4428, 160.945
2130, 10, 297, 78.2899, 161.023
2131, 10, 297, 78.1369, 161.106
2132, 10, 297, 77.7634, 161.193
2133, 10, 297, 77.6796, 161.271
2134, 10, 297, 77.6207, 161.348
2135, 10, 297, 77.5236, 161.427
2136, 10, 297, 77.4398, 161.504
2137, 10, 297, 77.2869, 161.581
2138, 10, 297, 77.1764, 161.658
2139, 10, 297, 77.0926, 161.735
2140, 10, 297, 77.0252, 161.811
2141, 10, 297, 76.6517, 161.888
2142, 10, 297, 76.6477, 161.966
2143, 10, 297, 76.6441, 162.043
2144, 10, 297, 76.6397, 162.12
2145, 10, 297, 76.7357, 162.197
2146, 10, 297, 76.7352, 162.274
2147, 10, 297, 76.6606, 162.35
2148, 10, 297, 76.624, 162.427
2149, 10, 297, 76.5309, 162.504
2150, 10, 297, 76.5007, 162.581
2151, 10, 297, 76.4802, 162.658
2152, 10, 297, 76.4176, 162.735
2153, 10, 297, 76.4015, 162.812
2154, 10, 297, 76.3656, 162.888
2155, 10, 297, 76.3388, 162.965
2156, 10, 297, 76.3908, 163.042
2157, 10, 297, 76.3549, 163.119
2158, 10, 297, 76.3109, 163.195
2159, 10, 297, 76.2954, 163.272
2160, 10, 297, 76.2652, 163.35
2161, 10, 297, 76.1814, 163.427
2162, 10, 297, 76.161, 163.504
2163, 10, 297, 75.7874, 163.581
2164, 10, 297, 75.6175, 163.659
2165, 10, 297, 75.4476, 163.736
2166, 10, 297, 75.074, 163.813
2167, 10, 297, 75.021, 163.892
2168, 10, 297, 74.9372, 163.969
2169, 10, 297, 74.9007, 164.047
2170, 10, 297, 74.8477, 164.124
2171, 10, 297, 74.7639, 164.215
2172, 10, 297, 74.6668, 164.293
2173, 10, 297, 74.2517, 164.371
2174, 10, 297, 74.0988, 164.448
2175, 10, 297, 74.0458, 164.525
2176, 10, 297, 73.962, 164.61
2177, 10, 297, 73.9318, 164.687
2178, 10, 297, 73.8788, 164.764
2179, 10, 297, 73.8422, 164.841
2180, 10, 297, 73.8314, 164.918
2181, 10, 297, 73.8281, 164.995
2182, 10, 297, 73.8076, 165.072
2183, 10, 296, 73.9707, 165.149
2184, 10, 296, 73.9033, 165.226
2185, 10, 296, 73.8872, 165.313
2186, 10, 296, 73.8283, 165.389
2187, 10, 296, 73.8009, 165.466
2188, 10, 296, 73.9233, 165.543
2189, 10, 296, 73.8867, 165.62
2190, 10, 296, 73.8599, 165.697
2191, 10, 296, 73.707, 165.774
2192, 10, 296, 73.5371, 165.851
2193, 10, 295, 73.7268, 165.928
2194, 10, 295, 73.6738, 166.006
2195, 10, 295, 73.6208, 166.083
2196, 10, 295, 73.2473, 166.16
2197, 10, 295, 73.0944, 166.237
2198, 10, 295, 72.9414, 166.314
2199, 10, 295, 72.8483, 166.391
2200, 10, 295, 72.7894, 166.468
2201, 10, 295, 72.6963, 166.545
2202, 10, 295, 72.6374, 166.622
2203, 10, 295, 72.5968, 166.709
2204, 10, 295, 72.2232, 166.801
2205, 10, 294, 72.4646, 166.886
2206, 10, 294, 72.26, 166.964
2207, 10, 294, 72.2303, 167.042
2208, 10, 294, 72.1465, 167.118
2209, 10, 294, 72.0627, 167.196
2210, 10, 294, 72.0221, 167.273
2211, 10, 294, 71.8691, 167.349
2212, 10, 294, 71.8478, 167.426
2213, 10, 294, 71.8347, 167.544
2214, 10, 294, 71.8073, 167.622
2215, 10, 294, 71.7912, 167.7
2216, 10, 294, 71.7434, 167.777
2217, 10, 294, 71.6845, 167.854
2218, 10, 294, 71.6631, 167.931
2219, 10, 294, 71.6518, 168.012
2220, 10, 294, 71.6893, 168.09
2221, 10, 294, 71.6619, 168.167
2222, 10, 294, 71.6317, 168.244
2223, 10, 294, 71.5787, 168.321
2224, 10, 294, 71.5412, 168.399
2225, 10, 294, 71.5006, 168.476
2226, 10, 294, 71.4875, 168.553
2227, 10, 294, 71.4707, 168.631
2228, 10, 294, 71.4439, 168.708
2229, 10, 294, 71.4352, 168.785
2230, 10, 294, 71.4322, 168.862
2231, 10, 294, 71.4295, 168.949
2232, 10, 294, 71.4133, 169.027
2233, 10, 294, 71.392, 169.104
2234, 10, 294, 71.3715, 169.181
2235, 10, 294, 71.3561, 169.258
2236, 10, 293, 71.4929, 169.336
2237, 10, 293, 71.4774, 169.414
2238, 10, 293, 71.457, 169.491
2239, 10, 293, 71.4539, 169.568
2240, 10, 293, 71.4334, 169.645
2241, 10, 293, 71.3496, 169.722
2242, 10, 293, 71.2391, 169.799
2243, 10, 293, 71.1553, 169.876
2244, 10, 293, 71.0715, 169.953
2245, 10, 293, 71.0275, 170.03
2246, 10, 293, 71.007, 170.107
2247, 10, 293, 70.9629, 170.193
2248, 10, 292, 71.0997, 170.271
2249, 10, 292, 70.9468, 170.349
2250, 10, 292, 70.8794, 170.426
2251, 10, 292, 70.4644, 170.503
2252, 10, 292, 70.427, 170.581
2253, 10, 292, 70.0119, 170.658
2254, 10, 292, 69.842, 170.735
2255, 10, 292, 69.789, 170.838
2256, 10, 292, 69.736, 170.928
2257, 10, 292, 69.6919, 171.005
2258, 10, 292, 69.662, 171.083
2259, 10, 292, 69.609, 171.16
2260, 10, 292, 69.5501, 171.237
2261, 10, 292, 69.5233, 171.315
2262, 10, 292, 69.4703, 171.392
2263, 10, 292, 69.4297, 171.469
2264, 10, 292, 69.3459, 171.547
2265, 10, 292, 69.193, 171.624
2266, 10, 292, 69.1564, 171.702
2267, 10, 292, 69.0035, 171.779
2268, 10, 292, 68.9767, 171.856
2269, 10, 292, 68.8662, 171.934
2270, 10, 292, 68.8221, 172.011
2271, 10, 292, 68.8016, 172.088
2272, 10, 292, 68.7576, 172.165
2273, 10, 292, 68.721, 172.242
2274, 10, 292, 68.6908, 172.319
2275, 10, 292, 68.6234, 172.397
2276, 10, 292, 68.5645, 172.474
2277, 10, 292, 68.5115, 172.551
2278, 10, 292, 68.3586, 172.628
2279, 10, 292, 68.5225, 172.705
2280, 10, 292, 68.4859, 172.784
2281, 10, 292, 68.4021, 172.862
2282, 10, 292, 68.1976, 172.939
2283, 10, 292, 68.1893, 173.016
2284, 10, 292, 68.1595, 173.094
2285, 10, 292, 68.1368, 173.18
2286, 10, 292, 68.1189, 173.259
2287, 10, 292, 68.1021, 173.336
2288, 10, 292, 68.0747, 173.413
2289, 10, 292, 68.0542, 173.501
2290, 10, 292, 68.0176, 173.579
2291, 10, 292, 68.0069, 173.656
2292, 10, 292, 67.9907, 173.733
2293, 10, 292, 67.964, 173.81
2294, 10, 292, 67.9435, 173.887
2295, 10, 292, 68.1065, 173.964
2296, 10, 292, 68.0798, 174.041
2297, 10, 292, 67.996, 174.118
2298, 10, 292, 67.9122, 174.242
2299, 10, 292, 67.8854, 174.32
2300, 10, 292, 67.8324, 174.398
2301, 10, 292, 67.7883, 174.475
2302, 10, 292, 67.6372, 174.552
2303, 10, 292, 67.5842, 174.63
2304, 10, 292, 67.5435, 174.707
2305, 10, 292, 67.5069, 174.784
2306, 10, 292, 67.4767, 174.861
2307, 10, 291, 67.6254, 174.938
2308, 10, 291, 67.61, 175.016
2309, 10, 291, 67.5946, 175.093
2310, 10, 291, 67.5815, 175.17
2311, 10, 291, 67.5541, 175.247
2312, 10, 291, 67.5796, 175.324
2313, 10, 290, 67.7244, 175.401
2314, 10, 290, 67.72, 175.479
2315, 10, 290, 67.7039, 175.556
2316, 10, 290, 67.6972, 175.633
2317, 10, 290, 67.6882, 175.711
2318, 10, 290, 67.6851, 175.788
2319, 10, 290, 67.6738, 175.865
2320, 10, 290, 67.663, 175.943
2321, 10, 290, 67.6189, 176.02
2322, 10, 290, 67.6082, 176.098
2323, 10, 290, 67.5927, 176.175
2324, 10, 290, 67.5856, 176.253
2325, 10, 290, 67.549, 176.33
2326, 10, 290, 67.505, 176.408
2327, 10, 290, 67.4782, 176.485
2328, 10, 290, 67.5107, 176.562
2329, 10, 290, 67.4973, 176.64
2330, 10, 290, 67.4705, 176.717
2331, 10, 290, 67.4551, 176.795
2332, 10, 290, 67.4185, 176.872
2333, 10, 290, 67.4077, 176.949
2334, 10, 290, 67.3803, 177.029
2335, 10, 290, 67.3713, 177.107
2336, 10, 290, 67.4282, 177.184
2337, 10, 290, 67.4182, 177.262
2338, 10, 289, 67.5575, 177.341
2339, 10, 289, 67.5492, 177.418
2340, 10, 289, 67.5086, 177.531
2341, 10, 289, 67.4872, 177.609
2342, 10, 289, 67.4198, 177.689
2343, 10, 289, 67.3668, 177.767
2344, 10, 289, 67.3366, 177.844
2345, 10, 289, 67.3064, 177.922
2346, 10, 289, 67.2859, 177.999
2347, 10, 289, 67.2493, 178.077
2348, 10, 289, 67.2332, 178.154
2349, 10, 289, 67.2216, 178.231
2350, 10, 289, 67.215, 178.309
2351, 10, 289, 67.2469, 178.386
2352, 10, 289, 67.2265, 178.463
2353, 10, 289, 67.3191, 178.54
2354, 10, 289, 67.3061, 178.618
2355, 10, 289, 67.2906, 178.695
2356, 10, 289, 67.3476, 178.773
2357, 10, 289, 67.3249, 178.852
2358, 10, 289, 67.2575, 178.929
2359, 10, 289, 67.2421, 179.007
2360, 10, 288, 67.3833, 179.084
2361, 10, 288, 67.3165, 179.161
2362, 10, 288, 67.3037, 179.239
2363, 10, 288, 67.2372, 179.316
2364, 10, 288, 67.2158, 179.393
2365, 10, 287, 67.3789, 179.47
2366, 10, 287, 67.3654, 179.547
2367, 10, 287, 67.3618, 179.624
2368, 10, 287, 67.3585, 179.702
2369, 10, 287, 67.4333, 179.779
2370, 10, 287, 67.4245, 179.856
2371, 10, 287, 67.4171, 179.933
2372, 10, 287, 67.4107, 180.01
2373, 10, 287, 67.4006, 180.088
2374, 10, 287, 67.3921, 180.168
2375, 10, 287, 67.389, 180.245
2376, 10, 287, 67.3832, 180.322
2377, 10, 287, 67.3811, 180.4
2378, 10, 287, 67.368, 180.477
2379, 10, 287, 67.3412, 180.554
2380, 10, 287, 67.4083, 180.631
2381, 10, 287, 67.3929, 180.708
2382, 10, 287, 67.3255, 180.785
2383, 10, 287, 67.3147, 180.903
2384, 10, 287, 67.3081, 180.98
2385, 10, 287, 67.3023, 181.057
2386, 10, 287, 67.2965, 181.134
2387, 10, 287, 67.2845, 181.211
2388, 10, 287, 67.3426, 181.287
2389, 10, 287, 67.3379, 181.366
2390, 10, 287, 67.3234, 181.442
2391, 10, 287, 67.3114, 181.519
2392, 10, 287, 67.2909, 181.596
2393, 10, 287, 67.2535, 181.673
2394, 10, 287, 67.2322, 181.768
2395, 10, 287, 67.2023, 181.846
2396, 10, 287, 67.165, 181.926
2397, 10, 287, 67.1562, 182.003
2398, 10, 287, 67.1455, 182.08
2399, 10, 287, 67.1975, 182.157
2400, 10, 287, 67.1903, 182.234
2401, 10, 287, 67.1846, 182.31
2402, 10, 287, 67.1684, 182.388
2403, 10, 287, 67.0846, 182.464
2404, 10, 287, 66.9037, 182.541
2405, 10, 287, 66.5302, 182.618
2406, 10, 287, 66.4629, 182.696
2407, 10, 287, 66.4361, 182.773
2408, 10, 287, 66.423, 182.85
2409, 10, 287, 66.0495, 182.927
2410, 11, 287, 66.0268, 183.004
2411, 12, 287, 66.0089, 183.082
2412, 13, 287, 65.9944, 183.159
2413, 13, 287, 65.9503, 183.237
2414, 13, 287, 65.9442, 183.314
2415, 13, 287, 65.914, 183.391
2416, 13, 286, 66.1553, 183.494
2417, 13, 286, 65.9508, 183.573
2418, 14, 286, 65.8577, 183.653
2419, 15, 286, 65.8457, 183.73
2420, 15, 286, 65.4722, 183.807
2421, 15, 286, 65.0987, 183.884
2422, 15, 286, 64.6836, 183.963
2423, 15, 286, 64.3101, 184.039
2424, 15, 286, 63.895, 184.117
2425, 15, 286, 63.7421, 184.23
2426, 15, 286, 63.5722, 184.307
2427, 15, 286, 63.4791, 184.385
2428, 15, 286, 63.3261, 184.462
2429, 15, 286, 63.2423, 184.539
2430, 15, 286, 63.1585, 184.616
2431, 15, 286, 62.785, 184.702
2432, 15, 286, 62.6745, 184.78
2433, 15, 285, 62.9159, 184.857
2434, 15, 285, 62.7113, 184.935
2435, 15, 285, 62.5584, 185.012
2436, 15, 284, 62.9112, 185.09
2437, 15, 284, 62.4262, 185.168
2438, 16, 284, 62.3673, 185.245
2439, 17, 284, 62.3267, 185.323
2440, 17, 284, 62.2964, 185.4
2441, 17, 284, 62.276, 185.477
2442, 17, 284, 62.2555, 185.554
2443, 17, 284, 62.2253, 185.632
2444, 17, 284, 62.1664, 185.709
2445, 17, 284, 62.1556, 185.786
2446, 17, 284, 62.1483, 185.863
2447, 17, 284, 62.1418, 185.94
2448, 17, 284, 62.1362, 186.022
2449, 17, 284, 62.1304, 186.099
2450, 17, 284, 62.1213, 186.176
2451, 17, 284, 62.0946, 186.254
2452, 17, 284, 62.0869, 186.331
2453, 17, 283, 62.2246, 186.408
2454, 17, 283, 62.2169, 186.486
2455, 17, 283, 62.1901, 186.563
2456, 17, 283, 62.1687, 186.641
2457, 17, 283, 62.1597, 186.718
2458, 17, 283, 62.1443, 186.811
2459, 17, 283, 62.0769, 186.889
2460, 17, 283, 61.9664, 186.966
2461, 18, 283, 61.9564, 187.044
2462, 18, 283, 61.935, 187.121
2463, 18, 283, 61.9189, 187.199
2464, 18, 283, 61.9098, 187.278
2465, 18, 283, 61.8937, 187.355
2466, 18, 283, 61.8732, 187.433
2467, 18, 283, 61.8202, 187.545
2468, 18, 283, 61.7672, 187.624
2469, 18, 283, 61.7306, 187.709
2470, 18, 283, 61.6941, 187.787
2471, 18, 282, 61.8318, 187.866
2472, 18, 282, 61.7788, 187.944
2473, 18, 282, 61.7258, 188.022
2474, 18, 282, 61.7127, 188.099
2475, 18, 282, 61.6966, 188.177
2476, 18, 282, 61.6698, 188.254
2477, 18, 282, 61.6431, 188.332
2478, 18, 282, 61.6217, 188.409
2479, 18, 282, 61.5246, 188.486
2480, 18, 282, 61.488, 188.564
2481, 18, 282, 61.3369, 188.641
2482, 18, 282, 61.2264, 188.719
2483, 18, 282, 61.2109, 188.798
2484, 18, 282, 61.1979, 188.875
2485, 18, 282, 61.1871, 188.953
2486, 18, 281, 61.3264, 189.034
2487, 18, 281, 61.2591, 189.112
2488, 18, 281, 61.2846, 189.19
2489, 18, 281, 61.2008, 189.267
2490, 18, 281, 60.9963, 189.345
2491, 18, 281, 60.9433, 189.422
2492, 18, 280, 61.7064, 189.499
2493, 18, 279, 61.4743, 189.577
2494, 18, 279, 61.0592, 189.654
2495, 18, 279, 60.9063, 189.732
2496, 18, 279, 60.8656, 189.81
2497, 18, 279, 60.6611, 189.887
2498, 18, 278, 60.4289, 189.964
2499, 18, 278, 60.3874, 190.06
2500, 18, 277, 61.7356, 190.139
2501, 18, 276, 62.4988, 190.216
2502, 18, 275, 64.2035, 190.294
2503, 18, 275, 64.0335, 190.372
2504, 18, 275, 63.9805, 190.45
2505, 18, 275, 63.8874, 190.527
2506, 18, 275, 63.8285, 190.607
2507, 18, 275, 63.7879, 190.688
2508, 18, 275, 63.729, 190.766
2509, 18, 275, 63.6452, 190.868
2510, 18, 275, 63.5347, 190.947
2511, 18, 275, 63.5917, 191.027
2512, 18, 275, 63.5551, 191.105
2513, 18, 275, 63.4878, 191.182
2514, 19, 275, 63.4792, 191.26
2515, 19, 275, 63.4493, 191.339
2516, 19, 274, 63.6123, 191.417
2517, 19, 274, 63.6041, 191.495
2518, 19, 274, 63.595, 191.572
2519, 19, 274, 63.589, 191.65
2520, 19, 274, 63.5728, 191.727
2521, 19, 274, 63.537, 191.805
2522, 19, 274, 63.5279, 191.883
2523, 19, 274, 63.5005, 191.971
2524, 19, 274, 63.4897, 192.066
2525, 19, 274, 63.4684, 192.145
2526, 19, 274, 63.4571, 192.222
2527, 19, 274, 63.409, 192.316
2528, 19, 273, 63.6503, 192.395
2529, 19, 273, 63.6235, 192.472
2530, 19, 273, 63.6175, 192.55
2531, 19, 273, 63.5734, 192.628
2532, 19, 273, 63.5651, 192.705
2533, 19, 273, 63.5447, 192.782
2534, 19, 273, 63.5179, 192.86
2535, 19, 273, 63.4738, 192.937
2536, 19, 273, 63.447, 193.015
2537, 19, 273, 63.4316, 193.092
2538, 19, 273, 63.3875, 193.17
2539, 19, 273, 63.277, 193.248
2540, 19, 273, 63.224, 193.332
2541, 19, 273, 63.0541, 193.41
2542, 19, 273, 63.0299, 193.488
2543, 19, 273, 62.9933, 193.566
2544, 19, 273, 62.8234, 193.644
2545, 19, 273, 62.8029, 193.722
2546, 19, 273, 62.3879, 193.799
2547, 19, 273, 62.4814, 193.877
2548, 19, 273, 62.4448, 193.954
2549, 19, 273, 62.3918, 194.032
2550, 19, 273, 62.308, 194.11
2551, 19, 273, 62.2242, 194.216
2552, 19, 273, 62.194, 194.294
2553, 19, 273, 62.0411, 194.372
2554, 19, 273, 62.0206, 194.45
2555, 19, 273, 62.143, 194.527
2556, 19, 273, 62.09, 194.605
2557, 19, 273, 61.9371, 194.683
2558, 19, 273, 61.9005, 194.76
2559, 19, 273, 61.8475, 194.838
2560, 19, 273, 61.7945, 194.915
2561, 19, 273, 61.7579, 194.993
2562, 19, 273, 61.6741, 195.072
2563, 19, 273, 61.6115, 195.151
2564, 19, 273, 61.5183, 195.228
2565, 19, 273, 61.4595, 195.308
2566, 19, 273, 61.4188, 195.385
2567, 19, 273, 61.3515, 195.463
2568, 19, 273, 61.3247, 195.541
2569, 19, 273, 61.3086, 195.618
2570, 19, 273, 61.2818, 195.696
2571, 19, 273, 61.2452, 195.773
2572, 19, 273, 61.2184, 195.851
2573, 19, 273, 61.198, 195.928
2574, 19, 273, 61.1678, 196.006
2575, 19, 273, 61.1479, 196.085
2576, 19, 273, 61.1275, 196.164
2577, 19, 273, 61.0834, 196.241
2578, 19, 273, 61.0566, 196.319
2579, 19, 273, 61.0401, 196.396
2580, 19, 273, 61.0035, 196.474
2581, 19, 273, 60.967, 196.551
2582, 19, 273, 60.8832, 196.629
2583, 19, 273, 60.8564, 196.707
2584, 19, 273, 60.8539, 196.784
2585, 19, 273, 60.8408, 196.862
2586, 19, 272, 60.9776, 196.94
2587, 19, 272, 61.0703, 197.017
2588, 19, 272, 61.059, 197.095
2589, 19, 272, 61.0477, 197.173
2590, 19, 272, 61.0395, 197.251
2591, 19, 272, 61.0287, 197.331
2592, 19, 272, 61.0153, 197.409
2593, 19, 271, 61.1545, 197.51
2594, 19, 271, 61.1341, 197.595
2595, 19, 271, 61.0762, 197.673
2596, 19, 271, 60.9791, 197.75
2597, 19, 271, 60.9523, 197.829
2598, 19, 271, 60.9255, 197.906
2599, 19, 271, 60.889, 197.985
2600, 19, 271, 60.8524, 198.063
2601, 19, 271, 60.7686, 198.14
2602, 19, 271, 60.7603, 198.218
2603, 19, 271, 60.7949, 198.296
2604, 19, 271, 60.6844, 198.373
2605, 19, 271, 60.6314, 198.451
2606, 19, 271, 60.5784, 198.528
2607, 19, 271, 60.5343, 198.606
2608, 19, 271, 60.4675, 198.683
2609, 19, 271, 60.4514, 198.761
2610, 19, 271, 60.4246, 198.838
2611, 19, 271, 60.3578, 198.915
2612, 19, 271, 60.2049, 198.992
2613, 19, 271, 60.052, 199.07
2614, 19, 271, 59.9588, 199.147
2615, 19, 271, 59.875, 199.241
2616, 19, 270, 60.0648, 199.319
2617, 19, 270, 60.0241, 199.397
2618, 19, 270, 59.9835, 199.477
2619, 19, 270, 59.9394, 199.557
2620, 19, 270, 59.9028, 199.653
2621, 19, 270, 59.7499, 199.732
2622, 19, 270, 59.6528, 199.81
2623, 19, 270, 59.5998, 199.888
2624, 19, 270, 59.573, 199.965
2625, 19, 270, 59.5526, 200.043
2626, 19, 270, 59.5365, 200.12
2627, 19, 270, 59.4691, 200.198
2628, 19, 270, 59.3162, 200.276
2629, 19, 270, 59.3079, 200.36
2630, 19, 270, 59.2996, 200.438
2631, 19, 270, 59.2631, 200.516
2632, 19, 270, 59.1793, 200.594
2633, 19, 270, 59.149, 200.672
2634, 19, 270, 59.1865, 200.749
2635, 19, 270, 59.1027, 200.865
2636, 19, 270, 59.1004, 200.948
2637, 19, 270, 59.0983, 201.026
2638, 19, 270, 59.0779, 201.104
2639, 19, 270, 59.0511, 201.182
2640, 19, 270, 59.0306, 201.26
2641, 19, 269, 59.1684, 201.338
2642, 19, 269, 59.1479, 201.416
2643, 19, 269, 59.1318, 201.493
2644, 19, 269, 59.1173, 201.571
2645, 19, 269, 59.1012, 201.649
2646, 19, 269, 59.0081, 201.727
2647, 19, 269, 58.995, 201.805
2648, 19, 269, 58.983, 201.882
2649, 19, 269, 58.97, 201.96
2650, 19, 269, 58.9334, 202.038
2651, 19, 269, 58.9204, 202.116
2652, 19, 269, 58.9042, 202.194
2653, 19, 269, 58.8512, 202.271
2654, 19, 269, 58.7839, 202.349
2655, 19, 269, 58.7473, 202.426
2656, 19, 269, 58.6943, 202.504
2657, 19, 269, 58.6577, 202.581
2658, 19, 269, 58.5909, 202.659
2659, 19, 269, 58.5641, 202.737
2660, 19, 269, 58.471, 202.814
2661, 19, 269, 58.4121, 202.892
2662, 19, 269, 58.3854, 202.969
2663, 19, 269, 58.2154, 203.047
2664, 19, 269, 58.1316, 203.125
2665, 19, 269, 58.1049, 203.202
2666, 19, 269, 58.0519, 203.28
2667, 19, 269, 58.0314, 203.358
2668, 19, 269, 58.01, 203.435
2669, 19, 269, 57.957, 203.521
2670, 19, 269, 57.9557, 203.599
2671, 19, 269, 57.9097, 203.676
2672, 19, 269, 57.9036, 203.754
2673, 19, 269, 57.8871, 203.835
2674, 19, 269, 57.8764, 203.913
2675, 19, 269, 57.8693, 203.991
2676, 19, 269, 57.8531, 204.068
2677, 19, 269, 57.8327, 204.172
2678, 19, 269, 57.8305, 204.261
2679, 19, 269, 57.8286, 204.347
2680, 19, 269, 57.8155, 204.432
2681, 19, 269, 57.7994, 204.51
2682, 19, 269, 57.7886, 204.587
2683, 19, 269, 57.7756, 204.665
2684, 19, 269, 57.7665, 204.742
2685, 19, 269, 57.7504, 204.82
2686, 19, 269, 57.7138, 204.898
2687, 19, 269, 57.703, 204.976
2688, 19, 269, 57.7012, 205.054
2689, 19, 269, 57.6904, 205.131
2690, 19, 269, 57.6843, 205.209
2691, 19, 269, 57.6783, 205.287
2692, 19, 269, 57.6629, 205.365
2693, 19, 269, 57.6538, 205.443
2694, 19, 269, 57.6477, 205.527
2695, 19, 269, 57.6347, 205.605
2696, 19, 269, 57.6186, 205.682
2697, 19, 269, 57.5883, 205.76
2698, 19, 269, 57.521, 205.838
2699, 19, 269, 57.4372, 205.916
2700, 19, 269, 57.4167, 205.994
2701, 19, 269, 57.409, 206.072
2702, 19, 269, 57.4069, 206.15
2703, 19, 269, 57.4589, 206.228
2704, 19, 269, 57.4455, 206.306
2705, 19, 269, 57.3973, 206.384
2706, 19, 268, 57.5348, 206.461
2707, 19, 268, 57.5046, 206.54
2708, 19, 268, 57.4963, 206.617
2709, 19, 268, 57.4605, 206.696
2710, 19, 268, 57.4239, 206.776
2711, 19, 268, 57.4108, 206.855
2712, 19, 268, 57.3978, 206.948
2713, 19, 268, 57.387, 207.028
2714, 19, 268, 57.3571, 207.108
2715, 19, 268, 57.3481, 207.186
2716, 19, 268, 57.3267, 207.266
2717, 19, 268, 57.319, 207.344
2718, 19, 268, 57.3053, 207.422
2719, 19, 268, 57.3752, 207.536
2720, 19, 267, 57.517, 207.615
2721, 19, 267, 57.4502, 207.693
2722, 19, 266, 57.5914, 207.771
2723, 19, 266, 57.5384, 207.849
2724, 19, 266, 57.5156, 207.927
2725, 19, 266, 57.4977, 208.005
2726, 19, 266, 57.468, 208.1
2727, 19, 266, 57.4535, 208.179
2728, 19, 266, 57.4307, 208.257
2729, 19, 266, 57.3942, 208.335
2730, 19, 266, 57.4641, 208.413
2731, 19, 266, 57.4275, 208.491
2732, 19, 266, 57.4007, 208.569
2733, 19, 266, 57.374, 208.649
2734, 19, 266, 57.3535, 208.727
2735, 19, 266, 57.3331, 208.805
2736, 19, 266, 57.3211, 208.883
2737, 19, 266, 57.3032, 208.976
2738, 19, 266, 57.2887, 209.054
2739, 19, 266, 57.2725, 209.132
2740, 19, 266, 57.2618, 209.21
2741, 19, 266, 57.2517, 209.288
2742, 19, 266, 57.2303, 209.366
2743, 19, 266, 57.2245, 209.444
2744, 19, 266, 57.2228, 209.522
2745, 19, 266, 57.2008, 209.599
2746, 19, 266, 57.1931, 209.677
2747, 19, 266, 56.8196, 209.755
2748, 19, 266, 56.7666, 209.833
2749, 19, 266, 56.7461, 209.91
2750, 19, 266, 56.7096, 209.988
2751, 19, 266, 56.6689, 210.066
2752, 19, 266, 56.6323, 210.144
2753, 19, 266, 56.6056, 210.222
2754, 19, 266, 56.4526, 210.299
2755, 19, 266, 56.3688, 210.377
2756, 19, 266, 56.3598, 210.455
2757, 19, 266, 56.3753, 210.533
2758, 19, 266, 56.3737, 210.611
2759, 19, 266, 56.3654, 210.688
2760, 19, 266, 56.3492, 210.765
2761, 19, 266, 56.3338, 210.886
2762, 19, 266, 56.3208, 210.965
2763, 19, 266, 56.3122, 211.047
2764, 19, 266, 56.3048, 211.124
2765, 19, 266, 56.2567, 211.202
2766, 19, 266, 56.1978, 211.279
2767, 19, 266, 56.1537, 211.358
2768, 19, 266, 56.1323, 211.452
2769, 19, 266, 56.1276, 211.53
2770, 19, 266, 56.1199, 211.609
2771, 19, 266, 56.1155, 211.687
2772, 19, 266, 56.0941, 211.765
2773, 19, 266, 56.0667, 211.843
2774, 19, 266, 56.1042, 211.921
2775, 19, 266, 56.0998, 211.999
2776, 19, 266, 56.1933, 212.077
2777, 19, 266, 56.1902, 212.155
2778, 19, 266, 56.1634, 212.233
2779, 19, 266, 56.0961, 212.312
2780, 19, 266, 56.0747, 212.39
2781, 19, 266, 55.9816, 212.468
2782, 19, 266, 55.9286, 212.546
2783, 19, 266, 55.8845, 212.634
2784, 19, 266, 55.8543, 212.712
2785, 19, 266, 55.7696, 212.791
2786, 19, 266, 55.565, 212.883
2787, 19, 266, 55.4121, 212.971
2788, 19, 266, 55.3016, 213.049
2789, 19, 265, 56.6498, 213.127
2790, 19, 264, 57.413, 213.205
2791, 19, 263, 58.1762, 213.283
2792, 19, 262, 59.1762, 213.361
2793, 19, 261, 60.1762, 213.44
2794, 19, 261, 59.7611, 213.536
2795, 19, 260, 60.5243, 213.615
2796, 19, 259, 61.2875, 213.694
2797, 19, 258, 62.0507, 213.773
2798, 19, 258, 61.6772, 213.852
2799, 19, 257, 62.0299, 213.931
2800, 19, 257, 61.6149, 214.01
2801, 19, 256, 62.3781, 214.089
2802, 19, 255, 63.1413, 214.204
2803, 19, 254, 63.9045, 214.309
2804, 19, 253, 64.6677, 214.389
2805, 19, 252, 65.4309, 214.468
2806, 19, 252, 65.0574, 214.547
2807, 19, 252, 64.6838, 214.626
2808, 19, 251, 65.447, 214.706
2809, 19, 250, 66.2102, 214.785
2810, 19, 249, 66.9734, 214.864
2811, 19, 248, 67.7366, 214.943
2812, 19, 247, 68.7366, 215.023
2813, 19, 246, 69.4998, 215.116
2814, 19, 246, 69.1263, 215.195
2815, 19, 246, 68.7112, 215.274
2816, 19, 246, 68.5413, 215.354
2817, 19, 245, 69.3045, 215.433
2818, 19, 244, 69.6573, 215.515
2819, 19, 243, 70.4205, 215.595
2820, 19, 243, 70.0469, 215.674
2821, 19, 243, 69.894, 215.754
2822, 19, 243, 69.8009, 215.834
2823, 19, 243, 69.742, 215.913
2824, 19, 243, 69.7014, 215.992
2825, 19, 242, 70.4646, 216.072
2826, 19, 241, 71.2278, 216.152
2827, 19, 240, 71.991, 216.232
2828, 19, 239, 71.7588, 216.311
2829, 19, 238, 72.7588, 216.39
2830, 19, 237, 73.522, 216.47
2831, 19, 236, 74.522, 216.567
2832, 19, 235, 75.2852, 216.648
2833, 19, 234, 76.2852, 216.727
2834, 19, 233, 77.0484, 216.808
2835, 19, 232, 78.0484, 216.887
2836, 19, 232, 77.6333, 216.966
2837, 19, 232, 77.4634, 217.045
2838, 19, 232, 77.0899, 217.124
2839, 19, 231, 77.8531, 217.204
2840, 19, 230, 78.6163, 217.283
2841, 20, 229, 79.6163, 217.362
2842, 20, 228, 80.3794, 217.442
2843, 20, 227, 81.1426, 217.571
2844, 20, 226, 81.9058, 217.652
2845, 20, 226, 81.5323, 217.732
2846, 21, 226, 81.1173, 217.813
2847, 21, 226, 80.7437, 217.894
2848, 21, 225, 81.7437, 217.974
2849, 21, 225, 81.3702, 218.053
2850, 22, 225, 81.2003, 218.132
2851, 22, 224, 81.39, 218.212
2852, 22, 224, 81.2371, 218.291
2853, 22, 224, 81.0842, 218.371
2854, 22, 224, 81.2472, 218.452
2855, 23, 224, 81.1541, 218.531
2856, 23, 224, 80.7805, 218.611
2857, 23, 223, 81.5437, 218.708
2858, 23, 223, 81.1702, 218.789
2859, 23, 223, 80.7967, 218.868
2860, 23, 223, 80.3117, 218.95
2861, 23, 223, 79.9382, 219.029
2862, 23, 223, 79.7852, 219.109
2863, 23, 223, 79.6323, 219.188
2864, 23, 222, 80.3955, 219.267
2865, 23, 221, 81.1587, 219.347
2866, 23, 221, 80.7852, 219.426
2867, 23, 220, 81.5484, 219.506
2868, 23, 219, 82.5484, 219.586
2869, 23, 219, 82.1333, 219.665
2870, 23, 219, 81.9634, 219.744
2871, 23, 219, 81.8703, 219.824
2872, 23, 218, 82.6335, 219.903
2873, 23, 217, 83.3967, 219.983
2874, 23, 217, 83.0232, 220.062
2875, 23, 217, 82.6496, 220.142
2876, 23, 216, 83.4128, 220.221
2877, 23, 215, 84.176, 220.301
2878, 23, 215, 83.8025, 220.38
2879, 23, 214, 84.5657, 220.46
2880, 23, 214, 84.1921, 220.539
2881, 23, 214, 84.0392, 220.619
2882, 23, 214, 83.8693, 220.699
2883, 23, 214, 83.6994, 220.779
2884, 23, 214, 83.6063, 220.902
2885, 23, 214, 83.5474, 220.982
2886, 23, 214, 83.0624, 221.062
2887, 23, 213, 83.8256, 221.142
2888, 23, 213, 83.6211, 221.222
2889, 23, 213, 83.4681, 221.302
2890, 23, 213, 83.3843, 221.381
2891, 23, 213, 83.2314, 221.461
2892, 23, 213, 83.0803, 221.543
2893, 23, 213, 82.7067, 221.623
2894, 23, 212, 83.7067, 221.702
2895, 23, 212, 83.2917, 221.782
2896, 23, 212, 82.9181, 221.872
2897, 23, 212, 82.7652, 221.954
2898, 24, 212, 82.7063, 222.035
2899, 25, 212, 82.6657, 222.115
2900, 26, 212, 82.6359, 222.195
2901, 27, 212, 82.6132, 222.274
2902, 27, 212, 82.5294, 222.354
2903, 27, 212, 82.1144, 222.437
2904, 27, 212, 81.9445, 222.533
2905, 27, 212, 81.8607, 222.614
2906, 27, 212, 81.8076, 222.693
2907, 27, 212, 81.7145, 222.773
2908, 27, 212, 81.6556, 222.854
2909, 27, 211, 81.8187, 222.934
2910, 27, 211, 81.778, 223.014
2911, 27, 211, 81.7483, 223.093
2912, 27, 211, 81.7256, 223.173
2913, 27, 211, 81.7076, 223.252
2914, 27, 211, 81.6403, 223.334
2915, 27, 211, 81.5432, 223.413
2916, 27, 211, 81.4594, 223.493
2917, 27, 211, 81.3926, 223.573
2918, 27, 211, 81.3396, 223.652
2919, 27, 211, 81.2915, 223.734
2920, 27, 211, 80.9179, 223.814
2921, 27, 210, 81.6811, 223.894
2922, 27, 210, 81.6514, 223.974
2923, 27, 209, 81.8927, 224.054
2924, 27, 209, 81.87, 224.146
2925, 27, 209, 81.6655, 224.25
2926, 27, 209, 81.4955, 224.33
2927, 27, 209, 81.122, 224.41
2928, 27, 209, 80.7485, 224.489
2929, 27, 208, 81.5117, 224.569
2930, 27, 208, 81.1381, 224.649
2931, 27, 208, 80.9852, 224.729
2932, 27, 208, 80.9014, 224.809
2933, 27, 208, 80.8608, 224.889
2934, 27, 208, 80.831, 224.969
2935, 27, 208, 80.6265, 225.049
2936, 27, 207, 81.6265, 225.129
2937, 27, 207, 81.4735, 225.209
2938, 27, 207, 81.4508, 225.29
2939, 27, 207, 81.4329, 225.38
2940, 27, 207, 81.4184, 225.46
2941, 27, 207, 81.3253, 225.54
2942, 27, 207, 81.2664, 225.621
2943, 27, 207, 81.2257, 225.7
2944, 27, 207, 81.2138, 225.78
2945, 27, 207, 81.184, 225.86
2946, 27, 207, 81.1613, 225.939
2947, 27, 207, 81.1434, 226.019
2948, 27, 207, 81.0329, 226.099
2949, 27, 206, 81.2226, 226.179
2950, 27, 206, 80.8076, 226.259
2951, 27, 206, 80.6971, 226.339
2952, 27, 206, 80.6297, 226.419
2953, 27, 206, 80.4598, 226.514
2954, 27, 206, 80.3667, 226.598
2955, 27, 206, 80.2994, 226.678
2956, 27, 206, 80.2849, 226.758
2957, 27, 206, 80.2011, 226.838
2958, 27, 205, 80.5538, 226.918
2959, 27, 205, 80.0689, 226.998
2960, 27, 205, 79.9159, 227.08
2961, 27, 204, 80.9159, 227.16
2962, 27, 204, 80.5424, 227.252
2963, 27, 203, 81.3056, 227.332
2964, 27, 203, 81.2125, 227.412
2965, 27, 203, 81.1287, 227.515
2966, 27, 203, 81.0449, 227.596
2967, 27, 203, 80.9919, 227.676
2968, 27, 203, 80.9651, 227.756
2969, 27, 203, 80.9437, 227.835
2970, 27, 203, 80.9224, 227.915
2971, 27, 203, 80.9133, 227.995
2972, 27, 203, 80.8906, 228.075
2973, 27, 203, 80.8664, 228.155
2974, 27, 203, 80.8451, 228.234
2975, 27, 203, 80.7824, 228.314
2976, 27, 203, 80.778, 228.394
2977, 27, 203, 80.7374, 228.474
2978, 27, 203, 80.7205, 228.554
2979, 27, 203, 80.7139, 228.633
2980, 27, 203, 80.6841, 228.713
2981, 27, 203, 80.6168, 228.794
2982, 27, 203, 80.6067, 228.873
2983, 27, 203, 80.5948, 228.953
2984, 27, 203, 80.5817, 229.035
2985, 27, 203, 80.5727, 229.115
2986, 27, 203, 80.5619, 229.194
2987, 27, 203, 80.5542, 229.274
2988, 27, 203, 80.5797, 229.354
2989, 27, 203, 80.5439, 229.433
2990, 27, 203, 80.5136, 229.513
2991, 27, 203, 80.4932, 229.593
2992, 27, 203, 80.477, 229.672
2993, 27, 203, 80.3839, 229.751
2994, 27, 203, 80.3309, 229.831
2995, 27, 203, 80.3105, 229.91
2996, 27, 203, 80.2575, 229.99
2997, 27, 203, 80.2413, 230.069
2998, 27, 203, 80.2252, 230.149
2999, 27, 203, 80.0723, 230.229
