Seed is: 15
Number of samples is: 3000
Simulation name is: Simulation_2TV_10x10.sim
TimeStep, Distraction Rate, Missed States, Model Accuracy, Time (ms)
0, 0, 732, 0, 4e-05
1, 0, 731, 1, 0.097956
2, 0, 730, 2, 0.196153
3, 0, 729, 2.7632, 0.296585
4, 0, 728, 3.52639, 0.396154
5, 0, 727, 4.28959, 0.494612
6, 0, 726, 5.05279, 0.592148
7, 0, 725, 5.81599, 0.691697
8, 0, 724, 6.57918, 0.788622
9, 0, 723, 7.34238, 0.888262
10, 0, 722, 8.10558, 0.987601
11, 0, 721, 8.86877, 1.08562
12, 0, 720, 9.63197, 1.18416
13, 0, 719, 10.3952, 1.28374
14, 0, 718, 10.163, 1.38498
15, 0, 717, 10.9262, 1.4871
16, 0, 716, 11.6894, 1.58938
17, 0, 715, 12.4526, 1.69262
18, 0, 714, 13.2158, 1.79412
19, 0, 713, 13.979, 1.89409
20, 0, 712, 14.7422, 1.99376
21, 0, 711, 15.5054, 2.09354
22, 0, 711, 15.1318, 2.19241
23, 0, 710, 15.895, 2.29347
24, 0, 709, 16.6582, 2.39447
25, 0, 708, 17.4214, 2.49477
26, 0, 707, 18.1846, 2.59453
27, 0, 706, 18.9478, 2.69536
28, 0, 705, 18.7156, 2.79551
29, 0, 704, 19.7156, 2.91404
30, 0, 703, 21.0638, 3.01339
31, 0, 702, 21.827, 3.11381
32, 0, 701, 22.827, 3.23469
33, 0, 701, 22.4119, 3.33528
34, 0, 700, 23.1751, 3.43643
35, 0, 699, 24.1751, 3.53707
36, 0, 698, 24.9383, 3.63648
37, 0, 697, 25.7015, 3.73639
38, 0, 697, 25.328, 3.83541
39, 0, 697, 24.9545, 3.93446
40, 0, 697, 24.8015, 4.03398
41, 0, 696, 25.1543, 4.13438
42, 0, 695, 24.9221, 4.23518
43, 0, 695, 24.7522, 4.33499
44, 0, 695, 24.2672, 4.43426
45, 0, 694, 25.0304, 4.53376
46, 0, 693, 25.7936, 4.63358
47, 0, 693, 25.3786, 4.73282
48, 0, 693, 25.2086, 4.833
49, 0, 693, 25.1155, 4.93343
50, 0, 693, 24.742, 5.03336
51, 0, 692, 24.5098, 5.13305
52, 0, 691, 25.858, 5.2321
53, 0, 690, 26.858, 5.33152
54, 0, 689, 27.6212, 5.43034
55, 0, 688, 28.3844, 5.52985
56, 0, 687, 29.1476, 5.62889
57, 0, 686, 29.9108, 5.72811
58, 0, 685, 30.674, 5.82842
59, 0, 685, 30.3004, 5.92798
60, 0, 684, 31.0636, 6.0285
61, 0, 683, 31.8268, 6.12881
62, 0, 682, 32.59, 6.24498
63, 0, 681, 33.59, 6.34813
64, 0, 681, 33.1051, 6.44924
65, 0, 680, 32.8729, 6.55007
66, 0, 680, 32.4578, 6.65085
67, 0, 680, 32.2879, 6.75129
68, 0, 679, 33.0511, 6.85153
69, 0, 679, 32.6776, 6.9521
70, 0, 679, 32.5246, 7.05195
71, 0, 679, 32.3717, 7.16408
72, 0, 679, 32.3128, 7.26726
73, 0, 679, 31.9393, 7.36707
74, 0, 679, 31.7863, 7.46808
75, 0, 678, 32.7863, 7.56792
76, 0, 678, 32.7025, 7.66806
77, 0, 677, 34.0507, 7.76832
78, 0, 677, 33.6772, 7.86844
79, 0, 676, 34.0299, 7.96871
80, 0, 675, 34.7931, 8.07128
81, 0, 674, 36.1413, 8.17139
82, 0, 673, 36.9045, 8.29304
83, 0, 673, 36.4195, 8.3926
84, 0, 672, 36.1873, 8.4946
85, 0, 671, 36.9505, 8.59571
86, 0, 670, 37.7137, 8.69608
87, 0, 670, 37.3402, 8.79674
88, 0, 669, 38.1034, 8.89811
89, 0, 668, 38.8666, 8.99982
90, 0, 667, 39.6298, 9.10091
91, 0, 666, 40.393, 9.20254
92, 0, 665, 41.1562, 9.3032
93, 0, 664, 41.9194, 9.40496
94, 0, 663, 42.6826, 9.50621
95, 0, 662, 42.4504, 9.62012
96, 0, 662, 42.0768, 9.72068
97, 0, 662, 41.7033, 9.82075
98, 0, 661, 41.9447, 9.92153
99, 0, 661, 41.7917, 10.0242
100, 0, 660, 41.5595, 10.1246
101, 0, 660, 41.4066, 10.2249
102, 0, 660, 41.3228, 10.3277
103, 0, 659, 41.5125, 10.4283
104, 0, 659, 41.402, 10.5294
105, 0, 658, 42.1652, 10.6298
106, 0, 658, 41.7917, 10.7314
107, 0, 658, 41.7387, 10.8369
108, 0, 658, 41.6972, 10.9379
109, 0, 657, 43.4019, 11.039
110, 0, 656, 44.1651, 11.1412
111, 0, 656, 43.587, 11.2424
112, 0, 655, 44.3502, 11.3443
113, 0, 655, 43.9767, 11.4457
114, 0, 654, 44.7399, 11.5479
115, 0, 653, 45.5031, 11.6496
116, 1, 652, 46.5031, 11.751
117, 1, 651, 47.2663, 11.8527
118, 1, 650, 48.0295, 11.9567
119, 1, 649, 49.0295, 12.0583
120, 1, 648, 49.7927, 12.1605
121, 1, 648, 49.4191, 12.2621
122, 1, 647, 50.1823, 12.3639
123, 1, 646, 51.1823, 12.4656
124, 1, 645, 51.9455, 12.5652
125, 1, 645, 51.572, 12.6651
126, 1, 644, 52.3352, 12.7672
127, 1, 643, 53.0984, 12.8701
128, 1, 642, 53.8616, 12.9849
129, 1, 641, 54.6248, 13.0963
130, 1, 640, 55.388, 13.1986
131, 1, 640, 55.0144, 13.3122
132, 1, 639, 55.7776, 13.4146
133, 1, 638, 56.5408, 13.5205
134, 1, 637, 57.304, 13.6265
135, 1, 636, 58.304, 13.7293
136, 1, 635, 59.0672, 13.8316
137, 1, 634, 60.0672, 13.9339
138, 1, 634, 59.6522, 14.0359
139, 1, 633, 60.4154, 14.138
140, 1, 633, 60.0004, 14.2401
141, 1, 633, 59.6268, 14.3421
142, 1, 633, 59.4569, 14.4435
143, 1, 633, 59.0834, 14.5452
144, 1, 633, 58.9304, 14.6483
145, 1, 632, 59.6936, 14.7503
146, 1, 632, 59.3201, 14.8515
147, 1, 632, 58.9466, 14.9531
148, 1, 631, 59.7098, 15.0546
149, 1, 631, 59.6424, 15.157
150, 1, 631, 59.2689, 15.259
151, 1, 630, 60.0321, 15.3626
152, 1, 629, 60.7953, 15.4871
153, 1, 628, 61.148, 15.5904
154, 1, 628, 60.6631, 15.6925
155, 1, 627, 62.0112, 15.7946
156, 1, 626, 63.3594, 15.8971
157, 1, 626, 62.9859, 15.9997
158, 1, 626, 62.6123, 16.103
159, 1, 625, 63.3755, 16.2059
160, 1, 625, 63.002, 16.3228
161, 1, 624, 63.7652, 16.4256
162, 1, 623, 64.5284, 16.5283
163, 1, 622, 64.2962, 16.6315
164, 1, 622, 63.9227, 16.7343
165, 1, 621, 64.6859, 16.8377
166, 1, 620, 65.4491, 16.9412
167, 1, 619, 65.8018, 17.0448
168, 1, 618, 65.5696, 17.1477
169, 1, 617, 66.3328, 17.2511
170, 1, 616, 67.096, 17.3538
171, 1, 615, 68.096, 17.4567
172, 1, 615, 67.681, 17.5591
173, 1, 614, 68.4442, 17.6851
174, 1, 613, 69.2074, 17.7883
175, 1, 612, 68.9752, 17.9086
176, 1, 611, 69.7384, 18.0119
177, 1, 610, 70.5016, 18.1148
178, 1, 609, 70.2694, 18.218
179, 1, 608, 71.6176, 18.322
180, 1, 607, 72.3808, 18.4255
181, 1, 606, 73.144, 18.5291
182, 1, 606, 72.7704, 18.6327
183, 1, 605, 73.5336, 18.7378
184, 1, 604, 74.2968, 18.8424
185, 1, 603, 75.06, 18.9461
186, 1, 602, 75.8232, 19.0499
187, 1, 601, 76.5864, 19.1536
188, 1, 600, 77.3496, 19.2789
189, 1, 600, 76.9761, 19.3825
190, 1, 599, 77.7393, 19.4862
191, 1, 598, 78.5025, 19.5994
192, 1, 597, 78.2703, 19.7032
193, 1, 596, 79.0335, 19.8067
194, 1, 595, 79.7967, 19.9103
195, 1, 595, 79.4231, 20.0146
196, 1, 594, 80.1863, 20.1188
197, 1, 594, 79.8128, 20.2235
198, 1, 594, 79.3278, 20.3274
199, 1, 593, 80.676, 20.4317
200, 1, 592, 82.0242, 20.536
201, 1, 591, 82.7873, 20.6402
202, 1, 590, 83.5505, 20.7444
203, 1, 590, 83.177, 20.8479
204, 1, 589, 84.177, 20.9525
205, 1, 589, 83.762, 21.0569
206, 1, 589, 83.3884, 21.1608
207, 1, 589, 83.2355, 21.2661
208, 1, 589, 83.0826, 21.3706
209, 1, 589, 82.709, 21.4742
210, 1, 589, 82.5561, 21.578
211, 1, 589, 82.4032, 21.6819
212, 1, 589, 82.3194, 21.7861
213, 1, 589, 82.2356, 21.8908
214, 1, 588, 82.0034, 21.9955
215, 1, 588, 81.9196, 22.1001
216, 1, 588, 81.5461, 22.2033
217, 1, 588, 81.3415, 22.3073
218, 1, 588, 80.8566, 22.4114
219, 1, 588, 80.3716, 22.5171
220, 1, 587, 81.1348, 22.6209
221, 1, 586, 81.898, 22.725
222, 1, 585, 82.6612, 22.8292
223, 1, 584, 83.4244, 22.9453
224, 1, 584, 83.0508, 23.0499
225, 1, 584, 82.8979, 23.154
226, 1, 584, 82.6934, 23.2577
227, 1, 583, 82.4612, 23.3617
228, 1, 583, 82.2566, 23.4661
229, 1, 582, 83.0198, 23.5704
230, 1, 582, 82.6463, 23.6939
231, 1, 582, 82.2728, 23.7983
232, 1, 581, 83.036, 23.902
233, 1, 581, 82.883, 24.0059
234, 1, 581, 82.6785, 24.1102
235, 1, 581, 82.1935, 24.2142
236, 1, 581, 81.7086, 24.3185
237, 1, 581, 81.335, 24.4233
238, 1, 581, 81.282, 24.5339
239, 1, 581, 81.229, 24.6384
240, 1, 580, 82.5772, 24.7429
241, 1, 580, 82.2037, 24.8466
242, 1, 580, 81.8301, 24.9507
243, 1, 580, 81.4151, 25.0548
244, 1, 580, 81.0416, 25.1584
245, 1, 580, 81.005, 25.2631
246, 1, 580, 80.9212, 25.3676
247, 1, 580, 80.8682, 25.4722
248, 1, 580, 80.7152, 25.577
249, 1, 580, 80.6047, 25.6814
250, 1, 580, 80.2312, 25.7874
251, 1, 580, 79.8577, 25.892
252, 1, 580, 79.7047, 25.9967
253, 1, 580, 79.3312, 26.1017
254, 1, 580, 78.9162, 26.206
255, 1, 580, 79.2312, 26.3213
256, 1, 580, 79.0613, 26.4263
257, 1, 580, 78.9084, 26.5458
258, 1, 580, 78.7554, 26.6506
259, 1, 579, 78.9968, 26.7559
260, 1, 579, 78.8438, 26.8609
261, 1, 579, 78.4703, 26.965
262, 1, 578, 78.2381, 27.0709
263, 1, 577, 79.5863, 27.1867
264, 1, 576, 80.3495, 27.2913
265, 1, 575, 81.1127, 27.3978
266, 1, 574, 81.8759, 27.5027
267, 1, 573, 82.639, 27.6075
268, 1, 572, 83.4022, 27.7123
269, 1, 571, 83.755, 27.8174
270, 1, 571, 83.2701, 27.9227
271, 1, 570, 84.0333, 28.028
272, 1, 570, 83.6597, 28.1333
273, 1, 570, 83.2862, 28.2383
274, 1, 570, 82.9126, 28.3435
275, 1, 570, 82.5391, 28.4485
276, 1, 570, 82.1656, 28.5538
277, 1, 570, 81.792, 28.6589
278, 1, 570, 81.5875, 28.7644
279, 1, 570, 81.214, 28.8698
280, 1, 569, 81.9772, 28.9747
281, 1, 569, 81.8242, 29.0799
282, 1, 569, 81.4507, 29.1854
283, 1, 569, 81.2978, 29.2909
284, 1, 569, 80.8827, 29.3961
285, 1, 569, 80.5092, 29.502
286, 1, 569, 80.3563, 29.6204
287, 1, 568, 80.5976, 29.7263
288, 1, 568, 80.4871, 29.8327
289, 1, 568, 80.394, 29.9405
290, 1, 568, 80.3102, 30.0463
291, 1, 568, 80.1403, 30.1523
292, 1, 568, 80.0729, 30.2577
293, 1, 568, 80.0199, 30.3628
294, 1, 568, 79.9268, 30.4684
295, 1, 568, 79.7223, 30.5737
296, 1, 568, 79.6385, 30.6787
297, 1, 568, 79.5547, 30.784
298, 1, 568, 79.4018, 30.8911
299, 1, 568, 79.1972, 30.9959
300, 1, 567, 80.1972, 31.1006
301, 1, 567, 79.7822, 31.2099
302, 1, 567, 79.6123, 31.3151
303, 1, 567, 79.5716, 31.4201
304, 1, 567, 79.4878, 31.5234
305, 1, 567, 79.404, 31.628
306, 1, 566, 80.1672, 31.7331
307, 1, 565, 80.9304, 31.838
308, 1, 565, 80.8466, 31.9425
309, 1, 565, 80.7628, 32.2911
310, 1, 565, 80.6523, 32.397
311, 1, 565, 80.5592, 32.5026
312, 1, 565, 79.9811, 32.6075
313, 1, 565, 79.6076, 32.7307
314, 1, 565, 79.3442, 32.836
315, 1, 565, 78.9291, 32.9466
316, 1, 565, 78.7592, 33.052
317, 1, 565, 78.6063, 33.1571
318, 1, 565, 78.7702, 33.2624
319, 1, 565, 78.5656, 33.3676
320, 1, 565, 78.4983, 33.4735
321, 1, 565, 78.4394, 33.5792
322, 1, 565, 78.3556, 33.6847
323, 1, 565, 78.2027, 33.7901
324, 1, 565, 78.162, 33.8963
325, 1, 565, 78.1323, 34.0013
326, 1, 565, 78.1096, 34.1273
327, 1, 565, 77.9991, 34.2321
328, 1, 565, 77.6255, 34.3371
329, 1, 564, 78.3887, 34.4434
330, 1, 564, 78.3446, 34.5488
331, 1, 564, 78.2916, 34.6543
332, 1, 564, 78.2078, 34.7601
333, 1, 564, 78.0269, 34.8673
334, 1, 564, 77.9338, 34.973
335, 1, 564, 77.85, 35.0795
336, 1, 564, 77.8135, 35.1849
337, 1, 564, 77.4399, 35.2901
338, 1, 564, 77.3561, 35.3956
339, 1, 564, 77.2032, 35.5014
340, 1, 564, 76.8297, 35.6077
341, 1, 564, 76.7767, 35.7123
342, 1, 564, 76.6662, 35.8174
343, 1, 564, 76.6364, 35.9231
344, 1, 564, 76.5526, 36.0286
345, 1, 564, 76.4421, 36.1347
346, 1, 564, 76.3891, 36.2503
347, 1, 564, 76.3302, 36.3559
348, 1, 564, 76.2861, 36.4629
349, 1, 564, 76.0816, 36.5694
350, 1, 563, 77.0816, 36.6757
351, 1, 563, 76.6665, 36.7821
352, 1, 562, 78.0147, 36.8882
353, 1, 561, 79.0147, 36.9969
354, 1, 560, 80.0147, 37.1045
355, 1, 560, 79.5997, 37.2167
356, 1, 559, 80.3629, 37.3315
357, 1, 558, 81.3629, 37.4479
358, 1, 558, 80.9478, 37.5618
359, 1, 557, 81.711, 37.6707
360, 1, 557, 81.3375, 37.7792
361, 1, 556, 82.1007, 37.887
362, 1, 555, 82.8639, 37.9951
363, 1, 554, 83.6271, 38.1056
364, 1, 553, 84.6271, 38.2115
365, 1, 553, 84.212, 38.3174
366, 1, 552, 84.9752, 38.4235
367, 1, 552, 84.6017, 38.5296
368, 1, 552, 84.2282, 38.6357
369, 1, 551, 84.9914, 38.7416
370, 1, 550, 85.7546, 38.8482
371, 1, 550, 85.381, 38.9551
372, 1, 550, 85.2281, 39.0607
373, 1, 550, 85.1751, 39.1671
374, 1, 549, 85.4164, 39.2738
375, 1, 549, 85.3634, 39.3809
376, 1, 549, 85.3455, 39.4868
377, 1, 549, 85.331, 39.6098
378, 1, 549, 85.2112, 39.7161
379, 1, 548, 85.564, 39.8225
380, 1, 548, 85.879, 39.9308
381, 1, 548, 85.8201, 40.0373
382, 1, 548, 85.7671, 40.1427
383, 1, 548, 85.7403, 40.244
384, 1, 548, 85.6873, 40.3508
385, 1, 548, 85.6035, 40.4559
386, 1, 548, 85.5197, 40.5612
387, 1, 548, 85.3668, 40.667
388, 1, 548, 85.2139, 40.773
389, 1, 547, 84.9817, 40.8791
390, 1, 546, 86.3298, 40.9849
391, 1, 546, 85.9563, 41.0908
392, 1, 546, 85.7518, 41.1964
393, 1, 545, 86.1045, 41.3025
394, 1, 545, 85.6196, 41.4086
395, 1, 545, 85.415, 41.5138
396, 1, 545, 85.0415, 41.6197
397, 1, 545, 84.668, 41.7254
398, 1, 545, 84.2944, 41.8314
399, 1, 544, 85.0576, 41.938
400, 1, 544, 84.6841, 42.0443
401, 1, 543, 85.6841, 42.1504
402, 1, 543, 85.2691, 42.2565
403, 1, 543, 85.1161, 42.3624
404, 1, 543, 85.0323, 42.4683
405, 1, 543, 84.6588, 42.5744
406, 1, 543, 84.2853, 42.6811
407, 1, 543, 84.1323, 42.7889
408, 1, 543, 83.7588, 42.9081
409, 1, 542, 83.5266, 43.0152
410, 1, 541, 84.2898, 43.1212
411, 1, 540, 85.053, 43.228
412, 1, 540, 84.568, 43.3335
413, 1, 540, 84.1945, 43.4393
414, 1, 539, 84.9577, 43.546
415, 1, 538, 84.7255, 43.6521
416, 1, 537, 85.4887, 43.7589
417, 1, 537, 85.1152, 43.8649
418, 1, 536, 85.8784, 43.9705
419, 1, 536, 85.5048, 44.0767
420, 1, 536, 85.4459, 44.1836
421, 1, 536, 85.4053, 44.2914
422, 1, 536, 85.0318, 44.3975
423, 1, 536, 84.6582, 44.5042
424, 1, 535, 85.4214, 44.6107
425, 1, 535, 85.2515, 44.7192
426, 1, 535, 84.878, 44.8259
427, 1, 535, 84.8365, 44.9324
428, 1, 535, 84.4629, 45.0385
429, 1, 535, 84.0894, 45.1445
430, 1, 534, 83.8572, 45.2508
431, 1, 534, 83.7043, 45.3566
432, 1, 534, 83.3307, 45.4671
433, 1, 533, 84.6789, 45.5737
434, 1, 533, 84.3054, 45.68
435, 1, 532, 85.0686, 45.7878
436, 1, 532, 84.9156, 45.8938
437, 1, 532, 84.3376, 46.0002
438, 1, 532, 84.1846, 46.1065
439, 1, 531, 84.3744, 46.2235
440, 1, 531, 84.2639, 46.3295
441, 1, 531, 84.1109, 46.4357
442, 1, 530, 84.2596, 46.5419
443, 1, 530, 84.1923, 46.6479
444, 1, 530, 84.1085, 46.7543
445, 1, 530, 84.0644, 46.8607
446, 1, 530, 83.9115, 46.9683
447, 1, 530, 83.801, 47.076
448, 1, 530, 83.316, 47.1825
449, 1, 530, 82.901, 47.2884
450, 1, 530, 82.5274, 47.3942
451, 1, 530, 82.4343, 47.5004
452, 1, 530, 82.2298, 47.6062
453, 1, 530, 82.0769, 47.7128
454, 1, 529, 82.8401, 47.8429
455, 1, 529, 82.6871, 47.9495
456, 1, 529, 82.5342, 48.0631
457, 1, 529, 82.3643, 48.1696
458, 1, 529, 82.2113, 48.2762
459, 1, 529, 82.1008, 48.4031
460, 1, 529, 82.017, 48.5101
461, 1, 529, 81.6435, 48.6161
462, 1, 529, 81.27, 48.7222
463, 1, 529, 81.117, 48.8293
464, 1, 529, 80.9641, 48.9358
465, 1, 529, 80.8803, 49.0425
466, 1, 529, 80.5068, 49.1485
467, 1, 529, 80.4394, 49.2548
468, 1, 529, 80.3864, 49.363
469, 1, 529, 80.3026, 49.4709
470, 1, 529, 80.2188, 49.589
471, 1, 529, 80.3115, 49.6956
472, 1, 529, 80.2526, 49.802
473, 1, 529, 80.2119, 49.908
474, 1, 529, 80.1451, 50.0141
475, 1, 529, 80.1085, 50.1193
476, 1, 529, 79.9556, 50.2258
477, 1, 528, 81.6603, 50.3318
478, 1, 527, 82.4235, 50.4375
479, 1, 527, 82.3397, 50.5434
480, 1, 527, 82.1352, 50.6493
481, 1, 527, 81.7616, 50.7705
482, 1, 527, 81.6087, 50.8765
483, 1, 527, 81.4558, 50.9828
484, 1, 527, 81.4028, 51.0898
485, 1, 527, 81.0292, 51.1959
486, 1, 527, 80.9454, 51.3054
487, 1, 526, 81.7086, 51.4114
488, 1, 526, 81.6556, 51.5176
489, 1, 526, 81.3922, 51.625
490, 1, 525, 82.1554, 51.7315
491, 1, 524, 82.3967, 51.8376
492, 1, 524, 82.0232, 51.945
493, 1, 524, 81.6497, 52.0534
494, 1, 524, 81.8716, 52.1595
495, 1, 524, 81.7187, 52.2659
496, 1, 524, 81.5657, 52.3723
497, 1, 524, 81.4819, 52.4791
498, 1, 524, 81.4454, 52.5848
499, 1, 524, 81.4013, 52.6912
500, 1, 524, 81.5237, 52.7976
501, 1, 524, 81.4266, 52.9134
502, 1, 524, 81.3963, 53.0203
503, 1, 524, 81.3433, 53.1267
504, 1, 524, 81.2903, 53.2341
505, 1, 524, 81.2538, 53.3401
506, 1, 524, 81.2008, 53.4677
507, 1, 524, 81.1642, 53.5745
508, 1, 524, 81.013, 53.681
509, 1, 524, 80.6395, 53.787
510, 1, 524, 80.5557, 53.8932
511, 1, 524, 80.4719, 53.9993
512, 1, 524, 80.4313, 54.1051
513, 1, 524, 80.3947, 54.2382
514, 1, 524, 80.3742, 54.3449
515, 1, 524, 80.3212, 54.4507
516, 1, 524, 80.2682, 54.5584
517, 1, 524, 80.2469, 54.6654
518, 1, 524, 80.18, 54.7719
519, 1, 524, 80.0271, 54.8785
520, 1, 524, 79.9905, 54.9838
521, 1, 524, 79.9067, 55.0905
522, 1, 524, 79.8537, 55.197
523, 1, 524, 79.824, 55.3015
524, 1, 524, 79.7269, 55.4096
525, 1, 524, 79.6903, 55.5171
526, 1, 524, 79.6676, 55.624
527, 1, 524, 79.6497, 55.7296
528, 1, 524, 79.6131, 55.8365
529, 1, 524, 79.5863, 55.9428
530, 1, 524, 79.5596, 56.0494
531, 1, 524, 79.6819, 56.1556
532, 1, 524, 79.6658, 56.274
533, 1, 524, 79.8877, 56.3803
534, 1, 524, 79.8512, 56.4869
535, 1, 524, 79.8392, 56.5931
536, 1, 524, 79.7421, 56.699
537, 1, 524, 79.7119, 56.8044
538, 1, 524, 79.7018, 56.9104
539, 1, 524, 79.6888, 57.0169
540, 1, 524, 79.6522, 57.1235
541, 1, 524, 79.4993, 57.2297
542, 1, 524, 79.2358, 57.336
543, 1, 524, 79.1993, 57.4422
544, 1, 524, 79.1627, 57.5486
545, 1, 524, 79.1097, 57.6544
546, 1, 524, 79.0883, 57.7604
547, 1, 524, 79.0036, 57.8668
548, 1, 524, 78.9368, 57.9725
549, 1, 523, 79.1265, 58.0788
550, 1, 523, 79.0997, 58.1859
551, 1, 523, 79.073, 58.2922
552, 1, 523, 79.0056, 58.4172
553, 1, 523, 78.9125, 58.5252
554, 1, 523, 78.8898, 58.6338
555, 1, 523, 78.8532, 58.7406
556, 1, 523, 78.8328, 58.8468
557, 1, 523, 78.8123, 58.954
558, 1, 523, 78.7962, 59.0599
559, 1, 523, 78.748, 59.1659
560, 1, 523, 78.6375, 59.2722
561, 1, 523, 78.4846, 59.3776
562, 1, 523, 78.4578, 59.4826
563, 1, 523, 78.3067, 59.5983
564, 1, 522, 78.4964, 59.7061
565, 1, 521, 79.2596, 59.8142
566, 1, 521, 78.8861, 59.9203
567, 1, 521, 78.7331, 60.027
568, 1, 521, 78.6493, 60.1338
569, 1, 521, 78.1644, 60.2396
570, 1, 520, 78.9276, 60.3459
571, 1, 519, 79.6908, 60.4591
572, 1, 518, 80.454, 60.5656
573, 1, 518, 80.0804, 60.6718
574, 1, 517, 80.8436, 60.7779
575, 1, 516, 81.6068, 60.8841
576, 1, 516, 81.2333, 60.9906
577, 1, 516, 81.0804, 61.0973
578, 1, 516, 80.7068, 61.2044
579, 1, 516, 80.3333, 61.3112
580, 1, 516, 80.2892, 61.4175
581, 1, 516, 80.2526, 61.5258
582, 1, 516, 80.3226, 61.6319
583, 1, 515, 80.0904, 61.7386
584, 1, 514, 81.4385, 61.8453
585, 1, 513, 82.2017, 61.9521
586, 1, 513, 81.7168, 62.0581
587, 1, 513, 81.3432, 62.1639
588, 1, 513, 81.0798, 62.2709
589, 1, 513, 80.9269, 62.3771
590, 1, 513, 80.8787, 62.4845
591, 1, 513, 80.7682, 62.5917
592, 1, 513, 80.6153, 62.6988
593, 1, 513, 80.5479, 62.8057
594, 1, 512, 80.7377, 62.9226
595, 1, 512, 80.3641, 63.0289
596, 1, 511, 81.3641, 63.1356
597, 1, 510, 82.1273, 63.2419
598, 1, 509, 83.1273, 63.3482
599, 1, 509, 82.7123, 63.4563
600, 1, 508, 83.4755, 63.5628
601, 1, 507, 83.7168, 63.6696
602, 1, 506, 84.48, 63.7764
603, 1, 506, 84.3695, 63.8832
604, 1, 506, 84.259, 63.9903
605, 1, 506, 84.1485, 64.0973
606, 1, 506, 84.1218, 64.2043
607, 1, 506, 83.9706, 64.3118
608, 1, 506, 83.8868, 64.419
609, 1, 505, 84.65, 64.526
610, 1, 505, 84.5662, 64.6329
611, 1, 505, 84.4133, 64.7397
612, 1, 505, 84.3603, 64.8464
613, 1, 505, 84.2929, 64.9544
614, 1, 505, 84.0884, 65.0615
615, 1, 505, 84.0046, 65.1687
616, 1, 504, 84.1533, 65.2739
617, 1, 504, 84.1003, 65.3827
618, 1, 504, 83.7268, 65.4898
619, 1, 504, 83.5738, 65.5993
620, 1, 504, 83.5471, 65.7079
621, 1, 504, 83.5105, 65.8143
622, 1, 504, 83.4431, 65.9212
623, 1, 504, 83.3991, 66.0288
624, 1, 504, 83.1945, 66.1356
625, 1, 504, 82.7096, 66.252
626, 1, 504, 82.336, 66.3586
627, 1, 504, 82.2255, 66.4665
628, 1, 504, 82.0726, 66.5735
629, 1, 504, 81.9888, 66.6805
630, 1, 504, 81.8359, 66.7877
631, 1, 504, 81.6829, 66.8949
632, 1, 504, 81.5991, 67.0023
633, 1, 504, 81.4462, 67.1094
634, 1, 503, 82.2094, 67.2167
635, 1, 503, 81.8359, 67.324
636, 1, 503, 81.7685, 67.4308
637, 1, 503, 81.6847, 67.5378
638, 1, 503, 81.5318, 67.6456
639, 1, 503, 81.4213, 67.7519
640, 1, 503, 81.3772, 67.8595
641, 1, 503, 81.3099, 67.9668
642, 1, 503, 81.3798, 68.0749
643, 1, 503, 81.3316, 68.1817
644, 1, 503, 81.2875, 68.2895
645, 1, 503, 81.2517, 68.3977
646, 1, 502, 81.4147, 68.506
647, 1, 502, 81.3943, 68.614
648, 1, 502, 81.1897, 68.7247
649, 1, 502, 81.1059, 68.8335
650, 1, 502, 80.953, 68.9419
651, 1, 501, 81.7162, 69.0499
652, 1, 500, 82.4794, 69.158
653, 1, 499, 83.4794, 69.2648
654, 1, 498, 84.2426, 69.3723
655, 1, 498, 83.8275, 69.4794
656, 1, 497, 84.5907, 69.598
657, 1, 497, 84.2172, 69.7049
658, 1, 497, 84.0643, 69.8128
659, 1, 496, 85.0643, 69.9203
660, 1, 496, 84.6907, 70.0279
661, 1, 496, 84.3172, 70.1354
662, 1, 496, 84.1643, 70.2434
663, 1, 495, 85.1643, 70.3517
664, 1, 495, 84.7907, 70.4593
665, 1, 494, 85.5539, 70.5668
666, 1, 494, 85.1389, 70.6836
667, 1, 493, 85.9021, 70.7917
668, 1, 493, 85.7492, 70.9089
669, 1, 493, 85.6654, 71.0159
670, 1, 493, 85.2503, 71.1235
671, 1, 493, 85.0974, 71.231
672, 1, 493, 84.7239, 71.3581
673, 2, 492, 85.7239, 71.464
674, 3, 492, 85.3088, 71.5716
675, 3, 491, 86.072, 71.6817
676, 3, 490, 86.8352, 71.7888
677, 3, 489, 87.5984, 71.8963
678, 3, 489, 87.2249, 72.0036
679, 3, 489, 86.8513, 72.1113
680, 3, 489, 86.6984, 72.219
681, 3, 488, 87.4616, 72.3269
682, 3, 488, 87.3087, 72.4348
683, 3, 488, 87.5306, 72.5425
684, 3, 488, 87.4633, 72.6496
685, 3, 488, 87.4103, 72.7569
686, 3, 488, 87.3898, 72.8643
687, 3, 488, 87.2927, 72.9816
688, 3, 488, 87.1398, 73.0889
689, 3, 488, 87.0868, 73.1963
690, 3, 488, 87.003, 73.3033
691, 3, 488, 86.8501, 73.4108
692, 3, 488, 86.7396, 73.5181
693, 3, 488, 86.6558, 73.6255
694, 3, 488, 86.629, 73.7332
695, 3, 488, 86.6136, 73.8438
696, 3, 488, 86.5654, 73.9522
697, 3, 488, 86.5124, 74.0614
698, 3, 488, 86.4286, 74.1695
699, 3, 488, 86.4018, 74.276
700, 3, 488, 86.3488, 74.3834
701, 3, 488, 86.265, 74.4907
702, 3, 488, 86.1121, 74.5984
703, 3, 487, 86.2533, 74.7062
704, 3, 487, 86.2328, 74.8131
705, 3, 487, 86.1963, 74.9204
706, 3, 487, 86.1808, 75.0271
707, 3, 487, 86.1182, 75.1353
708, 3, 487, 86.0823, 75.2433
709, 3, 487, 86.0619, 75.3523
710, 3, 487, 86.0316, 75.4604
711, 3, 487, 85.9786, 75.5688
712, 3, 487, 85.8948, 75.6763
713, 3, 487, 85.811, 75.7843
714, 3, 487, 85.758, 75.894
715, 3, 486, 85.9994, 76.0024
716, 3, 486, 85.9464, 76.1098
717, 3, 486, 85.7934, 76.2267
718, 3, 486, 85.6405, 76.3353
719, 3, 485, 85.7892, 76.4428
720, 3, 485, 85.7054, 76.5503
721, 3, 485, 85.7989, 76.6577
722, 3, 485, 85.7691, 76.7656
723, 3, 485, 85.7464, 76.8732
724, 3, 485, 85.7285, 76.9817
725, 3, 485, 85.6447, 77.0897
726, 3, 485, 85.0666, 77.1979
727, 3, 484, 86.4148, 77.3058
728, 3, 483, 87.4148, 77.4129
729, 3, 482, 88.178, 77.5205
730, 3, 482, 88.1414, 77.6286
731, 3, 482, 88.0884, 77.7368
732, 3, 482, 87.9355, 77.845
733, 3, 482, 87.9057, 77.953
734, 3, 482, 87.8384, 78.061
735, 3, 482, 87.7854, 78.1688
736, 3, 481, 87.9341, 78.2757
737, 3, 481, 87.89, 78.3837
738, 3, 481, 87.8273, 78.4921
739, 3, 481, 87.8006, 78.5997
740, 3, 480, 87.9418, 78.7076
741, 3, 480, 87.7718, 78.8162
742, 3, 480, 87.5673, 78.9254
743, 3, 480, 87.5143, 79.033
744, 3, 480, 87.3444, 79.1408
745, 3, 480, 87.2606, 79.249
746, 3, 480, 87.1076, 79.3575
747, 3, 480, 87.0546, 79.465
748, 3, 479, 87.2444, 79.5802
749, 3, 479, 87.0744, 79.6884
750, 3, 479, 86.7009, 79.7961
751, 3, 479, 86.3274, 79.9034
752, 3, 479, 86.2343, 80.0312
753, 3, 479, 86.1238, 80.1385
754, 3, 479, 86.0797, 80.2461
755, 3, 479, 86.0431, 80.3544
756, 3, 479, 85.9758, 80.4621
757, 3, 479, 85.9228, 80.5697
758, 3, 479, 85.8123, 80.6778
759, 3, 479, 85.5488, 80.7862
760, 3, 479, 85.1753, 80.8943
761, 3, 479, 85.1223, 81.0026
762, 3, 479, 85.0955, 81.1105
763, 3, 479, 85.121, 81.2181
764, 3, 479, 85.0997, 81.3272
765, 3, 479, 85.0323, 81.4355
766, 3, 479, 84.9957, 81.5431
767, 3, 479, 84.9592, 81.6516
768, 3, 479, 84.9289, 81.7621
769, 3, 479, 84.8924, 81.8695
770, 3, 479, 84.871, 81.9771
771, 3, 479, 84.8231, 82.085
772, 3, 479, 84.6532, 82.1928
773, 3, 478, 84.7909, 82.3028
774, 3, 478, 84.7379, 82.4115
775, 3, 478, 84.6541, 82.5203
776, 3, 478, 84.6176, 82.6286
777, 3, 478, 84.5817, 82.7366
778, 3, 478, 84.5451, 82.8473
779, 3, 478, 84.4778, 82.9674
780, 3, 478, 84.451, 83.0766
781, 3, 478, 84.4242, 83.185
782, 3, 478, 84.1608, 83.2929
783, 3, 478, 84.1078, 83.4004
784, 3, 478, 84.081, 83.5083
785, 3, 478, 83.9972, 83.616
786, 3, 478, 83.9134, 83.7247
787, 3, 478, 83.5399, 83.8325
788, 3, 478, 83.5194, 83.9407
789, 3, 477, 83.6825, 84.0504
790, 3, 477, 83.6663, 84.1592
791, 3, 477, 83.6502, 84.2678
792, 3, 477, 83.5829, 84.3761
793, 3, 477, 83.5299, 84.4841
794, 3, 477, 83.4933, 84.5924
795, 3, 477, 83.1197, 84.7002
796, 3, 477, 83.0667, 84.8087
797, 3, 477, 82.9697, 84.9173
798, 3, 477, 82.5961, 85.0254
799, 3, 477, 82.5123, 85.1333
800, 3, 477, 82.3594, 85.2408
801, 3, 477, 82.3153, 85.3483
802, 3, 477, 82.2851, 85.4574
803, 3, 476, 82.4338, 85.5651
804, 3, 476, 82.4064, 85.6732
805, 3, 476, 82.339, 85.7807
806, 3, 476, 82.286, 85.8894
807, 3, 476, 82.2494, 86.0022
808, 3, 476, 82.2129, 86.1111
809, 3, 476, 82.1861, 86.229
810, 3, 476, 82.1495, 86.3377
811, 3, 476, 82.1193, 86.4457
812, 3, 475, 82.309, 86.5544
813, 3, 475, 82.2252, 86.663
814, 3, 475, 82.1321, 86.7715
815, 3, 475, 82.0483, 86.8795
816, 3, 475, 81.9953, 86.9879
817, 3, 475, 81.9587, 87.0968
818, 3, 475, 81.8914, 87.2044
819, 3, 475, 82.1133, 87.3125
820, 3, 474, 82.2764, 87.4209
821, 3, 474, 82.255, 87.5291
822, 3, 474, 82.2388, 87.6377
823, 3, 474, 82.1715, 87.7465
824, 3, 474, 82.1185, 87.8551
825, 3, 473, 82.2553, 87.9644
826, 3, 473, 82.3252, 88.0722
827, 3, 473, 82.2811, 88.1807
828, 3, 473, 82.2544, 88.2891
829, 3, 473, 81.9909, 88.3966
830, 3, 473, 82.154, 88.5048
831, 3, 473, 82.0028, 88.6131
832, 3, 473, 81.7394, 88.7211
833, 3, 473, 81.6805, 88.8294
834, 3, 472, 81.8702, 88.9375
835, 3, 472, 81.8296, 89.0472
836, 3, 472, 81.7998, 89.1562
837, 3, 472, 81.7771, 89.2652
838, 3, 472, 81.6666, 89.3731
839, 3, 472, 81.6399, 89.4818
840, 3, 472, 81.5958, 89.5992
841, 3, 472, 81.5803, 89.7071
842, 3, 472, 81.4698, 89.8147
843, 3, 472, 80.9849, 89.9239
844, 3, 472, 80.6113, 90.0322
845, 3, 472, 80.5811, 90.1408
846, 3, 472, 80.537, 90.2491
847, 3, 472, 80.484, 90.3574
848, 3, 472, 80.4474, 90.466
849, 3, 472, 80.433, 90.5745
850, 3, 472, 80.4062, 90.6851
851, 3, 472, 80.3696, 90.7938
852, 3, 472, 80.3492, 90.9024
853, 3, 472, 80.3337, 91.0099
854, 3, 472, 80.3218, 91.1181
855, 3, 472, 80.3013, 91.2288
856, 3, 472, 80.2745, 91.337
857, 3, 472, 80.1907, 91.445
858, 3, 472, 80.1466, 91.5528
859, 3, 472, 80.1305, 91.6612
860, 3, 472, 79.9794, 91.7715
861, 3, 472, 79.8264, 91.8802
862, 3, 472, 79.806, 91.9902
863, 3, 472, 79.7855, 92.0991
864, 3, 472, 79.7588, 92.2088
865, 3, 472, 79.7426, 92.3192
866, 3, 472, 79.7272, 92.4284
867, 3, 472, 79.7111, 92.5376
868, 3, 472, 79.6898, 92.6463
869, 3, 472, 79.6624, 92.7554
870, 3, 472, 79.6419, 92.8643
871, 3, 472, 79.6289, 92.9856
872, 3, 472, 79.612, 93.0938
873, 3, 472, 79.5907, 93.2024
874, 3, 472, 79.5773, 93.3123
875, 3, 472, 79.547, 93.421
876, 3, 472, 79.5168, 93.5292
877, 3, 472, 79.5067, 93.6367
878, 3, 472, 79.4537, 93.7451
879, 3, 472, 79.3008, 93.8535
880, 3, 472, 79.2847, 93.9619
881, 3, 472, 79.2734, 94.0712
882, 3, 472, 79.2648, 94.1795
883, 3, 472, 79.2575, 94.2875
884, 3, 472, 79.251, 94.4161
885, 3, 472, 79.2136, 94.5249
886, 3, 472, 79.1922, 94.6331
887, 3, 472, 79.0817, 94.7443
888, 3, 472, 78.6667, 94.8521
889, 3, 472, 78.6301, 94.9603
890, 3, 472, 78.5771, 95.0686
891, 3, 472, 78.564, 95.1773
892, 3, 472, 78.52, 95.2862
893, 3, 472, 78.4834, 95.3941
894, 3, 472, 78.4352, 95.5038
895, 3, 472, 78.0617, 95.6128
896, 3, 472, 77.9779, 95.7223
897, 3, 472, 77.825, 95.8308
898, 3, 472, 77.6204, 95.9392
899, 3, 472, 77.5099, 96.0476
900, 3, 472, 77.3994, 96.1555
901, 3, 472, 77.3635, 96.2706
902, 3, 472, 77.3277, 96.3799
903, 3, 472, 77.2974, 96.4878
904, 3, 472, 77.282, 96.5957
905, 3, 472, 76.9085, 96.7045
906, 3, 472, 76.8817, 96.8126
907, 3, 472, 76.8376, 96.9212
908, 3, 472, 76.8172, 97.0298
909, 3, 472, 76.7967, 97.1386
910, 3, 472, 76.9606, 97.247
911, 3, 472, 76.7797, 97.3533
912, 3, 472, 76.7618, 97.4705
913, 3, 472, 76.6089, 97.5797
914, 3, 472, 76.4559, 97.6889
915, 3, 472, 76.3886, 97.7974
916, 3, 472, 76.3297, 97.9074
917, 3, 472, 76.3093, 98.0157
918, 3, 472, 76.279, 98.124
919, 3, 472, 76.1592, 98.233
920, 3, 472, 76.1378, 98.3415
921, 3, 472, 75.9867, 98.4491
922, 3, 472, 75.9653, 98.5572
923, 3, 472, 75.9379, 98.6657
924, 3, 472, 75.8408, 98.7744
925, 3, 472, 75.7437, 98.8833
926, 3, 472, 75.6599, 98.9915
927, 3, 472, 75.2449, 99.1003
928, 3, 472, 75.1611, 99.2092
929, 3, 472, 75.117, 99.318
930, 3, 472, 75.1009, 99.4259
931, 3, 472, 75.0864, 99.5342
932, 3, 472, 75.0562, 99.656
933, 3, 471, 75.1937, 99.7644
934, 3, 471, 75.1571, 99.875
935, 3, 470, 75.2964, 99.9837
936, 3, 470, 75.2881, 100.092
937, 3, 470, 75.2579, 100.201
938, 3, 470, 75.2417, 100.311
939, 3, 470, 75.2305, 100.419
940, 3, 470, 75.1631, 100.527
941, 3, 470, 75.0793, 100.636
942, 3, 470, 75.0632, 100.748
943, 3, 470, 75.0501, 100.86
944, 3, 470, 75.0371, 100.969
945, 3, 469, 75.1746, 101.077
946, 3, 469, 75.1633, 101.186
947, 3, 469, 75.1521, 101.295
948, 3, 469, 75.108, 101.404
949, 3, 469, 75.055, 101.512
950, 3, 469, 75.0109, 101.62
951, 3, 469, 74.9271, 101.729
952, 3, 469, 74.914, 101.837
953, 3, 469, 74.8838, 101.945
954, 3, 469, 74.873, 102.054
955, 3, 469, 74.4995, 102.163
956, 3, 469, 74.4064, 102.271
957, 3, 469, 74.3475, 102.379
958, 3, 469, 74.3344, 102.488
959, 3, 468, 74.4712, 102.597
960, 3, 468, 74.4508, 102.706
961, 3, 468, 74.4029, 102.815
962, 3, 468, 74.3875, 102.934
963, 3, 468, 74.3767, 103.045
964, 3, 468, 74.3606, 103.153
965, 3, 468, 74.2938, 103.261
966, 3, 468, 74.0893, 103.37
967, 3, 468, 73.9363, 103.479
968, 3, 468, 73.9251, 103.588
969, 3, 468, 73.8769, 103.716
970, 3, 468, 73.724, 103.824
971, 3, 468, 73.3504, 103.932
972, 3, 468, 73.1805, 104.042
973, 3, 468, 72.807, 104.15
974, 3, 468, 72.4335, 104.259
975, 3, 468, 72.2805, 104.368
976, 3, 468, 71.907, 104.476
977, 3, 467, 72.6702, 104.592
978, 3, 467, 72.5173, 104.7
979, 3, 467, 72.1437, 104.808
980, 3, 466, 72.9069, 104.919
981, 3, 465, 73.6701, 105.027
982, 3, 464, 74.4333, 105.137
983, 3, 463, 74.7861, 105.246
984, 3, 462, 75.5493, 105.354
985, 3, 461, 76.5493, 105.463
986, 3, 461, 76.1342, 105.573
987, 3, 461, 75.9643, 105.682
988, 3, 461, 75.8712, 105.79
989, 3, 460, 76.6344, 105.899
990, 3, 459, 77.3976, 106.007
991, 3, 458, 78.1608, 106.116
992, 3, 457, 77.9286, 106.237
993, 3, 456, 78.6918, 106.346
994, 3, 455, 79.455, 106.455
995, 3, 454, 80.455, 106.564
996, 3, 453, 81.2182, 106.673
997, 3, 452, 81.9814, 106.782
998, 3, 451, 82.7446, 106.892
999, 3, 451, 82.3711, 107.001
1000, 3, 451, 81.956, 107.111
1001, 3, 450, 82.7192, 107.221
1002, 3, 449, 83.4824, 107.332
1003, 3, 449, 83.1089, 107.442
1004, 3, 448, 82.8767, 107.552
1005, 3, 448, 82.5032, 107.662
1006, 3, 448, 82.1296, 107.771
1007, 3, 448, 81.9767, 107.88
1008, 3, 448, 81.6032, 108.001
1009, 3, 447, 82.3663, 108.112
1010, 3, 446, 83.3663, 108.221
1011, 3, 445, 84.1295, 108.332
1012, 3, 445, 83.756, 108.442
1013, 3, 444, 84.5192, 108.552
1014, 3, 443, 85.2824, 108.661
1015, 3, 442, 86.2824, 108.771
1016, 3, 442, 85.8674, 108.88
1017, 3, 442, 85.6974, 108.989
1018, 3, 441, 86.6974, 109.098
1019, 3, 441, 86.6043, 109.208
1020, 3, 441, 86.1893, 109.317
1021, 3, 441, 86.0194, 109.428
1022, 3, 441, 85.9605, 109.538
1023, 3, 440, 86.7237, 109.659
1024, 3, 439, 87.4869, 109.768
1025, 3, 439, 87.1133, 109.922
1026, 3, 438, 86.8811, 110.032
1027, 3, 437, 88.2293, 110.141
1028, 3, 436, 88.9925, 110.25
1029, 3, 436, 88.619, 110.36
1030, 3, 435, 89.3822, 110.468
1031, 3, 435, 89.2984, 110.578
1032, 3, 435, 89.1454, 110.687
1033, 3, 434, 89.9086, 110.797
1034, 3, 434, 89.7557, 110.906
1035, 3, 434, 89.3822, 111.016
1036, 3, 434, 89.0086, 111.125
1037, 3, 433, 89.7718, 111.234
1038, 3, 432, 90.7718, 111.344
1039, 3, 432, 90.3568, 111.454
1040, 3, 432, 90.1869, 111.564
1041, 3, 432, 89.8133, 111.674
1042, 3, 432, 89.4398, 111.784
1043, 3, 432, 89.0663, 111.894
1044, 3, 431, 90.0663, 112.004
1045, 3, 431, 89.9133, 112.113
1046, 3, 430, 90.6765, 112.222
1047, 3, 429, 91.4397, 112.332
1048, 3, 429, 91.2698, 112.442
1049, 3, 429, 90.8963, 112.565
1050, 3, 429, 90.8433, 112.675
1051, 3, 429, 90.7502, 112.784
1052, 3, 429, 90.5972, 112.904
1053, 3, 428, 90.365, 113.014
1054, 3, 427, 91.7132, 113.124
1055, 3, 427, 91.6543, 113.234
1056, 3, 427, 91.5014, 113.344
1057, 3, 427, 91.4648, 113.454
1058, 3, 426, 91.6545, 113.564
1059, 3, 426, 91.5707, 113.674
1060, 3, 426, 91.5292, 113.784
1061, 3, 425, 91.297, 113.897
1062, 3, 425, 90.8121, 114.006
1063, 3, 425, 90.7016, 114.116
1064, 3, 425, 90.328, 114.225
1065, 3, 425, 89.9545, 114.339
1066, 3, 424, 90.7177, 114.448
1067, 3, 423, 91.0705, 114.558
1068, 3, 422, 91.8337, 114.669
1069, 3, 422, 91.6807, 114.779
1070, 3, 422, 91.6401, 114.889
1071, 3, 422, 91.5563, 114.999
1072, 3, 422, 91.5295, 115.108
1073, 3, 422, 91.4765, 115.218
1074, 3, 421, 92.2397, 115.328
1075, 3, 421, 91.7547, 115.438
1076, 3, 420, 92.5179, 115.548
1077, 3, 419, 93.5179, 115.658
1078, 3, 419, 93.1029, 115.766
1079, 3, 418, 92.8707, 115.876
1080, 3, 417, 93.6339, 115.986
1081, 3, 416, 93.4017, 116.096
1082, 3, 415, 94.4017, 116.22
1083, 3, 414, 95.7499, 116.331
1084, 3, 414, 95.3763, 116.442
1085, 3, 414, 95.0028, 116.552
1086, 3, 414, 94.7983, 116.662
1087, 3, 413, 95.151, 116.774
1088, 3, 413, 94.6661, 116.884
1089, 3, 412, 95.4293, 116.995
1090, 3, 411, 96.1925, 117.106
1091, 3, 411, 96.082, 117.218
1092, 3, 411, 95.8774, 117.325
1093, 3, 411, 95.5039, 117.436
1094, 3, 411, 95.4201, 117.545
1095, 3, 411, 95.3528, 117.656
1096, 3, 410, 95.5158, 117.767
1097, 3, 410, 95.1423, 117.877
1098, 3, 410, 94.9893, 117.987
1099, 3, 409, 95.2307, 118.098
1100, 3, 409, 95.0777, 118.208
1101, 3, 409, 94.7042, 118.319
1102, 3, 409, 94.2892, 118.429
1103, 3, 408, 95.0524, 118.539
1104, 3, 407, 95.8156, 118.65
1105, 3, 407, 95.7951, 118.761
1106, 3, 407, 95.7585, 118.872
1107, 3, 407, 95.7424, 118.992
1108, 3, 407, 95.6894, 119.102
1109, 3, 407, 95.4849, 119.212
1110, 3, 407, 95.4408, 119.322
1111, 3, 407, 95.3734, 119.432
1112, 3, 407, 95.3467, 119.551
1113, 3, 407, 95.3336, 119.661
1114, 3, 407, 95.3132, 119.771
1115, 3, 406, 96.0764, 119.882
1116, 3, 406, 95.9234, 119.992
1117, 3, 406, 95.9127, 120.102
1118, 3, 406, 95.8761, 120.213
1119, 3, 406, 95.7656, 120.323
1120, 3, 406, 95.7358, 120.433
1121, 3, 406, 95.7091, 120.544
1122, 3, 405, 97.0572, 120.655
1123, 3, 404, 97.8204, 120.766
1124, 3, 404, 97.7531, 120.876
1125, 3, 404, 97.7304, 120.987
1126, 3, 404, 97.7142, 121.098
1127, 3, 404, 97.6037, 121.208
1128, 3, 403, 98.9519, 121.319
1129, 3, 403, 98.5783, 121.43
1130, 3, 403, 98.2048, 121.54
1131, 3, 403, 98.121, 121.65
1132, 3, 403, 97.6361, 121.76
1133, 3, 403, 97.4831, 121.87
1134, 3, 403, 97.2786, 121.981
1135, 3, 403, 97.1256, 122.092
1136, 3, 403, 96.7106, 122.204
1137, 3, 403, 96.5577, 122.314
1138, 3, 403, 96.1841, 122.425
1139, 3, 403, 95.6992, 122.536
1140, 3, 403, 95.2142, 122.646
1141, 3, 403, 94.8407, 122.765
1142, 3, 403, 94.7877, 122.885
1143, 3, 403, 94.6772, 122.996
1144, 3, 403, 94.5934, 123.107
1145, 3, 403, 94.5096, 123.217
1146, 3, 403, 94.473, 123.328
1147, 3, 403, 94.4057, 123.439
1148, 3, 403, 94.3966, 123.551
1149, 3, 403, 94.3664, 123.662
1150, 3, 403, 94.3396, 123.772
1151, 3, 403, 94.1867, 123.883
1152, 3, 403, 93.8132, 123.994
1153, 3, 403, 93.7294, 124.105
1154, 3, 403, 93.5764, 124.215
1155, 3, 403, 93.5323, 124.325
1156, 3, 403, 93.1588, 124.435
1157, 3, 402, 93.922, 124.546
1158, 3, 401, 94.6852, 124.657
1159, 3, 400, 95.4484, 124.768
1160, 3, 399, 96.4484, 124.879
1161, 3, 399, 96.0334, 124.99
1162, 3, 398, 96.7966, 125.102
1163, 3, 398, 96.6266, 125.211
1164, 3, 398, 96.5335, 125.321
1165, 3, 398, 96.4746, 125.431
1166, 3, 398, 96.1011, 125.543
1167, 3, 398, 95.7276, 125.653
1168, 3, 398, 95.6869, 125.764
1169, 3, 397, 97.0351, 125.874
1170, 3, 397, 96.6615, 125.985
1171, 3, 397, 96.1766, 126.095
1172, 3, 396, 96.9398, 126.205
1173, 3, 395, 97.703, 126.323
1174, 3, 395, 97.55, 126.434
1175, 3, 395, 97.1765, 126.546
1176, 3, 394, 98.1765, 126.658
1177, 3, 393, 98.9397, 126.768
1178, 3, 392, 99.7029, 126.879
1179, 3, 392, 99.55, 126.99
1180, 3, 392, 99.5202, 127.101
1181, 3, 391, 99.7616, 127.213
1182, 3, 391, 99.557, 127.324
1183, 3, 390, 99.7468, 127.437
1184, 3, 390, 99.3732, 127.548
1185, 3, 390, 99.2203, 127.659
1186, 3, 390, 98.8468, 127.772
1187, 3, 390, 98.763, 127.884
1188, 3, 389, 99.5262, 127.997
1189, 3, 389, 99.1526, 128.109
1190, 3, 389, 99.1085, 128.221
1191, 3, 389, 99.0906, 128.333
1192, 3, 389, 99.0702, 128.475
1193, 3, 389, 99.3852, 128.587
1194, 3, 389, 99.355, 128.698
1195, 3, 389, 99.3405, 128.811
1196, 3, 389, 99.3285, 128.923
1197, 3, 388, 99.466, 129.035
1198, 3, 388, 99.4446, 129.146
1199, 3, 388, 99.2401, 129.258
1200, 3, 388, 99.0872, 129.37
1201, 3, 388, 99.0034, 129.484
1202, 3, 388, 98.9196, 129.607
1203, 3, 387, 99.0573, 129.719
1204, 3, 387, 98.9044, 129.831
1205, 3, 387, 98.6998, 129.943
1206, 3, 387, 98.3263, 130.054
1207, 3, 387, 97.9528, 130.165
1208, 3, 387, 97.7482, 130.276
1209, 3, 386, 97.938, 130.389
1210, 3, 385, 98.7012, 130.501
1211, 3, 384, 99.4643, 130.612
1212, 3, 384, 99.3538, 130.723
1213, 3, 384, 99.2009, 130.834
1214, 3, 383, 100.201, 130.946
1215, 3, 383, 100.048, 131.071
1216, 3, 382, 101.048, 131.182
1217, 3, 382, 100.633, 131.293
1218, 3, 381, 101.633, 131.406
1219, 3, 381, 101.259, 131.517
1220, 3, 381, 101.176, 131.628
1221, 3, 381, 100.802, 131.74
1222, 3, 380, 101.565, 131.853
1223, 3, 379, 102.328, 131.964
1224, 3, 378, 103.092, 132.076
1225, 3, 378, 102.939, 132.188
1226, 3, 378, 102.565, 132.299
1227, 3, 377, 103.328, 132.41
1228, 3, 376, 104.092, 132.53
1229, 3, 376, 104.07, 132.641
1230, 3, 376, 104.06, 132.752
1231, 3, 376, 104.052, 132.864
1232, 3, 376, 104.035, 132.984
1233, 3, 376, 104.02, 133.095
1234, 3, 376, 104.009, 133.207
1235, 3, 376, 103.856, 133.318
1236, 3, 376, 103.833, 133.429
1237, 3, 376, 103.815, 133.54
1238, 3, 376, 103.705, 133.651
1239, 3, 376, 103.535, 133.764
1240, 3, 376, 103.424, 133.875
1241, 3, 376, 103.051, 133.985
1242, 3, 376, 102.967, 134.097
1243, 3, 376, 102.9, 134.208
1244, 3, 376, 102.847, 134.319
1245, 3, 376, 102.677, 134.43
1246, 3, 376, 102.584, 134.542
1247, 3, 376, 102.431, 134.654
1248, 3, 376, 102.32, 134.765
1249, 3, 376, 101.947, 134.876
1250, 3, 376, 101.573, 134.991
1251, 3, 376, 101.736, 135.103
1252, 3, 376, 101.669, 135.215
1253, 3, 376, 101.585, 135.326
1254, 3, 376, 101.432, 135.437
1255, 3, 376, 101.348, 135.549
1256, 3, 376, 101.195, 135.659
1257, 3, 375, 101.958, 135.775
1258, 3, 375, 101.806, 135.886
1259, 3, 375, 101.432, 135.998
1260, 3, 375, 101.424, 136.109
1261, 3, 375, 101.416, 136.23
1262, 3, 375, 101.41, 136.341
1263, 3, 375, 101.403, 136.451
1264, 3, 374, 101.541, 136.563
1265, 3, 374, 101.533, 136.674
1266, 3, 374, 101.522, 136.785
1267, 3, 374, 101.438, 136.896
1268, 3, 374, 101.065, 137.008
1269, 3, 374, 100.972, 137.119
1270, 3, 374, 100.913, 137.231
1271, 3, 374, 100.76, 137.351
1272, 3, 374, 100.386, 137.462
1273, 3, 374, 99.8083, 137.582
1274, 3, 373, 100.808, 137.694
1275, 3, 372, 101.572, 137.806
1276, 3, 372, 101.198, 137.917
1277, 3, 371, 100.966, 138.029
1278, 3, 371, 100.592, 138.141
1279, 3, 371, 100.581, 138.253
1280, 3, 371, 100.566, 138.366
1281, 3, 371, 100.521, 138.478
1282, 3, 371, 100.517, 138.588
1283, 3, 371, 100.45, 138.7
1284, 3, 371, 100.397, 138.811
1285, 3, 371, 100.227, 138.922
1286, 3, 370, 100.58, 139.033
1287, 3, 370, 100.527, 139.144
1288, 3, 370, 100.474, 139.267
1289, 3, 370, 100.421, 139.378
1290, 3, 370, 100.337, 139.49
1291, 3, 370, 100.307, 139.613
1292, 3, 370, 100.3, 139.725
1293, 3, 370, 100.293, 139.836
1294, 3, 370, 100.288, 139.947
1295, 3, 370, 100.313, 140.057
1296, 3, 370, 100.304, 140.168
1297, 3, 370, 100.151, 140.28
1298, 3, 370, 99.9985, 140.391
1299, 3, 370, 99.9311, 140.503
1300, 3, 370, 99.8638, 140.614
1301, 3, 370, 99.9564, 140.726
1302, 3, 370, 99.8726, 140.837
1303, 3, 370, 99.7888, 140.949
1304, 3, 369, 100.552, 141.06
1305, 3, 368, 101.552, 141.172
1306, 3, 367, 102.315, 141.282
1307, 3, 367, 101.9, 141.395
1308, 3, 367, 101.527, 141.506
1309, 3, 367, 101.112, 141.617
1310, 3, 367, 100.942, 141.728
1311, 3, 367, 100.849, 141.839
1312, 3, 367, 100.79, 141.95
1313, 3, 367, 100.416, 142.062
1314, 3, 367, 100.349, 142.175
1315, 3, 367, 100.335, 142.286
1316, 3, 367, 100.182, 142.398
1317, 3, 367, 100.145, 142.509
1318, 3, 367, 100.101, 142.62
1319, 3, 366, 101.101, 142.732
1320, 3, 366, 101.065, 142.843
1321, 3, 366, 100.981, 142.965
1322, 3, 366, 100.828, 143.075
1323, 3, 365, 100.991, 143.188
1324, 3, 365, 100.506, 143.299
1325, 3, 365, 100.422, 143.41
1326, 3, 365, 100.007, 143.522
1327, 3, 365, 99.8543, 143.634
1328, 3, 365, 99.7869, 143.746
1329, 3, 365, 99.7031, 143.859
1330, 3, 365, 99.3296, 143.97
1331, 3, 365, 99.2458, 144.083
1332, 3, 365, 98.8722, 144.195
1333, 3, 364, 100.22, 144.307
1334, 3, 364, 100.067, 144.419
1335, 3, 364, 100.062, 144.53
1336, 3, 364, 100.041, 144.642
1337, 3, 364, 99.9306, 144.753
1338, 3, 364, 99.8468, 144.864
1339, 3, 364, 99.4733, 144.975
1340, 3, 364, 99.3204, 145.087
1341, 3, 364, 99.2674, 145.198
1342, 3, 364, 99.2372, 145.311
1343, 3, 364, 99.1931, 145.423
1344, 3, 364, 99.1565, 145.534
1345, 3, 364, 99.1351, 145.645
1346, 3, 364, 99.128, 145.757
1347, 3, 364, 99.1222, 145.869
1348, 3, 364, 99.1054, 145.981
1349, 3, 364, 99.038, 146.093
1350, 3, 364, 98.985, 146.217
1351, 3, 364, 98.9261, 146.331
1352, 3, 364, 98.8855, 146.443
1353, 3, 364, 98.8017, 146.554
1354, 3, 364, 98.5971, 146.666
1355, 3, 364, 98.5441, 146.78
1356, 3, 364, 98.3742, 146.892
1357, 3, 364, 98.3069, 147.003
1358, 3, 364, 98.1539, 147.115
1359, 3, 363, 98.3437, 147.227
1360, 3, 363, 98.2332, 147.338
1361, 3, 363, 98.0802, 147.451
1362, 3, 363, 97.9964, 147.563
1363, 3, 362, 98.7596, 147.674
1364, 3, 362, 98.6067, 147.785
1365, 3, 362, 98.3433, 147.896
1366, 3, 361, 99.1065, 148.007
1367, 3, 361, 98.9535, 148.119
1368, 3, 361, 98.8697, 148.24
1369, 3, 361, 98.8395, 148.352
1370, 3, 361, 98.9094, 148.465
1371, 3, 361, 98.8827, 148.577
1372, 3, 361, 98.8613, 148.69
1373, 3, 361, 98.8399, 148.802
1374, 3, 361, 98.8919, 148.914
1375, 3, 361, 98.8081, 149.026
1376, 3, 361, 98.764, 149.138
1377, 3, 361, 98.711, 149.25
1378, 3, 361, 98.5581, 149.361
1379, 3, 360, 98.7211, 149.474
1380, 3, 360, 98.6538, 149.595
1381, 3, 360, 98.6008, 149.707
1382, 3, 359, 98.7495, 149.819
1383, 3, 359, 98.3759, 149.93
1384, 3, 359, 98.3353, 150.042
1385, 3, 358, 99.3353, 150.154
1386, 3, 358, 98.9618, 150.265
1387, 3, 358, 98.878, 150.384
1388, 3, 358, 98.825, 150.496
1389, 3, 358, 98.772, 150.607
1390, 3, 358, 98.76, 150.718
1391, 3, 358, 98.7298, 150.831
1392, 3, 358, 98.6857, 150.943
1393, 3, 358, 98.6491, 151.056
1394, 3, 358, 98.6085, 151.167
1395, 3, 358, 98.4555, 151.279
1396, 3, 358, 98.0405, 151.39
1397, 3, 357, 98.2818, 151.503
1398, 3, 357, 98.1289, 151.614
1399, 3, 357, 98.0991, 151.726
1400, 3, 357, 98.0764, 151.837
1401, 3, 357, 97.9926, 151.949
1402, 3, 357, 97.7881, 152.063
1403, 3, 357, 97.6352, 152.175
1404, 3, 357, 97.4652, 152.287
1405, 3, 357, 97.4355, 152.399
1406, 3, 357, 97.325, 152.521
1407, 3, 357, 97.272, 152.634
1408, 3, 357, 97.2354, 152.746
1409, 3, 357, 97.1516, 152.859
1410, 3, 357, 97.1248, 152.984
1411, 3, 357, 97.1198, 153.096
1412, 3, 357, 97.1063, 153.211
1413, 3, 357, 97.0909, 153.324
1414, 3, 357, 97.0427, 153.437
1415, 3, 357, 97.0062, 153.549
1416, 3, 357, 96.9857, 153.662
1417, 3, 357, 96.9491, 153.774
1418, 3, 357, 97.113, 153.886
1419, 3, 357, 97.06, 153.998
1420, 3, 357, 97.0487, 154.11
1421, 3, 356, 97.1974, 154.222
1422, 3, 356, 97.182, 154.335
1423, 3, 356, 97.1461, 154.447
1424, 3, 356, 97.1021, 154.559
1425, 3, 356, 97.0753, 154.67
1426, 3, 355, 97.2121, 154.782
1427, 3, 355, 97.2008, 154.894
1428, 3, 355, 97.1963, 155.007
1429, 3, 355, 97.1919, 155.119
1430, 3, 355, 97.1861, 155.231
1431, 3, 355, 97.2531, 155.343
1432, 3, 355, 97.2156, 155.455
1433, 3, 355, 97.1854, 155.567
1434, 3, 355, 96.7004, 155.679
1435, 3, 355, 96.6904, 155.792
1436, 3, 355, 96.6066, 155.905
1437, 3, 355, 96.8285, 156.016
1438, 3, 355, 97.1436, 156.128
1439, 3, 355, 96.8801, 156.252
1440, 3, 355, 96.8271, 156.364
1441, 3, 355, 96.676, 156.476
1442, 3, 355, 96.6546, 156.589
1443, 3, 355, 96.6065, 156.701
1444, 3, 355, 96.8284, 156.814
1445, 3, 355, 96.5649, 156.927
1446, 3, 355, 96.5609, 157.04
1447, 3, 355, 96.5562, 157.153
1448, 3, 355, 96.5032, 157.266
1449, 3, 355, 96.4194, 157.38
1450, 3, 355, 96.3753, 157.493
1451, 3, 355, 96.3549, 157.606
1452, 3, 355, 96.3183, 157.719
1453, 3, 355, 96.3029, 157.832
1454, 3, 355, 96.2499, 157.943
1455, 3, 355, 96.1825, 158.055
1456, 3, 355, 95.809, 158.167
1457, 3, 355, 95.6561, 158.279
1458, 3, 355, 95.6478, 158.392
1459, 3, 355, 95.6438, 158.504
1460, 3, 355, 95.6355, 158.615
1461, 3, 355, 95.7994, 158.728
1462, 3, 355, 95.8063, 158.841
1463, 3, 354, 97.511, 158.97
1464, 3, 353, 98.2742, 159.082
1465, 3, 352, 99.0374, 159.195
1466, 3, 352, 98.6639, 159.306
1467, 3, 352, 98.5109, 159.418
1468, 3, 352, 98.1374, 159.532
1469, 3, 351, 98.9006, 159.651
1470, 3, 350, 99.2534, 159.763
1471, 3, 350, 98.7684, 159.876
1472, 3, 350, 98.6846, 159.988
1473, 3, 350, 98.6316, 160.102
1474, 3, 350, 98.4787, 160.214
1475, 3, 350, 98.1052, 160.326
1476, 3, 350, 97.9522, 160.439
1477, 3, 350, 97.4673, 160.552
1478, 3, 350, 97.2973, 160.666
1479, 3, 349, 98.0605, 160.778
1480, 3, 349, 97.9076, 160.89
1481, 3, 348, 98.1489, 161.003
1482, 3, 347, 98.9121, 161.115
1483, 3, 347, 98.5386, 161.231
1484, 3, 347, 98.1651, 161.343
1485, 3, 347, 98.0121, 161.454
1486, 3, 347, 97.8592, 161.567
1487, 3, 346, 98.6224, 161.68
1488, 3, 346, 98.5386, 161.794
1489, 3, 346, 98.4548, 161.908
1490, 3, 346, 98.3019, 162.021
1491, 3, 345, 98.4506, 162.135
1492, 3, 345, 98.2976, 162.248
1493, 3, 345, 98.1447, 162.363
1494, 3, 345, 97.7712, 162.476
1495, 3, 345, 97.6012, 162.589
1496, 3, 345, 97.1862, 162.702
1497, 3, 345, 97.0163, 162.815
1498, 3, 345, 96.9232, 162.941
1499, 3, 345, 96.8643, 163.053
1500, 3, 345, 96.7712, 163.166
1501, 3, 345, 96.7305, 163.279
1502, 3, 345, 96.5776, 163.391
1503, 3, 345, 96.4247, 163.504
1504, 3, 345, 96.0511, 163.616
1505, 3, 344, 96.8143, 163.728
1506, 3, 344, 96.7305, 163.84
1507, 3, 344, 96.6467, 163.952
1508, 3, 344, 96.5629, 164.064
1509, 3, 344, 96.41, 164.177
1510, 3, 344, 96.357, 164.29
1511, 3, 344, 96.2732, 164.402
1512, 3, 343, 96.041, 164.517
1513, 3, 342, 97.3892, 164.629
1514, 3, 341, 98.3892, 164.742
1515, 3, 341, 97.9741, 164.854
1516, 3, 341, 97.8042, 164.966
1517, 3, 341, 97.7111, 165.078
1518, 3, 341, 97.6522, 165.19
1519, 3, 341, 97.2787, 165.302
1520, 3, 341, 97.1257, 165.414
1521, 3, 341, 96.7522, 165.527
1522, 3, 341, 96.6992, 165.638
1523, 3, 341, 96.5463, 165.75
1524, 3, 340, 96.899, 165.881
1525, 3, 340, 96.4141, 165.994
1526, 3, 340, 96.3611, 166.106
1527, 3, 340, 96.1565, 166.228
1528, 3, 340, 96.1199, 166.34
1529, 3, 340, 95.635, 166.453
1530, 3, 340, 95.5943, 166.564
1531, 3, 339, 96.3575, 166.677
1532, 3, 338, 97.3575, 166.789
1533, 3, 338, 96.984, 166.902
1534, 3, 338, 96.9543, 167.014
1535, 3, 338, 96.8013, 167.126
1536, 3, 338, 96.5968, 167.239
1537, 3, 338, 96.5741, 167.352
1538, 3, 338, 96.5561, 167.464
1539, 3, 337, 97.3193, 167.578
1540, 3, 337, 97.2355, 167.691
1541, 3, 337, 97.2088, 167.804
1542, 3, 337, 97.1558, 167.918
1543, 3, 337, 97.072, 168.031
1544, 3, 337, 96.9882, 168.143
1545, 3, 337, 96.8352, 168.256
1546, 3, 337, 96.7987, 168.368
1547, 3, 337, 96.7313, 168.48
1548, 3, 337, 96.3578, 168.593
1549, 3, 337, 96.1879, 168.706
1550, 3, 337, 96.0349, 168.818
1551, 3, 337, 95.9819, 168.93
1552, 3, 337, 95.9665, 169.043
1553, 3, 337, 95.9552, 169.156
1554, 3, 337, 95.8023, 169.269
1555, 3, 337, 95.7818, 169.381
1556, 3, 337, 95.7516, 169.495
1557, 3, 337, 95.7075, 169.618
1558, 3, 337, 95.6634, 169.731
1559, 3, 337, 95.2899, 169.844
1560, 3, 337, 95.2625, 169.957
1561, 3, 337, 95.2411, 170.07
1562, 3, 336, 96.5893, 170.181
1563, 3, 336, 96.5055, 170.294
1564, 3, 336, 96.4972, 170.407
1565, 3, 336, 96.4613, 170.519
1566, 3, 336, 96.3508, 170.631
1567, 3, 336, 96.267, 170.744
1568, 3, 336, 96.2466, 170.857
1569, 3, 336, 96.2025, 170.972
1570, 3, 336, 96.0326, 171.085
1571, 3, 336, 95.8796, 171.197
1572, 3, 336, 95.8266, 171.309
1573, 3, 336, 95.7593, 171.421
1574, 3, 336, 95.7227, 171.533
1575, 3, 336, 95.3492, 171.647
1576, 3, 336, 95.3331, 171.76
1577, 3, 336, 95.3063, 171.875
1578, 3, 336, 95.2909, 171.988
1579, 3, 336, 94.8059, 172.102
1580, 3, 335, 95.5691, 172.215
1581, 3, 334, 96.3323, 172.328
1582, 3, 334, 96.2793, 172.442
1583, 3, 334, 96.1263, 172.555
1584, 3, 334, 95.7528, 172.667
1585, 3, 333, 95.5206, 172.78
1586, 3, 333, 95.3677, 172.903
1587, 3, 333, 94.9942, 173.017
1588, 3, 333, 94.901, 173.129
1589, 3, 333, 94.8422, 173.242
1590, 3, 333, 94.8015, 173.354
1591, 3, 333, 94.6486, 173.467
1592, 3, 332, 95.4118, 173.58
1593, 3, 331, 96.7599, 173.693
1594, 3, 331, 96.59, 173.806
1595, 3, 330, 96.8314, 173.919
1596, 3, 330, 96.4163, 174.031
1597, 3, 330, 96.2118, 174.144
1598, 3, 330, 96.182, 174.257
1599, 3, 330, 96.0982, 174.37
1600, 3, 330, 96.0144, 174.484
1601, 3, 330, 95.6409, 174.597
1602, 3, 330, 95.6043, 174.711
1603, 3, 330, 95.537, 174.824
1604, 3, 330, 95.5102, 174.937
1605, 3, 330, 95.3997, 175.05
1606, 3, 330, 95.3467, 175.163
1607, 3, 330, 95.2536, 175.298
1608, 3, 330, 95.1862, 175.411
1609, 3, 330, 95.2789, 175.525
1610, 3, 330, 95.2491, 175.637
1611, 3, 330, 95.0962, 175.751
1612, 3, 330, 95.0373, 175.863
1613, 3, 330, 95.0007, 175.977
1614, 3, 330, 94.9339, 176.09
1615, 3, 330, 94.8898, 176.204
1616, 3, 330, 94.8694, 176.326
1617, 3, 330, 94.962, 176.439
1618, 3, 330, 94.918, 176.553
1619, 3, 330, 94.8698, 176.665
1620, 3, 330, 94.8396, 176.778
1621, 3, 330, 94.466, 176.89
1622, 3, 330, 94.0925, 177.003
1623, 3, 330, 94.0087, 177.116
1624, 3, 330, 93.9557, 177.228
1625, 3, 330, 93.8028, 177.342
1626, 3, 330, 93.719, 177.455
1627, 3, 330, 93.1409, 177.567
1628, 3, 330, 92.6559, 177.681
1629, 3, 330, 92.5721, 177.793
1630, 3, 330, 92.5661, 177.906
1631, 3, 330, 92.3027, 178.019
1632, 3, 330, 92.0981, 178.133
1633, 3, 330, 92.0451, 178.247
1634, 3, 330, 92.0407, 178.362
1635, 3, 330, 92.0105, 178.475
1636, 3, 330, 91.9575, 178.589
1637, 3, 330, 91.9361, 178.702
1638, 3, 330, 91.9093, 178.815
1639, 3, 330, 91.8728, 178.928
1640, 3, 330, 91.85, 179.042
1641, 3, 330, 91.7662, 179.155
1642, 3, 329, 91.9074, 179.268
1643, 3, 329, 91.8895, 179.382
1644, 3, 329, 91.875, 179.494
1645, 3, 329, 91.8448, 179.616
1646, 3, 329, 91.7918, 179.73
1647, 3, 329, 91.708, 179.843
1648, 3, 329, 91.6639, 179.956
1649, 3, 329, 91.6273, 180.068
1650, 3, 329, 91.5907, 180.181
1651, 3, 329, 91.4098, 180.294
1652, 3, 329, 91.326, 180.407
1653, 3, 329, 91.3126, 180.52
1654, 3, 329, 91.3018, 180.634
1655, 3, 329, 91.2935, 180.747
1656, 3, 329, 91.2781, 180.86
1657, 3, 329, 91.272, 180.974
1658, 3, 329, 91.2607, 181.089
1659, 3, 329, 91.2982, 181.202
1660, 3, 329, 91.2542, 181.315
1661, 3, 329, 91.2274, 181.429
1662, 3, 329, 91.1915, 181.542
1663, 3, 329, 91.1549, 181.655
1664, 3, 329, 91.1247, 181.768
1665, 3, 329, 91.0717, 181.88
1666, 3, 328, 91.2129, 181.995
1667, 3, 328, 91.1827, 182.109
1668, 3, 328, 91.1297, 182.224
1669, 3, 328, 91.1253, 182.336
1670, 3, 328, 91.1039, 182.449
1671, 3, 328, 90.5258, 182.561
1672, 3, 328, 90.4852, 182.675
1673, 3, 327, 91.2484, 182.788
1674, 3, 327, 91.2279, 182.91
1675, 3, 327, 91.2196, 183.023
1676, 3, 327, 91.1929, 183.136
1677, 3, 327, 91.344, 183.249
1678, 3, 327, 91.1404, 183.364
1679, 3, 327, 91.1038, 183.477
1680, 3, 327, 91.0736, 183.59
1681, 3, 327, 90.9898, 183.704
1682, 3, 327, 90.9492, 183.817
1683, 3, 327, 90.9126, 183.93
1684, 3, 327, 90.8912, 184.044
1685, 3, 327, 90.8708, 184.157
1686, 3, 327, 90.8434, 184.269
1687, 3, 327, 90.7056, 184.383
1688, 3, 327, 90.6843, 184.496
1689, 3, 327, 90.6313, 184.609
1690, 3, 327, 90.4784, 184.722
1691, 3, 327, 90.4418, 184.835
1692, 3, 326, 90.6315, 184.948
1693, 3, 326, 90.4786, 185.061
1694, 3, 326, 90.3794, 185.175
1695, 3, 326, 90.3625, 185.288
1696, 3, 325, 90.5037, 185.402
1697, 3, 325, 90.597, 185.516
1698, 3, 325, 90.5124, 185.629
1699, 3, 325, 90.4896, 185.743
1700, 3, 325, 90.4762, 185.855
1701, 3, 325, 90.4097, 185.968
1702, 3, 325, 90.3989, 186.081
1703, 3, 325, 90.3687, 186.197
1704, 3, 325, 90.3473, 186.32
1705, 3, 325, 90.3312, 186.433
1706, 3, 325, 90.3044, 186.546
1707, 3, 325, 90.283, 186.659
1708, 3, 325, 90.23, 186.773
1709, 3, 325, 90.2033, 186.886
1710, 3, 325, 90.0503, 186.999
1711, 3, 325, 89.9572, 187.112
1712, 3, 325, 89.8983, 187.225
1713, 3, 325, 89.8145, 187.337
1714, 3, 325, 89.7991, 187.45
1715, 3, 325, 89.786, 187.563
1716, 3, 325, 89.7681, 187.676
1717, 3, 325, 89.7315, 187.788
1718, 3, 325, 89.7208, 187.903
1719, 3, 325, 89.712, 188.015
1720, 3, 325, 89.6906, 188.13
1721, 3, 325, 89.6376, 188.243
1722, 3, 325, 89.5538, 188.356
1723, 3, 325, 89.4009, 188.469
1724, 3, 325, 89.248, 188.583
1725, 3, 325, 89.095, 188.697
1726, 3, 325, 89.0112, 188.815
1727, 3, 325, 88.9274, 188.929
1728, 3, 325, 88.8343, 189.042
1729, 3, 324, 90.1825, 189.156
1730, 3, 324, 90.0296, 189.272
1731, 3, 324, 89.5446, 189.408
1732, 3, 324, 89.1711, 189.521
1733, 3, 324, 89.127, 189.645
1734, 3, 324, 89.1002, 189.757
1735, 3, 324, 89.07, 189.871
1736, 3, 324, 89.017, 189.984
1737, 3, 324, 88.8124, 190.097
1738, 3, 324, 88.7193, 190.222
1739, 3, 324, 88.3458, 190.335
1740, 3, 324, 88.2928, 190.448
1741, 3, 324, 88.2562, 190.561
1742, 3, 324, 88.1724, 190.676
1743, 3, 324, 88.0886, 190.79
1744, 3, 324, 87.9781, 190.905
1745, 3, 324, 87.8252, 191.018
1746, 3, 324, 87.7722, 191.133
1747, 3, 324, 87.3986, 191.247
1748, 3, 324, 87.0251, 191.36
1749, 3, 324, 86.9885, 191.474
1750, 3, 324, 86.9355, 191.586
1751, 3, 324, 86.9087, 191.699
1752, 3, 324, 86.8647, 191.812
1753, 3, 324, 86.7117, 191.925
1754, 3, 324, 86.6279, 192.038
1755, 3, 324, 86.6118, 192.151
1756, 3, 324, 86.4073, 192.264
1757, 3, 324, 86.3868, 192.378
1758, 3, 324, 86.303, 192.493
1759, 3, 323, 87.0662, 192.607
1760, 3, 322, 86.834, 192.722
1761, 3, 321, 87.5972, 192.836
1762, 3, 320, 88.5972, 192.96
1763, 3, 319, 89.3604, 193.074
1764, 3, 319, 89.3189, 193.188
1765, 3, 319, 88.9454, 193.301
1766, 3, 319, 88.5303, 193.414
1767, 3, 319, 88.1568, 193.528
1768, 3, 318, 87.9246, 193.642
1769, 3, 317, 89.2728, 193.757
1770, 3, 316, 90.036, 193.871
1771, 3, 315, 90.7992, 193.985
1772, 3, 314, 91.5624, 194.098
1773, 3, 313, 91.9151, 194.213
1774, 3, 312, 92.9151, 194.326
1775, 3, 312, 92.5001, 194.441
1776, 3, 312, 92.0151, 194.554
1777, 3, 312, 91.6416, 194.672
1778, 3, 311, 92.4048, 194.786
1779, 3, 310, 93.168, 194.9
1780, 3, 310, 92.7945, 195.02
1781, 3, 309, 93.5577, 195.139
1782, 3, 308, 94.3209, 195.254
1783, 3, 307, 94.6736, 195.369
1784, 3, 306, 94.4414, 195.485
1785, 3, 305, 95.7896, 195.6
1786, 3, 304, 96.5528, 195.725
1787, 3, 303, 97.316, 195.838
1788, 3, 302, 98.0792, 195.953
1789, 3, 301, 98.8424, 196.068
1790, 3, 300, 99.6056, 196.184
1791, 3, 299, 100.606, 196.307
1792, 3, 299, 100.191, 196.421
1793, 3, 298, 100.954, 196.535
1794, 3, 297, 101.717, 196.667
1795, 3, 296, 102.48, 196.782
1796, 3, 295, 103.243, 196.897
1797, 3, 295, 102.87, 197.011
1798, 3, 294, 103.223, 197.126
1799, 3, 294, 102.849, 197.24
1800, 3, 294, 102.475, 197.354
1801, 3, 294, 102.271, 197.468
1802, 3, 293, 103.271, 197.582
1803, 3, 293, 103.118, 197.698
1804, 3, 292, 103.881, 197.814
1805, 3, 291, 104.881, 197.928
1806, 3, 291, 104.466, 198.044
1807, 3, 290, 104.819, 198.161
1808, 3, 289, 105.582, 198.275
1809, 3, 288, 106.345, 198.391
1810, 3, 287, 107.109, 198.505
1811, 3, 286, 108.109, 198.621
1812, 3, 286, 107.694, 198.736
1813, 3, 286, 107.524, 198.851
1814, 3, 285, 109.228, 198.968
1815, 3, 284, 109.991, 199.083
1816, 3, 284, 109.839, 199.199
1817, 3, 284, 109.822, 199.314
1818, 3, 283, 109.985, 199.429
1819, 3, 283, 109.964, 199.555
1820, 3, 283, 109.591, 199.67
1821, 3, 283, 109.48, 199.786
1822, 3, 283, 109.107, 199.901
1823, 3, 283, 108.954, 200.015
1824, 3, 283, 108.58, 200.13
1825, 3, 283, 108.207, 200.253
1826, 3, 282, 108.559, 200.369
1827, 3, 282, 108.475, 200.483
1828, 3, 281, 109.239, 200.599
1829, 3, 280, 109.591, 200.714
1830, 3, 280, 109.439, 200.831
1831, 3, 280, 109.423, 200.96
1832, 3, 280, 109.27, 201.074
1833, 3, 280, 109.393, 201.19
1834, 3, 280, 109.295, 201.305
1835, 3, 280, 109.282, 201.42
1836, 3, 280, 109.215, 201.535
1837, 3, 280, 108.842, 201.652
1838, 3, 280, 108.263, 201.77
1839, 3, 280, 107.778, 201.885
1840, 3, 280, 107.405, 202.001
1841, 3, 280, 107.252, 202.116
1842, 3, 280, 106.767, 202.232
1843, 3, 280, 106.394, 202.347
1844, 3, 280, 106.241, 202.463
1845, 3, 279, 106.482, 202.579
1846, 3, 279, 106.277, 202.693
1847, 3, 279, 106.184, 202.809
1848, 3, 279, 106.1, 202.935
1849, 3, 279, 105.99, 203.049
1850, 3, 279, 105.937, 203.164
1851, 3, 279, 105.87, 203.28
1852, 3, 279, 105.811, 203.395
1853, 3, 279, 105.547, 203.51
1854, 3, 279, 105.464, 203.625
1855, 3, 279, 105.457, 203.74
1856, 3, 279, 105.43, 203.856
1857, 3, 279, 105.277, 203.973
1858, 3, 279, 105.193, 204.088
1859, 3, 279, 105.127, 204.203
1860, 3, 279, 105.082, 204.318
1861, 3, 278, 105.22, 204.434
1862, 3, 278, 105.184, 204.549
1863, 3, 278, 105.163, 204.664
1864, 3, 278, 105.149, 204.779
1865, 3, 278, 105.137, 204.895
1866, 3, 278, 105.093, 205.01
1867, 3, 278, 105.067, 205.125
1868, 3, 278, 104.582, 205.239
1869, 3, 278, 104.573, 205.355
1870, 3, 278, 104.565, 205.47
1871, 3, 278, 104.549, 205.586
1872, 3, 278, 104.533, 205.702
1873, 3, 278, 104.524, 205.817
1874, 3, 278, 104.515, 205.932
1875, 3, 278, 104.488, 206.048
1876, 3, 278, 104.458, 206.163
1877, 3, 278, 104.436, 206.29
1878, 3, 278, 104.406, 206.406
1879, 3, 278, 104.379, 206.521
1880, 3, 278, 104.358, 206.636
1881, 3, 278, 104.343, 206.752
1882, 3, 278, 104.337, 206.88
1883, 3, 278, 104.184, 206.996
1884, 3, 278, 104.153, 207.111
1885, 3, 278, 104.135, 207.226
1886, 3, 278, 104.077, 207.341
1887, 3, 278, 104.062, 207.456
1888, 3, 278, 104.021, 207.571
1889, 3, 278, 104.001, 207.686
1890, 3, 278, 104.223, 207.801
1891, 3, 278, 104.202, 207.917
1892, 3, 278, 104.19, 208.031
1893, 3, 278, 104.179, 208.147
1894, 3, 278, 104.163, 208.265
1895, 3, 278, 104.123, 208.381
1896, 3, 278, 104.093, 208.496
1897, 3, 278, 104.07, 208.612
1898, 3, 278, 104.052, 208.729
1899, 3, 278, 104.037, 208.844
1900, 3, 278, 104.024, 208.96
1901, 3, 278, 104.016, 209.075
1902, 3, 278, 104.01, 209.191
1903, 3, 278, 103.747, 209.308
1904, 3, 278, 103.741, 209.425
1905, 3, 278, 103.73, 209.57
1906, 3, 278, 103.633, 209.685
1907, 3, 278, 103.48, 209.8
1908, 3, 278, 103.427, 209.914
1909, 3, 278, 103.397, 210.029
1910, 3, 278, 103.385, 210.144
1911, 3, 278, 103.332, 210.259
1912, 3, 278, 103.31, 210.375
1913, 3, 278, 103.292, 210.489
1914, 3, 278, 103.277, 210.606
1915, 3, 278, 103.265, 210.721
1916, 3, 278, 103.181, 210.836
1917, 3, 278, 103.177, 210.951
1918, 3, 278, 103.164, 211.066
1919, 3, 278, 103.151, 211.182
1920, 3, 278, 103.13, 211.298
1921, 3, 278, 103.077, 211.413
1922, 3, 278, 103.05, 211.529
1923, 3, 278, 103.041, 211.646
1924, 3, 278, 103.034, 211.77
1925, 3, 278, 103.027, 211.885
1926, 3, 278, 103.017, 212.001
1927, 3, 278, 102.968, 212.116
1928, 3, 278, 102.958, 212.231
1929, 3, 278, 102.945, 212.347
1930, 3, 278, 102.932, 212.462
1931, 3, 278, 102.911, 212.578
1932, 3, 278, 102.881, 212.693
1933, 3, 278, 102.854, 212.817
1934, 3, 277, 102.993, 212.963
1935, 3, 277, 102.967, 213.077
1936, 3, 277, 102.923, 213.192
1937, 3, 276, 103.112, 213.307
1938, 3, 276, 102.908, 213.422
1939, 3, 276, 102.824, 213.54
1940, 3, 276, 102.74, 213.654
1941, 3, 276, 102.687, 213.769
1942, 3, 276, 102.567, 213.883
1943, 3, 275, 102.73, 214.001
1944, 3, 275, 102.663, 214.115
1945, 3, 275, 102.652, 214.23
1946, 3, 275, 102.643, 214.345
1947, 3, 275, 102.616, 214.46
1948, 3, 275, 102.609, 214.577
1949, 3, 275, 102.6, 214.692
1950, 3, 275, 102.516, 214.807
1951, 3, 275, 102.142, 214.924
1952, 3, 275, 102.089, 215.039
1953, 3, 275, 102.059, 215.153
1954, 3, 275, 101.889, 215.268
1955, 3, 275, 101.852, 215.384
1956, 3, 275, 101.835, 215.497
1957, 3, 275, 101.82, 215.611
1958, 3, 275, 101.808, 215.725
1959, 3, 275, 101.798, 215.84
1960, 3, 275, 101.777, 215.955
1961, 3, 275, 101.75, 216.07
1962, 3, 275, 101.697, 216.187
1963, 3, 275, 101.685, 216.316
1964, 3, 275, 101.655, 216.431
1965, 3, 275, 101.562, 216.549
1966, 3, 275, 101.553, 216.664
1967, 3, 275, 101.546, 216.779
1968, 3, 275, 101.539, 216.895
1969, 3, 275, 101.503, 217.01
1970, 3, 275, 101.493, 217.126
1971, 3, 275, 101.471, 217.242
1972, 3, 274, 101.608, 217.358
1973, 3, 274, 101.581, 217.474
1974, 3, 274, 101.566, 217.59
1975, 3, 273, 101.714, 217.706
1976, 3, 273, 101.694, 217.832
1977, 3, 273, 101.685, 217.948
1978, 3, 273, 101.681, 218.064
1979, 3, 273, 101.655, 218.179
1980, 3, 273, 101.646, 218.295
1981, 3, 273, 101.635, 218.411
1982, 3, 273, 101.714, 218.527
1983, 3, 273, 101.705, 218.644
1984, 3, 273, 101.69, 218.759
1985, 3, 273, 101.646, 218.875
1986, 3, 273, 101.553, 218.99
1987, 3, 273, 101.526, 219.107
1988, 3, 273, 101.51, 219.224
1989, 3, 273, 101.507, 219.34
1990, 3, 273, 101.5, 219.455
1991, 3, 273, 101.479, 219.586
1992, 3, 273, 101.552, 219.702
1993, 3, 273, 101.537, 219.818
1994, 3, 273, 101.521, 219.933
1995, 3, 273, 101.462, 220.048
1996, 3, 273, 101.447, 220.163
1997, 3, 273, 101.426, 220.279
1998, 3, 273, 101.382, 220.393
1999, 3, 273, 101.369, 220.508
2000, 3, 273, 101.339, 220.625
2001, 3, 273, 101.302, 220.741
2002, 3, 273, 101.149, 220.878
2003, 3, 273, 101.123, 220.994
2004, 3, 273, 101.039, 221.109
2005, 3, 273, 100.886, 221.224
2006, 3, 273, 100.833, 221.34
2007, 3, 273, 100.78, 221.455
2008, 3, 273, 100.758, 221.571
2009, 3, 273, 100.742, 221.686
2010, 3, 273, 100.731, 221.801
2011, 3, 273, 100.694, 221.916
2012, 3, 273, 100.686, 222.032
2013, 3, 273, 100.666, 222.147
2014, 3, 273, 100.639, 222.262
2015, 3, 273, 100.802, 222.377
2016, 3, 273, 100.718, 222.493
2017, 3, 273, 100.665, 222.608
2018, 3, 272, 100.804, 222.724
2019, 3, 272, 100.796, 222.838
2020, 3, 272, 100.729, 222.96
2021, 3, 272, 100.636, 223.075
2022, 3, 272, 100.526, 223.19
2023, 3, 271, 100.674, 223.306
2024, 3, 271, 100.189, 223.421
2025, 3, 271, 100.131, 223.535
2026, 3, 271, 100.09, 223.65
2027, 3, 271, 99.92, 223.764
2028, 3, 271, 99.8527, 223.879
2029, 3, 271, 99.7689, 223.994
2030, 3, 271, 99.6851, 224.109
2031, 3, 271, 99.641, 224.225
2032, 3, 271, 99.5572, 224.341
2033, 3, 271, 99.3526, 224.457
2034, 3, 271, 99.2595, 224.574
2035, 3, 271, 99.2154, 224.69
2036, 3, 271, 99.1927, 224.805
2037, 3, 271, 99.1748, 224.921
2038, 3, 271, 99.0643, 225.036
2039, 3, 271, 99.0346, 225.153
2040, 3, 271, 98.9508, 225.27
2041, 3, 271, 98.9101, 225.41
2042, 3, 271, 98.8988, 225.526
2043, 3, 271, 98.8827, 225.641
2044, 3, 271, 98.8346, 225.757
2045, 3, 271, 98.7757, 225.873
2046, 3, 271, 98.753, 225.988
2047, 3, 271, 98.735, 226.104
2048, 3, 271, 98.7048, 226.227
2049, 3, 271, 98.6903, 226.387
2050, 3, 271, 98.6601, 226.505
2051, 3, 271, 98.6071, 226.62
2052, 3, 271, 98.5857, 226.735
2053, 3, 271, 98.5696, 226.851
2054, 3, 270, 98.7183, 226.966
2055, 3, 270, 98.6978, 227.082
2056, 3, 270, 98.6612, 227.197
2057, 3, 270, 98.6699, 227.312
2058, 3, 270, 98.6641, 227.428
2059, 3, 270, 98.6427, 227.543
2060, 3, 270, 98.6391, 227.658
2061, 3, 270, 98.6358, 227.773
2062, 3, 270, 98.6287, 227.89
2063, 3, 270, 98.5661, 228.005
2064, 3, 270, 98.4131, 228.119
2065, 3, 270, 98.3927, 228.234
2066, 3, 270, 98.3659, 228.349
2067, 3, 270, 98.3181, 228.464
2068, 3, 270, 98.482, 228.58
2069, 3, 270, 98.4746, 228.695
2070, 3, 270, 98.4663, 228.812
2071, 3, 270, 98.4449, 228.927
2072, 3, 270, 98.4245, 229.042
2073, 3, 270, 98.4171, 229.157
2074, 3, 270, 98.3797, 229.272
2075, 3, 270, 98.3431, 229.388
2076, 3, 270, 98.246, 229.502
2077, 3, 270, 98.2192, 229.63
2078, 3, 270, 98.1524, 229.745
2079, 3, 270, 98.132, 229.86
2080, 3, 270, 98.1158, 229.977
2081, 3, 270, 98.08, 230.096
2082, 3, 270, 98.0532, 230.213
2083, 3, 270, 98.0258, 230.339
2084, 3, 270, 97.6107, 230.455
2085, 3, 270, 97.5269, 230.572
2086, 3, 270, 97.4739, 230.686
2087, 3, 270, 97.4627, 230.802
2088, 3, 270, 97.4536, 230.919
2089, 3, 270, 97.4391, 231.034
2090, 3, 270, 97.432, 231.149
2091, 3, 270, 97.4166, 231.263
2092, 3, 270, 97.4011, 231.378
2093, 3, 270, 97.3646, 231.493
2094, 3, 270, 97.3477, 231.609
2095, 3, 270, 97.343, 231.724
2096, 3, 270, 97.33, 231.839
2097, 3, 270, 97.3187, 231.955
2098, 3, 270, 97.3074, 232.07
2099, 3, 270, 97.287, 232.185
2100, 3, 270, 97.2787, 232.303
2101, 3, 270, 97.2489, 232.419
2102, 3, 270, 97.2328, 232.536
2103, 3, 270, 97.1798, 232.652
2104, 3, 270, 96.8063, 232.768
2105, 3, 270, 96.7132, 232.893
2106, 3, 270, 96.4497, 233.008
2107, 3, 270, 96.42, 233.124
2108, 3, 270, 96.2671, 233.24
2109, 3, 270, 96.2189, 233.355
2110, 3, 270, 96.038, 233.47
2111, 3, 270, 96.0176, 233.586
2112, 3, 270, 96.0115, 233.701
2113, 3, 270, 96.0051, 233.818
2114, 3, 270, 95.9752, 233.933
2115, 3, 270, 95.9591, 234.049
2116, 3, 270, 95.8079, 234.164
2117, 3, 270, 95.7241, 234.28
2118, 3, 270, 95.6652, 234.396
2119, 3, 270, 95.6522, 234.511
2120, 3, 270, 95.6677, 234.627
2121, 3, 270, 95.6616, 234.743
2122, 3, 270, 95.6508, 234.858
2123, 3, 270, 95.6142, 234.974
2124, 3, 270, 95.5612, 235.092
2125, 3, 269, 95.7243, 235.209
2126, 3, 269, 95.6877, 235.324
2127, 3, 269, 95.6511, 235.441
2128, 3, 269, 95.5838, 235.556
2129, 3, 269, 95.5624, 235.672
2130, 3, 269, 95.5094, 235.787
2131, 3, 269, 95.0944, 235.905
2132, 3, 268, 95.2574, 236.02
2133, 3, 268, 95.0875, 236.161
2134, 3, 268, 95.0345, 236.285
2135, 3, 268, 94.9756, 236.402
2136, 3, 268, 94.771, 236.517
2137, 3, 268, 94.2861, 236.632
2138, 3, 268, 94.1756, 236.747
2139, 3, 267, 94.5283, 236.863
2140, 3, 267, 94.3238, 236.978
2141, 3, 267, 94.2565, 237.093
2142, 3, 267, 94.146, 237.208
2143, 3, 267, 94.0929, 237.323
2144, 3, 267, 93.9998, 237.438
2145, 3, 267, 93.9468, 237.553
2146, 3, 267, 93.9201, 237.667
2147, 3, 267, 93.8933, 237.782
2148, 3, 267, 93.8335, 237.908
2149, 3, 267, 93.8215, 238.024
2150, 3, 267, 93.7947, 238.14
2151, 3, 267, 93.772, 238.255
2152, 3, 267, 93.759, 238.37
2153, 3, 267, 93.7529, 238.486
2154, 3, 267, 93.7261, 238.602
2155, 3, 267, 93.723, 238.718
2156, 3, 267, 93.7605, 238.832
2157, 3, 267, 93.7392, 238.948
2158, 3, 267, 93.7026, 239.063
2159, 3, 267, 93.6496, 239.18
2160, 3, 267, 93.7837, 239.295
2161, 3, 267, 93.7479, 239.409
2162, 3, 267, 93.7348, 239.524
2163, 3, 267, 93.7074, 239.649
2164, 3, 267, 93.703, 239.764
2165, 3, 267, 93.6788, 239.88
2166, 3, 267, 93.559, 239.997
2167, 3, 267, 93.5429, 240.113
2168, 3, 267, 93.5321, 240.229
2169, 3, 267, 93.5213, 240.345
2170, 3, 267, 93.4939, 240.461
2171, 3, 267, 93.4726, 240.576
2172, 3, 267, 93.4662, 240.692
2173, 3, 267, 93.5767, 240.812
2174, 3, 267, 93.4774, 240.928
2175, 3, 267, 93.4644, 241.043
2176, 3, 267, 93.5577, 241.159
2177, 3, 267, 93.5546, 241.274
2178, 3, 267, 93.5347, 241.398
2179, 3, 267, 93.5291, 241.513
2180, 3, 267, 93.52, 241.631
2181, 3, 267, 93.4794, 241.748
2182, 3, 267, 93.4497, 241.863
2183, 3, 267, 93.4328, 241.979
2184, 3, 267, 93.4278, 242.097
2185, 3, 267, 93.3431, 242.212
2186, 3, 267, 93.3066, 242.328
2187, 3, 267, 93.2904, 242.444
2188, 3, 267, 93.2833, 242.56
2189, 3, 267, 93.2775, 242.675
2190, 3, 267, 93.2717, 242.791
2191, 3, 267, 93.267, 242.915
2192, 3, 267, 93.2192, 243.031
2193, 3, 267, 92.8456, 243.147
2194, 3, 267, 92.6927, 243.262
2195, 3, 267, 92.5398, 243.378
2196, 3, 267, 92.4293, 243.493
2197, 3, 267, 92.2781, 243.609
2198, 3, 267, 92.1676, 243.724
2199, 3, 267, 92.0147, 243.839
2200, 3, 267, 91.9617, 243.956
2201, 3, 267, 91.8779, 244.071
2202, 3, 267, 91.8105, 244.187
2203, 3, 267, 91.7665, 244.303
2204, 3, 267, 91.2815, 244.419
2205, 3, 267, 90.908, 244.54
2206, 3, 267, 90.8242, 244.656
2207, 3, 267, 90.7404, 244.773
2208, 3, 267, 90.7296, 244.888
2209, 3, 267, 90.7252, 245.004
2210, 3, 267, 90.6877, 245.12
2211, 3, 267, 90.6758, 245.235
2212, 3, 267, 90.6714, 245.351
2213, 3, 267, 90.6601, 245.467
2214, 3, 267, 90.6493, 245.582
2215, 3, 267, 90.6348, 245.698
2216, 3, 267, 90.6282, 245.814
2217, 3, 267, 90.6251, 245.929
2218, 3, 267, 90.6168, 246.046
2219, 3, 267, 90.6077, 246.162
2220, 3, 267, 90.5958, 246.287
2221, 3, 267, 90.4446, 246.405
2222, 3, 267, 90.4402, 246.521
2223, 3, 267, 90.4922, 246.637
2224, 3, 267, 90.4564, 246.752
2225, 3, 267, 90.4481, 246.868
2226, 3, 267, 90.4115, 246.986
2227, 3, 267, 90.3847, 247.101
2228, 3, 267, 90.3679, 247.217
2229, 3, 267, 90.3571, 247.333
2230, 3, 267, 90.3436, 247.448
2231, 3, 267, 90.3329, 247.564
2232, 3, 267, 90.3221, 247.681
2233, 3, 267, 90.309, 247.797
2234, 3, 267, 90.3034, 247.913
2235, 3, 267, 90.2735, 248.029
2236, 3, 267, 90.2714, 248.144
2237, 3, 267, 90.2653, 248.26
2238, 3, 267, 90.2356, 248.376
2239, 3, 267, 90.227, 248.491
2240, 3, 266, 90.3757, 248.606
2241, 3, 266, 90.353, 248.721
2242, 3, 266, 90.3453, 248.836
2243, 3, 266, 90.2482, 248.974
2244, 3, 266, 90.2772, 249.09
2245, 3, 266, 90.1934, 249.206
2246, 3, 266, 90.1266, 249.324
2247, 3, 266, 90.1234, 249.442
2248, 3, 266, 90.1165, 249.568
2249, 3, 266, 90.1078, 249.684
2250, 3, 266, 90.094, 249.801
2251, 3, 266, 90.0832, 249.916
2252, 3, 266, 90.0302, 250.033
2253, 3, 266, 90.0258, 250.149
2254, 3, 266, 90.0192, 250.265
2255, 3, 266, 89.971, 250.382
2256, 3, 266, 89.962, 250.498
2257, 3, 266, 89.9254, 250.615
2258, 3, 266, 89.9146, 250.731
2259, 3, 266, 89.8942, 250.848
2260, 3, 266, 89.8639, 250.963
2261, 3, 266, 89.7966, 251.08
2262, 3, 266, 89.7436, 251.195
2263, 3, 266, 89.6906, 251.312
2264, 3, 266, 89.6376, 251.428
2265, 3, 266, 89.5935, 251.543
2266, 3, 266, 89.5569, 251.66
2267, 3, 266, 89.5203, 251.776
2268, 3, 266, 89.5042, 251.892
2269, 3, 266, 89.3531, 252.008
2270, 3, 266, 89.2426, 252.125
2271, 3, 265, 89.4323, 252.241
2272, 3, 265, 89.3218, 252.357
2273, 3, 265, 89.3157, 252.473
2274, 3, 265, 89.289, 252.589
2275, 3, 265, 89.2449, 252.704
2276, 3, 265, 89.1919, 252.82
2277, 3, 265, 89.1836, 252.946
2278, 3, 265, 89.1706, 253.063
2279, 3, 265, 89.1645, 253.179
2280, 3, 265, 89.1544, 253.295
2281, 3, 265, 89.1459, 253.411
2282, 3, 265, 89.1401, 253.53
2283, 3, 265, 89.1318, 253.646
2284, 3, 265, 89.1184, 253.762
2285, 3, 265, 89.1145, 253.878
2286, 3, 265, 89.0771, 253.995
2287, 3, 265, 89.033, 254.112
2288, 3, 265, 89.0031, 254.228
2289, 3, 265, 88.8502, 254.346
2290, 3, 265, 88.7972, 254.463
2291, 3, 265, 88.7606, 254.579
2292, 3, 265, 88.7493, 254.695
2293, 3, 265, 88.738, 254.811
2294, 3, 265, 88.7273, 254.927
2295, 3, 265, 88.7196, 255.043
2296, 3, 265, 88.7061, 255.159
2297, 3, 265, 88.6397, 255.275
2298, 3, 265, 88.6129, 255.392
2299, 3, 265, 88.6284, 255.509
2300, 3, 265, 88.5981, 255.625
2301, 3, 265, 88.4452, 255.741
2302, 3, 265, 88.3614, 255.857
2303, 3, 265, 88.3248, 255.975
2304, 3, 265, 88.2882, 256.092
2305, 3, 265, 88.2517, 256.216
2306, 3, 265, 88.1843, 256.332
2307, 3, 265, 88.3067, 256.449
2308, 3, 264, 88.4554, 256.565
2309, 3, 264, 88.3583, 256.682
2310, 3, 264, 88.309, 256.801
2311, 3, 264, 88.3043, 256.917
2312, 3, 264, 88.2775, 257.034
2313, 3, 264, 88.1804, 257.15
2314, 3, 264, 88.1536, 257.266
2315, 3, 264, 88.1489, 257.383
2316, 3, 264, 88.1458, 257.502
2317, 3, 264, 87.9947, 257.618
2318, 3, 264, 87.8418, 257.735
2319, 3, 264, 87.815, 257.852
2320, 3, 264, 87.6621, 257.97
2321, 3, 264, 87.4575, 258.087
2322, 3, 264, 87.4134, 258.203
2323, 3, 264, 87.5249, 258.319
2324, 3, 263, 87.666, 258.436
2325, 3, 263, 87.5813, 258.553
2326, 3, 263, 87.5609, 258.67
2327, 3, 263, 87.5168, 258.786
2328, 3, 263, 87.4963, 258.902
2329, 3, 263, 87.4903, 259.019
2330, 3, 263, 87.4605, 259.135
2331, 3, 263, 87.4391, 259.252
2332, 3, 262, 87.5769, 259.368
2333, 3, 262, 87.5564, 259.485
2334, 3, 262, 87.5199, 259.611
2335, 3, 262, 87.4931, 259.727
2336, 3, 262, 87.449, 259.843
2337, 3, 262, 87.612, 259.96
2338, 3, 262, 87.4609, 260.077
2339, 3, 262, 87.4404, 260.192
2340, 3, 262, 87.4322, 260.309
2341, 3, 262, 87.4191, 260.425
2342, 3, 262, 87.3949, 260.542
2343, 3, 262, 87.3111, 260.664
2344, 3, 262, 87.2522, 260.78
2345, 3, 262, 87.2116, 260.897
2346, 3, 262, 87.1954, 261.014
2347, 3, 262, 87.1365, 261.13
2348, 3, 262, 87.1309, 261.246
2349, 3, 261, 87.2677, 261.363
2350, 3, 261, 87.2523, 261.479
2351, 3, 261, 87.2318, 261.596
2352, 3, 261, 87.221, 261.713
2353, 3, 261, 87.2012, 261.829
2354, 3, 261, 87.1709, 261.946
2355, 3, 261, 87.0739, 262.062
2356, 3, 261, 87.0436, 262.179
2357, 3, 261, 87.0134, 262.295
2358, 3, 261, 86.9973, 262.412
2359, 3, 261, 86.9929, 262.528
2360, 3, 261, 86.957, 262.645
2361, 3, 261, 86.9204, 262.762
2362, 3, 261, 86.905, 262.888
2363, 3, 261, 86.9019, 263.004
2364, 3, 261, 86.8906, 263.125
2365, 3, 261, 86.8885, 263.241
2366, 3, 261, 86.904, 263.358
2367, 3, 261, 86.8996, 263.474
2368, 3, 261, 86.8922, 263.59
2369, 3, 261, 86.8717, 263.707
2370, 3, 261, 86.8538, 263.822
2371, 3, 261, 86.843, 263.939
2372, 3, 261, 86.8387, 264.055
2373, 3, 260, 86.9834, 264.171
2374, 3, 260, 86.9689, 264.287
2375, 3, 260, 86.9645, 264.404
2376, 3, 260, 86.9607, 264.52
2377, 3, 260, 86.9194, 264.636
2378, 3, 260, 86.913, 264.753
2379, 3, 260, 86.9022, 264.868
2380, 3, 260, 86.8795, 264.985
2381, 3, 260, 86.8626, 265.101
2382, 3, 260, 86.8613, 265.217
2383, 3, 260, 86.8479, 265.334
2384, 3, 260, 86.8348, 265.45
2385, 3, 260, 86.8218, 265.567
2386, 3, 260, 86.755, 265.683
2387, 3, 260, 86.7336, 265.801
2388, 3, 260, 86.8271, 265.918
2389, 3, 260, 86.7644, 266.034
2390, 3, 260, 86.7483, 266.154
2391, 3, 260, 86.7005, 266.28
2392, 3, 260, 86.6655, 266.396
2393, 3, 260, 86.6598, 266.512
2394, 3, 260, 86.6568, 266.629
2395, 3, 260, 86.6507, 266.745
2396, 3, 260, 86.6399, 266.86
2397, 3, 260, 86.6374, 266.977
2398, 3, 260, 86.6209, 267.093
2399, 3, 260, 86.2059, 267.209
2400, 3, 260, 86.1529, 267.348
2401, 3, 260, 86.1368, 267.464
2402, 3, 260, 86.1163, 267.581
2403, 3, 260, 86.1623, 267.698
2404, 3, 260, 86.1468, 267.814
2405, 3, 260, 86.1418, 267.931
2406, 3, 260, 86.1012, 268.058
2407, 3, 260, 86.0967, 268.175
2408, 3, 260, 86.067, 268.292
2409, 3, 260, 86.0557, 268.409
2410, 3, 260, 85.9719, 268.525
2411, 3, 260, 85.9353, 268.642
2412, 3, 260, 85.9056, 268.758
2413, 3, 260, 85.8829, 268.875
2414, 3, 260, 85.8698, 268.992
2415, 3, 260, 85.8853, 269.108
2416, 3, 260, 85.8813, 269.225
2417, 3, 260, 85.8777, 269.341
2418, 3, 260, 85.8623, 269.457
2419, 3, 260, 85.851, 269.587
2420, 3, 260, 85.8283, 269.703
2421, 3, 260, 85.825, 269.819
2422, 3, 260, 85.8137, 269.936
2423, 3, 260, 85.8055, 270.052
2424, 3, 260, 85.7875, 270.168
2425, 3, 260, 85.7707, 270.285
2426, 3, 260, 85.7599, 270.402
2427, 3, 260, 85.7454, 270.518
2428, 3, 260, 85.732, 270.634
2429, 3, 260, 85.7141, 270.75
2430, 3, 260, 85.705, 270.866
2431, 3, 260, 85.7205, 270.982
2432, 3, 260, 85.7097, 271.098
2433, 3, 260, 85.6567, 271.214
2434, 3, 260, 85.4867, 271.33
2435, 3, 260, 85.4337, 271.448
2436, 3, 259, 86.4337, 271.564
2437, 3, 258, 87.7819, 271.681
2438, 3, 258, 87.7453, 271.82
2439, 3, 258, 87.7249, 271.937
2440, 3, 258, 87.6411, 272.054
2441, 3, 258, 87.6045, 272.17
2442, 3, 258, 87.5743, 272.287
2443, 3, 258, 87.4772, 272.403
2444, 3, 258, 87.5147, 272.519
2445, 3, 258, 87.4873, 272.635
2446, 3, 258, 87.4246, 272.753
2447, 3, 258, 87.4085, 272.869
2448, 3, 258, 87.3947, 272.997
2449, 3, 258, 87.368, 273.113
2450, 3, 257, 87.5091, 273.23
2451, 3, 257, 87.4789, 273.346
2452, 3, 257, 87.4521, 273.462
2453, 3, 257, 87.0371, 273.579
2454, 3, 257, 87.021, 273.695
2455, 3, 257, 86.9372, 273.812
2456, 3, 257, 86.9241, 273.929
2457, 3, 257, 86.9028, 274.047
2458, 3, 257, 86.8814, 274.164
2459, 3, 257, 86.86, 274.282
2460, 3, 257, 86.7932, 274.399
2461, 3, 257, 86.7802, 274.517
2462, 3, 257, 86.7134, 274.635
2463, 3, 257, 86.6604, 274.753
2464, 3, 257, 86.6122, 274.869
2465, 3, 257, 86.5592, 274.985
2466, 3, 257, 86.0743, 275.102
2467, 3, 257, 86.0475, 275.219
2468, 3, 257, 86.033, 275.335
2469, 3, 257, 85.9964, 275.452
2470, 3, 257, 85.9033, 275.568
2471, 3, 257, 85.8829, 275.685
2472, 3, 257, 85.8721, 275.802
2473, 3, 257, 85.8552, 275.919
2474, 3, 257, 85.825, 276.036
2475, 3, 257, 85.822, 276.152
2476, 3, 257, 85.8193, 276.28
2477, 3, 257, 85.8168, 276.397
2478, 3, 257, 85.8107, 276.514
2479, 3, 257, 85.8017, 276.63
2480, 3, 257, 85.7483, 276.746
2481, 3, 257, 85.745, 276.863
2482, 3, 257, 85.7431, 276.98
2483, 3, 257, 85.6949, 277.096
2484, 3, 257, 85.6815, 277.212
2485, 3, 257, 85.644, 277.329
2486, 3, 257, 85.631, 277.449
2487, 3, 257, 85.715, 277.565
2488, 3, 257, 85.6851, 277.681
2489, 3, 257, 85.6552, 277.798
2490, 3, 257, 85.6502, 277.915
2491, 3, 257, 85.6341, 278.031
2492, 3, 257, 85.6309, 278.148
2493, 3, 257, 85.6285, 278.265
2494, 3, 257, 85.6177, 278.384
2495, 3, 257, 85.5935, 278.501
2496, 3, 257, 85.5676, 278.618
2497, 3, 257, 85.5632, 278.734
2498, 3, 257, 85.5612, 278.851
2499, 3, 257, 85.5388, 278.967
2500, 3, 257, 85.5348, 279.083
2501, 3, 257, 85.5312, 279.199
2502, 3, 257, 85.5279, 279.316
2503, 3, 257, 85.5188, 279.432
2504, 3, 257, 85.5009, 279.56
2505, 3, 257, 85.4978, 279.676
2506, 3, 257, 85.4847, 279.791
2507, 3, 257, 85.4826, 279.907
2508, 3, 257, 85.4749, 280.024
2509, 3, 257, 85.4728, 280.139
2510, 3, 257, 85.4698, 280.255
2511, 3, 257, 85.4671, 280.373
2512, 3, 257, 85.4563, 280.488
2513, 3, 257, 85.4359, 280.607
2514, 3, 257, 85.4337, 280.734
2515, 3, 257, 85.4169, 280.85
2516, 3, 257, 85.414, 280.969
2517, 3, 257, 85.4088, 281.086
2518, 3, 257, 85.4011, 281.203
2519, 3, 257, 85.3574, 281.32
2520, 3, 257, 85.4228, 281.437
2521, 3, 257, 85.3855, 281.554
2522, 3, 257, 85.3721, 281.671
2523, 3, 257, 85.3654, 281.788
2524, 3, 257, 85.3633, 281.905
2525, 3, 257, 85.3418, 282.021
2526, 3, 257, 85.3352, 282.138
2527, 3, 257, 85.2154, 282.257
2528, 3, 257, 85.1788, 282.373
2529, 3, 257, 85.1698, 282.489
2530, 3, 257, 85.1654, 282.606
2531, 3, 257, 85.1571, 282.722
2532, 3, 257, 85.1451, 282.838
2533, 3, 257, 85.129, 282.966
2534, 3, 256, 85.2708, 283.083
2535, 3, 256, 85.2647, 283.2
2536, 3, 256, 85.2603, 283.317
2537, 3, 256, 85.2596, 283.435
2538, 3, 256, 85.2322, 283.561
2539, 3, 256, 85.2177, 283.679
2540, 3, 256, 85.1771, 283.796
2541, 3, 256, 85.1651, 283.913
2542, 3, 256, 85.1497, 284.03
2543, 3, 256, 85.1194, 284.147
2544, 3, 256, 85.0927, 284.264
2545, 3, 256, 85.0713, 284.382
2546, 3, 256, 85.0601, 284.499
2547, 3, 256, 85.0333, 284.616
2548, 3, 256, 84.9967, 284.733
2549, 3, 256, 84.9561, 284.85
2550, 3, 256, 84.9263, 284.968
2551, 3, 256, 84.9036, 285.085
2552, 3, 256, 84.8857, 285.202
2553, 3, 256, 84.8712, 285.319
2554, 3, 256, 84.8592, 285.435
2555, 3, 256, 84.6547, 285.552
2556, 3, 256, 84.6017, 285.67
2557, 3, 256, 84.5179, 285.787
2558, 3, 256, 84.5096, 285.904
2559, 3, 256, 84.4566, 286.021
2560, 3, 256, 84.4475, 286.14
2561, 3, 256, 84.4385, 286.266
2562, 3, 256, 84.4083, 286.383
2563, 3, 256, 84.378, 286.5
2564, 3, 256, 84.3478, 286.617
2565, 3, 256, 84.2805, 286.735
2566, 3, 256, 84.2537, 286.852
2567, 3, 256, 84.2007, 286.969
2568, 3, 256, 84.1477, 287.086
2569, 3, 256, 84.1036, 287.203
2570, 3, 256, 84.0198, 287.32
2571, 3, 256, 83.9832, 287.437
2572, 3, 256, 83.9466, 287.554
2573, 3, 256, 83.9101, 287.671
2574, 3, 256, 83.8571, 287.787
2575, 3, 256, 83.7733, 287.903
2576, 3, 256, 83.7465, 288.02
2577, 3, 256, 83.8391, 288.136
2578, 3, 256, 83.8178, 288.253
2579, 3, 256, 83.8333, 288.37
2580, 3, 256, 83.8119, 288.487
2581, 3, 256, 83.7915, 288.604
2582, 3, 256, 83.7753, 288.721
2583, 3, 256, 83.7722, 288.837
2584, 3, 256, 83.748, 288.955
2585, 3, 256, 83.7372, 289.076
2586, 3, 256, 83.7173, 289.194
2587, 3, 256, 83.7005, 289.311
2588, 3, 256, 83.6737, 289.428
2589, 3, 256, 83.6533, 289.554
2590, 3, 256, 83.6368, 289.675
2591, 3, 256, 83.6779, 289.792
2592, 3, 256, 83.6688, 289.909
2593, 3, 256, 83.6551, 290.034
2594, 3, 256, 83.6473, 290.151
2595, 3, 256, 83.6423, 290.27
2596, 3, 256, 83.6333, 290.39
2597, 3, 255, 83.7781, 290.507
2598, 3, 255, 83.7737, 290.626
2599, 3, 255, 83.8257, 290.743
2600, 3, 255, 83.7898, 290.861
2601, 3, 255, 83.7685, 290.978
2602, 3, 255, 83.7516, 291.095
2603, 3, 255, 83.6986, 291.213
2604, 3, 255, 83.6856, 291.33
2605, 3, 255, 83.6642, 291.446
2606, 3, 255, 83.6112, 291.566
2607, 3, 255, 83.5898, 291.683
2608, 3, 255, 83.5744, 291.8
2609, 3, 255, 83.4232, 291.917
2610, 3, 255, 83.2187, 292.039
2611, 3, 255, 82.7337, 292.156
2612, 3, 255, 82.6972, 292.274
2613, 3, 255, 82.6606, 292.391
2614, 3, 255, 82.5768, 292.509
2615, 3, 255, 82.3723, 292.628
2616, 3, 255, 82.2885, 292.746
2617, 3, 255, 82.2824, 292.863
2618, 3, 255, 82.255, 292.99
2619, 3, 255, 82.2506, 293.107
2620, 3, 254, 82.3918, 293.224
2621, 3, 254, 82.3847, 293.341
2622, 3, 254, 82.377, 293.458
2623, 3, 254, 82.3679, 293.574
2624, 3, 254, 82.3658, 293.692
2625, 3, 254, 82.3853, 293.809
2626, 3, 253, 82.5271, 293.927
2627, 3, 253, 82.4969, 294.044
2628, 3, 253, 82.4438, 294.161
2629, 3, 253, 82.4378, 294.277
2630, 3, 253, 82.4295, 294.394
2631, 3, 253, 82.4165, 294.511
2632, 3, 253, 82.4104, 294.627
2633, 3, 253, 82.4047, 294.746
2634, 3, 253, 82.3997, 294.862
2635, 3, 253, 82.3699, 294.978
2636, 3, 253, 82.2768, 295.094
2637, 3, 253, 82.25, 295.21
2638, 3, 253, 82.2134, 295.327
2639, 3, 253, 82.192, 295.445
2640, 3, 253, 82.1876, 295.562
2641, 3, 253, 82.1768, 295.678
2642, 3, 253, 82.11, 295.794
2643, 3, 253, 82.057, 295.912
2644, 3, 253, 82.0462, 296.029
2645, 3, 253, 82.0364, 296.146
2646, 3, 253, 81.9998, 296.274
2647, 3, 253, 81.9967, 296.391
2648, 3, 253, 81.9788, 296.507
2649, 3, 253, 81.9714, 296.624
2650, 3, 253, 81.965, 296.741
2651, 3, 253, 81.9505, 296.858
2652, 3, 253, 81.9064, 296.979
2653, 3, 253, 81.8796, 297.096
2654, 3, 253, 81.8494, 297.214
2655, 3, 253, 81.828, 297.331
2656, 3, 253, 81.8655, 297.448
2657, 3, 253, 81.8381, 297.565
2658, 3, 253, 81.8291, 297.692
2659, 3, 253, 81.899, 297.809
2660, 3, 253, 81.8509, 297.928
2661, 3, 253, 81.8295, 298.045
2662, 3, 253, 81.8251, 298.163
2663, 3, 252, 81.9663, 298.28
2664, 3, 252, 81.942, 298.397
2665, 3, 252, 81.8489, 298.514
2666, 3, 252, 81.8285, 298.631
2667, 3, 252, 81.8208, 298.748
2668, 3, 252, 81.8117, 298.866
2669, 3, 252, 81.7904, 298.985
2670, 3, 252, 81.7803, 299.111
2671, 3, 252, 81.759, 299.229
2672, 3, 252, 81.7523, 299.346
2673, 3, 252, 81.7042, 299.463
2674, 3, 252, 81.6774, 299.591
2675, 3, 252, 81.5245, 299.708
2676, 3, 252, 81.4577, 299.828
2677, 3, 252, 81.4464, 299.95
2678, 3, 252, 81.431, 300.074
2679, 3, 252, 81.4148, 300.192
2680, 3, 252, 81.4014, 300.311
2681, 3, 252, 81.5128, 300.428
2682, 3, 252, 81.446, 300.545
2683, 3, 252, 81.668, 300.664
2684, 3, 252, 81.6412, 300.781
2685, 3, 252, 81.6144, 300.898
2686, 3, 252, 81.594, 301.015
2687, 3, 252, 81.5735, 301.133
2688, 3, 252, 81.5574, 301.25
2689, 3, 252, 81.5413, 301.367
2690, 3, 252, 81.4308, 301.484
2691, 3, 252, 81.3942, 301.602
2692, 3, 252, 81.3412, 301.72
2693, 3, 252, 81.3109, 301.836
2694, 3, 252, 81.2896, 301.954
2695, 3, 252, 81.2058, 302.071
2696, 3, 252, 81.0528, 302.188
2697, 3, 252, 80.969, 302.305
2698, 3, 252, 80.9017, 302.423
2699, 3, 252, 80.8611, 302.54
2700, 3, 252, 80.8313, 302.657
2701, 3, 252, 80.8086, 302.774
2702, 3, 252, 80.604, 302.902
2703, 3, 252, 80.1191, 303.02
2704, 3, 252, 80.0086, 303.136
2705, 3, 252, 79.9248, 303.255
2706, 3, 252, 79.8574, 303.372
2707, 3, 252, 79.8044, 303.488
2708, 3, 252, 79.7604, 303.605
2709, 3, 252, 79.3453, 303.722
2710, 3, 251, 80.1085, 303.84
2711, 3, 250, 80.8717, 303.958
2712, 3, 249, 81.8717, 304.075
2713, 3, 248, 81.6395, 304.193
2714, 3, 247, 82.9877, 304.311
2715, 3, 246, 83.9877, 304.431
2716, 3, 246, 83.6141, 304.548
2717, 3, 245, 84.3773, 304.666
2718, 3, 245, 84.0038, 304.784
2719, 3, 245, 83.6303, 304.901
2720, 3, 244, 84.3935, 305.019
2721, 3, 243, 85.3935, 305.137
2722, 3, 243, 85.2235, 305.254
2723, 3, 242, 85.9867, 305.373
2724, 3, 241, 86.2281, 305.49
2725, 3, 241, 86.0235, 305.608
2726, 3, 241, 85.8706, 305.725
2727, 3, 240, 86.6338, 305.842
2728, 3, 239, 87.397, 305.96
2729, 3, 238, 88.1602, 306.077
2730, 3, 238, 87.7867, 306.194
2731, 3, 238, 87.4131, 306.321
2732, 3, 237, 88.1763, 306.438
2733, 3, 236, 88.9395, 306.557
2734, 3, 235, 89.7027, 306.675
2735, 3, 235, 89.3292, 306.792
2736, 3, 234, 90.3292, 306.913
2737, 3, 234, 89.9142, 307.038
2738, 3, 233, 90.6774, 307.158
2739, 3, 232, 91.4406, 307.278
2740, 3, 231, 92.4406, 307.396
2741, 3, 231, 92.067, 307.514
2742, 3, 230, 92.8302, 307.632
2743, 3, 229, 93.8302, 307.75
2744, 3, 229, 93.4152, 307.867
2745, 3, 228, 94.1784, 307.987
2746, 3, 227, 94.9416, 308.104
2747, 3, 226, 94.7094, 308.222
2748, 3, 225, 96.0575, 308.339
2749, 3, 224, 97.0575, 308.457
2750, 3, 223, 97.2989, 308.576
2751, 3, 222, 97.6517, 308.694
2752, 3, 222, 97.2366, 308.812
2753, 3, 222, 96.8631, 308.93
2754, 3, 222, 96.3781, 309.048
2755, 3, 222, 95.8932, 309.166
2756, 3, 222, 95.7232, 309.283
2757, 3, 222, 95.5703, 309.401
2758, 3, 222, 95.3658, 309.518
2759, 3, 222, 95.282, 309.645
2760, 3, 222, 95.0774, 309.763
2761, 3, 221, 95.8406, 309.882
2762, 3, 221, 95.4671, 310
2763, 3, 221, 95.2972, 310.118
2764, 3, 221, 95.2041, 310.235
2765, 3, 221, 95.0511, 310.353
2766, 3, 221, 95.0332, 310.471
2767, 3, 221, 94.9966, 310.588
2768, 3, 221, 94.8267, 310.706
2769, 3, 220, 95.5899, 310.824
2770, 3, 219, 96.3531, 310.942
2771, 3, 219, 95.9796, 311.061
2772, 3, 218, 95.7474, 311.179
2773, 3, 217, 96.5106, 311.299
2774, 3, 217, 96.3576, 311.417
2775, 3, 217, 96.5207, 311.536
2776, 3, 217, 96.3507, 311.653
2777, 3, 217, 96.2576, 311.772
2778, 3, 217, 96.4207, 311.89
2779, 3, 217, 96.3618, 312.009
2780, 3, 217, 96.2106, 312.126
2781, 3, 216, 96.9738, 312.244
2782, 3, 216, 96.8209, 312.363
2783, 3, 215, 97.5841, 312.48
2784, 3, 215, 97.2106, 312.599
2785, 3, 215, 97.1665, 312.717
2786, 3, 214, 97.3077, 312.835
2787, 3, 214, 97.2106, 312.962
2788, 3, 214, 97.174, 313.08
2789, 3, 214, 97.1627, 313.198
2790, 3, 214, 97.1537, 313.316
2791, 3, 214, 97.1323, 313.434
2792, 3, 214, 97.2249, 313.551
2793, 3, 213, 97.3661, 313.669
2794, 3, 213, 97.322, 313.786
2795, 3, 213, 97.3016, 313.903
2796, 3, 213, 97.1317, 314.021
2797, 3, 213, 96.9271, 314.137
2798, 3, 213, 96.9057, 314.255
2799, 3, 213, 96.8997, 314.374
2800, 3, 213, 96.9481, 314.492
2801, 3, 212, 97.0849, 314.61
2802, 3, 212, 97.0635, 314.728
2803, 3, 212, 97.0558, 314.846
2804, 3, 212, 97.039, 314.964
2805, 3, 212, 97.0329, 315.082
2806, 3, 212, 97.021, 315.201
2807, 3, 212, 97.018, 315.319
2808, 3, 212, 97.0079, 315.439
2809, 3, 212, 96.9992, 315.557
2810, 3, 212, 96.9925, 315.676
2811, 3, 212, 96.9898, 315.794
2812, 3, 212, 96.9763, 315.912
2813, 3, 212, 96.9719, 316.03
2814, 3, 212, 96.9694, 316.148
2815, 3, 212, 96.9623, 316.276
2816, 3, 212, 96.9503, 316.397
2817, 3, 212, 96.9446, 316.515
2818, 3, 212, 96.9388, 316.635
2819, 3, 212, 96.9257, 316.752
2820, 3, 212, 96.9103, 316.87
2821, 3, 212, 96.899, 316.988
2822, 3, 212, 96.89, 317.106
2823, 3, 212, 96.8784, 317.223
2824, 3, 212, 96.863, 317.341
2825, 3, 212, 96.8586, 317.459
2826, 3, 212, 96.8473, 317.577
2827, 3, 212, 96.8291, 317.694
2828, 3, 212, 96.8246, 317.815
2829, 3, 212, 96.8188, 317.936
2830, 3, 212, 96.7961, 318.054
2831, 3, 212, 96.7884, 318.172
2832, 3, 212, 96.7671, 318.289
2833, 3, 212, 96.6824, 318.407
2834, 3, 212, 96.6417, 318.525
2835, 3, 212, 96.6051, 318.643
2836, 3, 212, 96.5847, 318.761
2837, 3, 212, 96.5678, 318.879
2838, 3, 212, 96.3979, 318.997
2839, 3, 212, 96.3711, 319.115
2840, 3, 212, 96.3444, 319.232
2841, 3, 212, 96.3282, 319.351
2842, 3, 212, 96.3174, 319.469
2843, 3, 212, 96.3116, 319.6
2844, 3, 212, 96.3076, 319.718
2845, 3, 212, 96.3688, 319.836
2846, 3, 212, 96.3652, 319.954
2847, 3, 212, 96.3619, 320.093
2848, 3, 212, 96.3206, 320.21
2849, 3, 212, 96.3155, 320.328
2850, 3, 212, 96.3126, 320.445
2851, 3, 212, 96.3075, 320.563
2852, 3, 212, 96.2448, 320.682
2853, 3, 212, 96.2244, 320.801
2854, 3, 212, 96.2113, 320.919
2855, 3, 212, 96.1945, 321.037
2856, 3, 212, 96.1878, 321.158
2857, 3, 212, 96.1744, 321.275
2858, 3, 212, 96.0813, 321.394
2859, 3, 212, 96.0705, 321.513
2860, 3, 212, 96.0618, 321.63
2861, 3, 212, 96.0413, 321.748
2862, 3, 212, 96.0171, 321.866
2863, 3, 212, 96.0144, 321.984
2864, 3, 212, 96.0129, 322.102
2865, 3, 212, 96.0031, 322.22
2866, 3, 212, 95.9442, 322.338
2867, 3, 212, 95.9238, 322.455
2868, 3, 212, 95.9137, 322.591
2869, 3, 211, 96.0549, 322.711
2870, 3, 211, 96.0498, 322.829
2871, 3, 211, 96.0451, 322.956
2872, 3, 211, 96.115, 323.074
2873, 3, 211, 96.0669, 323.192
2874, 3, 211, 96.0556, 323.309
2875, 3, 211, 96.0675, 323.429
2876, 3, 211, 96.0316, 323.547
2877, 3, 211, 96.0208, 323.665
2878, 3, 211, 96.0137, 323.783
2879, 3, 211, 96.0093, 323.9
2880, 3, 211, 95.9932, 324.018
2881, 3, 211, 95.9849, 324.136
2882, 3, 211, 95.9766, 324.253
2883, 3, 211, 95.9705, 324.371
2884, 3, 211, 95.9674, 324.488
2885, 3, 211, 95.9636, 324.606
2886, 3, 211, 95.9591, 324.723
2887, 3, 211, 95.9483, 324.841
2888, 3, 211, 95.9327, 324.958
2889, 3, 211, 95.93, 325.076
2890, 3, 211, 95.9255, 325.194
2891, 3, 211, 95.8776, 325.311
2892, 3, 211, 95.8615, 325.429
2893, 3, 211, 95.8026, 325.549
2894, 3, 211, 95.7995, 325.667
2895, 3, 211, 95.7864, 325.785
2896, 3, 211, 95.782, 325.903
2897, 3, 211, 95.7776, 326.022
2898, 3, 211, 95.7745, 326.14
2899, 3, 211, 95.7714, 326.267
2900, 3, 211, 95.7693, 326.385
2901, 3, 211, 95.7662, 326.503
2902, 3, 211, 95.7554, 326.622
2903, 3, 211, 95.6881, 326.74
2904, 3, 211, 95.6292, 326.86
2905, 3, 211, 95.5885, 326.979
2906, 3, 211, 95.5588, 327.098
2907, 3, 211, 95.5383, 327.218
2908, 3, 211, 95.5229, 327.337
2909, 3, 211, 95.4863, 327.456
2910, 3, 211, 95.4333, 327.574
2911, 3, 211, 95.3495, 327.692
2912, 3, 211, 95.3129, 327.832
2913, 3, 210, 95.4577, 327.954
2914, 3, 210, 95.4533, 328.077
2915, 3, 210, 95.445, 328.196
2916, 3, 210, 95.392, 328.314
2917, 3, 210, 95.3653, 328.433
2918, 3, 210, 95.3287, 328.551
2919, 3, 210, 95.2921, 328.664
2920, 3, 210, 95.2653, 328.782
2921, 3, 210, 95.2492, 328.902
2922, 3, 210, 95.1387, 329.02
2923, 3, 210, 95.1226, 329.138
2924, 3, 210, 95.1135, 329.257
2925, 3, 210, 95.0769, 329.375
2926, 3, 210, 95.0565, 329.515
2927, 3, 210, 95.0035, 329.644
2928, 3, 210, 94.9733, 329.762
2929, 3, 210, 94.9711, 329.88
2930, 3, 210, 94.9498, 329.997
2931, 3, 210, 94.8968, 330.115
2932, 3, 210, 94.8694, 330.233
2933, 3, 210, 94.8526, 330.351
2934, 3, 210, 94.8413, 330.47
2935, 3, 210, 94.8199, 330.588
2936, 3, 210, 94.8045, 330.706
2937, 3, 210, 94.7884, 330.824
2938, 3, 210, 94.7616, 330.941
2939, 3, 210, 94.7348, 331.058
2940, 3, 210, 94.5819, 331.176
2941, 3, 210, 94.2084, 331.294
2942, 4, 210, 94.0384, 331.412
2943, 4, 210, 93.6649, 331.53
2944, 4, 209, 94.4281, 331.648
2945, 4, 209, 94.2752, 331.766
2946, 4, 209, 94.1222, 331.884
2947, 4, 209, 94.0384, 332.002
2948, 4, 209, 93.8855, 332.12
2949, 4, 209, 93.775, 332.237
2950, 4, 209, 93.4015, 332.355
2951, 4, 208, 94.1647, 332.474
2952, 4, 208, 93.7911, 332.592
2953, 4, 208, 93.4176, 332.71
2954, 4, 208, 93.0441, 332.828
2955, 4, 207, 93.2338, 332.957
2956, 5, 207, 93.1407, 333.076
2957, 5, 207, 93.0569, 333.194
2958, 5, 207, 93.0039, 333.312
2959, 5, 207, 92.9365, 333.429
2960, 5, 207, 92.8518, 333.547
2961, 5, 207, 92.6989, 333.666
2962, 5, 206, 92.4667, 333.784
2963, 5, 206, 92.3736, 333.904
2964, 5, 206, 92.3147, 334.022
2965, 5, 206, 91.9412, 334.139
2966, 5, 206, 91.5676, 334.257
2967, 5, 206, 91.4147, 334.376
2968, 5, 206, 90.9996, 334.493
2969, 5, 206, 90.9159, 334.611
2970, 5, 205, 91.679, 334.738
2971, 5, 205, 91.5261, 334.858
2972, 5, 205, 91.3732, 334.977
2973, 5, 205, 91.2627, 335.094
2974, 5, 205, 91.1098, 335.211
2975, 5, 205, 90.9568, 335.329
2976, 5, 205, 90.7869, 335.446
2977, 5, 205, 90.7339, 335.563
2978, 5, 205, 90.564, 335.681
2979, 5, 204, 90.727, 335.799
2980, 5, 204, 90.6597, 335.936
2981, 5, 204, 90.5759, 336.054
2982, 5, 204, 90.5085, 336.172
2983, 5, 204, 90.3556, 336.298
2984, 6, 204, 89.9405, 336.416
2985, 7, 204, 89.7706, 336.534
2986, 7, 204, 89.7265, 336.651
2987, 7, 204, 89.6334, 336.769
2988, 7, 204, 89.5496, 336.89
2989, 7, 204, 89.5194, 337.007
2990, 7, 204, 89.4828, 337.124
2991, 7, 204, 89.3897, 337.241
2992, 7, 204, 89.3456, 337.358
2993, 7, 204, 89.2926, 337.482
2994, 7, 204, 89.2712, 337.602
2995, 7, 204, 89.1874, 337.722
2996, 7, 204, 89.0345, 337.842
2997, 7, 204, 88.8816, 337.961
2998, 7, 204, 88.8286, 338.081
2999, 7, 204, 88.6756, 338.203
