Seed is: 71
Number of samples is: 3000
Simulation name is: Simulation_2TV_10x10.sim
TimeStep, Distraction Rate, Missed States, Model Accuracy, Time (ms)
0, 0, 732, 0, 7.1e-05
1, 0, 731, 0.763197, 0.064323
2, 0, 730, 1.52639, 0.126992
3, 0, 729, 2.28959, 0.189662
4, 0, 728, 3.05279, 0.252121
5, 0, 727, 3.81599, 0.314399
6, 0, 726, 3.58379, 0.376938
7, 0, 725, 4.93195, 0.439467
8, 0, 724, 5.93195, 0.501926
9, 0, 723, 5.69976, 0.564485
10, 0, 723, 5.28472, 0.626433
11, 0, 723, 5.1148, 0.688502
12, 0, 722, 6.46296, 0.754036
13, 0, 721, 7.22615, 0.817127
14, 0, 720, 7.98935, 0.879335
15, 0, 719, 8.75255, 0.953777
16, 0, 718, 9.51575, 1.01706
17, 0, 718, 9.14221, 1.07925
18, 0, 717, 9.90541, 1.14165
19, 0, 716, 9.67322, 1.20627
20, 0, 715, 10.4364, 1.26823
21, 0, 714, 11.1996, 1.33055
22, 0, 713, 11.9628, 1.39288
23, 0, 712, 12.3156, 1.45787
24, 0, 711, 13.0788, 1.52078
25, 0, 710, 13.842, 1.58393
26, 0, 709, 14.842, 1.6463
27, 0, 708, 15.842, 1.70904
28, 0, 708, 15.4269, 1.77127
29, 0, 708, 14.942, 1.83364
30, 0, 707, 15.942, 1.89632
31, 0, 707, 15.5684, 1.95883
32, 0, 706, 16.3316, 2.02232
33, 0, 706, 15.9581, 2.08522
34, 0, 706, 15.7536, 2.1481
35, 0, 706, 15.3385, 2.21089
36, 0, 706, 14.965, 2.27322
37, 0, 706, 15.128, 2.33573
38, 0, 706, 14.713, 2.39817
39, 0, 706, 14.3395, 2.46082
40, 0, 705, 15.3395, 2.52343
41, 0, 704, 16.1027, 2.58662
42, 0, 704, 15.7291, 2.64954
43, 0, 704, 15.3556, 2.71257
44, 0, 703, 16.1188, 2.77554
45, 0, 702, 16.882, 2.83833
46, 0, 702, 16.397, 2.90155
47, 0, 701, 17.1602, 2.96465
48, 0, 700, 17.9234, 3.02809
49, 0, 699, 18.6866, 3.09106
50, 0, 699, 18.5337, 3.1544
51, 0, 699, 18.3807, 3.21898
52, 0, 699, 18.0072, 3.28269
53, 0, 699, 17.6337, 3.34575
54, 0, 698, 18.3969, 3.40926
55, 0, 697, 18.1647, 3.47242
56, 0, 697, 18.0117, 3.53571
57, 0, 696, 18.3645, 3.59897
58, 0, 696, 17.991, 3.66217
59, 0, 696, 17.9495, 3.79372
60, 0, 695, 19.6542, 3.85869
61, 0, 695, 19.2806, 3.92208
62, 0, 695, 19.1968, 3.98573
63, 0, 695, 19.0439, 4.04906
64, 0, 694, 19.2853, 4.11291
65, 0, 694, 18.9117, 4.17668
66, 0, 693, 19.6749, 4.24057
67, 0, 692, 20.4381, 4.31411
68, 0, 691, 21.2013, 4.3791
69, 0, 690, 21.9645, 4.44294
70, 0, 689, 22.7277, 4.50634
71, 0, 689, 22.3542, 4.56968
72, 0, 688, 23.1174, 4.6337
73, 0, 688, 22.7438, 4.69827
74, 0, 687, 23.507, 4.76253
75, 0, 686, 24.507, 4.82575
76, 0, 686, 24.092, 4.88936
77, 0, 686, 23.9221, 4.95329
78, 0, 685, 24.6853, 5.01706
79, 0, 685, 24.3117, 5.08062
80, 0, 684, 25.0749, 5.14401
81, 0, 683, 25.8381, 5.20784
82, 0, 682, 26.6013, 5.27181
83, 0, 681, 27.3645, 5.33563
84, 0, 680, 28.3645, 5.3997
85, 0, 680, 27.9495, 5.46335
86, 0, 680, 27.7796, 5.52708
87, 0, 680, 27.6865, 5.59056
88, 0, 679, 28.4497, 5.65444
89, 0, 678, 29.2128, 5.71843
90, 0, 677, 29.976, 5.78247
91, 0, 676, 29.7439, 5.84662
92, 0, 675, 31.092, 5.9104
93, 0, 674, 31.8552, 5.97435
94, 0, 673, 32.6184, 6.03844
95, 0, 672, 32.3862, 6.10243
96, 0, 671, 33.1494, 6.16639
97, 0, 670, 33.9126, 6.23024
98, 0, 669, 34.6758, 6.29431
99, 0, 669, 34.3023, 6.35841
100, 0, 668, 34.0701, 6.42249
101, 0, 667, 34.8333, 6.48653
102, 0, 666, 35.5965, 6.55098
103, 0, 665, 36.3597, 6.61546
104, 0, 665, 35.9861, 6.6801
105, 0, 664, 36.7493, 6.74442
106, 0, 663, 37.5125, 6.81028
107, 0, 663, 37.139, 6.87505
108, 0, 662, 37.9022, 6.95064
109, 0, 661, 38.6654, 7.01517
110, 0, 660, 39.4286, 7.08016
111, 0, 659, 40.1918, 7.14486
112, 0, 658, 40.955, 7.21086
113, 0, 658, 40.5815, 7.27574
114, 0, 658, 40.0965, 7.34055
115, 0, 658, 39.723, 7.40499
116, 0, 658, 39.3494, 7.46972
117, 0, 657, 40.1126, 7.53698
118, 0, 656, 40.8758, 7.6021
119, 0, 656, 40.5023, 7.6803
120, 0, 655, 41.2655, 7.74434
121, 0, 654, 42.0287, 7.80822
122, 0, 653, 41.7965, 7.87256
123, 0, 652, 41.5643, 7.93735
124, 0, 651, 42.3275, 8.00138
125, 0, 650, 43.0907, 8.06548
126, 0, 649, 43.8539, 8.12946
127, 0, 648, 44.8539, 8.19356
128, 0, 648, 44.4388, 8.25857
129, 0, 647, 45.4388, 8.32485
130, 0, 646, 46.202, 8.39032
131, 0, 646, 45.8285, 8.47091
132, 0, 645, 46.5917, 8.5375
133, 0, 644, 47.3549, 8.60275
134, 0, 643, 48.1181, 8.66844
135, 0, 642, 48.8813, 8.73377
136, 0, 641, 49.6445, 8.79946
137, 0, 640, 49.4123, 8.86507
138, 0, 639, 49.1801, 8.94707
139, 0, 638, 49.9433, 9.27274
140, 0, 637, 50.7065, 9.33905
141, 0, 636, 51.4697, 9.40575
142, 0, 635, 52.2329, 9.47271
143, 0, 634, 52.9961, 9.53902
144, 0, 633, 53.7593, 9.60449
145, 0, 632, 54.5225, 9.67058
146, 0, 631, 54.8753, 9.73708
147, 0, 630, 55.6385, 9.80293
148, 0, 630, 55.4855, 9.86905
149, 0, 629, 56.8337, 9.93489
150, 0, 629, 56.4602, 10.001
151, 0, 628, 56.8129, 10.0675
152, 0, 627, 57.5761, 10.1338
153, 0, 627, 57.2026, 10.2021
154, 0, 627, 57.0497, 10.2683
155, 0, 626, 57.291, 10.3344
156, 0, 626, 57.1381, 10.4004
157, 0, 625, 57.9013, 10.4667
158, 0, 625, 57.5277, 10.5328
159, 0, 625, 57.1542, 10.599
160, 0, 625, 57.0013, 10.6651
161, 0, 624, 57.7645, 10.8267
162, 0, 623, 58.5277, 10.9075
163, 0, 623, 58.3747, 10.9873
164, 0, 623, 58.2048, 11.0535
165, 0, 623, 58.0349, 11.1197
166, 0, 623, 57.9418, 11.1863
167, 0, 623, 57.8486, 11.2524
168, 0, 623, 57.6957, 11.3185
169, 0, 622, 57.4635, 11.3844
170, 0, 622, 57.3797, 11.4508
171, 0, 622, 57.3208, 11.5166
172, 0, 622, 57.2619, 11.5826
173, 0, 622, 57.2213, 11.6483
174, 0, 622, 57.1915, 11.7229
175, 0, 621, 57.3813, 11.7896
176, 0, 621, 57.2708, 11.8561
177, 0, 621, 57.2178, 11.9241
178, 0, 621, 57.0666, 11.9909
179, 0, 621, 56.6931, 12.0571
180, 0, 621, 56.3196, 12.1231
181, 0, 621, 56.1496, 12.1892
182, 0, 621, 55.9967, 12.2551
183, 0, 621, 55.9129, 12.321
184, 0, 621, 55.8599, 12.3872
185, 0, 621, 55.7761, 12.453
186, 0, 621, 55.2912, 12.5192
187, 1, 620, 56.2912, 12.5852
188, 1, 619, 57.0543, 12.6514
189, 1, 618, 56.8222, 12.7176
190, 1, 617, 58.1703, 12.7839
191, 1, 616, 58.9335, 12.8504
192, 1, 616, 58.3554, 12.9168
193, 1, 615, 58.5452, 12.983
194, 1, 615, 58.1716, 13.0492
195, 1, 615, 57.7981, 13.1177
196, 1, 615, 57.6452, 13.1941
197, 1, 615, 57.1602, 13.2769
198, 1, 615, 56.7867, 13.3605
199, 1, 615, 56.4131, 13.4846
200, 1, 614, 57.1763, 13.585
201, 1, 613, 56.9441, 13.7081
202, 1, 612, 57.7073, 13.8024
203, 1, 612, 57.6658, 13.8777
204, 1, 611, 57.4337, 13.9447
205, 1, 610, 58.7818, 14.0111
206, 1, 609, 59.545, 14.0784
207, 1, 608, 60.3082, 14.1454
208, 1, 607, 61.0714, 14.2121
209, 1, 607, 60.6979, 14.2926
210, 1, 607, 60.3243, 14.361
211, 1, 607, 60.1198, 14.4289
212, 1, 607, 59.7463, 14.4954
213, 1, 606, 60.5095, 14.5623
214, 1, 605, 61.2727, 14.6296
215, 1, 605, 60.8991, 14.6966
216, 1, 604, 61.6623, 14.764
217, 1, 603, 62.4255, 14.8314
218, 1, 602, 63.1887, 14.899
219, 1, 602, 62.8152, 14.966
220, 1, 602, 62.4416, 15.0334
221, 1, 602, 62.0681, 15.101
222, 1, 602, 61.6946, 15.1684
223, 1, 601, 62.4578, 15.2358
224, 1, 601, 62.3048, 15.3028
225, 1, 601, 61.9313, 15.3697
226, 1, 600, 62.6945, 15.4367
227, 1, 600, 62.5416, 15.5041
228, 1, 600, 62.4485, 15.5715
229, 1, 600, 62.3896, 15.6387
230, 1, 600, 62.016, 15.7058
231, 1, 600, 61.8631, 15.7728
232, 1, 600, 61.4896, 15.8404
233, 1, 600, 61.3791, 15.9074
234, 1, 600, 61.2261, 15.9742
235, 1, 599, 61.9893, 16.0417
236, 1, 598, 62.7525, 16.1091
237, 1, 597, 63.5157, 16.1768
238, 1, 596, 63.2835, 16.2438
239, 1, 595, 64.0467, 16.3111
240, 1, 594, 64.8099, 16.3783
241, 1, 594, 64.4364, 16.4459
242, 1, 594, 64.0629, 16.5133
243, 1, 594, 63.9791, 16.5807
244, 1, 594, 63.9117, 16.6481
245, 1, 594, 63.8711, 16.7158
246, 1, 594, 63.8413, 16.7831
247, 1, 594, 63.8186, 16.8506
248, 1, 594, 63.6657, 16.9178
249, 1, 593, 64.6657, 16.985
250, 1, 593, 64.2921, 17.0523
251, 1, 593, 63.9186, 17.1196
252, 1, 592, 64.16, 17.1868
253, 1, 592, 63.7449, 17.2736
254, 1, 591, 63.5127, 17.3425
255, 1, 590, 63.7025, 17.4099
256, 1, 590, 63.4979, 17.4774
257, 1, 590, 63.345, 17.546
258, 1, 590, 63.1751, 17.6212
259, 1, 589, 64.5232, 17.6892
260, 1, 589, 64.3703, 17.7567
261, 1, 589, 64.2865, 17.8242
262, 1, 589, 64.2027, 17.8915
263, 1, 589, 63.8292, 17.9687
264, 1, 588, 64.0705, 18.0364
265, 1, 587, 64.8337, 18.1045
266, 1, 586, 65.075, 18.1723
267, 1, 585, 65.8382, 18.2401
268, 1, 584, 66.028, 18.3073
269, 1, 584, 65.9442, 18.3745
270, 1, 584, 65.8604, 18.4419
271, 1, 584, 65.4868, 18.5133
272, 1, 584, 65.3763, 18.5807
273, 1, 584, 65.2234, 18.6483
274, 1, 584, 64.8499, 18.7157
275, 1, 583, 65.6131, 18.7833
276, 1, 583, 65.4601, 18.8509
277, 1, 583, 65.3072, 18.9184
278, 1, 583, 65.2542, 18.9859
279, 1, 583, 64.8807, 19.0532
280, 1, 582, 65.6439, 19.1208
281, 1, 581, 66.6439, 19.1887
282, 1, 580, 67.4071, 19.2565
283, 1, 580, 67.2541, 19.3242
284, 1, 580, 66.7692, 19.3921
285, 2, 580, 66.3541, 19.4598
286, 3, 580, 66.1842, 19.5276
287, 4, 580, 66.0911, 19.5954
288, 5, 579, 67.0911, 19.6674
289, 6, 579, 67.0322, 19.735
290, 7, 579, 66.6172, 19.8027
291, 8, 579, 66.4472, 19.8705
292, 8, 579, 66.3634, 19.9386
293, 8, 579, 66.2796, 20.0065
294, 8, 579, 66.2431, 20.0738
295, 8, 579, 65.9796, 20.1415
296, 8, 579, 65.6061, 20.2091
297, 8, 579, 65.4016, 20.2765
298, 8, 579, 65.2486, 20.3441
299, 8, 579, 64.8751, 20.4128
300, 8, 578, 65.8751, 20.4804
301, 8, 578, 65.5016, 20.5475
302, 8, 578, 65.4178, 20.6153
303, 8, 578, 65.3247, 20.6831
304, 8, 578, 65.2573, 20.7522
305, 8, 578, 65.2394, 20.82
306, 8, 578, 65.1864, 20.8876
307, 8, 578, 65.1423, 20.9623
308, 8, 577, 65.291, 21.0313
309, 8, 577, 65.2469, 21.0991
310, 8, 577, 65.094, 21.1667
311, 8, 577, 64.7204, 21.2355
312, 8, 576, 65.7204, 21.3047
313, 8, 576, 65.3054, 21.3722
314, 8, 576, 65.1355, 21.4543
315, 8, 576, 64.9826, 21.5229
316, 8, 576, 64.609, 21.5907
317, 8, 576, 64.5252, 21.659
318, 8, 575, 64.715, 21.7293
319, 8, 575, 64.5104, 21.7972
320, 8, 575, 64.4574, 21.8649
321, 8, 575, 64.4044, 21.9329
322, 8, 575, 64.3742, 22.0003
323, 8, 575, 64.3597, 22.0683
324, 8, 575, 64.2492, 22.1358
325, 8, 575, 63.7642, 22.2033
326, 8, 575, 63.6113, 22.2712
327, 8, 574, 63.7743, 22.3391
328, 8, 574, 63.7529, 22.407
329, 8, 574, 63.8229, 22.4747
330, 8, 574, 63.7391, 22.5425
331, 8, 574, 63.961, 22.6106
332, 8, 574, 63.5875, 22.6787
333, 8, 574, 63.5345, 22.7466
334, 8, 573, 63.7242, 22.8148
335, 8, 573, 63.6311, 22.8826
336, 8, 573, 63.5722, 22.9508
337, 8, 573, 63.3088, 23.0188
338, 8, 573, 62.9352, 23.0872
339, 8, 573, 62.7841, 23.1549
340, 8, 573, 62.7252, 23.2227
341, 8, 573, 62.5723, 23.2907
342, 8, 573, 62.4193, 23.3604
343, 8, 573, 62.2664, 23.4286
344, 8, 573, 62.1559, 23.4968
345, 8, 573, 62.1029, 23.5655
346, 8, 573, 62.0355, 23.6333
347, 8, 573, 61.9517, 23.7012
348, 8, 573, 61.8679, 23.7695
349, 8, 573, 61.7842, 23.8375
350, 8, 573, 61.7435, 23.9056
351, 8, 573, 61.5906, 23.9893
352, 8, 573, 61.554, 24.058
353, 8, 573, 61.4702, 24.1255
354, 8, 573, 61.422, 24.1934
355, 8, 573, 61.378, 24.2613
356, 8, 573, 61.325, 24.3376
357, 8, 573, 61.2982, 24.406
358, 8, 573, 61.147, 24.4738
359, 8, 573, 61.1266, 24.5419
360, 8, 573, 60.9221, 24.6105
361, 9, 573, 60.8289, 24.6787
362, 9, 573, 60.7759, 24.7467
363, 9, 573, 60.6654, 24.8149
364, 9, 573, 60.6289, 24.8827
365, 9, 573, 60.4759, 24.9511
366, 9, 573, 60.2714, 25.0193
367, 9, 573, 60.2184, 25.0873
368, 9, 573, 60.203, 25.1557
369, 9, 573, 60.1762, 25.2237
370, 9, 572, 60.3392, 25.2919
371, 9, 572, 60.4616, 25.3598
372, 9, 572, 60.5958, 25.4286
373, 9, 572, 60.566, 25.497
374, 9, 572, 60.4987, 25.5656
375, 9, 572, 60.4621, 25.8855
376, 9, 572, 60.4319, 25.9548
377, 9, 572, 60.3953, 26.0229
378, 9, 572, 60.3792, 26.0911
379, 9, 572, 60.2954, 26.1592
380, 9, 572, 59.9218, 26.2272
381, 9, 572, 59.7689, 26.2951
382, 9, 572, 59.6718, 26.3632
383, 9, 572, 59.5787, 26.4313
384, 9, 572, 59.4258, 26.4992
385, 9, 572, 59.2212, 26.5673
386, 9, 572, 59.0683, 26.6353
387, 9, 572, 58.9154, 26.7031
388, 9, 572, 58.7624, 26.7708
389, 9, 572, 58.6786, 26.8388
390, 9, 572, 58.6256, 26.907
391, 9, 572, 58.1407, 26.9755
392, 9, 572, 57.7256, 27.0439
393, 9, 571, 59.0738, 27.1121
394, 9, 571, 58.7003, 27.18
395, 9, 571, 58.5473, 27.2484
396, 9, 571, 58.3944, 27.316
397, 9, 571, 58.2973, 27.3841
398, 9, 571, 58.2842, 27.5486
399, 9, 570, 58.474, 27.6277
400, 9, 570, 58.4072, 27.6963
401, 9, 570, 58.3542, 27.7645
402, 9, 570, 58.3176, 27.8327
403, 9, 570, 58.2338, 27.9009
404, 9, 569, 58.375, 27.9715
405, 9, 569, 58.2221, 28.0398
406, 9, 568, 58.4118, 28.108
407, 9, 567, 58.7646, 28.1766
408, 9, 567, 58.391, 28.245
409, 9, 566, 59.1542, 28.3139
410, 9, 565, 59.9174, 28.382
411, 9, 565, 59.5439, 28.4505
412, 9, 565, 59.391, 28.5188
413, 9, 565, 59.3642, 28.5876
414, 9, 565, 59.3112, 28.656
415, 9, 565, 59.1066, 28.726
416, 9, 565, 59.0228, 28.7944
417, 9, 565, 59.0024, 28.8626
418, 9, 565, 58.981, 28.9333
419, 9, 565, 58.9137, 29.0017
420, 10, 565, 58.873, 29.07
421, 10, 565, 58.7892, 29.1387
422, 10, 565, 58.4157, 29.2071
423, 10, 565, 58.3627, 29.275
424, 10, 565, 57.9477, 29.3433
425, 10, 565, 58.2627, 29.4115
426, 10, 565, 58.0928, 29.4794
427, 10, 565, 57.9398, 29.5474
428, 11, 565, 57.9101, 29.6159
429, 12, 565, 57.8874, 29.6842
430, 12, 564, 58.0361, 29.7523
431, 13, 564, 58.0181, 29.8214
432, 14, 564, 57.9592, 29.89
433, 14, 564, 57.9325, 29.9584
434, 14, 564, 57.8487, 30.0268
435, 14, 564, 57.7898, 30.0951
436, 14, 564, 57.6793, 30.1636
437, 14, 564, 57.6427, 30.2317
438, 14, 564, 57.6273, 30.3001
439, 14, 564, 57.6005, 30.3685
440, 14, 564, 57.5475, 30.4383
441, 14, 564, 57.437, 30.5068
442, 14, 564, 57.3532, 30.5749
443, 14, 564, 57.2003, 30.643
444, 14, 563, 57.9635, 30.7111
445, 14, 563, 57.5899, 30.7797
446, 14, 563, 57.5729, 30.8481
447, 14, 562, 58.9211, 30.9168
448, 14, 561, 59.6843, 30.9943
449, 14, 560, 60.4475, 31.0635
450, 14, 559, 60.2153, 31.1325
451, 14, 558, 60.9785, 31.2014
452, 14, 557, 61.7417, 31.2706
453, 14, 556, 62.5049, 31.3396
454, 14, 555, 63.2681, 31.4092
455, 14, 554, 64.0313, 31.4779
456, 14, 553, 64.7945, 31.5469
457, 14, 552, 65.5577, 31.6162
458, 14, 551, 66.3209, 31.6851
459, 14, 550, 67.0841, 31.7561
460, 14, 549, 68.0841, 31.8252
461, 14, 549, 67.669, 31.8971
462, 14, 548, 68.4322, 31.9664
463, 14, 547, 69.1954, 32.0356
464, 14, 546, 69.9586, 32.1048
465, 14, 545, 70.7218, 32.1745
466, 14, 545, 70.5519, 32.2439
467, 14, 545, 70.1784, 32.3128
468, 14, 544, 71.1784, 32.3817
469, 14, 544, 70.8048, 32.4508
470, 14, 543, 70.5726, 32.5199
471, 14, 542, 71.9208, 32.589
472, 14, 542, 71.5473, 32.6585
473, 14, 542, 71.0623, 32.7279
474, 14, 541, 71.8255, 32.7968
475, 14, 540, 72.5887, 32.8663
476, 14, 539, 73.5887, 32.9357
477, 14, 539, 73.1737, 33.0049
478, 14, 538, 73.9369, 33.0741
479, 14, 537, 73.7047, 33.1436
480, 14, 537, 73.6632, 33.2128
481, 14, 536, 74.4264, 33.2989
482, 14, 536, 74.2734, 33.3699
483, 14, 536, 74.1803, 33.4393
484, 14, 536, 73.9758, 33.5091
485, 14, 536, 73.892, 33.5784
486, 14, 536, 73.7391, 33.6477
487, 14, 535, 74.5022, 33.7173
488, 14, 534, 75.5022, 33.7866
489, 14, 534, 75.0872, 33.8571
490, 14, 534, 74.9173, 33.9267
491, 14, 533, 75.6805, 33.9964
492, 14, 532, 76.6805, 34.0663
493, 14, 531, 77.4437, 34.1362
494, 14, 530, 78.2069, 34.2059
495, 14, 530, 77.8333, 34.2823
496, 14, 529, 79.538, 34.353
497, 14, 528, 80.3012, 34.423
498, 14, 528, 80.2081, 34.4929
499, 14, 527, 80.9713, 34.5632
500, 14, 526, 80.7391, 34.6334
501, 14, 525, 81.5023, 34.7034
502, 14, 524, 82.2655, 34.7734
503, 14, 523, 83.0287, 34.8432
504, 14, 522, 83.7919, 34.9132
505, 14, 521, 84.7919, 34.9834
506, 14, 520, 85.5551, 35.0538
507, 14, 519, 86.3183, 35.1242
508, 14, 518, 87.0815, 35.1948
509, 14, 517, 87.8447, 35.2651
510, 14, 516, 88.1975, 35.3352
511, 14, 515, 88.9607, 35.4054
512, 14, 514, 89.9607, 35.476
513, 14, 514, 89.5456, 35.5487
514, 14, 513, 90.5456, 35.6196
515, 14, 513, 90.1306, 35.7031
516, 14, 513, 89.9607, 35.7739
517, 14, 512, 90.3135, 35.8442
518, 14, 512, 90.1435, 35.9143
519, 14, 512, 90.0504, 35.9849
520, 14, 512, 89.9573, 36.0553
521, 14, 512, 90.2723, 36.1255
522, 14, 511, 91.0355, 36.196
523, 14, 511, 90.6205, 36.2663
524, 14, 511, 90.247, 36.3368
525, 14, 511, 89.8734, 36.407
526, 14, 510, 90.6366, 36.4772
527, 14, 509, 91.3998, 36.5476
528, 14, 508, 92.163, 36.6207
529, 14, 507, 92.9262, 36.6919
530, 14, 507, 92.7563, 36.7624
531, 14, 507, 92.3828, 36.8346
532, 14, 507, 91.8047, 36.9048
533, 14, 506, 93.1529, 36.9751
534, 14, 505, 93.5056, 37.0458
535, 14, 504, 94.2688, 37.1166
536, 14, 503, 95.032, 37.1875
537, 14, 502, 94.7998, 37.258
538, 14, 501, 95.7998, 37.3287
539, 14, 500, 96.563, 37.3996
540, 14, 500, 96.1895, 37.47
541, 14, 500, 95.816, 37.5406
542, 14, 499, 96.0573, 37.6202
543, 14, 499, 95.8528, 37.6914
544, 14, 499, 95.2747, 37.7621
545, 14, 499, 94.7897, 37.8329
546, 14, 499, 94.7308, 37.9032
547, 14, 499, 94.3573, 37.9737
548, 14, 499, 93.9838, 38.0442
549, 14, 498, 94.747, 38.115
550, 14, 498, 94.3734, 38.1855
551, 14, 497, 95.1366, 38.2567
552, 14, 496, 95.8998, 38.3279
553, 14, 495, 96.663, 38.3999
554, 14, 494, 97.4262, 38.482
555, 14, 493, 98.1894, 38.5817
556, 14, 492, 98.9526, 38.6827
557, 14, 491, 100.301, 38.8107
558, 14, 490, 101.064, 38.9182
559, 14, 489, 100.832, 39.0288
560, 14, 488, 101.595, 39.1436
561, 14, 488, 101.221, 39.2591
562, 14, 488, 100.848, 39.3748
563, 14, 488, 100.474, 39.4881
564, 14, 487, 100.242, 39.602
565, 14, 486, 101.005, 39.7257
566, 14, 486, 100.912, 39.855
567, 14, 485, 100.68, 39.989
568, 14, 485, 100.527, 40.1127
569, 14, 485, 100.154, 40.2624
570, 14, 484, 100.917, 40.3804
571, 14, 484, 100.543, 40.4979
572, 14, 484, 100.17, 40.6151
573, 14, 484, 100.017, 40.8029
574, 14, 484, 99.9638, 40.9985
575, 14, 484, 100.127, 41.1428
576, 14, 484, 100.043, 41.2765
577, 14, 484, 99.628, 41.4015
578, 14, 484, 99.4751, 41.5314
579, 14, 484, 99.3239, 41.6428
580, 14, 484, 99.171, 41.7629
581, 14, 483, 99.9342, 41.8822
582, 14, 482, 100.934, 42.0026
583, 14, 481, 101.697, 42.1255
584, 14, 481, 101.324, 42.2415
585, 14, 480, 102.087, 42.629
586, 14, 479, 103.087, 42.7475
587, 14, 478, 103.85, 42.865
588, 14, 478, 103.477, 42.9846
589, 14, 477, 104.24, 43.1046
590, 14, 476, 105.003, 43.223
591, 14, 476, 104.63, 43.3395
592, 14, 476, 104.256, 43.4566
593, 14, 475, 105.019, 43.5737
594, 14, 474, 105.782, 43.6918
595, 14, 474, 105.63, 43.8087
596, 14, 474, 105.477, 44.1244
597, 14, 474, 105.393, 44.2443
598, 14, 474, 105.019, 44.3836
599, 14, 474, 104.866, 44.502
600, 14, 474, 104.493, 44.6233
601, 14, 473, 105.256, 44.7989
602, 14, 472, 105.024, 44.9178
603, 14, 472, 104.94, 45.0366
604, 14, 472, 104.566, 45.1581
605, 14, 471, 105.33, 45.2783
606, 14, 470, 106.093, 45.3985
607, 14, 470, 105.719, 45.5207
608, 14, 469, 106.072, 45.6424
609, 14, 469, 105.699, 45.764
610, 14, 469, 105.64, 45.8846
611, 14, 469, 105.598, 46.0078
612, 14, 469, 105.557, 46.1292
613, 14, 468, 106.321, 46.2536
614, 14, 467, 106.51, 46.3765
615, 14, 466, 107.274, 46.4946
616, 14, 466, 107.19, 46.617
617, 14, 466, 107.037, 46.7372
618, 14, 466, 107.007, 46.8586
619, 14, 466, 106.954, 46.9809
620, 14, 466, 106.469, 47.1002
621, 14, 466, 106.299, 47.2224
622, 14, 466, 105.926, 47.3454
623, 14, 466, 105.552, 47.4679
624, 14, 466, 105.459, 47.591
625, 14, 466, 105.306, 47.7333
626, 14, 466, 105.153, 47.8549
627, 14, 466, 104.738, 48.051
628, 14, 466, 104.534, 48.1675
629, 14, 466, 104.381, 48.3186
630, 14, 466, 104.297, 48.46
631, 14, 465, 104.46, 48.5808
632, 14, 465, 104.363, 48.6972
633, 14, 465, 104.21, 48.8142
634, 14, 465, 104.057, 48.9292
635, 14, 465, 103.973, 49.0618
636, 14, 465, 103.889, 49.2032
637, 14, 464, 104.653, 49.3443
638, 14, 463, 105.653, 49.4514
639, 14, 463, 105.238, 49.5626
640, 14, 463, 105.068, 49.6773
641, 14, 463, 104.975, 49.7913
642, 14, 462, 105.738, 49.9074
643, 14, 461, 106.738, 50.0309
644, 14, 461, 106.323, 50.143
645, 14, 460, 107.086, 50.2564
646, 14, 459, 107.849, 50.3681
647, 14, 459, 107.434, 50.478
648, 14, 459, 107.061, 50.5898
649, 14, 459, 107.002, 50.7056
650, 14, 459, 106.628, 50.8176
651, 14, 459, 106.255, 50.9309
652, 14, 459, 106.214, 51.0691
653, 14, 459, 105.84, 51.1831
654, 14, 459, 105.467, 51.2957
655, 14, 459, 105.314, 51.4084
656, 14, 459, 105.144, 51.5209
657, 14, 459, 105.051, 51.634
658, 14, 458, 105.814, 51.747
659, 14, 458, 105.747, 51.8599
660, 14, 458, 105.694, 51.9761
661, 14, 458, 105.321, 52.0884
662, 14, 458, 105.168, 52.2012
663, 14, 458, 104.794, 52.3149
664, 14, 458, 104.772, 52.427
665, 14, 457, 106.476, 52.5409
666, 14, 456, 107.824, 52.6526
667, 14, 456, 107.671, 52.7656
668, 14, 455, 109.02, 52.8795
669, 14, 454, 108.787, 52.9957
670, 14, 454, 108.414, 53.1123
671, 14, 454, 108.04, 53.224
672, 14, 454, 108.004, 53.3353
673, 14, 454, 107.92, 53.4476
674, 14, 454, 107.767, 53.5588
675, 14, 454, 107.394, 53.6713
676, 14, 454, 107.241, 53.7847
677, 14, 454, 107.188, 53.9073
678, 14, 453, 108.536, 54.0137
679, 14, 452, 109.299, 54.1659
680, 14, 451, 110.299, 54.2668
681, 14, 450, 111.062, 54.4216
682, 14, 450, 110.689, 54.5485
683, 14, 450, 110.315, 54.644
684, 14, 449, 111.315, 54.7179
685, 14, 449, 110.9, 54.7909
686, 14, 448, 111.663, 54.8636
687, 14, 447, 113.011, 54.936
688, 14, 447, 112.638, 55.0085
689, 14, 446, 113.638, 55.1069
690, 14, 446, 113.153, 55.1829
691, 14, 445, 113.394, 55.2563
692, 14, 445, 113.224, 55.3294
693, 14, 445, 113.071, 55.4017
694, 14, 445, 112.656, 55.4741
695, 14, 445, 112.283, 55.5463
696, 14, 445, 111.909, 55.6188
697, 14, 445, 111.856, 55.6911
698, 14, 445, 111.703, 55.7633
699, 14, 445, 111.55, 55.8355
700, 14, 445, 111.44, 55.9078
701, 14, 445, 111.27, 55.9804
702, 14, 445, 111.177, 56.0525
703, 14, 445, 111.093, 56.1249
704, 14, 445, 110.72, 56.1973
705, 14, 445, 110.567, 56.2699
706, 14, 444, 111.33, 56.3426
707, 14, 443, 112.093, 56.4154
708, 14, 443, 111.94, 56.4877
709, 14, 443, 111.856, 56.5613
710, 14, 443, 111.703, 56.6338
711, 14, 443, 111.685, 56.7067
712, 14, 443, 111.312, 56.7798
713, 14, 443, 111.159, 56.8525
714, 14, 443, 111.474, 56.9256
715, 14, 443, 110.896, 56.9983
716, 14, 443, 110.522, 57.0713
717, 14, 443, 110.259, 57.1441
718, 14, 443, 110.481, 57.2169
719, 14, 443, 110.217, 57.2897
720, 14, 443, 109.802, 57.3791
721, 14, 443, 109.632, 57.4526
722, 14, 443, 109.259, 57.525
723, 14, 443, 108.844, 57.5973
724, 14, 442, 109.034, 57.6837
725, 14, 442, 108.864, 57.7566
726, 14, 442, 108.753, 57.8291
727, 14, 442, 108.694, 57.9219
728, 14, 442, 108.541, 57.9957
729, 14, 442, 108.458, 58.0685
730, 14, 442, 108.084, 58.1411
731, 14, 442, 108.025, 58.2134
732, 14, 441, 108.788, 58.2859
733, 14, 440, 109.788, 58.3587
734, 14, 440, 109.373, 58.4316
735, 14, 439, 109.615, 58.5062
736, 14, 439, 109.462, 58.5794
737, 14, 439, 109.409, 58.6532
738, 14, 439, 109.204, 58.7263
739, 14, 439, 109.137, 58.7997
740, 14, 439, 109.078, 58.8739
741, 14, 438, 109.241, 58.9477
742, 14, 438, 109.088, 59.1779
743, 14, 438, 108.825, 59.2514
744, 14, 438, 108.672, 59.3249
745, 14, 437, 108.913, 59.3986
746, 14, 436, 109.266, 59.4722
747, 14, 435, 110.029, 59.5456
748, 14, 435, 109.655, 59.6199
749, 14, 435, 109.572, 59.6931
750, 14, 435, 109.531, 59.7661
751, 14, 435, 109.464, 59.8393
752, 14, 435, 109.09, 59.9125
753, 14, 435, 109.006, 59.986
754, 14, 435, 108.97, 60.0597
755, 14, 435, 108.8, 60.1332
756, 14, 435, 108.689, 60.2068
757, 14, 435, 108.649, 60.405
758, 14, 435, 108.496, 60.4789
759, 14, 435, 108.428, 60.5525
760, 14, 435, 108.38, 60.6255
761, 14, 435, 108.296, 60.6989
762, 14, 435, 108.243, 60.7726
763, 14, 435, 108.207, 60.8462
764, 14, 435, 108.177, 60.9199
765, 14, 435, 108.133, 61.0077
766, 14, 435, 108.049, 61.0814
767, 14, 435, 108.009, 61.1553
768, 14, 435, 107.925, 61.2289
769, 14, 435, 107.551, 61.3781
770, 14, 435, 107.492, 61.452
771, 14, 435, 107.229, 61.5252
772, 14, 435, 107.118, 61.6026
773, 14, 435, 106.745, 61.6756
774, 14, 434, 107.508, 61.7486
775, 14, 434, 107.304, 61.8216
776, 14, 434, 107.251, 61.8945
777, 14, 434, 107.098, 61.9672
778, 14, 434, 106.945, 62.0406
779, 14, 434, 106.892, 62.1132
780, 14, 434, 106.739, 62.1861
781, 14, 434, 106.588, 62.2588
782, 14, 434, 106.52, 62.3319
783, 14, 434, 106.484, 62.4049
784, 14, 434, 106.314, 62.4776
785, 14, 434, 106.221, 62.5507
786, 14, 434, 106.137, 62.6236
787, 14, 434, 106.096, 62.6964
788, 14, 434, 105.943, 62.7692
789, 14, 434, 105.833, 62.842
790, 14, 434, 105.803, 62.9148
791, 14, 434, 105.706, 62.9881
792, 14, 434, 105.662, 63.0612
793, 14, 434, 105.635, 63.1342
794, 14, 434, 105.576, 63.2071
795, 14, 434, 105.423, 63.2805
796, 14, 434, 105.05, 63.3534
797, 14, 434, 105.02, 63.4262
798, 14, 434, 104.99, 63.4991
799, 14, 434, 104.969, 63.5722
800, 14, 434, 104.929, 63.6453
801, 14, 434, 104.907, 63.7181
802, 14, 434, 104.891, 63.7911
803, 14, 434, 104.838, 63.864
804, 14, 434, 104.771, 63.9367
805, 14, 434, 104.756, 64.0092
806, 14, 434, 104.743, 64.0819
807, 14, 434, 104.713, 64.1548
808, 14, 433, 104.862, 64.228
809, 14, 433, 104.778, 64.3098
810, 14, 433, 104.293, 64.3851
811, 14, 432, 105.056, 64.4626
812, 14, 432, 104.683, 64.5362
813, 14, 432, 104.309, 64.6093
814, 14, 432, 104.225, 64.6825
815, 14, 432, 104.072, 64.7552
816, 14, 432, 104.005, 64.8284
817, 14, 432, 103.952, 64.901
818, 14, 432, 103.799, 64.9739
819, 14, 432, 103.706, 65.0469
820, 14, 431, 104.706, 65.1199
821, 14, 431, 104.291, 65.1931
822, 14, 431, 104.232, 65.2666
823, 14, 431, 104.192, 65.3398
824, 14, 431, 104.022, 65.4124
825, 14, 431, 103.928, 65.4849
826, 14, 430, 104.118, 65.5579
827, 14, 430, 104.088, 65.6308
828, 14, 430, 104.03, 65.7036
829, 14, 430, 103.989, 65.7766
830, 14, 430, 103.959, 65.8504
831, 14, 430, 103.806, 65.9236
832, 14, 430, 103.77, 65.9968
833, 14, 430, 103.717, 66.0697
834, 14, 430, 103.664, 66.1436
835, 14, 430, 103.611, 66.2169
836, 14, 430, 103.5, 66.29
837, 14, 430, 103.416, 66.3657
838, 14, 430, 103.265, 66.4386
839, 14, 430, 103.181, 66.5116
840, 14, 430, 103.159, 66.5857
841, 14, 430, 103.075, 66.6585
842, 14, 430, 103.022, 66.7312
843, 14, 430, 102.969, 66.8038
844, 14, 430, 102.484, 66.8767
845, 14, 430, 102.11, 66.9492
846, 14, 430, 101.737, 67.0218
847, 14, 429, 101.978, 67.0947
848, 14, 429, 101.605, 67.1678
849, 14, 429, 101.452, 67.241
850, 14, 429, 101.078, 67.3138
851, 14, 428, 101.841, 67.3869
852, 14, 428, 101.468, 67.4594
853, 14, 428, 101.094, 67.5324
854, 14, 428, 100.721, 67.614
855, 14, 428, 100.568, 67.6872
856, 14, 428, 100.883, 67.7596
857, 14, 428, 100.509, 67.8325
858, 14, 428, 100.339, 67.9053
859, 14, 428, 100.187, 67.978
860, 14, 428, 100.034, 68.0506
861, 14, 428, 99.9405, 68.1315
862, 14, 428, 99.7359, 68.2044
863, 14, 428, 99.6521, 68.277
864, 14, 428, 99.4992, 68.3497
865, 14, 428, 99.3463, 68.4221
866, 14, 428, 98.9727, 68.4947
867, 14, 428, 98.8198, 68.5676
868, 14, 427, 99.0096, 68.6402
869, 14, 427, 98.9507, 68.7128
870, 14, 427, 98.91, 68.7854
871, 14, 427, 98.7995, 68.8576
872, 14, 427, 98.6466, 68.93
873, 14, 427, 98.61, 69.0029
874, 14, 427, 98.5659, 69.0751
875, 14, 427, 98.5293, 69.1476
876, 14, 427, 98.4362, 69.2201
877, 14, 427, 98.3773, 69.2932
878, 14, 427, 98.31, 69.3656
879, 14, 427, 98.2262, 69.4515
880, 14, 427, 98.0733, 69.5509
881, 14, 426, 98.2145, 69.6526
882, 14, 426, 98.1842, 69.7568
883, 14, 426, 98.1004, 69.8594
884, 14, 426, 98.0777, 69.9634
885, 14, 426, 97.9672, 70.0853
886, 14, 426, 97.8834, 70.1873
887, 14, 426, 97.8468, 70.2918
888, 14, 426, 97.7938, 70.3954
889, 14, 426, 97.9162, 70.5023
890, 14, 426, 97.8935, 70.611
891, 14, 426, 97.8756, 70.7182
892, 14, 426, 97.8611, 70.828
893, 14, 426, 97.7773, 70.9326
894, 14, 426, 97.7332, 71.0519
895, 14, 426, 97.6494, 71.1569
896, 14, 426, 97.6128, 71.2605
897, 14, 426, 97.529, 71.3642
898, 14, 426, 97.3761, 71.4678
899, 14, 426, 97.3231, 71.5712
900, 14, 426, 97.2963, 71.675
901, 14, 426, 97.2522, 71.779
902, 14, 426, 97.1684, 71.8829
903, 14, 426, 97.2384, 71.9919
904, 14, 426, 97.1795, 72.095
905, 14, 426, 97.1265, 72.1971
906, 14, 426, 97.0967, 72.2837
907, 14, 426, 97.0129, 72.3565
908, 14, 426, 96.9599, 72.4296
909, 14, 426, 96.9372, 72.5024
910, 14, 426, 96.8842, 72.5773
911, 14, 426, 96.8628, 72.6507
912, 14, 426, 96.836, 72.7244
913, 14, 426, 96.4625, 72.7976
914, 14, 426, 96.089, 72.8709
915, 14, 426, 96.0052, 72.9442
916, 14, 426, 95.9214, 73.0174
917, 14, 426, 95.7684, 73.0909
918, 14, 425, 95.9582, 73.1644
919, 14, 425, 95.3801, 73.2377
920, 14, 424, 96.1433, 73.311
921, 14, 424, 95.6583, 73.3842
922, 14, 424, 95.2848, 73.4575
923, 14, 424, 95.1319, 73.531
924, 14, 424, 94.9789, 73.6048
925, 14, 423, 95.2203, 73.6787
926, 14, 423, 95.0157, 73.7521
927, 14, 423, 94.8458, 73.8254
928, 14, 423, 94.7785, 73.8986
929, 14, 423, 94.7303, 73.9721
930, 14, 423, 94.719, 74.0452
931, 14, 423, 94.7011, 74.1184
932, 14, 422, 94.8404, 74.1921
933, 14, 422, 94.8321, 74.2657
934, 14, 422, 94.8239, 74.3481
935, 14, 422, 94.8308, 74.4214
936, 14, 422, 94.7778, 74.4954
937, 14, 422, 94.7337, 74.5691
938, 14, 422, 94.6978, 74.6425
939, 14, 422, 94.6612, 74.7156
940, 14, 421, 94.8099, 74.789
941, 14, 421, 94.7128, 74.8628
942, 14, 421, 94.629, 74.9362
943, 14, 421, 94.4245, 75.0093
944, 14, 420, 94.6658, 75.0824
945, 14, 420, 94.582, 75.1559
946, 14, 420, 94.3775, 75.2292
947, 14, 420, 93.7994, 75.3029
948, 14, 420, 93.6889, 75.3765
949, 14, 420, 93.6622, 75.4498
950, 14, 419, 93.8252, 75.5235
951, 14, 419, 93.7414, 75.6075
952, 14, 419, 93.6884, 75.9383
953, 14, 419, 93.6616, 76.0123
954, 14, 419, 93.6348, 76.1041
955, 14, 419, 93.568, 76.179
956, 14, 419, 93.5315, 76.2526
957, 14, 419, 93.5725, 76.3263
958, 14, 419, 93.558, 76.3998
959, 14, 419, 93.546, 76.4732
960, 14, 419, 93.5094, 76.5465
961, 14, 419, 93.3049, 76.6224
962, 14, 419, 93.152, 76.6958
963, 14, 419, 93.0415, 76.7696
964, 14, 419, 92.8885, 76.843
965, 14, 419, 92.8825, 76.9184
966, 14, 419, 92.8459, 76.9919
967, 14, 419, 92.8093, 77.0657
968, 14, 419, 92.7993, 77.1395
969, 14, 419, 92.7907, 77.2129
970, 14, 419, 92.7833, 77.2867
971, 14, 419, 92.7769, 77.3602
972, 14, 419, 92.7713, 77.4338
973, 14, 419, 92.7514, 77.5071
974, 14, 419, 92.6984, 77.6818
975, 14, 419, 92.6146, 77.7561
976, 14, 419, 92.6102, 77.8298
977, 14, 419, 92.5834, 77.9037
978, 14, 419, 92.5161, 77.9769
979, 14, 419, 92.4323, 78.0506
980, 14, 419, 92.3485, 78.1261
981, 14, 419, 92.1439, 78.2006
982, 14, 419, 92.0909, 78.274
983, 14, 419, 91.6759, 78.3473
984, 14, 419, 91.8389, 78.421
985, 14, 419, 91.7284, 78.4947
986, 14, 418, 93.0766, 78.5696
987, 14, 418, 92.9237, 78.6431
988, 14, 418, 92.8399, 78.7162
989, 14, 418, 92.3549, 78.7896
990, 14, 418, 91.8699, 78.8628
991, 14, 417, 92.6331, 78.9359
992, 14, 417, 92.2596, 79.009
993, 14, 416, 92.4493, 79.0824
994, 14, 416, 92.3655, 79.1557
995, 14, 416, 92.255, 79.2288
996, 14, 416, 92.1877, 79.3018
997, 14, 416, 92.1609, 79.3749
998, 14, 416, 92.1307, 79.4484
999, 14, 416, 92.1153, 79.5216
1000, 14, 416, 92.0948, 79.5948
1001, 14, 416, 92.0744, 79.6678
1002, 14, 416, 92.0539, 79.7425
1003, 14, 416, 92.0335, 79.8157
1004, 14, 416, 91.9805, 79.8888
1005, 14, 416, 91.717, 79.9619
1006, 14, 416, 91.6729, 80.0352
1007, 14, 416, 91.5218, 80.1085
1008, 14, 416, 91.4287, 80.1815
1009, 14, 416, 91.3757, 80.2547
1010, 14, 416, 91.3552, 80.329
1011, 14, 416, 91.3187, 80.4021
1012, 14, 416, 91.3067, 80.4751
1013, 14, 416, 91.2966, 80.5483
1014, 14, 415, 91.4597, 80.6235
1015, 14, 415, 91.4511, 80.6985
1016, 14, 415, 91.3838, 80.772
1017, 14, 415, 91.3676, 80.8453
1018, 14, 414, 91.5044, 80.918
1019, 14, 414, 91.4206, 80.9978
1020, 14, 414, 91.1572, 81.0709
1021, 14, 414, 90.7837, 81.1442
1022, 14, 414, 90.6732, 81.2171
1023, 14, 414, 90.4686, 81.2904
1024, 14, 414, 90.4156, 81.3639
1025, 14, 414, 90.2111, 81.4417
1026, 14, 414, 90.1273, 81.5157
1027, 14, 414, 89.9744, 81.5891
1028, 14, 413, 90.7376, 81.6627
1029, 14, 412, 90.5054, 81.7368
1030, 14, 411, 91.2686, 81.8106
1031, 14, 411, 90.895, 81.884
1032, 14, 411, 90.5215, 81.9574
1033, 14, 410, 91.2847, 82.0307
1034, 14, 410, 90.9112, 82.1043
1035, 14, 410, 90.5376, 82.1774
1036, 14, 410, 90.1641, 82.2506
1037, 14, 410, 90.0112, 82.3253
1038, 14, 410, 89.8582, 82.3989
1039, 14, 410, 89.4847, 82.4721
1040, 14, 410, 89.1112, 82.5454
1041, 14, 410, 88.7376, 82.619
1042, 14, 410, 88.3641, 82.6924
1043, 14, 410, 87.9906, 82.7657
1044, 14, 410, 87.8376, 82.8391
1045, 14, 410, 87.6847, 82.9291
1046, 14, 410, 87.3112, 83.0039
1047, 14, 410, 87.1582, 83.0776
1048, 14, 409, 88.1582, 83.1542
1049, 14, 409, 88.0053, 83.2283
1050, 14, 409, 87.6318, 83.303
1051, 14, 409, 87.548, 83.3776
1052, 14, 409, 87.395, 83.4512
1053, 14, 409, 86.98, 83.5247
1054, 14, 409, 86.6065, 83.5983
1055, 14, 409, 86.5227, 83.6717
1056, 14, 408, 87.2859, 83.7454
1057, 14, 407, 88.0491, 83.8195
1058, 14, 407, 87.8961, 83.8933
1059, 14, 406, 88.6593, 83.9672
1060, 14, 406, 88.5755, 84.0414
1061, 14, 406, 88.4917, 84.1151
1062, 14, 405, 89.8399, 84.1984
1063, 14, 405, 89.7869, 84.2825
1064, 14, 405, 89.6764, 84.357
1065, 14, 404, 89.4442, 84.4308
1066, 14, 404, 89.0707, 84.5046
1067, 14, 403, 90.4188, 84.5783
1068, 14, 402, 91.182, 84.6523
1069, 14, 401, 91.3718, 84.7261
1070, 14, 401, 91.3311, 84.8146
1071, 14, 401, 90.8461, 84.8894
1072, 14, 400, 91.8461, 84.9632
1073, 14, 400, 91.4311, 85.0474
1074, 14, 400, 91.0576, 85.1214
1075, 14, 400, 90.9046, 85.1955
1076, 14, 400, 90.8516, 85.2689
1077, 14, 400, 90.7678, 85.3427
1078, 14, 399, 91.0092, 85.4167
1079, 14, 399, 90.9726, 85.4908
1080, 14, 399, 90.5991, 85.5646
1081, 14, 399, 90.2255, 85.6382
1082, 14, 399, 90.0556, 85.7119
1083, 14, 399, 89.9625, 85.7855
1084, 14, 399, 89.9095, 85.8593
1085, 14, 399, 89.7566, 85.9334
1086, 14, 398, 90.5198, 86.0073
1087, 14, 397, 91.283, 86.0816
1088, 14, 397, 90.9094, 86.1822
1089, 14, 397, 90.5359, 86.2573
1090, 14, 396, 91.2991, 86.3318
1091, 14, 395, 92.0623, 86.4066
1092, 14, 394, 92.3036, 86.4811
1093, 14, 394, 92.0991, 86.5551
1094, 14, 393, 92.3404, 86.6288
1095, 14, 392, 93.3404, 86.7032
1096, 14, 392, 92.9669, 86.7777
1097, 14, 392, 92.5934, 86.8519
1098, 14, 391, 93.9415, 86.926
1099, 14, 391, 93.5265, 87.0017
1100, 14, 391, 93.153, 87.0761
1101, 14, 391, 92.7379, 87.152
1102, 14, 391, 92.5334, 87.2263
1103, 14, 391, 92.3804, 87.3007
1104, 14, 391, 92.2699, 87.3747
1105, 14, 391, 92.1, 87.4501
1106, 14, 391, 91.7265, 87.5419
1107, 14, 391, 91.5736, 87.626
1108, 14, 391, 91.4206, 87.701
1109, 14, 390, 92.7688, 87.7756
1110, 14, 389, 93.7688, 87.8502
1111, 14, 388, 94.532, 87.9245
1112, 14, 387, 95.532, 87.9985
1113, 14, 387, 95.1169, 88.0726
1114, 14, 387, 94.632, 88.1467
1115, 14, 387, 94.479, 88.2207
1116, 14, 387, 94.3091, 88.2946
1117, 14, 387, 94.216, 88.3683
1118, 14, 387, 94.1571, 88.4427
1119, 14, 387, 93.6722, 88.5164
1120, 14, 387, 93.2986, 88.5907
1121, 14, 387, 93.2148, 88.6644
1122, 14, 387, 92.8413, 88.7384
1123, 14, 387, 92.4678, 88.8147
1124, 14, 387, 92.3148, 88.8891
1125, 14, 387, 92.2618, 88.9633
1126, 14, 387, 91.7769, 89.0376
1127, 14, 387, 91.6239, 89.1116
1128, 14, 387, 91.5942, 89.1859
1129, 14, 387, 91.4412, 89.2651
1130, 14, 387, 91.4185, 89.3394
1131, 14, 387, 91.3744, 89.4136
1132, 14, 387, 91.3583, 89.4878
1133, 14, 387, 91.347, 89.5623
1134, 14, 387, 91.3351, 89.6366
1135, 14, 387, 91.325, 89.7108
1136, 14, 387, 91.3046, 89.7846
1137, 14, 387, 91.2743, 89.8587
1138, 14, 387, 91.207, 89.9332
1139, 14, 386, 91.3967, 90.0074
1140, 14, 386, 91.3601, 90.0815
1141, 14, 386, 91.3161, 90.1555
1142, 14, 385, 92.6642, 90.2313
1143, 14, 385, 92.2907, 90.3162
1144, 14, 385, 91.9172, 90.3907
1145, 14, 385, 91.7642, 90.4644
1146, 14, 385, 91.6113, 90.5385
1147, 14, 384, 92.3745, 90.6125
1148, 14, 383, 93.1377, 90.6871
1149, 14, 383, 92.7641, 90.7611
1150, 14, 382, 93.7641, 90.8354
1151, 14, 382, 93.3906, 90.9096
1152, 14, 382, 93.2377, 90.9921
1153, 14, 382, 92.8641, 91.067
1154, 14, 382, 92.7112, 91.1412
1155, 14, 382, 92.2263, 91.2151
1156, 14, 381, 92.9895, 91.2895
1157, 14, 380, 93.3422, 91.3642
1158, 14, 380, 92.9687, 91.4388
1159, 14, 379, 93.9687, 91.5133
1160, 14, 379, 93.8158, 91.5876
1161, 14, 378, 94.579, 91.6626
1162, 14, 377, 95.3421, 91.7383
1163, 14, 376, 96.1053, 91.8129
1164, 14, 375, 96.3467, 91.8876
1165, 14, 375, 95.9732, 91.9654
1166, 14, 375, 95.4882, 92.0401
1167, 14, 375, 95.1147, 92.1146
1168, 14, 375, 94.6297, 92.189
1169, 14, 375, 94.4768, 92.2636
1170, 14, 374, 96.4619, 92.5952
1171, 14, 373, 97.4619, 92.67
1172, 14, 372, 98.2251, 92.7447
1173, 14, 372, 98.1146, 92.8192
1174, 14, 372, 97.91, 92.8943
1175, 14, 372, 97.5365, 92.9689
1176, 14, 371, 98.2997, 93.0439
1177, 14, 371, 98.0952, 93.1186
1178, 14, 370, 98.8584, 93.1956
1179, 14, 370, 99.0803, 93.2704
1180, 14, 370, 98.8169, 93.3451
1181, 14, 370, 98.7331, 93.4195
1182, 14, 370, 98.6226, 93.4942
1183, 14, 370, 98.249, 93.5685
1184, 14, 370, 98.0961, 93.6427
1185, 14, 369, 98.2858, 93.7175
1186, 14, 369, 97.9123, 93.7922
1187, 14, 369, 97.4273, 93.8671
1188, 14, 369, 97.0538, 94.0215
1189, 14, 369, 96.8493, 94.0961
1190, 14, 369, 96.7388, 94.1706
1191, 14, 369, 96.655, 94.2449
1192, 14, 369, 96.602, 94.3275
1193, 14, 369, 96.4915, 94.4022
1194, 14, 369, 96.3403, 94.4776
1195, 14, 369, 96.3101, 94.5524
1196, 14, 369, 96.2947, 94.6273
1197, 14, 369, 96.2417, 94.7011
1198, 14, 368, 96.3904, 94.7755
1199, 14, 368, 96.2933, 94.8503
1200, 14, 368, 96.1421, 94.925
1201, 14, 368, 96.0583, 94.9994
1202, 14, 368, 96.0053, 95.0743
1203, 14, 368, 95.938, 95.1487
1204, 14, 368, 95.7868, 95.2232
1205, 14, 368, 95.7428, 95.2972
1206, 14, 368, 95.7297, 95.3716
1207, 14, 368, 95.7184, 95.4463
1208, 14, 368, 95.7023, 95.5209
1209, 14, 368, 95.6862, 95.5956
1210, 14, 368, 95.7788, 95.67
1211, 14, 368, 95.7422, 95.7443
1212, 14, 368, 95.6982, 95.8186
1213, 14, 368, 95.6851, 95.8927
1214, 14, 368, 95.6485, 95.967
1215, 14, 368, 95.612, 96.0414
1216, 14, 368, 95.5713, 96.1155
1217, 14, 368, 95.5347, 96.1899
1218, 14, 368, 95.508, 96.264
1219, 14, 368, 95.455, 96.3385
1220, 14, 368, 95.4442, 96.4124
1221, 14, 368, 95.4311, 96.4867
1222, 14, 368, 95.3643, 96.561
1223, 14, 368, 95.3376, 96.6354
1224, 14, 368, 95.3171, 96.7111
1225, 14, 368, 95.2874, 96.7858
1226, 14, 368, 95.2646, 96.8607
1227, 14, 367, 95.4133, 96.935
1228, 14, 367, 95.3954, 97.0093
1229, 14, 367, 95.3841, 97.0844
1230, 14, 367, 95.3628, 97.1593
1231, 14, 367, 95.336, 97.2339
1232, 14, 366, 95.4728, 97.3085
1233, 14, 366, 95.389, 97.383
1234, 14, 366, 95.3782, 97.4569
1235, 14, 366, 95.3301, 97.5314
1236, 14, 366, 95.3033, 97.6163
1237, 14, 366, 95.3493, 97.6919
1238, 14, 366, 95.3278, 97.7674
1239, 14, 366, 95.3247, 97.843
1240, 14, 366, 95.3065, 97.9179
1241, 14, 366, 95.2624, 97.9937
1242, 14, 366, 95.1786, 98.0691
1243, 14, 366, 95.0256, 98.1444
1244, 14, 366, 95.1895, 98.2215
1245, 14, 366, 95.1222, 98.297
1246, 14, 366, 95.0856, 98.3726
1247, 14, 366, 94.9157, 98.4476
1248, 14, 366, 94.7348, 98.523
1249, 14, 366, 94.3613, 98.598
1250, 14, 366, 94.1567, 98.6734
1251, 14, 365, 94.3981, 98.7491
1252, 14, 365, 94.3143, 98.8247
1253, 14, 365, 94.2702, 98.9006
1254, 14, 365, 94.1597, 98.9764
1255, 14, 365, 94.0492, 99.054
1256, 14, 365, 94.0224, 99.1292
1257, 14, 365, 93.9922, 99.2046
1258, 14, 365, 93.9248, 99.2805
1259, 14, 365, 93.8143, 99.3573
1260, 14, 365, 93.7212, 99.4336
1261, 14, 365, 93.6682, 99.5094
1262, 14, 365, 93.4637, 99.5849
1263, 14, 364, 93.705, 99.6606
1264, 14, 364, 93.29, 99.7361
1265, 14, 364, 93.1201, 99.8112
1266, 14, 364, 92.9155, 99.8868
1267, 14, 364, 92.805, 99.9623
1268, 14, 364, 92.6945, 100.037
1269, 14, 364, 92.8584, 100.113
1270, 14, 364, 92.6775, 100.188
1271, 14, 364, 92.5246, 100.263
1272, 14, 364, 92.4048, 100.339
1273, 14, 364, 92.321, 100.415
1274, 14, 364, 91.9475, 100.49
1275, 14, 364, 91.5739, 100.566
1276, 14, 364, 91.5066, 100.641
1277, 14, 364, 91.4625, 100.717
1278, 14, 364, 91.4095, 100.793
1279, 14, 364, 91.3654, 100.869
1280, 14, 364, 91.3288, 100.954
1281, 14, 364, 91.2758, 101.031
1282, 14, 364, 91.2085, 101.106
1283, 14, 364, 91.1783, 101.19
1284, 14, 364, 91.1109, 101.268
1285, 14, 363, 91.2739, 101.344
1286, 14, 363, 91.2578, 101.419
1287, 14, 363, 91.2424, 101.495
1288, 14, 363, 91.1983, 101.571
1289, 14, 362, 91.347, 101.646
1290, 14, 362, 91.3029, 101.722
1291, 14, 362, 91.2815, 101.798
1292, 14, 362, 91.2513, 101.875
1293, 14, 361, 91.3925, 101.95
1294, 14, 361, 91.3623, 102.026
1295, 14, 361, 91.3141, 102.102
1296, 14, 361, 91.3051, 102.177
1297, 14, 361, 91.4275, 102.252
1298, 14, 361, 91.5616, 102.328
1299, 14, 361, 91.5348, 102.403
1300, 14, 361, 91.5203, 102.479
1301, 14, 361, 91.5049, 102.554
1302, 14, 361, 91.4608, 102.63
1303, 14, 361, 91.3935, 102.705
1304, 14, 361, 91.3097, 102.781
1305, 14, 361, 91.2423, 102.856
1306, 14, 361, 91.1452, 102.933
1307, 14, 361, 91.0922, 103.009
1308, 14, 361, 91.0557, 103.084
1309, 14, 361, 91.0116, 103.16
1310, 14, 361, 90.8586, 103.236
1311, 14, 361, 90.8474, 103.311
1312, 14, 361, 90.8171, 103.386
1313, 14, 361, 90.8089, 103.461
1314, 14, 361, 90.7976, 103.538
1315, 14, 361, 90.7831, 103.614
1316, 14, 361, 90.7711, 103.689
1317, 14, 361, 90.7651, 103.765
1318, 14, 361, 90.7805, 103.841
1319, 14, 361, 90.7538, 103.919
1320, 14, 361, 90.7464, 103.995
1321, 14, 361, 90.74, 104.07
1322, 14, 361, 90.7097, 104.146
1323, 14, 361, 90.6691, 104.222
1324, 14, 361, 90.6486, 104.305
1325, 14, 361, 90.5516, 104.38
1326, 14, 361, 90.4927, 104.455
1327, 14, 361, 90.4397, 104.53
1328, 14, 361, 90.3559, 104.608
1329, 14, 361, 89.9823, 104.683
1330, 14, 361, 89.8294, 104.758
1331, 14, 361, 89.7764, 104.834
1332, 14, 361, 89.6926, 104.909
1333, 14, 360, 89.8823, 104.985
1334, 14, 360, 89.8155, 105.06
1335, 14, 360, 89.7625, 105.135
1336, 14, 360, 89.652, 105.211
1337, 14, 360, 89.5852, 105.286
1338, 14, 359, 89.7482, 105.378
1339, 14, 359, 89.7001, 105.455
1340, 14, 359, 89.6471, 105.53
1341, 14, 359, 89.603, 105.606
1342, 14, 359, 89.5357, 105.683
1343, 14, 359, 89.5054, 105.758
1344, 14, 359, 89.4613, 105.835
1345, 14, 359, 89.0878, 105.91
1346, 14, 358, 90.436, 105.986
1347, 14, 358, 90.0624, 106.061
1348, 14, 358, 90.0209, 106.136
1349, 14, 358, 89.9371, 106.226
1350, 14, 358, 89.3002, 106.304
1351, 14, 358, 88.9266, 106.379
1352, 14, 358, 88.7737, 106.456
1353, 14, 358, 88.4002, 106.531
1354, 14, 358, 88.2472, 106.606
1355, 14, 358, 88.1942, 106.681
1356, 14, 358, 88.1269, 106.755
1357, 14, 357, 88.8901, 106.83
1358, 14, 357, 88.7372, 106.919
1359, 14, 357, 88.3636, 106.995
1360, 14, 356, 88.1314, 107.07
1361, 14, 356, 88.0476, 107.145
1362, 14, 356, 87.9638, 107.22
1363, 14, 356, 87.5903, 107.295
1364, 14, 355, 88.9385, 107.37
1365, 14, 355, 88.7855, 107.445
1366, 14, 355, 88.7017, 107.521
1367, 14, 355, 88.5488, 107.596
1368, 14, 355, 88.3959, 107.678
1369, 14, 355, 88.3121, 107.753
1370, 14, 355, 88.2283, 107.828
1371, 14, 355, 88.2069, 107.904
1372, 14, 355, 88.1938, 107.979
1373, 14, 355, 88.1856, 108.054
1374, 14, 355, 88.1694, 108.129
1375, 14, 355, 88.154, 108.204
1376, 14, 355, 88.0702, 108.279
1377, 14, 355, 87.6967, 108.355
1378, 14, 355, 87.6601, 108.431
1379, 14, 355, 87.5763, 108.506
1380, 14, 354, 89.281, 108.582
1381, 14, 354, 89.1281, 108.657
1382, 14, 354, 88.9751, 108.732
1383, 14, 354, 88.8913, 108.806
1384, 14, 354, 88.8646, 108.881
1385, 14, 354, 88.5605, 108.956
1386, 14, 354, 88.187, 109.28
1387, 14, 353, 88.9501, 109.355
1388, 14, 353, 88.7972, 109.43
1389, 14, 353, 88.5927, 109.505
1390, 14, 352, 88.834, 109.58
1391, 14, 352, 88.3491, 109.655
1392, 14, 352, 88.305, 109.731
1393, 14, 352, 88.252, 109.806
1394, 14, 352, 88.415, 109.881
1395, 14, 352, 88.2639, 109.956
1396, 14, 352, 88.0593, 110.032
1397, 14, 352, 88.2224, 110.107
1398, 14, 352, 88.0712, 110.182
1399, 14, 352, 88.0346, 110.258
1400, 14, 352, 88.1688, 110.334
1401, 14, 351, 89.1688, 110.41
1402, 14, 351, 89.142, 110.485
1403, 14, 351, 89.1118, 110.635
1404, 14, 351, 89.0904, 110.711
1405, 14, 351, 89.0774, 110.786
1406, 14, 351, 89.0476, 110.861
1407, 14, 351, 89.0368, 110.936
1408, 14, 351, 89.0261, 111.02
1409, 14, 351, 89.0092, 111.098
1410, 14, 351, 88.9992, 111.173
1411, 14, 351, 88.9787, 111.248
1412, 14, 351, 88.9633, 111.322
1413, 14, 351, 88.9547, 111.397
1414, 14, 351, 88.9386, 111.472
1415, 14, 351, 88.9182, 111.558
1416, 14, 351, 88.8775, 111.649
1417, 14, 351, 88.8409, 111.731
1418, 14, 351, 88.8297, 111.807
1419, 14, 351, 88.8253, 111.883
1420, 14, 351, 88.8118, 111.958
1421, 14, 351, 88.8087, 112.033
1422, 14, 350, 88.9505, 112.108
1423, 14, 350, 88.9344, 112.183
1424, 14, 350, 88.9287, 112.259
1425, 14, 350, 88.9237, 112.334
1426, 14, 350, 88.9023, 112.409
1427, 14, 350, 88.8915, 112.485
1428, 14, 350, 88.879, 112.56
1429, 14, 350, 88.8719, 112.635
1430, 14, 350, 88.8658, 112.71
1431, 14, 350, 88.8575, 112.786
1432, 14, 350, 88.8361, 112.861
1433, 14, 350, 88.8288, 112.937
1434, 14, 350, 88.823, 113.012
1435, 14, 350, 88.8002, 113.089
1436, 14, 350, 88.7823, 113.164
1437, 14, 350, 88.7693, 113.239
1438, 14, 350, 88.7538, 113.314
1439, 14, 350, 88.7495, 113.39
1440, 14, 350, 88.6524, 113.466
1441, 14, 350, 88.6158, 113.541
1442, 14, 350, 88.6067, 113.617
1443, 14, 350, 88.6036, 113.692
1444, 14, 350, 88.5959, 113.767
1445, 14, 350, 88.5872, 113.843
1446, 14, 350, 88.5569, 113.918
1447, 14, 350, 88.5415, 113.993
1448, 14, 350, 88.5284, 114.069
1449, 14, 350, 88.4754, 114.144
1450, 14, 350, 88.4487, 114.219
1451, 14, 350, 88.426, 114.315
1452, 14, 350, 88.3985, 114.392
1453, 14, 350, 88.3908, 114.468
1454, 14, 350, 88.5193, 114.542
1455, 14, 350, 88.3815, 114.617
1456, 14, 350, 88.3285, 114.692
1457, 14, 350, 88.2927, 114.783
1458, 14, 350, 88.2722, 114.859
1459, 14, 350, 88.2518, 114.934
1460, 14, 350, 88.0988, 115.009
1461, 14, 350, 88.0784, 115.084
1462, 14, 350, 88.057, 115.16
1463, 14, 350, 88.0409, 115.235
1464, 14, 350, 88.0254, 115.31
1465, 14, 350, 87.998, 115.385
1466, 14, 350, 87.9819, 115.467
1467, 14, 350, 87.9551, 115.543
1468, 14, 350, 87.9254, 115.619
1469, 14, 350, 87.8952, 115.694
1470, 14, 350, 87.8772, 115.769
1471, 14, 350, 87.8559, 115.844
1472, 14, 350, 87.8355, 115.919
1473, 14, 350, 87.8272, 115.994
1474, 14, 350, 87.8225, 116.069
1475, 14, 350, 87.8204, 116.144
1476, 14, 350, 87.8137, 116.219
1477, 14, 350, 87.8029, 116.294
1478, 14, 350, 87.785, 116.369
1479, 14, 350, 87.7806, 116.446
1480, 14, 350, 87.7766, 116.521
1481, 14, 350, 87.7653, 116.596
1482, 14, 350, 87.7892, 116.673
1483, 14, 350, 87.7802, 116.749
1484, 14, 350, 87.7657, 116.824
1485, 14, 350, 87.7621, 116.9
1486, 14, 350, 87.7538, 116.975
1487, 14, 350, 87.7422, 117.051
1488, 14, 350, 87.7384, 117.126
1489, 14, 350, 87.7286, 117.202
1490, 14, 350, 87.7255, 117.277
1491, 14, 350, 87.7242, 117.352
1492, 14, 350, 87.7184, 117.428
1493, 14, 350, 87.7101, 117.503
1494, 14, 350, 87.7076, 117.579
1495, 14, 350, 87.6931, 117.665
1496, 14, 350, 87.6924, 117.74
1497, 14, 350, 87.6863, 117.816
1498, 14, 350, 87.6649, 117.893
1499, 14, 350, 87.6168, 117.968
1500, 14, 350, 87.6014, 118.044
1501, 14, 350, 87.597, 118.12
1502, 14, 350, 87.5667, 118.196
1503, 14, 349, 87.722, 118.271
1504, 14, 349, 87.8334, 118.347
1505, 14, 349, 87.8321, 118.423
1506, 14, 349, 87.8319, 118.498
1507, 14, 349, 87.7878, 118.574
1508, 14, 349, 87.8668, 118.65
1509, 14, 349, 87.7995, 118.725
1510, 14, 349, 87.7875, 118.801
1511, 14, 349, 87.7516, 118.877
1512, 14, 349, 87.7075, 118.952
1513, 14, 349, 87.6975, 119.028
1514, 14, 349, 87.6862, 119.103
1515, 14, 349, 87.6732, 119.179
1516, 14, 349, 87.6649, 119.255
1517, 14, 349, 87.6541, 119.331
1518, 14, 349, 87.6458, 119.407
1519, 14, 349, 87.6304, 119.482
1520, 14, 349, 87.6218, 119.557
1521, 14, 349, 87.6158, 119.633
1522, 14, 349, 87.5166, 119.709
1523, 14, 349, 87.4952, 119.785
1524, 14, 349, 87.4783, 119.861
1525, 14, 349, 87.4622, 119.936
1526, 14, 349, 87.4443, 120.012
1527, 14, 349, 87.4077, 120.088
1528, 14, 349, 87.3873, 120.164
1529, 14, 349, 87.3343, 120.24
1530, 14, 349, 87.3075, 120.315
1531, 14, 349, 87.2914, 120.391
1532, 14, 349, 87.1982, 120.467
1533, 14, 349, 87.1501, 120.543
1534, 14, 349, 87.1367, 120.618
1535, 14, 349, 87.13, 120.697
1536, 14, 349, 87.0554, 120.772
1537, 14, 349, 87.0327, 120.847
1538, 14, 349, 86.9961, 120.922
1539, 14, 349, 86.9748, 121.003
1540, 14, 349, 86.9445, 121.079
1541, 14, 349, 86.8915, 121.154
1542, 14, 349, 86.9615, 121.23
1543, 14, 349, 86.9593, 121.306
1544, 14, 349, 86.9438, 121.381
1545, 14, 349, 86.921, 121.456
1546, 14, 349, 86.8729, 121.532
1547, 14, 349, 86.837, 121.607
1548, 14, 349, 86.8004, 121.682
1549, 14, 349, 86.7639, 121.757
1550, 14, 349, 86.7459, 121.832
1551, 14, 349, 86.7101, 121.924
1552, 14, 349, 86.6512, 122
1553, 14, 349, 86.5982, 122.075
1554, 14, 349, 86.3936, 122.15
1555, 14, 349, 86.357, 122.225
1556, 14, 349, 86.3205, 122.301
1557, 14, 349, 85.9469, 122.376
1558, 14, 349, 85.9256, 122.451
1559, 14, 349, 85.8582, 122.526
1560, 14, 349, 85.8141, 122.601
1561, 14, 349, 85.7914, 122.677
1562, 14, 349, 85.7548, 122.752
1563, 14, 349, 85.6443, 122.828
1564, 14, 349, 85.6176, 122.903
1565, 14, 349, 85.6021, 122.978
1566, 14, 349, 85.5817, 123.054
1567, 14, 349, 85.5686, 123.129
1568, 14, 349, 85.5552, 123.204
1569, 14, 349, 85.5407, 123.279
1570, 14, 349, 85.5394, 123.355
1571, 14, 349, 85.5278, 123.43
1572, 14, 349, 85.5271, 123.505
1573, 14, 349, 85.5221, 123.58
1574, 14, 349, 85.5059, 123.656
1575, 14, 349, 85.4952, 123.731
1576, 14, 349, 85.4821, 123.806
1577, 14, 349, 85.3983, 123.881
1578, 14, 349, 85.3893, 123.956
1579, 14, 349, 85.3819, 124.031
1580, 14, 349, 85.3545, 124.106
1581, 14, 349, 85.3066, 124.181
1582, 14, 349, 85.2701, 124.256
1583, 14, 349, 85.2027, 124.343
1584, 14, 349, 85.1497, 124.419
1585, 14, 349, 84.7347, 124.494
1586, 14, 349, 84.7142, 124.569
1587, 14, 349, 84.6845, 124.645
1588, 14, 349, 84.6479, 124.723
1589, 14, 349, 84.478, 124.801
1590, 14, 349, 84.4618, 124.876
1591, 14, 349, 84.4351, 124.952
1592, 14, 349, 84.3153, 125.027
1593, 14, 349, 84.2787, 125.102
1594, 14, 349, 84.1257, 125.177
1595, 14, 349, 84.2888, 125.252
1596, 14, 349, 84.0842, 125.327
1597, 14, 349, 83.9034, 125.402
1598, 14, 349, 83.7504, 125.477
1599, 14, 349, 83.3769, 125.552
1600, 14, 349, 82.9619, 125.628
1601, 14, 349, 82.4769, 125.962
1602, 14, 349, 82.3838, 126.038
1603, 14, 349, 82.3249, 126.114
1604, 14, 349, 82.2842, 126.189
1605, 14, 349, 82.1313, 126.265
1606, 14, 349, 82.0475, 126.341
1607, 14, 349, 82.0178, 126.416
1608, 14, 349, 81.934, 126.492
1609, 14, 349, 81.8502, 126.566
1610, 14, 349, 81.8274, 126.642
1611, 14, 349, 81.8095, 126.717
1612, 14, 349, 81.7422, 126.792
1613, 14, 349, 81.7056, 126.868
1614, 14, 349, 81.665, 126.943
1615, 14, 349, 81.6209, 127.018
1616, 14, 349, 81.1359, 127.103
1617, 14, 349, 80.7624, 127.2
1618, 14, 349, 80.3888, 127.276
1619, 14, 349, 80.3358, 127.351
1620, 14, 349, 80.2253, 127.426
1621, 14, 349, 80.1415, 127.502
1622, 14, 349, 80.105, 127.577
1623, 14, 349, 80.052, 127.668
1624, 14, 349, 79.9415, 127.745
1625, 14, 349, 79.7885, 127.91
1626, 14, 349, 79.6186, 127.985
1627, 14, 349, 79.8405, 128.061
1628, 14, 349, 79.5771, 128.139
1629, 14, 349, 79.4666, 128.214
1630, 14, 349, 79.3828, 128.29
1631, 14, 349, 79.2299, 128.366
1632, 14, 349, 79.1461, 128.443
1633, 14, 349, 79.1095, 128.519
1634, 14, 349, 79.2319, 128.594
1635, 14, 349, 79.1348, 128.671
1636, 14, 348, 80.1348, 128.747
1637, 14, 348, 80.0818, 128.822
1638, 14, 348, 80.1932, 128.898
1639, 14, 348, 80.1665, 128.974
1640, 14, 348, 79.9619, 129.049
1641, 14, 347, 80.1031, 129.128
1642, 14, 347, 79.9502, 129.205
1643, 14, 347, 79.9136, 129.281
1644, 14, 347, 79.8606, 129.357
1645, 14, 347, 79.7768, 129.433
1646, 14, 347, 79.7238, 129.509
1647, 14, 347, 79.6133, 129.586
1648, 14, 347, 79.5295, 129.662
1649, 14, 347, 79.5027, 129.737
1650, 14, 347, 79.4823, 129.815
1651, 14, 347, 79.4618, 129.892
1652, 14, 347, 79.3771, 129.967
1653, 14, 347, 79.2242, 130.043
1654, 14, 347, 79.0542, 130.118
1655, 14, 347, 78.8497, 130.195
1656, 14, 347, 78.8131, 130.27
1657, 14, 347, 78.7505, 130.346
1658, 14, 347, 78.3769, 130.421
1659, 14, 346, 78.5667, 130.497
1660, 14, 346, 78.4562, 130.573
1661, 14, 346, 78.4357, 130.649
1662, 14, 346, 78.4153, 130.725
1663, 14, 346, 78.3787, 130.801
1664, 14, 346, 78.3257, 130.877
1665, 14, 346, 78.2286, 130.963
1666, 14, 346, 78.1927, 131.04
1667, 14, 346, 78.1815, 131.116
1668, 14, 346, 78.1653, 131.192
1669, 14, 346, 78.1593, 131.268
1670, 14, 346, 78.1319, 131.345
1671, 14, 346, 78.0953, 131.423
1672, 14, 346, 78.0115, 131.499
1673, 14, 346, 77.9441, 131.575
1674, 14, 346, 77.8768, 131.651
1675, 14, 346, 77.8095, 131.726
1676, 14, 346, 77.7729, 131.802
1677, 14, 346, 77.7055, 131.878
1678, 14, 345, 77.8686, 131.954
1679, 14, 345, 77.7755, 132.039
1680, 14, 345, 77.7081, 132.116
1681, 14, 345, 77.6813, 132.191
1682, 14, 345, 77.6546, 132.268
1683, 14, 345, 77.6341, 132.344
1684, 14, 345, 77.6137, 132.42
1685, 14, 345, 77.5607, 132.496
1686, 14, 345, 77.5077, 132.572
1687, 14, 345, 77.4409, 132.648
1688, 14, 345, 77.3879, 132.724
1689, 14, 345, 77.3438, 132.844
1690, 14, 345, 77.26, 132.96
1691, 14, 345, 77.107, 133.07
1692, 14, 345, 77.0232, 133.193
1693, 14, 345, 76.9792, 133.277
1694, 14, 345, 76.9261, 133.371
1695, 14, 345, 76.9961, 133.499
1696, 14, 345, 76.5111, 133.598
1697, 14, 345, 76.4006, 133.675
1698, 14, 345, 76.2901, 133.753
1699, 14, 345, 76.2535, 133.829
1700, 14, 345, 76.1697, 133.905
1701, 14, 345, 76.0766, 133.981
1702, 14, 345, 76.0236, 134.056
1703, 14, 345, 75.8191, 134.132
1704, 14, 345, 75.7517, 134.208
1705, 14, 344, 75.891, 134.298
1706, 14, 344, 75.8237, 134.374
1707, 14, 344, 75.7871, 134.45
1708, 14, 344, 75.7788, 134.525
1709, 14, 344, 75.7627, 134.601
1710, 14, 344, 75.7466, 134.677
1711, 14, 344, 75.7025, 134.753
1712, 14, 344, 75.6495, 134.828
1713, 14, 344, 75.5906, 134.904
1714, 14, 344, 75.554, 134.979
1715, 14, 344, 75.5174, 135.055
1716, 14, 343, 75.6586, 135.131
1717, 14, 343, 75.6284, 135.207
1718, 14, 343, 75.6016, 135.282
1719, 14, 342, 75.7503, 135.357
1720, 14, 342, 75.7097, 135.433
1721, 14, 342, 75.6799, 135.509
1722, 14, 342, 75.6585, 135.584
1723, 14, 342, 75.6455, 135.661
1724, 14, 342, 75.6153, 135.736
1725, 14, 342, 75.5787, 135.812
1726, 14, 342, 75.556, 135.888
1727, 14, 342, 75.5119, 135.963
1728, 14, 342, 75.4637, 136.041
1729, 14, 342, 75.4458, 136.117
1730, 14, 342, 75.4156, 136.192
1731, 14, 342, 75.3858, 136.268
1732, 14, 342, 75.3713, 136.344
1733, 14, 342, 75.3355, 136.419
1734, 14, 342, 75.321, 136.495
1735, 14, 342, 75.309, 136.571
1736, 14, 342, 75.2989, 136.646
1737, 14, 342, 75.2904, 136.724
1738, 14, 342, 75.283, 136.8
1739, 14, 342, 75.2616, 136.876
1740, 14, 342, 75.2342, 136.952
1741, 14, 342, 75.2278, 137.028
1742, 14, 342, 75.2124, 137.104
1743, 14, 342, 75.2693, 137.18
1744, 14, 342, 75.2574, 137.256
1745, 14, 342, 75.2275, 137.332
1746, 14, 342, 75.1909, 137.408
1747, 14, 342, 75.1607, 137.485
1748, 14, 342, 75.1445, 137.561
1749, 14, 342, 75.1241, 137.645
1750, 14, 342, 75.1128, 137.722
1751, 14, 342, 75.1028, 137.8
1752, 14, 342, 75.08, 137.881
1753, 14, 342, 75.0558, 137.958
1754, 14, 342, 75.0291, 138.034
1755, 14, 342, 75.0063, 138.11
1756, 14, 342, 74.9225, 138.186
1757, 14, 342, 74.8636, 138.262
1758, 14, 342, 74.7125, 138.338
1759, 14, 342, 74.6595, 138.415
1760, 14, 342, 74.6189, 138.491
1761, 14, 342, 74.5351, 138.567
1762, 14, 342, 74.438, 138.643
1763, 14, 342, 74.2868, 138.72
1764, 14, 342, 74.1339, 138.796
1765, 14, 342, 74.0368, 138.872
1766, 14, 342, 73.9521, 138.948
1767, 14, 342, 73.9253, 139.041
1768, 14, 342, 73.8878, 139.118
1769, 14, 342, 73.8611, 139.194
1770, 14, 342, 73.768, 139.271
1771, 14, 342, 73.7053, 139.347
1772, 14, 342, 73.6785, 139.423
1773, 14, 342, 73.642, 139.499
1774, 14, 342, 73.6215, 139.576
1775, 14, 342, 73.5626, 139.652
1776, 14, 342, 73.522, 139.728
1777, 14, 342, 73.4922, 139.805
1778, 14, 342, 73.4792, 139.881
1779, 14, 342, 73.4351, 139.957
1780, 14, 342, 73.3985, 140.05
1781, 14, 342, 73.3771, 140.127
1782, 14, 342, 73.3659, 140.204
1783, 14, 342, 73.2811, 140.28
1784, 14, 342, 73.2405, 140.356
1785, 14, 342, 73.2108, 140.432
1786, 14, 342, 73.188, 140.508
1787, 14, 342, 73.1613, 140.584
1788, 14, 342, 73.1408, 140.661
1789, 14, 342, 73.1181, 140.737
1790, 14, 342, 73.0343, 140.814
1791, 14, 342, 72.9675, 140.89
1792, 14, 342, 72.9145, 140.976
1793, 14, 342, 72.8663, 141.052
1794, 14, 342, 72.8185, 141.129
1795, 14, 342, 72.6656, 141.205
1796, 14, 342, 72.5126, 141.281
1797, 14, 342, 72.4596, 141.358
1798, 14, 342, 72.4428, 141.434
1799, 14, 342, 72.4315, 141.51
1800, 14, 342, 72.4047, 141.586
1801, 14, 342, 72.3843, 141.662
1802, 14, 342, 72.2912, 141.739
1803, 14, 342, 72.2698, 141.817
1804, 14, 341, 72.4185, 141.908
1805, 14, 341, 72.4884, 141.985
1806, 14, 341, 72.4403, 142.061
1807, 14, 341, 72.4198, 142.138
1808, 14, 341, 72.4037, 142.215
1809, 14, 341, 72.3363, 142.291
1810, 14, 341, 72.269, 142.626
1811, 14, 341, 72.1852, 142.704
1812, 14, 341, 72.1411, 142.78
1813, 14, 341, 72.0881, 142.856
1814, 14, 341, 71.9776, 142.931
1815, 14, 341, 71.9622, 143.007
1816, 14, 341, 71.9181, 143.083
1817, 14, 341, 71.7652, 143.159
1818, 14, 341, 71.6814, 143.235
1819, 14, 341, 71.614, 143.311
1820, 14, 341, 71.5782, 143.387
1821, 14, 341, 71.5514, 143.463
1822, 14, 341, 71.5512, 143.538
1823, 14, 341, 71.5467, 143.614
1824, 14, 340, 71.686, 143.69
1825, 14, 340, 71.6655, 143.765
1826, 14, 340, 71.6388, 143.841
1827, 14, 340, 71.6348, 143.917
1828, 14, 340, 71.6667, 143.993
1829, 14, 340, 71.6506, 144.069
1830, 14, 340, 71.6238, 144.145
1831, 14, 340, 71.5879, 144.329
1832, 14, 340, 71.5513, 144.407
1833, 14, 340, 71.5401, 144.483
1834, 14, 340, 71.534, 144.558
1835, 14, 340, 71.5257, 144.634
1836, 14, 340, 71.5213, 144.71
1837, 14, 340, 71.5101, 144.786
1838, 14, 340, 71.5081, 144.862
1839, 14, 340, 71.4961, 144.938
1840, 14, 340, 71.4861, 145.014
1841, 14, 340, 71.4784, 145.089
1842, 14, 340, 71.4751, 145.165
1843, 14, 340, 71.4721, 145.241
1844, 14, 340, 71.4053, 145.317
1845, 14, 340, 71.3874, 145.41
1846, 14, 340, 71.2903, 145.486
1847, 14, 340, 71.2783, 145.562
1848, 14, 340, 71.2756, 145.638
1849, 14, 340, 71.2825, 145.714
1850, 14, 340, 71.2691, 145.79
1851, 14, 340, 71.2605, 145.865
1852, 14, 340, 71.2607, 145.941
1853, 14, 340, 71.2305, 146.017
1854, 14, 340, 71.2002, 146.092
1855, 14, 340, 71.1959, 146.168
1856, 14, 340, 71.1881, 146.245
1857, 14, 340, 71.185, 146.32
1858, 14, 340, 71.176, 146.396
1859, 14, 340, 71.1629, 146.472
1860, 14, 340, 71.1362, 146.548
1861, 14, 340, 71.1094, 146.623
1862, 14, 340, 71.1011, 146.699
1863, 14, 340, 71.0996, 146.775
1864, 14, 340, 71.0922, 146.851
1865, 14, 340, 71.0851, 146.927
1866, 14, 340, 71.0637, 147.002
1867, 14, 340, 71.0424, 147.078
1868, 14, 340, 71.0417, 147.154
1869, 14, 340, 71.0356, 147.231
1870, 14, 340, 71.0248, 147.307
1871, 14, 340, 71.0103, 147.382
1872, 14, 340, 70.9899, 147.458
1873, 14, 340, 70.9841, 147.534
1874, 14, 340, 70.9706, 147.617
1875, 14, 340, 70.9616, 147.693
1876, 14, 340, 70.9533, 147.77
1877, 14, 340, 70.945, 147.846
1878, 14, 340, 70.9246, 147.922
1879, 14, 340, 70.9248, 147.998
1880, 14, 340, 70.9212, 148.074
1881, 14, 340, 70.9179, 148.149
1882, 14, 340, 70.9248, 148.226
1883, 14, 340, 70.9118, 148.302
1884, 14, 340, 70.8913, 148.377
1885, 14, 340, 70.8639, 148.453
1886, 14, 340, 70.8435, 148.529
1887, 14, 340, 70.8374, 148.605
1888, 14, 340, 70.831, 148.696
1889, 14, 340, 70.8288, 148.802
1890, 14, 340, 70.8245, 148.891
1891, 14, 340, 70.8188, 148.977
1892, 14, 340, 70.8157, 149.071
1893, 14, 340, 70.7944, 149.159
1894, 14, 340, 70.7836, 149.305
1895, 14, 340, 70.7675, 149.407
1896, 14, 339, 70.9043, 149.498
1897, 14, 339, 70.8952, 149.635
1898, 14, 339, 70.8822, 149.757
1899, 14, 338, 71.019, 149.88
1900, 14, 338, 71.0035, 150.005
1901, 14, 338, 71.0004, 150.132
1902, 14, 338, 70.9991, 150.255
1903, 14, 338, 70.9837, 150.382
1904, 14, 338, 70.9805, 150.513
1905, 14, 338, 70.9784, 150.644
1906, 14, 338, 70.9763, 150.791
1907, 14, 338, 70.9655, 150.99
1908, 14, 338, 70.9387, 151.164
1909, 14, 338, 70.8549, 151.292
1910, 14, 338, 70.8345, 151.401
1911, 14, 338, 70.7904, 151.526
1912, 14, 338, 70.7677, 151.63
1913, 14, 338, 70.7515, 151.736
1914, 14, 338, 70.7141, 151.841
1915, 14, 338, 70.6936, 151.947
1916, 14, 338, 70.6723, 152.053
1917, 14, 338, 70.6592, 152.158
1918, 14, 338, 70.7518, 152.268
1919, 14, 338, 70.693, 152.385
1920, 14, 338, 70.6523, 152.47
1921, 14, 338, 70.641, 152.547
1922, 14, 338, 70.6303, 152.624
1923, 14, 338, 70.5635, 152.702
1924, 14, 337, 70.8048, 152.78
1925, 14, 337, 70.7375, 152.857
1926, 14, 337, 70.7077, 152.934
1927, 14, 337, 70.6596, 153.012
1928, 14, 337, 70.455, 153.089
1929, 14, 337, 70.3021, 153.167
1930, 14, 337, 70.258, 153.245
1931, 14, 337, 70.2497, 153.323
1932, 14, 337, 70.2407, 153.4
1933, 14, 337, 70.2346, 153.477
1934, 14, 337, 70.2072, 153.554
1935, 14, 337, 70.1911, 153.631
1936, 14, 337, 70.1916, 153.71
1937, 14, 337, 70.2326, 153.787
1938, 14, 337, 70.2198, 153.865
1939, 14, 337, 70.2206, 153.942
1940, 14, 337, 70.2098, 154.019
1941, 14, 337, 70.1937, 154.096
1942, 14, 337, 70.1849, 154.172
1943, 14, 337, 70.1484, 154.249
1944, 14, 337, 70.0905, 154.342
1945, 14, 337, 70.0774, 154.419
1946, 14, 337, 70.0708, 154.496
1947, 14, 337, 70.0701, 154.573
1948, 14, 337, 70.064, 154.651
1949, 14, 337, 70.0549, 154.727
1950, 14, 337, 70.0489, 154.805
1951, 14, 337, 70.0425, 154.882
1952, 14, 337, 70.027, 154.959
1953, 14, 337, 70.0226, 155.035
1954, 14, 337, 70.017, 155.113
1955, 14, 337, 70.0425, 155.19
1956, 14, 337, 70.0212, 155.267
1957, 14, 337, 70.0199, 155.344
1958, 14, 337, 70.0185, 155.421
1959, 14, 337, 69.9725, 155.498
1960, 14, 337, 69.952, 155.575
1961, 14, 337, 69.9491, 155.652
1962, 14, 337, 69.9463, 155.729
1963, 14, 337, 69.9373, 155.806
1964, 14, 337, 69.9219, 155.883
1965, 14, 337, 69.9074, 155.96
1966, 14, 336, 70.0561, 156.037
1967, 14, 336, 70.012, 156.114
1968, 14, 336, 69.9531, 156.191
1969, 14, 336, 69.9233, 156.267
1970, 14, 336, 69.8874, 156.345
1971, 14, 336, 69.8572, 156.422
1972, 14, 336, 69.8411, 156.5
1973, 14, 336, 69.8298, 156.576
1974, 14, 336, 69.8308, 156.654
1975, 14, 336, 69.8283, 156.732
1976, 14, 336, 69.826, 156.809
1977, 14, 336, 69.8238, 156.886
1978, 14, 336, 69.8161, 156.962
1979, 14, 335, 69.9554, 157.039
1980, 14, 335, 69.9471, 157.116
1981, 14, 335, 69.94, 157.192
1982, 14, 335, 69.9132, 157.268
1983, 14, 335, 69.9075, 157.346
1984, 14, 335, 69.8861, 157.423
1985, 14, 335, 69.8559, 157.5
1986, 14, 335, 69.8405, 157.576
1987, 14, 335, 69.8322, 157.664
1988, 14, 335, 69.8197, 157.741
1989, 14, 335, 69.757, 157.818
1990, 14, 335, 69.7366, 157.895
1991, 14, 335, 69.7235, 157.972
1992, 14, 335, 69.7056, 158.048
1993, 14, 335, 69.669, 158.125
1994, 14, 335, 69.5852, 158.202
1995, 14, 335, 69.5014, 158.279
1996, 14, 335, 69.4655, 158.355
1997, 14, 335, 69.4388, 158.432
1998, 14, 335, 69.3858, 158.509
1999, 14, 335, 69.359, 158.585
2000, 14, 335, 69.306, 158.661
2001, 14, 335, 69.253, 158.737
2002, 14, 335, 69.2368, 158.814
2003, 14, 335, 69.2164, 158.89
2004, 14, 335, 69.2003, 159.223
2005, 14, 335, 69.1704, 159.301
2006, 14, 335, 69.1573, 159.378
2007, 14, 335, 69.0735, 159.454
2008, 14, 335, 69.0433, 159.533
2009, 14, 335, 69.0067, 159.61
2010, 14, 335, 68.9853, 159.686
2011, 14, 335, 68.9586, 159.764
2012, 14, 335, 68.8655, 159.841
2013, 14, 335, 68.8352, 159.917
2014, 14, 335, 68.8308, 159.994
2015, 14, 335, 68.8878, 160.07
2016, 14, 335, 68.8576, 160.147
2017, 14, 335, 68.7738, 160.223
2018, 14, 335, 68.7677, 160.3
2019, 14, 335, 68.7237, 160.376
2020, 14, 335, 68.6871, 160.453
2021, 14, 335, 68.6512, 160.53
2022, 14, 335, 68.7032, 160.749
2023, 14, 335, 68.7407, 160.826
2024, 14, 335, 68.6818, 160.902
2025, 14, 335, 68.6412, 160.992
2026, 14, 335, 68.6053, 161.068
2027, 14, 335, 68.6022, 161.144
2028, 14, 335, 68.5719, 161.22
2029, 14, 335, 68.5189, 161.296
2030, 14, 335, 68.4915, 161.372
2031, 14, 335, 68.4068, 161.448
2032, 14, 335, 68.3702, 161.524
2033, 14, 335, 68.4402, 161.599
2034, 14, 335, 68.3872, 161.675
2035, 14, 335, 68.3667, 161.751
2036, 14, 335, 68.3186, 161.827
2037, 14, 335, 68.2656, 161.904
2038, 14, 335, 68.2451, 161.98
2039, 14, 335, 68.2238, 162.056
2040, 14, 335, 68.0708, 162.133
2041, 14, 335, 68.0343, 162.209
2042, 14, 335, 67.9977, 162.285
2043, 14, 335, 67.9809, 162.361
2044, 14, 335, 67.6073, 162.436
2045, 14, 334, 68.3705, 162.513
2046, 14, 333, 69.1337, 162.589
2047, 14, 332, 69.8969, 162.665
2048, 14, 332, 69.5234, 162.742
2049, 14, 332, 69.1498, 162.84
2050, 14, 331, 70.1498, 162.919
2051, 14, 330, 70.913, 162.995
2052, 14, 329, 71.6762, 163.073
2053, 14, 329, 71.2612, 163.15
2054, 14, 329, 70.8877, 163.227
2055, 14, 328, 71.6509, 163.303
2056, 14, 327, 72.4141, 163.38
2057, 14, 326, 73.1773, 163.456
2058, 14, 325, 73.9405, 163.533
2059, 14, 324, 73.7083, 163.609
2060, 14, 323, 75.0564, 163.687
2061, 14, 322, 74.8242, 163.764
2062, 14, 321, 74.592, 163.841
2063, 14, 320, 75.3552, 163.918
2064, 14, 319, 76.1184, 163.995
2065, 14, 318, 77.4666, 164.073
2066, 14, 317, 78.2298, 164.15
2067, 14, 316, 78.993, 164.227
2068, 14, 315, 79.3458, 164.316
2069, 14, 314, 79.1136, 164.395
2070, 14, 314, 78.74, 164.472
2071, 14, 314, 78.3665, 164.549
2072, 14, 313, 79.1297, 164.641
2073, 14, 312, 79.8929, 164.782
2074, 14, 312, 79.5194, 164.898
2075, 15, 311, 80.5194, 165.038
2076, 16, 311, 80.1043, 165.166
2077, 17, 311, 79.9344, 165.29
2078, 18, 311, 79.8413, 165.418
2079, 18, 311, 79.4678, 165.541
2080, 18, 310, 80.2309, 165.664
2081, 18, 309, 80.9941, 165.785
2082, 18, 308, 81.7573, 165.898
2083, 18, 307, 82.7573, 166.011
2084, 18, 306, 83.5205, 166.126
2085, 18, 305, 84.2837, 166.238
2086, 18, 305, 83.9102, 166.415
2087, 18, 304, 84.9102, 166.635
2088, 18, 303, 85.6734, 166.833
2089, 18, 302, 86.4366, 167.031
2090, 18, 301, 86.2044, 167.235
2091, 18, 301, 86.1629, 167.447
2092, 18, 300, 86.9261, 167.598
2093, 18, 299, 87.9261, 167.749
2094, 18, 299, 87.5111, 167.889
2095, 18, 298, 88.5111, 168.018
2096, 18, 298, 88.096, 168.158
2097, 18, 298, 87.9261, 168.275
2098, 18, 298, 87.833, 168.389
2099, 18, 298, 87.6631, 168.501
2100, 18, 298, 87.6042, 168.616
2101, 18, 298, 87.5111, 168.729
2102, 18, 298, 87.4522, 168.842
2103, 18, 298, 87.0786, 168.956
2104, 18, 297, 88.0786, 169.072
2105, 18, 296, 89.7833, 169.23
2106, 18, 295, 90.5465, 169.344
2107, 18, 294, 91.3097, 169.466
2108, 18, 293, 91.5511, 169.579
2109, 18, 292, 92.3143, 169.684
2110, 18, 291, 92.667, 169.793
2111, 18, 290, 93.4302, 169.927
2112, 18, 290, 93.2257, 170.019
2113, 18, 290, 92.8522, 170.136
2114, 18, 290, 92.4371, 170.244
2115, 18, 289, 93.2003, 170.35
2116, 18, 289, 93.0474, 170.429
2117, 19, 289, 92.9885, 170.508
2118, 19, 289, 92.878, 170.586
2119, 19, 289, 92.7942, 170.665
2120, 19, 288, 93.5574, 170.743
2121, 19, 288, 93.1839, 170.821
2122, 19, 288, 92.8103, 170.901
2123, 19, 288, 92.4368, 170.996
2124, 19, 288, 92.0633, 171.073
2125, 19, 288, 91.6897, 171.151
2126, 19, 288, 91.5368, 171.23
2127, 19, 288, 91.1633, 171.308
2128, 19, 288, 90.7897, 171.385
2129, 19, 288, 90.6368, 171.463
2130, 19, 287, 91.4, 171.542
2131, 19, 286, 92.1632, 171.62
2132, 19, 285, 92.9264, 171.698
2133, 19, 284, 93.6896, 171.776
2134, 19, 283, 94.6896, 171.861
2135, 19, 283, 94.2745, 171.948
2136, 19, 282, 95.0377, 172.026
2137, 19, 281, 96.0377, 172.104
2138, 19, 281, 95.6227, 172.182
2139, 19, 280, 96.3859, 172.26
2140, 19, 280, 96.216, 172.339
2141, 19, 279, 96.9792, 172.417
2142, 19, 279, 96.6056, 172.495
2143, 19, 278, 97.6056, 172.574
2144, 19, 277, 97.3734, 172.652
2145, 19, 276, 98.7216, 172.731
2146, 19, 275, 98.4894, 172.809
2147, 19, 274, 99.8376, 172.888
2148, 19, 273, 100.601, 172.966
2149, 19, 273, 100.448, 173.045
2150, 19, 273, 100.295, 173.124
2151, 19, 273, 99.8099, 173.202
2152, 19, 273, 99.7261, 173.28
2153, 19, 273, 99.9481, 173.358
2154, 19, 273, 99.7951, 173.436
2155, 19, 273, 99.4216, 173.514
2156, 19, 272, 100.422, 173.593
2157, 19, 271, 100.189, 173.671
2158, 19, 271, 99.8159, 173.749
2159, 19, 271, 99.4423, 173.827
2160, 19, 270, 100.206, 173.906
2161, 19, 269, 101.206, 173.985
2162, 19, 268, 102.554, 174.063
2163, 19, 268, 102.18, 174.142
2164, 19, 268, 101.765, 174.22
2165, 19, 268, 101.392, 174.312
2166, 19, 268, 101.018, 174.391
2167, 19, 268, 100.865, 174.469
2168, 19, 268, 100.492, 174.548
2169, 19, 267, 101.255, 174.626
2170, 19, 267, 100.881, 174.704
2171, 19, 267, 100.797, 174.782
2172, 19, 267, 100.771, 174.86
2173, 19, 267, 100.755, 174.938
2174, 19, 267, 100.725, 175.016
2175, 19, 267, 100.695, 175.094
2176, 19, 267, 100.636, 175.172
2177, 19, 267, 100.569, 175.249
2178, 19, 267, 100.548, 175.327
2179, 19, 267, 100.503, 175.406
2180, 19, 267, 100.487, 175.485
2181, 19, 267, 100.48, 175.563
2182, 19, 267, 100.457, 175.896
2183, 19, 267, 100.439, 175.976
2184, 19, 267, 100.319, 176.054
2185, 19, 267, 100.292, 176.133
2186, 19, 267, 100.265, 176.21
2187, 19, 267, 100.154, 176.289
2188, 19, 267, 100.138, 176.369
2189, 19, 267, 100.122, 176.448
2190, 19, 267, 100.188, 176.526
2191, 19, 267, 100.177, 176.615
2192, 19, 267, 100.147, 176.694
2193, 19, 267, 100.08, 176.772
2194, 19, 267, 100.114, 176.85
2195, 19, 267, 100.066, 176.931
2196, 19, 267, 100.16, 177.009
2197, 19, 267, 100.145, 177.087
2198, 19, 267, 100.083, 177.166
2199, 19, 267, 100.08, 177.388
2200, 19, 267, 100.078, 177.466
2201, 19, 267, 100.061, 177.545
2202, 19, 267, 100.056, 177.638
2203, 19, 267, 100.051, 177.716
2204, 19, 267, 100.043, 177.794
2205, 19, 267, 100.031, 177.873
2206, 19, 267, 100.018, 177.952
2207, 19, 267, 99.998, 178.03
2208, 19, 267, 99.9879, 178.108
2209, 19, 267, 99.9875, 178.186
2210, 19, 267, 99.9767, 178.264
2211, 19, 266, 100.121, 178.342
2212, 19, 266, 100.11, 178.421
2213, 19, 266, 100.099, 178.499
2214, 19, 266, 100.051, 178.577
2215, 19, 266, 100.039, 178.655
2216, 19, 265, 100.176, 178.733
2217, 19, 265, 100.166, 178.812
2218, 19, 264, 100.307, 178.89
2219, 19, 264, 100.277, 178.968
2220, 19, 264, 100.255, 179.046
2221, 19, 264, 100.231, 179.125
2222, 19, 264, 100.195, 179.203
2223, 19, 264, 100.142, 179.282
2224, 19, 264, 100.121, 179.36
2225, 19, 264, 100.104, 179.439
2226, 19, 264, 100.089, 179.518
2227, 19, 264, 100.068, 179.597
2228, 19, 264, 100.056, 179.676
2229, 19, 264, 100.045, 179.755
2230, 19, 264, 100.034, 179.833
2231, 19, 264, 100.022, 179.911
2232, 19, 264, 100.013, 179.989
2233, 19, 264, 100.005, 180.067
2234, 19, 264, 99.9749, 180.145
2235, 19, 264, 99.9475, 180.234
2236, 19, 264, 99.9375, 180.323
2237, 19, 264, 99.9304, 180.401
2238, 19, 264, 99.926, 180.479
2239, 19, 264, 99.9151, 180.557
2240, 19, 264, 99.914, 180.635
2241, 19, 264, 99.9145, 180.716
2242, 19, 264, 99.9074, 180.794
2243, 19, 264, 99.9067, 180.872
2244, 19, 264, 99.906, 180.962
2245, 19, 264, 99.9009, 181.05
2246, 19, 264, 99.8841, 181.129
2247, 19, 264, 99.878, 181.208
2248, 19, 264, 99.8722, 181.286
2249, 19, 264, 99.8639, 181.364
2250, 19, 264, 99.8485, 181.452
2251, 19, 264, 99.8286, 181.53
2252, 19, 264, 99.8156, 181.608
2253, 19, 264, 99.7991, 181.687
2254, 19, 264, 99.7861, 181.766
2255, 19, 264, 99.7716, 181.845
2256, 19, 264, 99.7343, 181.924
2257, 19, 264, 99.7075, 182.002
2258, 19, 264, 99.6634, 182.08
2259, 19, 264, 99.65, 182.158
2260, 19, 264, 99.6286, 182.237
2261, 19, 264, 99.6072, 182.315
2262, 19, 264, 99.5594, 182.393
2263, 19, 264, 99.6003, 182.471
2264, 19, 264, 99.5903, 182.549
2265, 19, 264, 99.5721, 182.627
2266, 19, 264, 99.5656, 182.705
2267, 19, 264, 99.559, 182.784
2268, 19, 264, 99.5504, 182.862
2269, 19, 264, 99.5431, 182.941
2270, 19, 264, 99.5072, 183.019
2271, 19, 264, 99.4697, 183.097
2272, 19, 264, 99.4633, 183.178
2273, 19, 264, 99.4359, 183.258
2274, 19, 264, 99.4205, 183.336
2275, 19, 264, 99.4097, 183.414
2276, 19, 264, 99.3892, 183.493
2277, 19, 264, 99.2787, 183.571
2278, 19, 264, 99.1589, 183.65
2279, 19, 264, 99.0618, 183.728
2280, 19, 263, 99.203, 183.807
2281, 19, 263, 99.255, 183.885
2282, 19, 263, 99.2248, 183.963
2283, 19, 263, 99.2094, 184.041
2284, 19, 263, 99.1653, 184.12
2285, 19, 263, 99.0548, 184.198
2286, 19, 263, 98.6398, 184.286
2287, 19, 263, 98.4868, 184.365
2288, 19, 263, 98.3937, 184.443
2289, 19, 263, 97.8156, 184.521
2290, 19, 262, 97.9568, 184.599
2291, 19, 262, 97.9266, 184.678
2292, 19, 262, 98.0896, 184.755
2293, 19, 262, 97.9385, 184.834
2294, 20, 262, 97.924, 184.913
2295, 21, 262, 97.912, 184.992
2296, 21, 262, 97.8959, 185.07
2297, 21, 262, 97.8828, 185.148
2298, 21, 262, 97.8785, 185.227
2299, 21, 262, 97.8111, 185.306
2300, 21, 262, 97.9335, 185.384
2301, 21, 262, 97.8929, 185.463
2302, 21, 262, 97.8488, 185.541
2303, 21, 262, 97.8402, 185.619
2304, 21, 262, 97.8189, 185.697
2305, 21, 262, 97.7921, 185.776
2306, 21, 262, 97.7619, 185.854
2307, 21, 262, 97.7351, 185.933
2308, 21, 262, 97.6821, 186.011
2309, 21, 262, 97.6291, 186.089
2310, 21, 262, 97.5925, 186.167
2311, 21, 262, 97.5559, 186.246
2312, 21, 262, 97.5119, 186.324
2313, 21, 262, 97.4678, 186.403
2314, 21, 262, 97.4464, 186.481
2315, 21, 262, 97.4098, 186.559
2316, 21, 262, 97.343, 186.636
2317, 21, 262, 97.3071, 186.715
2318, 21, 262, 97.2804, 186.793
2319, 21, 262, 97.2743, 186.871
2320, 21, 262, 97.1772, 186.95
2321, 21, 262, 97.1642, 187.028
2322, 21, 262, 97.1112, 187.109
2323, 21, 262, 97.0141, 187.187
2324, 21, 262, 96.97, 187.265
2325, 21, 262, 96.9592, 187.343
2326, 21, 262, 96.9226, 187.421
2327, 21, 262, 96.8121, 187.509
2328, 21, 261, 97.5753, 187.587
2329, 21, 261, 97.4224, 187.674
2330, 21, 261, 97.0489, 187.753
2331, 21, 261, 96.6338, 187.831
2332, 21, 260, 97.397, 187.91
2333, 21, 260, 97.3297, 187.988
2334, 21, 260, 97.2856, 188.068
2335, 21, 260, 97.1327, 188.148
2336, 21, 260, 96.9627, 188.226
2337, 21, 259, 97.9627, 188.304
2338, 21, 259, 97.5477, 188.382
2339, 21, 259, 97.1742, 188.46
2340, 21, 259, 97.0904, 188.538
2341, 21, 259, 96.9374, 188.617
2342, 21, 259, 96.8844, 188.695
2343, 21, 259, 96.7913, 188.773
2344, 21, 259, 96.6214, 188.851
2345, 21, 259, 96.5376, 188.929
2346, 21, 258, 96.7006, 189.007
2347, 21, 258, 96.5477, 189.086
2348, 21, 258, 96.4888, 189.164
2349, 21, 258, 96.4482, 189.242
2350, 21, 258, 96.3644, 189.32
2351, 21, 258, 96.3278, 189.398
2352, 21, 258, 96.2748, 189.477
2353, 21, 258, 96.248, 189.556
2354, 21, 258, 96.2183, 189.634
2355, 21, 258, 96.1817, 189.713
2356, 21, 258, 96.1376, 189.791
2357, 22, 258, 96.1275, 189.869
2358, 23, 258, 96.0869, 189.947
2359, 24, 258, 96.0783, 190.025
2360, 24, 258, 96.0693, 190.104
2361, 24, 257, 96.2105, 190.182
2362, 24, 257, 96.1997, 190.26
2363, 24, 257, 96.1729, 190.338
2364, 24, 257, 96.1427, 190.417
2365, 24, 257, 96.1383, 190.495
2366, 24, 256, 96.2758, 190.574
2367, 24, 256, 96.2277, 190.652
2368, 24, 256, 96.1974, 190.731
2369, 24, 256, 96.177, 190.81
2370, 24, 256, 96.1404, 190.888
2371, 24, 256, 96.0731, 190.974
2372, 24, 255, 96.8363, 191.053
2373, 24, 254, 97.5995, 191.132
2374, 24, 254, 97.4465, 191.21
2375, 24, 254, 97.073, 191.289
2376, 24, 254, 96.9892, 191.368
2377, 24, 253, 97.1522, 191.447
2378, 24, 253, 97.0849, 191.525
2379, 24, 253, 96.932, 191.604
2380, 24, 253, 96.5584, 191.682
2381, 24, 253, 96.1849, 191.76
2382, 24, 252, 96.9481, 191.839
2383, 24, 251, 97.7113, 191.918
2384, 24, 250, 98.4745, 191.997
2385, 24, 249, 99.2377, 192.076
2386, 24, 248, 99.0055, 192.154
2387, 24, 248, 98.5904, 192.233
2388, 24, 248, 98.4375, 192.574
2389, 24, 248, 98.3969, 192.654
2390, 24, 248, 98.1923, 192.733
2391, 24, 248, 98.0224, 192.811
2392, 24, 248, 97.6489, 192.892
2393, 24, 247, 98.4121, 192.971
2394, 24, 246, 99.1753, 193.05
2395, 24, 246, 99.0223, 193.129
2396, 24, 245, 99.1854, 193.208
2397, 24, 245, 99.1265, 193.287
2398, 24, 245, 99.0591, 193.365
2399, 24, 245, 98.6856, 193.453
2400, 24, 245, 98.5751, 193.531
2401, 24, 245, 98.5547, 193.61
2402, 24, 244, 98.6958, 193.689
2403, 24, 244, 98.6656, 193.863
2404, 24, 244, 98.2921, 193.946
2405, 24, 243, 98.5334, 194.026
2406, 24, 243, 98.1599, 194.105
2407, 24, 243, 98.007, 194.197
2408, 24, 243, 97.4289, 194.284
2409, 24, 243, 97.3184, 194.364
2410, 24, 243, 97.2654, 194.443
2411, 24, 243, 97.2124, 194.522
2412, 24, 243, 97.1594, 194.603
2413, 24, 243, 97.0746, 194.681
2414, 24, 243, 97.0449, 194.761
2415, 24, 243, 97.0222, 194.912
2416, 24, 243, 96.974, 194.991
2417, 24, 243, 96.9466, 195.07
2418, 24, 243, 96.9336, 195.149
2419, 24, 243, 96.9174, 195.228
2420, 24, 243, 96.9092, 195.307
2421, 24, 243, 96.8912, 195.386
2422, 24, 243, 96.8827, 195.464
2423, 24, 243, 96.9526, 195.543
2424, 24, 243, 96.9452, 195.622
2425, 24, 243, 96.8971, 195.7
2426, 24, 243, 96.8669, 195.779
2427, 24, 243, 96.8524, 195.857
2428, 24, 243, 96.8459, 195.937
2429, 24, 243, 96.8403, 196.015
2430, 24, 243, 96.8283, 196.094
2431, 24, 243, 96.8183, 196.173
2432, 24, 243, 96.7824, 196.251
2433, 24, 243, 96.761, 196.33
2434, 24, 243, 96.7336, 196.409
2435, 24, 243, 96.6663, 196.488
2436, 24, 243, 96.6449, 196.567
2437, 24, 243, 96.7563, 196.647
2438, 24, 243, 96.7085, 196.727
2439, 24, 243, 96.5385, 196.806
2440, 24, 243, 96.4547, 196.885
2441, 24, 243, 96.4343, 196.964
2442, 24, 243, 96.3412, 197.042
2443, 24, 243, 96.3185, 197.121
2444, 24, 243, 96.2596, 197.2
2445, 24, 243, 96.2066, 197.279
2446, 24, 243, 96.1392, 197.357
2447, 24, 243, 96.1095, 197.436
2448, 24, 243, 96.0867, 197.515
2449, 24, 243, 96.2091, 197.594
2450, 24, 243, 96.1912, 197.681
2451, 24, 243, 96.0941, 197.759
2452, 24, 243, 96.0103, 197.838
2453, 24, 243, 95.9836, 197.916
2454, 24, 242, 96.1204, 198.012
2455, 24, 242, 96.1903, 198.092
2456, 24, 242, 96.1314, 198.171
2457, 24, 242, 96.0832, 198.249
2458, 24, 242, 96.053, 198.328
2459, 24, 242, 96.0171, 198.409
2460, 24, 242, 95.9958, 198.488
2461, 24, 242, 95.9551, 198.567
2462, 24, 242, 95.9397, 198.661
2463, 24, 242, 95.9031, 198.749
2464, 24, 242, 95.8501, 198.829
2465, 24, 242, 95.8297, 198.908
2466, 24, 242, 95.7999, 198.986
2467, 24, 242, 95.7725, 199.065
2468, 25, 242, 95.7428, 199.144
2469, 25, 242, 95.7351, 199.222
2470, 25, 242, 95.7048, 199.301
2471, 25, 242, 95.6982, 199.38
2472, 25, 242, 95.6768, 199.459
2473, 26, 242, 95.6541, 199.538
2474, 27, 242, 95.6362, 199.619
2475, 28, 242, 95.6288, 199.697
2476, 29, 242, 95.6143, 199.776
2477, 30, 242, 95.6023, 199.855
2478, 31, 242, 95.5923, 199.934
2479, 32, 242, 95.5858, 200.013
2480, 33, 242, 95.5773, 200.093
2481, 33, 242, 95.5715, 200.172
2482, 33, 242, 95.5561, 200.251
2483, 34, 242, 95.5487, 200.329
2484, 35, 242, 95.543, 200.407
2485, 35, 242, 95.5276, 200.485
2486, 35, 242, 95.2642, 200.564
2487, 35, 242, 95.2112, 200.642
2488, 35, 242, 95.06, 200.721
2489, 35, 242, 95.0234, 200.803
2490, 35, 242, 95.0007, 200.882
2491, 35, 242, 94.9036, 200.969
2492, 35, 242, 94.8198, 201.048
2493, 35, 242, 94.7758, 201.127
2494, 35, 242, 94.765, 201.205
2495, 35, 242, 94.7488, 201.284
2496, 35, 242, 94.7221, 201.362
2497, 35, 242, 94.678, 201.441
2498, 35, 242, 94.6512, 201.52
2499, 35, 242, 94.6298, 201.598
2500, 35, 242, 94.6085, 201.677
2501, 35, 242, 94.5977, 201.756
2502, 35, 242, 94.5675, 201.834
2503, 35, 242, 94.5086, 201.913
2504, 35, 242, 94.4783, 201.991
2505, 35, 242, 94.4653, 202.07
2506, 35, 242, 94.4448, 202.148
2507, 35, 242, 94.4269, 202.227
2508, 35, 242, 94.4055, 202.307
2509, 35, 242, 94.3995, 202.405
2510, 35, 242, 94.3796, 202.484
2511, 35, 242, 94.3635, 202.584
2512, 35, 242, 94.3367, 202.684
2513, 35, 242, 94.3001, 202.81
2514, 35, 242, 94.2328, 202.931
2515, 35, 242, 94.2026, 203.054
2516, 35, 242, 94.1821, 203.167
2517, 35, 242, 94.1455, 203.259
2518, 35, 242, 94.0617, 203.339
2519, 35, 242, 94.0456, 203.418
2520, 35, 242, 94.157, 203.496
2521, 35, 242, 94.1212, 203.576
2522, 35, 241, 94.2623, 203.655
2523, 35, 241, 94.2321, 203.734
2524, 35, 241, 94.1955, 203.813
2525, 35, 240, 94.333, 203.892
2526, 35, 240, 94.2492, 203.971
2527, 35, 239, 95.0124, 204.05
2528, 35, 239, 94.9911, 204.128
2529, 35, 239, 94.9284, 204.207
2530, 35, 239, 94.9105, 204.306
2531, 35, 239, 94.8739, 204.386
2532, 35, 239, 94.7892, 204.464
2533, 35, 239, 94.7687, 204.543
2534, 35, 239, 94.742, 204.622
2535, 35, 239, 94.6746, 204.7
2536, 35, 239, 94.6542, 204.779
2537, 35, 239, 94.6407, 204.858
2538, 35, 239, 94.6246, 204.936
2539, 35, 239, 94.5949, 205.015
2540, 35, 239, 94.5721, 205.093
2541, 35, 239, 94.6648, 205.192
2542, 35, 239, 94.7318, 205.272
2543, 35, 239, 94.7139, 205.352
2544, 35, 239, 94.7031, 205.431
2545, 35, 239, 94.6501, 205.51
2546, 35, 239, 94.5827, 205.589
2547, 35, 239, 94.5349, 205.668
2548, 35, 238, 94.6761, 205.747
2549, 35, 238, 94.7551, 205.826
2550, 35, 238, 94.7406, 205.904
2551, 35, 238, 94.7138, 205.983
2552, 35, 238, 94.6656, 206.062
2553, 35, 238, 94.6389, 206.141
2554, 35, 238, 94.5859, 206.22
2555, 35, 238, 94.3224, 206.298
2556, 35, 238, 94.2784, 206.377
2557, 35, 238, 94.257, 206.456
2558, 35, 238, 94.2365, 206.534
2559, 35, 238, 94.2885, 206.613
2560, 35, 238, 94.2672, 206.692
2561, 35, 238, 94.251, 206.771
2562, 35, 238, 94.2356, 206.85
2563, 35, 238, 94.1251, 206.929
2564, 35, 238, 94.0721, 207.008
2565, 35, 238, 93.9883, 207.087
2566, 35, 238, 93.9045, 207.166
2567, 35, 238, 93.8914, 207.245
2568, 35, 238, 93.8549, 207.323
2569, 35, 238, 93.7351, 207.402
2570, 35, 238, 93.6821, 207.481
2571, 35, 238, 93.6641, 207.56
2572, 35, 238, 93.5794, 207.653
2573, 35, 238, 93.3749, 207.732
2574, 35, 238, 93.3481, 207.812
2575, 35, 238, 93.3074, 207.89
2576, 35, 238, 93.1545, 207.969
2577, 35, 237, 93.9177, 208.048
2578, 35, 237, 93.5442, 208.129
2579, 35, 236, 94.3074, 208.21
2580, 35, 235, 95.0706, 208.289
2581, 35, 234, 96.0706, 208.368
2582, 35, 234, 95.6555, 208.447
2583, 35, 233, 96.4187, 208.527
2584, 35, 232, 97.1819, 208.606
2585, 35, 231, 98.1819, 208.685
2586, 35, 231, 98.0981, 208.764
2587, 35, 231, 98.0684, 208.853
2588, 35, 231, 98.0243, 208.933
2589, 35, 230, 98.2656, 209.271
2590, 35, 230, 98.4876, 209.351
2591, 35, 230, 98.3176, 209.433
2592, 35, 230, 98.2972, 209.512
2593, 35, 230, 98.2745, 209.59
2594, 35, 230, 98.2442, 209.67
2595, 35, 230, 98.2281, 209.749
2596, 35, 230, 98.2102, 209.828
2597, 35, 230, 98.1888, 209.907
2598, 35, 230, 98.1758, 209.985
2599, 35, 230, 98.092, 210.064
2600, 35, 230, 97.7184, 210.143
2601, 35, 229, 98.4816, 210.222
2602, 35, 229, 98.3978, 210.301
2603, 35, 229, 98.3613, 210.38
2604, 35, 228, 99.1245, 210.458
2605, 35, 227, 99.4772, 210.537
2606, 35, 227, 98.9923, 210.616
2607, 35, 227, 98.6187, 210.695
2608, 35, 227, 98.4658, 210.773
2609, 35, 227, 98.0923, 210.997
2610, 35, 227, 97.7187, 211.077
2611, 35, 227, 97.6657, 211.156
2612, 35, 227, 97.7032, 211.236
2613, 35, 227, 97.6765, 211.315
2614, 35, 227, 97.6234, 211.394
2615, 35, 227, 97.5704, 211.473
2616, 35, 227, 97.1969, 211.552
2617, 35, 227, 97.044, 211.637
2618, 35, 227, 96.891, 211.716
2619, 35, 226, 96.6589, 211.795
2620, 35, 225, 97.6589, 211.875
2621, 35, 224, 99.007, 211.955
2622, 35, 224, 98.8541, 212.035
2623, 35, 224, 98.6495, 212.115
2624, 35, 224, 98.276, 212.194
2625, 35, 224, 97.861, 212.272
2626, 35, 224, 97.376, 212.351
2627, 35, 224, 97.2922, 212.43
2628, 35, 224, 96.9187, 212.509
2629, 35, 224, 96.8821, 212.588
2630, 35, 224, 96.8617, 212.667
2631, 35, 224, 96.7779, 212.746
2632, 35, 224, 96.6249, 212.825
2633, 35, 224, 96.2514, 212.904
2634, 35, 224, 96.1676, 212.985
2635, 35, 223, 96.9308, 213.064
2636, 35, 222, 97.694, 213.143
2637, 35, 222, 97.6266, 213.222
2638, 35, 222, 97.5428, 213.302
2639, 35, 222, 97.4898, 213.383
2640, 35, 222, 97.1163, 213.462
2641, 35, 221, 97.8795, 213.541
2642, 35, 221, 97.7957, 213.62
2643, 35, 221, 97.7427, 213.699
2644, 35, 221, 97.5898, 213.778
2645, 35, 221, 97.506, 213.859
2646, 35, 221, 97.353, 213.938
2647, 35, 221, 97.3165, 214.017
2648, 35, 221, 97.2806, 214.096
2649, 35, 221, 97.2538, 214.175
2650, 35, 221, 97.2793, 214.254
2651, 35, 221, 97.2526, 214.341
2652, 35, 221, 97.2413, 214.421
2653, 35, 221, 97.2139, 214.502
2654, 35, 221, 97.1934, 214.598
2655, 35, 221, 97.1721, 214.678
2656, 35, 221, 97.1048, 214.757
2657, 35, 221, 97.021, 214.836
2658, 35, 221, 96.6474, 214.916
2659, 35, 221, 96.4945, 214.995
2660, 35, 221, 96.29, 215.074
2661, 35, 221, 96.2062, 215.153
2662, 35, 221, 96.0016, 215.232
2663, 35, 221, 95.8911, 215.311
2664, 35, 221, 95.8804, 215.391
2665, 35, 221, 95.8438, 215.47
2666, 35, 221, 95.6909, 215.56
2667, 35, 220, 96.454, 215.64
2668, 35, 220, 96.3011, 215.72
2669, 35, 220, 96.1482, 215.799
2670, 35, 220, 96.0644, 215.878
2671, 35, 220, 95.9115, 215.957
2672, 35, 220, 95.8584, 216.036
2673, 35, 220, 95.8054, 216.132
2674, 35, 219, 95.9685, 216.212
2675, 35, 219, 95.9011, 216.291
2676, 35, 219, 95.857, 216.371
2677, 35, 219, 95.8205, 216.45
2678, 35, 219, 95.7367, 216.531
2679, 35, 219, 95.7205, 216.611
2680, 35, 219, 95.7098, 216.69
2681, 35, 219, 95.7015, 216.769
2682, 35, 219, 95.6713, 216.848
2683, 35, 219, 95.6568, 216.935
2684, 35, 219, 95.6265, 217.014
2685, 35, 219, 95.6097, 217.108
2686, 35, 218, 95.7465, 217.188
2687, 35, 218, 95.7304, 217.268
2688, 35, 218, 95.7036, 217.347
2689, 35, 218, 95.667, 217.427
2690, 35, 218, 95.6557, 217.507
2691, 35, 218, 95.629, 217.586
2692, 35, 218, 95.5452, 217.675
2693, 35, 218, 95.5321, 217.755
2694, 35, 218, 95.5108, 217.834
2695, 35, 218, 95.3579, 217.914
2696, 35, 218, 95.3049, 217.995
2697, 35, 218, 95.3975, 218.074
2698, 35, 218, 94.9125, 218.154
2699, 35, 218, 94.876, 218.233
2700, 35, 218, 94.6714, 218.312
2701, 35, 218, 94.6184, 218.393
2702, 35, 218, 94.5654, 218.472
2703, 35, 218, 94.5571, 218.564
2704, 35, 218, 94.5367, 218.663
2705, 35, 218, 94.5001, 218.797
2706, 35, 217, 94.8529, 218.92
2707, 35, 217, 94.3679, 219.047
2708, 35, 217, 94.3149, 219.151
2709, 35, 217, 94.5369, 219.242
2710, 35, 217, 94.2734, 219.322
2711, 35, 217, 94.2368, 219.404
2712, 35, 217, 94.0839, 219.484
2713, 35, 217, 94.0571, 219.563
2714, 35, 217, 93.9903, 219.642
2715, 35, 217, 93.9538, 219.722
2716, 35, 217, 93.9172, 219.801
2717, 35, 217, 93.7126, 219.882
2718, 35, 217, 93.6645, 219.962
2719, 35, 217, 93.6115, 220.041
2720, 35, 217, 93.5585, 220.12
2721, 35, 217, 93.5055, 220.2
2722, 35, 217, 93.4787, 220.279
2723, 35, 217, 93.4421, 220.363
2724, 35, 217, 93.3316, 220.442
2725, 35, 217, 93.2211, 220.522
2726, 35, 217, 93.1681, 220.601
2727, 35, 217, 93.1008, 220.68
2728, 35, 217, 93.0649, 220.759
2729, 35, 217, 92.9976, 220.838
2730, 35, 217, 92.8871, 220.918
2731, 35, 217, 92.8505, 221.017
2732, 35, 217, 92.83, 221.097
2733, 35, 217, 92.9, 221.176
2734, 35, 217, 92.8845, 221.255
2735, 35, 217, 92.8691, 221.334
2736, 35, 217, 92.8487, 221.413
2737, 35, 217, 92.7818, 221.492
2738, 35, 217, 92.7688, 221.571
2739, 35, 217, 92.7061, 221.65
2740, 35, 217, 92.6834, 221.729
2741, 35, 217, 92.6468, 221.809
2742, 35, 217, 92.6386, 221.888
2743, 35, 217, 92.6224, 221.982
2744, 35, 217, 92.6079, 222.062
2745, 35, 217, 92.6149, 222.141
2746, 35, 217, 92.6029, 222.22
2747, 35, 217, 92.5894, 222.299
2748, 35, 217, 92.5726, 222.378
2749, 35, 217, 92.5565, 222.457
2750, 35, 217, 92.65, 222.536
2751, 35, 217, 92.6295, 222.615
2752, 35, 217, 92.5993, 222.695
2753, 35, 217, 92.5839, 222.774
2754, 35, 217, 92.5634, 222.853
2755, 35, 217, 92.5522, 222.932
2756, 35, 217, 92.5897, 223.011
2757, 35, 217, 92.5623, 223.09
2758, 35, 217, 92.5468, 223.169
2759, 35, 217, 92.5255, 223.249
2760, 35, 217, 92.5165, 223.328
2761, 35, 217, 92.5003, 223.409
2762, 35, 217, 92.4645, 223.529
2763, 35, 217, 92.3115, 223.611
2764, 35, 217, 92.3025, 223.69
2765, 35, 217, 92.2964, 223.77
2766, 35, 217, 92.275, 223.848
2767, 35, 217, 92.327, 223.927
2768, 35, 217, 92.2912, 224.006
2769, 35, 217, 92.2804, 224.085
2770, 35, 217, 92.2325, 224.164
2771, 35, 217, 92.2058, 224.243
2772, 35, 217, 92.1576, 224.336
2773, 35, 216, 92.2994, 224.416
2774, 35, 216, 92.292, 224.495
2775, 35, 216, 92.2856, 224.573
2776, 35, 216, 92.2795, 224.652
2777, 35, 216, 92.2695, 224.732
2778, 35, 216, 92.2586, 224.811
2779, 35, 216, 92.2496, 224.889
2780, 35, 216, 92.2465, 224.97
2781, 35, 216, 92.2421, 225.049
2782, 35, 216, 92.2335, 225.128
2783, 35, 216, 92.1961, 225.207
2784, 35, 216, 92.1287, 225.286
2785, 35, 215, 92.2705, 225.366
2786, 35, 215, 92.1774, 225.445
2787, 35, 215, 92.1713, 225.525
2788, 35, 215, 92.1552, 225.604
2789, 35, 215, 92.0023, 225.952
2790, 35, 215, 91.9185, 226.032
2791, 35, 215, 91.8511, 226.111
2792, 35, 215, 91.9438, 226.191
2793, 35, 214, 92.085, 226.27
2794, 35, 214, 92.1964, 226.35
2795, 35, 214, 92.1696, 226.429
2796, 35, 214, 92.1492, 226.509
2797, 35, 214, 92.1287, 226.588
2798, 35, 214, 92.0449, 226.669
2799, 35, 214, 91.9919, 226.749
2800, 35, 214, 91.839, 226.855
2801, 35, 214, 91.8024, 226.936
2802, 35, 214, 91.7494, 227.016
2803, 35, 214, 91.7192, 227.095
2804, 35, 214, 91.6924, 227.174
2805, 35, 214, 91.672, 227.389
2806, 35, 214, 91.6354, 227.468
2807, 35, 214, 91.5913, 227.548
2808, 35, 214, 91.5645, 227.639
2809, 35, 214, 91.5204, 227.719
2810, 35, 214, 91.516, 227.798
2811, 35, 214, 91.4886, 227.878
2812, 35, 214, 91.4855, 227.957
2813, 35, 214, 91.4588, 228.037
2814, 35, 214, 91.375, 228.116
2815, 35, 214, 91.205, 228.196
2816, 35, 214, 91.1119, 228.275
2817, 35, 213, 92.1119, 228.355
2818, 35, 213, 91.6969, 228.434
2819, 35, 213, 91.6131, 228.514
2820, 35, 213, 91.1981, 228.593
2821, 35, 213, 91.0281, 228.673
2822, 35, 213, 90.9751, 228.752
2823, 35, 213, 90.8052, 228.831
2824, 35, 213, 90.7522, 228.911
2825, 35, 213, 90.6591, 228.99
2826, 35, 213, 90.5753, 229.077
2827, 35, 213, 90.5223, 229.165
2828, 35, 213, 90.4857, 229.246
2829, 35, 213, 90.4589, 229.325
2830, 35, 213, 90.0854, 229.405
2831, 35, 213, 89.9325, 229.484
2832, 35, 213, 89.8487, 229.565
2833, 35, 213, 89.7649, 229.663
2834, 35, 213, 89.6811, 229.743
2835, 35, 213, 89.6445, 229.822
2836, 35, 213, 89.6284, 229.902
2837, 35, 213, 89.6983, 229.981
2838, 35, 213, 89.6822, 230.062
2839, 35, 213, 89.6292, 230.142
2840, 35, 212, 89.8705, 230.221
2841, 35, 212, 89.666, 230.301
2842, 35, 212, 89.2924, 230.38
2843, 35, 211, 90.6406, 230.46
2844, 35, 210, 90.8819, 230.539
2845, 35, 209, 91.6451, 230.619
2846, 35, 209, 91.4922, 230.698
2847, 35, 209, 91.4556, 230.778
2848, 35, 209, 91.2511, 230.857
2849, 35, 208, 91.4924, 230.949
2850, 35, 208, 91.3225, 231.031
2851, 35, 208, 91.2294, 231.111
2852, 35, 208, 91.0248, 231.191
2853, 35, 208, 90.9659, 231.27
2854, 35, 208, 90.8728, 231.349
2855, 35, 208, 90.8363, 231.429
2856, 35, 208, 90.7774, 231.508
2857, 35, 208, 90.7506, 231.588
2858, 35, 208, 90.7099, 231.668
2859, 35, 208, 90.6511, 231.748
2860, 35, 208, 90.6213, 231.828
2861, 35, 208, 90.5807, 231.908
2862, 35, 208, 90.5509, 231.987
2863, 35, 208, 90.4404, 232.067
2864, 35, 208, 90.3874, 232.155
2865, 35, 208, 90.0139, 232.234
2866, 35, 208, 89.6403, 232.314
2867, 35, 207, 90.4035, 232.395
2868, 35, 207, 90.3768, 232.476
2869, 35, 207, 90.3623, 232.556
2870, 35, 207, 90.3503, 232.636
2871, 35, 207, 90.3299, 232.715
2872, 35, 207, 90.2933, 232.796
2873, 35, 207, 90.2771, 232.875
2874, 35, 207, 90.2365, 232.955
2875, 35, 207, 90.1835, 233.034
2876, 35, 207, 90.0997, 233.114
2877, 35, 207, 90.0631, 233.193
2878, 35, 207, 90.0101, 233.273
2879, 35, 207, 89.9897, 233.352
2880, 35, 207, 89.9629, 233.432
2881, 35, 206, 90.1041, 233.538
2882, 35, 206, 90.0743, 233.619
2883, 35, 206, 90.0441, 233.698
2884, 35, 206, 90.0341, 233.778
2885, 35, 206, 90.0255, 233.858
2886, 35, 206, 90.0042, 233.937
2887, 35, 206, 89.7407, 234.017
2888, 35, 205, 89.8782, 234.097
2889, 35, 205, 89.867, 234.177
2890, 35, 205, 89.8539, 234.257
2891, 35, 204, 90.017, 234.347
2892, 35, 204, 90.0087, 234.427
2893, 35, 204, 89.9882, 234.507
2894, 35, 204, 89.7837, 234.587
2895, 35, 204, 89.7471, 234.667
2896, 35, 204, 89.6366, 234.747
2897, 35, 204, 89.4321, 234.827
2898, 35, 204, 89.3483, 234.907
2899, 35, 203, 89.5896, 234.987
2900, 35, 203, 89.553, 235.067
2901, 35, 203, 89.5165, 235.147
2902, 35, 203, 89.4327, 235.227
2903, 35, 203, 89.3961, 235.307
2904, 35, 203, 89.3734, 235.387
2905, 35, 202, 89.5102, 235.467
2906, 35, 202, 89.4888, 235.548
2907, 35, 202, 89.4757, 235.627
2908, 35, 202, 89.4603, 235.707
2909, 35, 202, 89.4495, 235.787
2910, 35, 202, 89.4341, 235.867
2911, 35, 202, 89.4114, 235.947
2912, 35, 202, 89.344, 236.027
2913, 35, 202, 89.3173, 236.106
2914, 35, 202, 89.2905, 236.186
2915, 35, 202, 89.2464, 236.266
2916, 35, 202, 89.1983, 236.364
2917, 35, 202, 89.168, 236.444
2918, 35, 202, 89.0833, 236.53
2919, 35, 202, 89.016, 236.639
2920, 35, 202, 88.9055, 236.741
2921, 35, 202, 88.8217, 236.838
2922, 35, 202, 88.3367, 236.925
2923, 35, 202, 88.2837, 237.005
2924, 35, 202, 87.9102, 237.084
2925, 35, 202, 87.8888, 237.164
2926, 35, 202, 87.8957, 237.244
2927, 35, 202, 88.0181, 237.323
2928, 35, 202, 87.921, 237.403
2929, 35, 202, 87.8621, 237.483
2930, 35, 202, 87.8215, 237.563
2931, 35, 202, 87.7917, 237.663
2932, 35, 202, 87.769, 237.743
2933, 35, 202, 87.6585, 237.823
2934, 35, 202, 87.6283, 237.904
2935, 35, 202, 87.6104, 237.984
2936, 35, 202, 87.5959, 238.063
2937, 35, 202, 87.5839, 238.145
2938, 35, 202, 87.5165, 238.225
2939, 35, 201, 87.6543, 238.304
2940, 35, 201, 87.6363, 238.384
2941, 35, 201, 87.6884, 238.464
2942, 35, 201, 87.7583, 238.543
2943, 35, 201, 87.7101, 238.623
2944, 35, 201, 87.6827, 238.712
2945, 35, 201, 87.7238, 238.793
2946, 35, 201, 87.6879, 238.872
2947, 35, 201, 87.6725, 238.954
2948, 35, 201, 87.6098, 239.033
2949, 35, 201, 87.5885, 239.113
2950, 35, 201, 87.6401, 239.194
2951, 35, 201, 87.6146, 239.274
2952, 35, 201, 87.5878, 239.354
2953, 35, 201, 87.5205, 239.435
2954, 35, 201, 87.1469, 239.515
2955, 35, 201, 87.1202, 239.594
2956, 35, 201, 87.0934, 239.692
2957, 35, 201, 86.9829, 239.774
2958, 35, 201, 86.8724, 239.854
2959, 35, 201, 86.8497, 239.934
2960, 35, 201, 86.8317, 240.014
2961, 35, 201, 86.7877, 240.094
2962, 35, 201, 86.7288, 240.174
2963, 35, 201, 86.5242, 240.254
2964, 35, 201, 86.4404, 240.334
2965, 35, 201, 86.4107, 240.414
2966, 35, 201, 86.3002, 240.493
2967, 35, 201, 86.2472, 240.592
2968, 35, 201, 86.2245, 240.674
2969, 35, 201, 86.1571, 240.754
2970, 35, 201, 86.4721, 240.834
2971, 35, 201, 86.379, 240.913
2972, 35, 201, 86.326, 241.001
2973, 35, 201, 86.2854, 241.082
2974, 35, 201, 86.2556, 241.162
2975, 35, 201, 86.2329, 241.242
2976, 35, 201, 86.215, 241.321
2977, 35, 201, 86.1946, 241.401
2978, 35, 201, 86.1741, 241.481
2979, 35, 201, 86.1537, 241.561
2980, 35, 201, 86.1375, 241.642
2981, 35, 201, 86.1214, 241.723
2982, 35, 201, 86.1009, 241.803
2983, 35, 201, 86.0742, 241.883
2984, 35, 201, 86.0537, 241.962
2985, 35, 201, 85.9008, 242.043
2986, 35, 201, 85.7903, 242.122
2987, 35, 201, 85.7462, 242.203
2988, 35, 201, 85.6531, 242.282
2989, 35, 201, 85.6001, 242.621
2990, 35, 201, 85.5822, 242.701
2991, 35, 201, 85.5677, 242.781
2992, 35, 201, 85.5236, 242.861
2993, 35, 201, 85.487, 242.941
2994, 35, 201, 85.4568, 243.022
2995, 35, 201, 85.3979, 243.102
2996, 35, 201, 84.8198, 243.183
2997, 35, 201, 84.6669, 243.264
2998, 35, 201, 84.5995, 243.362
2999, 35, 201, 84.585, 243.461
