Seed is: 99
Number of samples is: 3000
Simulation name is: Simulation_2TV_10x10.sim
TimeStep, Distraction Rate, Missed States, Model Accuracy, Time (ms)
0, 0, 732, 0, 6.1e-05
1, 0, 731, 0.763197, 0.065445
2, 0, 730, 1.7632, 0.128565
3, 0, 730, 1.34816, 0.190664
4, 0, 730, 1.17823, 0.252742
5, 0, 730, 1.08513, 0.314379
6, 0, 729, 1.84832, 0.376047
7, 0, 728, 2.61152, 0.437714
8, 0, 727, 3.37472, 0.499812
9, 0, 726, 4.13791, 0.564526
10, 0, 726, 3.76438, 0.627425
11, 0, 725, 4.52758, 0.689754
12, 0, 724, 5.29077, 0.751452
13, 0, 723, 6.05397, 0.81341
14, 0, 722, 6.81717, 0.875618
15, 0, 722, 6.44364, 0.954629
16, 0, 721, 7.20683, 1.01861
17, 0, 720, 7.97003, 1.08142
18, 0, 719, 8.73323, 1.14388
19, 0, 718, 8.50103, 1.20682
20, 0, 717, 9.84919, 1.26967
21, 0, 716, 10.8492, 1.33251
22, 0, 715, 11.6124, 1.39516
23, 1, 714, 12.6124, 1.45794
24, 2, 714, 12.1974, 1.52058
25, 2, 714, 11.7124, 1.58303
26, 2, 713, 12.4756, 1.64569
27, 2, 712, 13.2388, 1.70774
28, 2, 711, 14.2388, 1.77052
29, 2, 711, 13.8237, 1.8357
30, 2, 710, 14.5869, 1.90076
31, 3, 710, 14.417, 1.97722
32, 4, 710, 14.3239, 2.05127
33, 5, 710, 14.265, 2.11516
34, 6, 709, 15.265, 2.17832
35, 7, 709, 14.85, 2.24145
36, 8, 709, 14.6801, 2.30583
37, 8, 708, 15.4433, 2.36878
38, 8, 707, 16.2064, 2.43263
39, 8, 706, 16.9696, 2.49581
40, 8, 705, 17.7328, 2.55932
41, 8, 704, 18.496, 2.62416
42, 8, 703, 19.2592, 2.6869
43, 8, 703, 18.8857, 2.75003
44, 8, 702, 19.6489, 2.82486
45, 8, 701, 20.4121, 2.88787
46, 8, 701, 20.0386, 2.95082
47, 8, 701, 19.834, 3.01346
48, 8, 701, 19.419, 3.07567
49, 8, 701, 19.2491, 3.13782
50, 8, 701, 18.8755, 3.20175
51, 8, 701, 18.502, 3.26451
52, 8, 701, 18.3491, 3.32704
53, 9, 701, 18.256, 3.38967
54, 9, 701, 18.103, 3.45215
55, 9, 701, 17.7295, 3.51487
56, 9, 700, 18.4927, 3.59473
57, 9, 699, 19.2559, 3.65871
58, 9, 698, 20.0191, 3.7219
59, 9, 697, 20.7823, 3.78477
60, 9, 696, 21.5455, 3.8476
61, 9, 695, 22.3087, 3.91108
62, 9, 694, 23.0719, 3.97441
63, 9, 693, 23.8351, 4.03731
64, 9, 692, 24.5983, 4.10043
65, 9, 691, 25.3615, 4.16412
66, 9, 690, 26.1247, 4.24249
67, 9, 690, 25.7511, 4.30712
68, 9, 690, 25.3776, 4.38022
69, 9, 690, 25.2247, 4.44447
70, 9, 689, 25.9879, 4.50854
71, 9, 688, 26.7511, 4.57229
72, 9, 687, 27.5142, 4.63607
73, 9, 687, 27.1407, 4.6999
74, 9, 687, 26.7672, 4.76421
75, 9, 686, 27.5304, 4.82854
76, 9, 685, 28.2936, 4.89221
77, 9, 684, 29.0568, 4.9561
78, 9, 683, 29.82, 5.01985
79, 9, 682, 30.5832, 5.08931
80, 9, 681, 31.3464, 5.15394
81, 9, 680, 32.1096, 5.21813
82, 9, 679, 32.8728, 5.29854
83, 9, 678, 33.636, 5.36277
84, 9, 677, 34.3992, 5.42723
85, 9, 676, 34.167, 5.4938
86, 9, 675, 35.5151, 5.5584
87, 9, 674, 36.2783, 5.62545
88, 9, 673, 37.0415, 5.69091
89, 9, 672, 37.8047, 5.75569
90, 9, 671, 38.1575, 5.82041
91, 9, 671, 37.6725, 5.88554
92, 9, 671, 37.299, 5.95036
93, 9, 671, 37.0944, 6.01515
94, 9, 670, 37.4472, 6.08676
95, 9, 670, 37.0737, 6.15231
96, 9, 669, 37.4265, 6.21752
97, 9, 669, 37.0529, 6.28273
98, 9, 669, 36.6794, 6.34774
99, 9, 668, 37.4426, 6.41264
100, 9, 668, 37.069, 6.47751
101, 9, 668, 36.6955, 6.54241
102, 9, 667, 36.9369, 6.60743
103, 9, 667, 36.7323, 6.67254
104, 9, 667, 36.6218, 6.73763
105, 9, 667, 36.7849, 6.80275
106, 9, 667, 36.4113, 6.86762
107, 9, 666, 37.1745, 6.93267
108, 9, 665, 37.9377, 6.99744
109, 9, 664, 38.2905, 7.06263
110, 9, 664, 37.917, 7.12772
111, 9, 664, 37.764, 7.19441
112, 9, 664, 37.2791, 7.25957
113, 9, 664, 37.1261, 7.33909
114, 9, 664, 36.7526, 7.40545
115, 9, 664, 36.6014, 7.47093
116, 9, 663, 37.3646, 7.53676
117, 9, 662, 38.1278, 7.60381
118, 9, 661, 38.891, 7.66952
119, 9, 660, 39.6542, 7.73543
120, 9, 660, 39.5013, 7.80111
121, 9, 659, 39.2691, 7.86718
122, 9, 659, 38.8956, 7.93302
123, 9, 659, 38.7426, 7.99901
124, 9, 659, 38.6588, 8.06461
125, 9, 659, 38.4543, 8.13049
126, 9, 659, 38.3014, 8.19626
127, 9, 659, 38.2176, 8.26203
128, 9, 659, 38.1205, 8.32808
129, 9, 659, 37.747, 8.39527
130, 9, 658, 38.5102, 8.46152
131, 9, 657, 39.2733, 8.53
132, 9, 656, 40.2733, 8.61211
133, 9, 655, 41.0365, 8.67915
134, 9, 654, 41.7997, 8.74552
135, 9, 654, 41.4262, 8.81177
136, 9, 653, 42.1894, 8.87795
137, 9, 652, 42.9526, 8.94378
138, 9, 651, 43.7158, 9.01003
139, 9, 650, 44.479, 9.07639
140, 9, 649, 45.2422, 9.14244
141, 9, 648, 46.0054, 9.20903
142, 9, 647, 47.0054, 9.27535
143, 9, 646, 47.7686, 9.34164
144, 9, 646, 47.3536, 9.40827
145, 9, 646, 47.2006, 9.47467
146, 9, 646, 46.8271, 9.54105
147, 9, 645, 47.8271, 9.6074
148, 9, 645, 47.4536, 9.67381
149, 9, 645, 47.0385, 9.73999
150, 9, 645, 46.665, 9.80644
151, 9, 644, 47.4282, 9.8827
152, 9, 643, 48.1914, 9.94991
153, 9, 643, 47.8178, 10.0332
154, 9, 643, 47.6649, 10.101
155, 9, 643, 47.512, 10.1676
156, 9, 643, 47.027, 10.2363
157, 9, 642, 47.7902, 10.3029
158, 9, 641, 48.5534, 10.3696
159, 9, 640, 48.3212, 10.4364
160, 9, 639, 49.3212, 10.5031
161, 9, 639, 48.9062, 10.5699
162, 9, 638, 50.2543, 10.6381
163, 9, 637, 51.2543, 10.7041
164, 9, 637, 50.8393, 10.7704
165, 9, 636, 51.8393, 10.8369
166, 9, 635, 52.6025, 10.9032
167, 9, 634, 52.3703, 10.9697
168, 9, 634, 52.3288, 11.0361
169, 9, 634, 52.1589, 11.1037
170, 9, 633, 51.9267, 11.1702
171, 9, 632, 53.6314, 11.2368
172, 9, 631, 53.9842, 11.3035
173, 9, 631, 53.4992, 11.3707
174, 9, 630, 54.2624, 11.4373
175, 9, 630, 53.8889, 11.504
176, 9, 630, 53.7957, 11.5703
177, 9, 630, 53.7369, 11.6367
178, 9, 630, 53.6962, 11.7032
179, 9, 630, 53.1181, 11.7696
180, 9, 629, 52.8859, 11.8358
181, 9, 629, 52.6814, 11.9022
182, 9, 628, 53.6814, 11.9803
183, 9, 627, 54.4446, 12.0512
184, 9, 627, 54.0711, 12.1269
185, 9, 627, 53.9181, 12.1937
186, 9, 626, 54.9181, 12.2603
187, 9, 626, 54.5031, 12.3269
188, 9, 626, 54.3332, 12.3963
189, 9, 626, 54.2401, 12.4631
190, 9, 626, 54.0871, 12.5295
191, 9, 626, 53.9172, 12.596
192, 9, 626, 53.5437, 12.6624
193, 9, 626, 53.1701, 12.729
194, 9, 626, 52.7966, 12.7971
195, 9, 625, 53.7966, 12.8636
196, 9, 625, 53.6437, 12.9311
197, 9, 625, 53.4907, 12.9978
198, 9, 625, 53.1172, 13.0644
199, 9, 624, 53.8804, 13.1306
200, 9, 624, 53.7105, 13.2127
201, 9, 624, 53.6267, 13.2801
202, 9, 624, 53.2531, 13.3466
203, 9, 624, 53.1943, 13.4132
204, 9, 624, 53.1536, 13.4796
205, 9, 623, 53.9168, 13.5462
206, 9, 622, 54.68, 13.6145
207, 9, 622, 54.5271, 13.6815
208, 9, 622, 54.112, 13.7482
209, 9, 622, 53.7385, 13.8146
210, 9, 621, 54.5017, 13.8813
211, 9, 621, 54.1282, 13.9476
212, 9, 621, 54.0608, 14.0156
213, 9, 620, 54.2506, 14.0827
214, 9, 620, 53.7656, 14.1491
215, 9, 620, 53.6818, 14.2156
216, 9, 620, 53.598, 14.2821
217, 9, 619, 54.3612, 14.3487
218, 9, 618, 55.1244, 14.4156
219, 9, 618, 55.0406, 14.4821
220, 9, 618, 54.9301, 14.5484
221, 9, 617, 54.6979, 14.6261
222, 9, 617, 54.545, 14.6933
223, 9, 616, 55.3082, 14.7601
224, 9, 616, 55.2244, 14.8267
225, 9, 616, 54.8508, 14.8934
226, 9, 616, 54.3659, 14.9599
227, 9, 616, 53.9923, 15.0265
228, 9, 616, 53.9085, 15.0934
229, 9, 616, 53.8247, 15.1598
230, 9, 616, 53.7316, 15.2265
231, 9, 616, 53.6786, 15.3089
232, 9, 616, 53.5948, 15.377
233, 9, 616, 53.4419, 15.4438
234, 9, 616, 53.272, 15.5104
235, 9, 616, 53.1789, 15.5768
236, 9, 616, 53.1259, 15.6436
237, 9, 616, 52.7523, 15.7104
238, 9, 616, 52.7157, 15.7771
239, 9, 616, 52.5628, 15.8452
240, 9, 616, 52.5039, 15.9118
241, 9, 616, 52.4771, 15.9784
242, 9, 616, 52.4406, 16.0453
243, 9, 616, 52.2876, 16.1122
244, 9, 616, 52.2579, 16.1787
245, 9, 616, 52.1741, 16.2452
246, 9, 616, 52.0212, 16.3116
247, 9, 615, 52.7844, 16.3782
248, 9, 615, 52.3693, 16.4447
249, 9, 615, 51.9958, 16.5116
250, 9, 614, 51.7636, 16.5785
251, 9, 613, 53.1118, 16.6456
252, 9, 613, 52.9588, 16.7282
253, 9, 613, 52.7889, 16.797
254, 9, 613, 52.636, 16.8643
255, 9, 613, 52.3725, 16.9387
256, 9, 613, 52.168, 17.0071
257, 9, 612, 51.9358, 17.0766
258, 9, 611, 52.699, 17.1529
259, 9, 610, 53.4622, 17.22
260, 9, 610, 53.3111, 17.2869
261, 9, 609, 54.6592, 17.354
262, 9, 608, 55.4224, 17.4228
263, 9, 608, 55.2695, 17.4899
264, 9, 607, 56.0327, 17.5565
265, 9, 606, 56.7959, 17.6232
266, 9, 606, 56.6429, 17.69
267, 9, 606, 56.2694, 17.7568
268, 9, 606, 56.2397, 17.8232
269, 9, 606, 56.3738, 17.8901
270, 9, 605, 57.722, 17.9569
271, 9, 605, 57.3484, 18.0237
272, 9, 604, 58.1116, 18.0904
273, 9, 603, 59.1116, 18.1713
274, 9, 602, 59.8748, 18.2397
275, 9, 601, 60.638, 18.3067
276, 9, 601, 60.2645, 18.374
277, 9, 601, 59.891, 18.441
278, 9, 601, 59.738, 18.5081
279, 9, 601, 59.3645, 18.5861
280, 9, 600, 59.5275, 18.656
281, 9, 599, 60.8757, 18.7235
282, 9, 599, 60.7228, 18.7976
283, 9, 599, 60.5698, 18.8654
284, 9, 599, 60.3653, 18.9322
285, 9, 599, 59.9917, 18.9992
286, 9, 598, 59.7596, 19.0664
287, 9, 597, 61.1077, 19.1418
288, 9, 597, 60.6927, 19.2096
289, 9, 596, 60.4605, 19.2771
290, 9, 596, 60.3076, 19.3446
291, 9, 595, 60.5489, 19.412
292, 9, 595, 60.4651, 19.4792
293, 9, 595, 60.4121, 19.5467
294, 9, 595, 60.3283, 19.6139
295, 9, 595, 59.9548, 19.6992
296, 9, 595, 59.5812, 19.7689
297, 9, 595, 59.4707, 19.8364
298, 9, 595, 59.3869, 19.9037
299, 9, 595, 58.9719, 19.9711
300, 9, 595, 59.2869, 20.0382
301, 9, 595, 59.2031, 20.1056
302, 9, 595, 59.1804, 20.173
303, 9, 595, 58.6954, 20.2403
304, 9, 595, 58.6023, 20.3078
305, 9, 595, 58.4324, 20.3759
306, 9, 595, 57.8543, 20.4441
307, 9, 595, 57.8013, 20.5114
308, 9, 594, 57.9644, 20.5786
309, 9, 594, 57.897, 20.6608
310, 9, 594, 57.4121, 20.76
311, 9, 593, 58.4121, 20.8577
312, 9, 593, 57.997, 20.9288
313, 9, 593, 57.8271, 20.9964
314, 9, 593, 57.4536, 21.0642
315, 9, 593, 57.582, 21.133
316, 9, 593, 57.5641, 21.2007
317, 9, 593, 57.5496, 21.2679
318, 9, 593, 57.345, 21.3354
319, 9, 593, 57.2519, 21.4026
320, 9, 593, 57.193, 21.472
321, 9, 593, 56.9296, 21.5395
322, 9, 593, 56.7597, 21.6087
323, 9, 593, 56.3861, 21.6791
324, 9, 592, 56.5492, 21.7468
325, 9, 592, 56.4818, 21.8142
326, 9, 592, 56.4288, 21.8816
327, 9, 591, 57.4288, 21.9656
328, 9, 591, 57.3847, 22.0335
329, 9, 591, 57.3482, 22.1011
330, 9, 590, 57.5895, 22.1766
331, 9, 590, 57.385, 22.245
332, 9, 590, 57.232, 22.3124
333, 9, 590, 57.1215, 22.38
334, 9, 590, 56.748, 22.4474
335, 9, 590, 56.5951, 22.5147
336, 9, 590, 56.4573, 22.5821
337, 9, 590, 56.39, 22.6494
338, 9, 590, 56.2969, 22.7168
339, 9, 590, 56.2131, 22.7843
340, 9, 590, 56.1293, 22.8517
341, 9, 590, 56.1173, 22.9187
342, 9, 590, 56.0181, 23.005
343, 9, 590, 55.974, 23.0735
344, 9, 590, 55.921, 23.1411
345, 9, 590, 55.8537, 23.2087
346, 9, 590, 55.8121, 23.2763
347, 9, 589, 56.0535, 23.3439
348, 9, 589, 55.8489, 23.4114
349, 9, 589, 55.8187, 23.4784
350, 9, 589, 55.7983, 23.5461
351, 9, 589, 55.7756, 23.6132
352, 9, 589, 55.739, 23.6804
353, 9, 589, 55.7228, 23.7476
354, 9, 589, 55.664, 23.8151
355, 9, 589, 55.6372, 23.8828
356, 9, 589, 55.5965, 23.9506
357, 9, 588, 55.734, 24.0179
358, 9, 588, 55.3605, 24.0855
359, 9, 588, 54.987, 24.1533
360, 9, 587, 56.6917, 24.2223
361, 9, 587, 56.3181, 24.2901
362, 9, 587, 56.1652, 24.3575
363, 9, 587, 56.1122, 24.4248
364, 9, 587, 56.0017, 24.4925
365, 9, 587, 55.9651, 24.5603
366, 9, 587, 55.8978, 24.6277
367, 9, 587, 55.6932, 24.6949
368, 9, 587, 55.5403, 24.7622
369, 9, 586, 55.73, 24.8295
370, 9, 586, 55.2451, 24.8965
371, 9, 586, 54.8716, 24.964
372, 9, 586, 54.498, 25.0311
373, 9, 586, 54.1245, 25.0987
374, 9, 585, 54.8877, 25.166
375, 9, 584, 55.6509, 25.2337
376, 9, 584, 55.4979, 25.3152
377, 9, 584, 55.345, 25.3832
378, 9, 583, 55.6978, 25.4505
379, 9, 583, 55.3242, 25.5181
380, 9, 583, 54.9507, 25.5856
381, 9, 582, 54.7185, 25.669
382, 9, 582, 54.6347, 25.7377
383, 9, 582, 54.5509, 25.8054
384, 9, 582, 54.398, 25.8731
385, 9, 581, 54.1658, 25.9405
386, 9, 580, 53.9336, 26.0086
387, 9, 579, 54.6968, 26.0765
388, 9, 579, 54.2118, 26.1442
389, 9, 579, 53.8383, 26.2117
390, 9, 578, 54.0013, 26.2963
391, 9, 578, 54.1644, 26.3657
392, 9, 578, 54.0132, 26.4337
393, 9, 577, 54.7764, 26.5017
394, 9, 576, 55.5396, 26.5696
395, 9, 575, 56.3028, 26.639
396, 9, 574, 56.0706, 26.7074
397, 9, 573, 56.8338, 26.7757
398, 9, 572, 57.597, 26.8439
399, 9, 571, 58.3602, 26.9122
400, 9, 570, 59.1234, 26.9803
401, 9, 569, 59.8866, 27.0482
402, 9, 568, 60.8866, 27.1164
403, 9, 567, 61.6498, 27.1846
404, 9, 566, 62.413, 27.2531
405, 9, 565, 63.1762, 27.3234
406, 9, 564, 63.9394, 27.392
407, 9, 563, 64.7026, 27.4607
408, 9, 562, 65.4658, 27.5293
409, 9, 561, 66.229, 27.5977
410, 9, 560, 66.9922, 27.6662
411, 9, 559, 67.7554, 27.7346
412, 9, 559, 67.3819, 27.8032
413, 9, 559, 67.0083, 27.8726
414, 9, 558, 67.7715, 27.9415
415, 9, 557, 68.5347, 28.0102
416, 9, 557, 68.1612, 28.0787
417, 9, 556, 68.9244, 28.1486
418, 9, 555, 69.6876, 28.2172
419, 9, 555, 69.3141, 28.2858
420, 9, 555, 69.1611, 28.3541
421, 9, 554, 69.9243, 28.4226
422, 9, 553, 70.6875, 28.4915
423, 9, 552, 71.4507, 28.5604
424, 9, 551, 72.2139, 28.6485
425, 9, 550, 72.9771, 28.72
426, 9, 549, 73.7403, 28.7898
427, 9, 548, 74.5035, 28.8589
428, 9, 547, 75.5035, 28.928
429, 9, 547, 75.0885, 28.9972
430, 9, 546, 75.8517, 29.066
431, 9, 545, 76.6149, 29.1353
432, 9, 544, 76.3827, 29.2047
433, 9, 543, 77.3827, 29.2736
434, 9, 543, 76.9676, 29.345
435, 9, 543, 76.5941, 29.4142
436, 9, 543, 76.1791, 29.4833
437, 9, 542, 76.9423, 29.5523
438, 9, 542, 76.7723, 29.6213
439, 9, 542, 76.6194, 29.6904
440, 9, 541, 77.3826, 29.7597
441, 9, 540, 78.1458, 29.8289
442, 9, 540, 77.9759, 29.8982
443, 9, 540, 77.6023, 29.9676
444, 9, 539, 78.9505, 30.0369
445, 9, 539, 78.577, 30.109
446, 9, 538, 79.3402, 30.1789
447, 9, 537, 79.108, 30.2483
448, 9, 536, 79.8712, 30.3173
449, 9, 535, 80.6344, 30.387
450, 9, 534, 81.3976, 30.4567
451, 9, 533, 82.1607, 30.5262
452, 9, 532, 83.1607, 30.5958
453, 9, 532, 82.7457, 30.6652
454, 9, 531, 82.5135, 30.7347
455, 9, 530, 83.5135, 30.8043
456, 9, 529, 84.2767, 30.8736
457, 9, 528, 84.0445, 30.9432
458, 9, 527, 85.3927, 31.0125
459, 9, 526, 86.1559, 31.0822
460, 9, 525, 86.9191, 31.154
461, 9, 524, 87.6823, 31.224
462, 9, 523, 87.4501, 31.2938
463, 9, 522, 88.7982, 31.3638
464, 9, 521, 89.5614, 31.4341
465, 9, 520, 89.3292, 31.504
466, 9, 519, 90.6774, 31.574
467, 9, 518, 91.6774, 31.6441
468, 9, 517, 92.4406, 31.7141
469, 9, 517, 92.3568, 31.7842
470, 9, 517, 91.9833, 31.8539
471, 9, 517, 91.6097, 31.9447
472, 9, 517, 91.2362, 32.0176
473, 9, 516, 91.004, 32.0878
474, 9, 516, 90.8341, 32.1583
475, 9, 516, 90.4606, 32.2357
476, 9, 516, 90.087, 32.3066
477, 9, 516, 89.7135, 32.3794
478, 9, 516, 89.5606, 32.4602
479, 9, 515, 89.8019, 32.5305
480, 9, 514, 90.5651, 32.601
481, 9, 514, 90.1916, 32.6721
482, 9, 513, 91.1916, 32.7417
483, 9, 513, 90.818, 32.8117
484, 9, 513, 90.6651, 32.8815
485, 9, 513, 90.572, 32.9531
486, 9, 512, 91.3352, 33.0235
487, 9, 511, 92.0984, 33.105
488, 9, 511, 91.7248, 33.1754
489, 9, 511, 91.5719, 33.2452
490, 9, 511, 91.1984, 33.3151
491, 9, 510, 91.9616, 33.3847
492, 9, 509, 92.7248, 33.4642
493, 9, 509, 92.3512, 33.5348
494, 9, 508, 93.6994, 33.6051
495, 9, 507, 94.4626, 33.6756
496, 9, 506, 95.2258, 33.7462
497, 9, 505, 95.989, 33.817
498, 9, 504, 96.3418, 33.8876
499, 9, 504, 95.8568, 33.9579
500, 9, 503, 97.205, 34.0281
501, 9, 502, 97.5577, 34.0986
502, 9, 502, 97.0728, 34.1692
503, 9, 501, 97.836, 34.2404
504, 9, 500, 98.5992, 34.3114
505, 9, 500, 98.5462, 34.3836
506, 9, 500, 98.4931, 34.4544
507, 9, 500, 98.1196, 34.5249
508, 9, 499, 97.8874, 34.5955
509, 9, 498, 98.2402, 34.6663
510, 9, 498, 97.8667, 34.737
511, 9, 498, 97.7829, 34.8102
512, 9, 498, 97.7155, 34.8822
513, 9, 498, 97.6714, 34.9877
514, 9, 498, 97.5609, 35.0614
515, 9, 498, 97.4936, 35.1339
516, 9, 497, 98.2568, 35.2048
517, 9, 497, 97.8832, 35.2901
518, 9, 497, 97.7303, 35.3611
519, 9, 496, 97.9201, 35.4319
520, 9, 496, 97.5465, 35.5024
521, 9, 496, 97.4627, 35.5729
522, 9, 496, 97.3522, 35.6432
523, 9, 496, 97.3254, 35.7146
524, 9, 496, 97.2952, 35.7847
525, 9, 496, 97.1847, 35.8546
526, 9, 496, 97.1009, 35.925
527, 9, 496, 96.8964, 35.995
528, 9, 496, 96.8126, 36.065
529, 9, 496, 96.7452, 36.1363
530, 9, 496, 96.3717, 36.2064
531, 9, 496, 96.2612, 36.2764
532, 9, 496, 96.1083, 36.3461
533, 9, 496, 95.7347, 36.4158
534, 9, 495, 96.4979, 36.4855
535, 9, 495, 96.2934, 36.5569
536, 9, 494, 97.0566, 36.627
537, 9, 493, 97.8198, 36.699
538, 9, 493, 97.7668, 36.7705
539, 9, 493, 97.6139, 36.842
540, 9, 493, 97.4609, 36.9119
541, 9, 493, 97.0874, 36.982
542, 9, 493, 97.0036, 37.0531
543, 9, 493, 96.8507, 37.1246
544, 9, 493, 96.6977, 37.1944
545, 9, 492, 97.4609, 37.2643
546, 9, 492, 97.0874, 37.3343
547, 9, 492, 97.0036, 37.4052
548, 9, 491, 98.3518, 37.4758
549, 9, 490, 99.115, 37.5462
550, 9, 489, 99.3563, 37.6166
551, 9, 489, 98.9828, 37.6868
552, 9, 489, 98.6092, 37.7572
553, 9, 489, 98.5726, 37.8289
554, 9, 489, 98.1991, 37.9007
555, 9, 489, 98.0462, 37.9735
556, 9, 489, 97.9624, 38.0437
557, 9, 489, 97.9356, 38.1141
558, 9, 489, 97.5206, 38.1844
559, 9, 489, 97.4101, 38.2612
560, 9, 489, 97.3735, 38.332
561, 9, 489, 97.3294, 38.4021
562, 9, 489, 97.2189, 38.4726
563, 9, 489, 97.1887, 38.5443
564, 9, 489, 97.1786, 38.6266
565, 9, 489, 97.1701, 38.6999
566, 9, 489, 97.2634, 38.771
567, 9, 489, 97.1961, 38.8421
568, 9, 489, 97.0449, 38.913
569, 9, 489, 97.0181, 38.9861
570, 9, 489, 96.9211, 39.0571
571, 9, 489, 96.7681, 39.1275
572, 9, 489, 96.5982, 39.1978
573, 9, 489, 96.5051, 39.2701
574, 9, 489, 96.1316, 39.3402
575, 9, 489, 95.9786, 39.4206
576, 9, 489, 95.9256, 39.4911
577, 9, 489, 95.8418, 39.563
578, 9, 489, 95.7888, 39.6332
579, 9, 489, 95.7684, 39.7049
580, 9, 489, 95.7095, 39.7748
581, 9, 489, 95.6881, 39.845
582, 9, 489, 95.6768, 39.9167
583, 9, 489, 95.6589, 39.9865
584, 9, 489, 95.6444, 40.0566
585, 9, 489, 95.6038, 40.1302
586, 9, 489, 95.574, 40.2006
587, 9, 489, 95.5536, 40.271
588, 9, 489, 95.5238, 40.344
589, 9, 489, 95.5077, 40.4146
590, 9, 489, 95.3548, 40.4865
591, 9, 489, 95.271, 40.5565
592, 9, 489, 95.2344, 40.6422
593, 9, 489, 95.1506, 40.7143
594, 9, 489, 95.0668, 40.7866
595, 9, 489, 94.9139, 40.8583
596, 9, 489, 94.5403, 40.9309
597, 9, 488, 94.7817, 41.0031
598, 9, 487, 94.9714, 41.0737
599, 9, 487, 94.8609, 41.1439
600, 9, 487, 94.3759, 41.2157
601, 9, 487, 94.3086, 41.2859
602, 9, 487, 94.2784, 41.3564
603, 9, 487, 94.2418, 41.4265
604, 9, 487, 94.3344, 41.4984
605, 9, 487, 94.1299, 41.5687
606, 9, 486, 94.3712, 41.6405
607, 9, 486, 93.9977, 41.7107
608, 9, 485, 93.7655, 41.7812
609, 9, 485, 93.7214, 41.853
610, 9, 485, 93.6546, 41.9381
611, 9, 485, 93.5017, 42.0096
612, 9, 485, 93.4576, 42.0813
613, 9, 485, 93.4362, 42.1517
614, 9, 484, 93.626, 42.223
615, 9, 484, 93.5992, 42.3002
616, 9, 484, 93.5324, 42.3889
617, 9, 484, 93.4219, 42.4773
618, 9, 484, 93.3812, 42.5567
619, 9, 484, 93.3515, 42.628
620, 9, 484, 93.3288, 42.6984
621, 9, 484, 93.245, 42.7692
622, 9, 484, 93.092, 42.8401
623, 9, 484, 93.0766, 42.9106
624, 9, 484, 93.0177, 42.9815
625, 9, 484, 92.9973, 43.0523
626, 9, 484, 92.9443, 43.1233
627, 9, 484, 92.9369, 43.194
628, 9, 484, 92.8522, 43.2646
629, 9, 484, 92.8156, 43.335
630, 9, 484, 92.8092, 43.4053
631, 9, 484, 92.7651, 43.4758
632, 9, 484, 92.6983, 43.5472
633, 9, 484, 92.5878, 43.6181
634, 9, 484, 92.5205, 43.6887
635, 9, 484, 92.4531, 43.7594
636, 9, 484, 92.409, 43.83
637, 9, 484, 92.3886, 43.9005
638, 9, 484, 92.3404, 43.971
639, 9, 483, 92.4772, 44.0442
640, 9, 483, 92.5699, 44.1233
641, 9, 483, 92.5538, 44.1944
642, 9, 483, 92.4433, 44.2652
643, 9, 483, 92.2387, 44.336
644, 9, 483, 92.1456, 44.4066
645, 9, 483, 91.9927, 44.4771
646, 9, 482, 92.3454, 44.5477
647, 9, 482, 92.2924, 44.6184
648, 9, 482, 92.2251, 44.6892
649, 9, 482, 91.8516, 44.7598
650, 9, 481, 92.0413, 44.8305
651, 9, 481, 91.9824, 44.9011
652, 9, 481, 91.8295, 44.972
653, 9, 481, 91.8238, 45.0426
654, 9, 481, 91.7936, 45.1132
655, 9, 481, 91.7577, 45.1839
656, 9, 481, 91.8692, 45.2652
657, 9, 481, 91.8537, 45.3372
658, 9, 481, 91.8323, 45.4098
659, 9, 481, 91.7659, 45.4837
660, 9, 481, 91.7546, 45.5548
661, 9, 481, 91.7416, 45.6257
662, 9, 481, 91.7148, 45.6964
663, 9, 481, 91.7098, 45.7667
664, 9, 481, 91.7053, 45.8375
665, 9, 481, 91.6839, 45.9085
666, 9, 481, 91.6251, 45.9789
667, 9, 481, 91.5977, 46.05
668, 9, 481, 91.5129, 46.1207
669, 9, 481, 91.495, 46.1914
670, 9, 481, 91.442, 46.2631
671, 9, 481, 91.389, 46.3341
672, 9, 480, 92.7372, 46.4049
673, 9, 480, 92.7006, 46.4758
674, 9, 480, 92.2156, 46.5468
675, 9, 480, 92.1318, 46.6172
676, 9, 480, 92.0645, 46.6877
677, 9, 480, 91.9115, 46.7587
678, 9, 479, 92.1013, 46.8298
679, 9, 479, 92.071, 46.9003
680, 9, 479, 92.027, 46.971
681, 9, 479, 92.0065, 47.0435
682, 9, 479, 91.9584, 47.1146
683, 9, 479, 91.9316, 47.1857
684, 9, 479, 91.8478, 47.2568
685, 9, 479, 91.8264, 47.3276
686, 9, 479, 91.7734, 47.4048
687, 9, 479, 91.6763, 47.476
688, 9, 479, 91.5234, 47.547
689, 9, 479, 91.0384, 47.6182
690, 9, 478, 91.8016, 47.6895
691, 9, 477, 92.5648, 47.7613
692, 9, 476, 93.328, 47.8646
693, 9, 475, 94.328, 47.9389
694, 9, 474, 95.0912, 48.0108
695, 9, 473, 96.0912, 48.0821
696, 9, 473, 95.6762, 48.1532
697, 9, 473, 95.5063, 48.2243
698, 9, 472, 96.5063, 48.2963
699, 9, 472, 96.0912, 48.3675
700, 9, 472, 95.9981, 48.4385
701, 9, 471, 96.7613, 48.5099
702, 9, 470, 97.5245, 48.5936
703, 9, 469, 98.2877, 48.6662
704, 9, 468, 99.0509, 48.7377
705, 9, 467, 100.051, 48.8107
706, 9, 467, 99.6359, 48.8822
707, 9, 466, 100.399, 48.954
708, 9, 465, 101.162, 49.0249
709, 9, 464, 101.925, 49.0963
710, 9, 463, 102.689, 49.1676
711, 9, 462, 103.452, 49.2391
712, 9, 461, 104.215, 49.3105
713, 9, 460, 104.978, 49.3824
714, 9, 459, 105.978, 49.454
715, 9, 458, 106.741, 49.536
716, 9, 457, 107.505, 49.6086
717, 9, 456, 108.268, 49.6809
718, 9, 455, 109.031, 49.7531
719, 9, 454, 109.794, 49.8254
720, 9, 454, 109.624, 49.8974
721, 9, 454, 109.531, 49.9701
722, 9, 454, 109.158, 50.0421
723, 9, 453, 109.51, 50.1141
724, 9, 453, 109.137, 50.1858
725, 9, 453, 108.763, 50.2576
726, 9, 453, 108.61, 50.3292
727, 9, 452, 109.374, 50.401
728, 9, 451, 110.137, 50.473
729, 9, 450, 110.9, 50.5447
730, 9, 449, 110.668, 50.6165
731, 9, 448, 111.431, 50.6886
732, 9, 448, 111.057, 50.7604
733, 9, 447, 112.406, 50.8324
734, 9, 447, 112.032, 50.9042
735, 9, 447, 112.347, 50.9761
736, 9, 447, 111.769, 51.0479
737, 9, 447, 111.616, 51.1196
738, 9, 447, 111.243, 51.1914
739, 9, 447, 110.869, 51.263
740, 9, 447, 110.716, 51.3349
741, 9, 447, 110.343, 51.4231
742, 9, 446, 111.343, 51.4965
743, 9, 445, 112.106, 51.5695
744, 9, 445, 111.953, 51.6417
745, 9, 445, 111.538, 51.7142
746, 9, 445, 111.164, 51.7865
747, 9, 445, 111.105, 51.8581
748, 9, 445, 111.047, 51.9408
749, 9, 445, 110.894, 52.0133
750, 9, 445, 110.479, 52.0863
751, 9, 445, 110.105, 52.1587
752, 9, 445, 109.731, 52.2303
753, 9, 445, 109.247, 52.3039
754, 9, 444, 110.01, 52.3832
755, 9, 443, 110.773, 52.4572
756, 9, 442, 111.773, 52.5304
757, 9, 441, 112.536, 52.6034
758, 9, 441, 112.163, 52.6761
759, 9, 441, 111.748, 52.7489
760, 9, 441, 111.374, 52.8211
761, 9, 440, 112.137, 52.8939
762, 9, 439, 113.137, 52.967
763, 9, 438, 113.9, 53.0401
764, 9, 438, 113.527, 53.1128
765, 10, 437, 114.527, 53.1856
766, 10, 436, 115.29, 53.2592
767, 10, 435, 116.053, 53.3326
768, 10, 434, 115.821, 53.4058
769, 10, 433, 117.169, 53.4791
770, 10, 432, 117.932, 53.5518
771, 10, 431, 117.7, 53.6251
772, 10, 430, 118.7, 53.6979
773, 10, 430, 118.285, 53.7708
774, 10, 429, 119.048, 53.8439
775, 10, 428, 118.816, 53.9166
776, 10, 427, 119.579, 53.9894
777, 10, 426, 120.343, 54.0627
778, 10, 425, 121.106, 54.1554
779, 10, 425, 120.732, 54.2293
780, 10, 425, 120.359, 54.3034
781, 10, 424, 121.359, 54.3779
782, 10, 423, 122.122, 54.4504
783, 10, 422, 123.47, 54.5228
784, 10, 422, 123.097, 54.5952
785, 10, 421, 124.097, 54.6679
786, 10, 420, 125.097, 54.7403
787, 10, 420, 124.723, 54.8139
788, 10, 420, 124.349, 54.8975
789, 10, 419, 125.113, 54.9706
790, 10, 418, 125.876, 55.0428
791, 10, 417, 126.639, 55.117
792, 10, 417, 126.486, 55.1896
793, 10, 417, 126.113, 55.2727
794, 10, 416, 127.461, 55.3462
795, 10, 416, 127.087, 55.4194
796, 10, 415, 127.277, 55.4928
797, 10, 415, 126.903, 55.5665
798, 10, 415, 126.488, 55.6392
799, 10, 415, 126.073, 55.7117
800, 10, 415, 125.588, 55.784
801, 10, 415, 125.435, 55.8562
802, 10, 415, 125.283, 55.9295
803, 10, 415, 125.13, 56.0017
804, 10, 415, 124.96, 56.0745
805, 10, 415, 124.755, 56.1479
806, 10, 414, 125.518, 56.2203
807, 10, 413, 126.282, 56.2993
808, 10, 412, 126.049, 56.3728
809, 10, 412, 125.676, 56.4456
810, 10, 411, 126.439, 56.5183
811, 10, 411, 126.065, 56.591
812, 10, 411, 125.913, 56.6634
813, 10, 411, 125.76, 56.7359
814, 10, 411, 125.345, 56.8081
815, 10, 411, 124.971, 56.8805
816, 10, 411, 124.801, 56.9529
817, 10, 410, 124.991, 57.0256
818, 10, 410, 124.88, 57.0981
819, 10, 410, 124.71, 57.1707
820, 10, 410, 124.337, 57.2435
821, 10, 410, 124.184, 57.316
822, 10, 410, 124.031, 57.3889
823, 10, 409, 125.031, 57.4642
824, 10, 409, 124.616, 57.5493
825, 10, 409, 124.201, 57.6222
826, 10, 409, 124.031, 57.695
827, 10, 409, 123.947, 57.7683
828, 10, 409, 123.794, 57.8424
829, 10, 408, 124.036, 57.9153
830, 10, 408, 123.883, 57.9892
831, 10, 408, 123.73, 58.0629
832, 10, 408, 123.315, 58.1357
833, 10, 408, 123.145, 58.2101
834, 10, 408, 122.66, 58.2831
835, 10, 408, 122.507, 58.3558
836, 10, 408, 122.396, 58.4303
837, 10, 408, 122.023, 58.5036
838, 10, 408, 121.939, 58.5908
839, 10, 407, 122.939, 58.6665
840, 10, 406, 123.702, 58.7397
841, 10, 405, 124.465, 58.8138
842, 10, 405, 124.382, 58.8867
843, 10, 405, 124.177, 58.9597
844, 10, 405, 124.093, 59.0324
845, 10, 404, 124.335, 59.1053
846, 10, 404, 124.13, 59.1793
847, 10, 404, 123.977, 59.2538
848, 10, 404, 123.824, 59.3272
849, 10, 404, 123.74, 59.4
850, 10, 404, 123.673, 59.4737
851, 10, 404, 123.52, 59.547
852, 10, 403, 124.283, 59.6207
853, 10, 403, 123.91, 59.695
854, 10, 403, 123.866, 59.7682
855, 10, 403, 123.813, 59.8408
856, 10, 403, 123.702, 59.9138
857, 10, 403, 123.649, 59.9866
858, 10, 403, 123.539, 60.07
859, 10, 403, 123.369, 60.1447
860, 10, 403, 123.285, 60.2174
861, 10, 403, 122.912, 60.2904
862, 10, 403, 122.538, 60.3634
863, 10, 403, 122.385, 60.4361
864, 10, 403, 122.292, 60.5097
865, 10, 403, 122.208, 60.5832
866, 10, 403, 122.124, 60.6567
867, 10, 403, 121.751, 60.7304
868, 10, 403, 121.873, 60.8042
869, 10, 403, 121.776, 60.8778
870, 10, 403, 121.717, 60.9515
871, 10, 403, 121.677, 61.0242
872, 10, 403, 121.647, 61.1213
873, 10, 403, 121.594, 61.1965
874, 10, 403, 121.424, 61.2703
875, 10, 403, 121.271, 61.343
876, 10, 403, 120.897, 61.4169
877, 10, 402, 121.661, 61.4907
878, 10, 401, 122.424, 61.5639
879, 10, 401, 122.05, 61.6367
880, 10, 400, 122.813, 61.7107
881, 10, 400, 122.44, 61.785
882, 10, 400, 122.287, 61.8574
883, 10, 399, 122.477, 61.9422
884, 10, 399, 121.992, 62.0173
885, 10, 398, 122.755, 62.0907
886, 10, 398, 122.602, 62.1635
887, 10, 397, 123.602, 62.2364
888, 10, 397, 123.518, 62.3102
889, 10, 397, 123.348, 62.3828
890, 10, 397, 123.281, 62.4624
891, 10, 397, 123.197, 62.5371
892, 10, 397, 123.087, 62.6106
893, 10, 397, 122.976, 62.6836
894, 10, 397, 122.892, 62.7569
895, 10, 397, 122.722, 62.8298
896, 10, 397, 122.629, 62.9028
897, 10, 397, 122.562, 62.9763
898, 10, 397, 122.509, 63.053
899, 10, 397, 122.425, 63.1265
900, 10, 397, 122.381, 63.1994
901, 10, 396, 123.144, 63.2728
902, 10, 396, 122.771, 63.3456
903, 10, 395, 122.961, 63.4189
904, 10, 395, 122.545, 63.492
905, 10, 395, 122.172, 63.565
906, 10, 394, 122.335, 63.638
907, 10, 394, 122.268, 63.7113
908, 10, 394, 122.231, 63.7945
909, 11, 394, 121.816, 63.8685
910, 11, 394, 121.763, 63.9586
911, 11, 394, 121.653, 64.0334
912, 11, 394, 121.559, 64.1078
913, 11, 394, 121.406, 64.182
914, 11, 394, 121.237, 64.2563
915, 11, 394, 120.863, 64.3302
916, 12, 394, 120.693, 64.4082
917, 12, 394, 120.815, 64.4818
918, 13, 394, 120.722, 64.5553
919, 13, 394, 120.349, 64.6284
920, 13, 394, 120.322, 64.7019
921, 13, 394, 120.285, 64.7754
922, 13, 394, 120.133, 64.8484
923, 13, 394, 120.106, 64.9222
924, 13, 394, 120.022, 64.9952
925, 13, 394, 119.925, 65.0684
926, 13, 394, 119.872, 65.1415
927, 13, 394, 119.498, 65.2146
928, 13, 394, 119.345, 65.3106
929, 13, 394, 119.305, 65.3845
930, 13, 394, 119.221, 65.4578
931, 13, 394, 119.168, 65.5314
932, 13, 394, 119.101, 65.6044
933, 13, 394, 119.065, 65.6776
934, 13, 394, 118.912, 65.7507
935, 13, 394, 118.538, 65.824
936, 13, 393, 119.301, 65.8976
937, 13, 393, 119.148, 65.971
938, 13, 393, 119.065, 66.0468
939, 13, 393, 118.912, 66.1359
940, 13, 393, 118.538, 66.2105
941, 13, 392, 119.301, 66.2837
942, 13, 392, 118.928, 66.3568
943, 13, 392, 118.875, 66.4297
944, 13, 392, 118.807, 66.5035
945, 13, 392, 118.749, 66.5768
946, 13, 392, 118.708, 66.6505
947, 13, 392, 118.678, 66.7241
948, 13, 392, 118.625, 66.8123
949, 13, 392, 118.532, 66.8879
950, 13, 392, 118.625, 66.9613
951, 13, 392, 118.566, 67.0348
952, 13, 392, 118.536, 67.1089
953, 13, 392, 118.162, 67.1827
954, 13, 392, 117.958, 67.2565
955, 13, 392, 117.805, 67.3301
956, 13, 392, 117.768, 67.404
957, 13, 392, 117.745, 67.4777
958, 13, 392, 117.701, 67.5517
959, 13, 392, 117.642, 67.6258
960, 13, 392, 117.616, 67.6989
961, 13, 392, 117.598, 67.7761
962, 13, 392, 117.504, 67.8504
963, 13, 392, 117.468, 67.9238
964, 13, 392, 117.401, 67.997
965, 13, 391, 117.542, 68.0709
966, 13, 391, 117.512, 68.1442
967, 13, 391, 117.491, 68.2283
968, 13, 391, 117.407, 68.3028
969, 13, 391, 117.366, 68.3765
970, 13, 391, 117.282, 68.4512
971, 13, 391, 117.229, 68.5252
972, 13, 391, 117.209, 68.6114
973, 13, 391, 117.172, 68.6859
974, 13, 391, 117.156, 68.7596
975, 13, 391, 117.089, 68.8332
976, 13, 391, 117.059, 68.9071
977, 13, 391, 116.949, 68.9802
978, 13, 391, 116.896, 69.0543
979, 13, 391, 116.88, 69.1275
980, 13, 391, 116.844, 69.2012
981, 13, 391, 116.803, 69.2855
982, 13, 391, 116.773, 69.3589
983, 13, 391, 116.751, 69.4324
984, 13, 391, 116.739, 69.5058
985, 13, 391, 116.686, 69.579
986, 13, 391, 116.633, 69.6522
987, 13, 391, 116.607, 69.7253
988, 13, 391, 116.593, 69.7986
989, 13, 391, 116.441, 69.8717
990, 13, 391, 116.347, 69.9448
991, 13, 390, 117.696, 70.0185
992, 13, 390, 117.675, 70.0917
993, 13, 390, 117.608, 70.1648
994, 13, 390, 117.235, 70.2377
995, 13, 390, 117.082, 70.3106
996, 13, 390, 116.989, 70.3857
997, 13, 390, 116.968, 70.4588
998, 13, 390, 116.92, 70.5333
999, 13, 390, 116.657, 70.6066
1000, 13, 389, 117.42, 70.6798
1001, 13, 389, 117.046, 70.7529
1002, 13, 389, 116.893, 70.8257
1003, 13, 389, 116.857, 70.8991
1004, 13, 389, 116.809, 70.9721
1005, 13, 389, 116.794, 71.0452
1006, 13, 389, 116.773, 71.1185
1007, 13, 389, 116.755, 71.1915
1008, 13, 389, 116.747, 71.2649
1009, 13, 389, 116.594, 71.3379
1010, 13, 389, 116.51, 71.4112
1011, 13, 389, 116.095, 71.4839
1012, 13, 388, 116.448, 71.5575
1013, 13, 388, 115.963, 71.6304
1014, 13, 388, 115.589, 71.7085
1015, 13, 388, 115.505, 71.7826
1016, 13, 388, 115.452, 71.8556
1017, 13, 388, 115.079, 71.9403
1018, 13, 388, 114.705, 72.0142
1019, 13, 388, 114.622, 72.0877
1020, 13, 388, 114.538, 72.1608
1021, 13, 387, 114.779, 72.2337
1022, 13, 387, 114.575, 72.307
1023, 13, 387, 114.564, 72.3809
1024, 13, 387, 114.548, 72.4548
1025, 13, 387, 114.512, 72.5417
1026, 13, 387, 114.475, 72.6162
1027, 13, 387, 114.382, 72.6913
1028, 13, 387, 114.229, 72.7649
1029, 13, 387, 114.193, 72.8384
1030, 13, 387, 114.144, 72.9115
1031, 13, 387, 114.122, 72.9845
1032, 13, 387, 114.095, 73.0579
1033, 13, 387, 114.011, 73.1317
1034, 13, 387, 113.958, 73.2051
1035, 13, 387, 113.905, 73.2782
1036, 13, 386, 114.146, 73.3517
1037, 13, 386, 113.942, 73.4256
1038, 13, 386, 113.858, 73.4993
1039, 13, 386, 113.654, 73.5725
1040, 13, 386, 113.501, 73.6467
1041, 13, 386, 113.417, 73.7868
1042, 13, 386, 113.333, 73.8671
1043, 13, 386, 113.18, 73.9412
1044, 13, 386, 113.127, 74.0147
1045, 13, 386, 112.957, 74.088
1046, 13, 386, 112.847, 74.1617
1047, 13, 385, 113.847, 74.2371
1048, 13, 385, 113.794, 74.3107
1049, 13, 385, 113.767, 74.3839
1050, 13, 385, 113.761, 74.4573
1051, 13, 385, 113.608, 74.5307
1052, 13, 385, 113.524, 74.6042
1053, 13, 385, 113.44, 74.6775
1054, 13, 385, 113.396, 74.7507
1055, 13, 385, 113.38, 74.8244
1056, 13, 385, 113.327, 74.8979
1057, 13, 385, 113.314, 74.971
1058, 13, 385, 113.287, 75.0445
1059, 13, 385, 113.26, 75.1266
1060, 13, 385, 113.176, 75.2007
1061, 13, 385, 113.025, 75.2913
1062, 13, 384, 113.788, 75.3657
1063, 13, 383, 113.978, 75.4397
1064, 13, 383, 113.867, 75.513
1065, 13, 383, 113.831, 75.5865
1066, 13, 383, 113.738, 75.6779
1067, 13, 383, 113.717, 75.7539
1068, 13, 383, 113.713, 75.8276
1069, 13, 383, 113.629, 75.9013
1070, 14, 383, 113.57, 75.9829
1071, 14, 383, 113.561, 76.0569
1072, 14, 383, 113.477, 76.1305
1073, 14, 383, 113.418, 76.2056
1074, 14, 383, 113.388, 76.2811
1075, 14, 383, 113.304, 76.3551
1076, 14, 383, 113.245, 76.4285
1077, 14, 383, 113.093, 76.5015
1078, 14, 383, 112.94, 76.5753
1079, 14, 382, 113.103, 76.649
1080, 14, 382, 113.067, 76.7257
1081, 14, 382, 113.046, 76.7996
1082, 14, 381, 113.236, 76.8731
1083, 14, 381, 113.143, 76.9466
1084, 14, 381, 113.106, 77.0205
1085, 14, 381, 112.733, 77.0938
1086, 14, 380, 112.882, 77.1675
1087, 14, 380, 112.837, 77.2419
1088, 14, 380, 112.801, 77.3156
1089, 14, 380, 112.964, 77.3895
1090, 14, 380, 112.813, 77.463
1091, 14, 380, 112.795, 77.5387
1092, 14, 380, 112.78, 77.6129
1093, 14, 380, 112.744, 77.7037
1094, 14, 379, 113.507, 77.7786
1095, 14, 379, 113.44, 77.8528
1096, 14, 379, 113.287, 77.9266
1097, 14, 379, 113.26, 78
1098, 14, 379, 113.055, 78.0732
1099, 14, 379, 112.996, 78.147
1100, 14, 379, 112.623, 78.2203
1101, 14, 379, 112.249, 78.2939
1102, 14, 379, 111.876, 78.3675
1103, 14, 379, 111.848, 78.441
1104, 14, 379, 111.644, 78.5152
1105, 14, 379, 111.591, 78.5995
1106, 14, 379, 111.579, 78.6761
1107, 14, 379, 111.552, 78.7503
1108, 14, 379, 111.485, 78.8243
1109, 14, 379, 111.401, 78.8982
1110, 14, 378, 111.564, 78.9723
1111, 14, 378, 111.191, 79.0464
1112, 14, 378, 111.038, 79.1208
1113, 14, 378, 111.016, 79.1948
1114, 14, 378, 111.006, 79.2684
1115, 14, 378, 110.998, 79.3437
1116, 14, 378, 110.887, 79.4175
1117, 14, 378, 110.847, 79.4914
1118, 14, 378, 110.817, 79.5655
1119, 14, 378, 110.443, 79.6391
1120, 14, 377, 110.685, 79.7131
1121, 14, 377, 110.632, 79.7866
1122, 14, 377, 110.479, 79.8605
1123, 14, 377, 110.426, 79.9345
1124, 14, 377, 110.011, 80.0173
1125, 14, 376, 110.159, 80.0918
1126, 14, 376, 110.115, 80.1656
1127, 14, 376, 110.075, 80.2399
1128, 14, 376, 109.922, 80.3139
1129, 14, 376, 109.869, 80.3992
1130, 14, 376, 109.848, 80.4732
1131, 14, 375, 110.038, 80.5476
1132, 14, 375, 109.994, 80.6216
1133, 14, 375, 109.957, 80.6957
1134, 14, 375, 109.847, 80.7696
1135, 14, 375, 109.763, 80.8438
1136, 14, 375, 109.696, 80.9187
1137, 14, 375, 109.643, 80.9932
1138, 14, 375, 109.626, 81.067
1139, 14, 375, 109.558, 81.141
1140, 14, 375, 109.522, 81.2149
1141, 14, 375, 109.478, 81.2889
1142, 14, 375, 109.325, 81.3626
1143, 14, 375, 109.241, 81.4375
1144, 14, 375, 109.218, 81.5118
1145, 14, 375, 109.192, 81.5858
1146, 14, 375, 109.184, 81.6755
1147, 14, 375, 109.178, 81.7502
1148, 14, 375, 109.147, 81.8243
1149, 14, 375, 109.127, 81.9245
1150, 14, 375, 109.107, 82.0009
1151, 14, 375, 109.076, 82.0763
1152, 14, 375, 109.023, 82.151
1153, 14, 375, 109.005, 82.2247
1154, 14, 375, 108.976, 82.299
1155, 14, 375, 108.953, 82.3733
1156, 14, 375, 108.938, 82.448
1157, 14, 375, 108.927, 82.5225
1158, 14, 375, 108.916, 82.612
1159, 14, 375, 108.899, 82.687
1160, 14, 375, 108.815, 82.7615
1161, 14, 375, 108.788, 82.8419
1162, 14, 375, 108.767, 82.916
1163, 14, 375, 108.746, 82.9901
1164, 14, 375, 108.731, 83.0641
1165, 14, 375, 108.694, 83.1376
1166, 14, 375, 108.678, 83.2114
1167, 14, 375, 108.662, 83.2854
1168, 14, 375, 108.618, 83.3607
1169, 14, 375, 108.465, 83.4343
1170, 14, 375, 108.438, 83.5084
1171, 14, 375, 108.402, 83.5822
1172, 14, 375, 108.39, 83.6562
1173, 14, 375, 108.186, 83.7302
1174, 14, 375, 108.102, 83.8042
1175, 14, 375, 108.075, 83.8781
1176, 14, 375, 108.034, 83.9521
1177, 14, 375, 108.005, 84.0262
1178, 14, 375, 107.982, 84.0997
1179, 14, 375, 107.952, 84.174
1180, 14, 375, 107.893, 84.2485
1181, 14, 375, 107.852, 84.3227
1182, 14, 375, 107.823, 84.3967
1183, 14, 375, 107.8, 84.4707
1184, 14, 374, 107.963, 84.5447
1185, 14, 373, 108.126, 84.6188
1186, 14, 373, 108.108, 84.6924
1187, 14, 373, 108.041, 84.7665
1188, 14, 373, 107.871, 84.8406
1189, 14, 373, 107.849, 84.9144
1190, 14, 373, 107.835, 84.9883
1191, 14, 373, 107.791, 85.0627
1192, 14, 373, 108.106, 85.1368
1193, 14, 373, 108.09, 85.2107
1194, 14, 373, 108.16, 85.301
1195, 14, 373, 108.093, 85.3757
1196, 14, 373, 108.075, 85.4496
1197, 14, 373, 108.06, 85.5235
1198, 14, 373, 107.977, 85.5977
1199, 14, 373, 107.866, 85.6733
1200, 14, 373, 107.813, 85.7491
1201, 14, 372, 107.95, 85.8237
1202, 14, 372, 107.839, 85.8977
1203, 14, 372, 107.832, 85.9717
1204, 14, 372, 107.739, 86.0464
1205, 14, 372, 107.726, 86.1208
1206, 14, 372, 107.689, 86.1954
1207, 14, 372, 107.645, 86.2848
1208, 14, 372, 107.624, 86.3609
1209, 14, 372, 107.575, 86.4354
1210, 14, 372, 107.601, 86.51
1211, 14, 372, 107.508, 86.5847
1212, 14, 372, 107.449, 86.6737
1213, 14, 372, 107.408, 86.7496
1214, 14, 372, 107.387, 86.8246
1215, 14, 372, 107.376, 86.8992
1216, 14, 372, 107.349, 86.9734
1217, 14, 372, 107.314, 87.0478
1218, 14, 372, 107.577, 87.1225
1219, 14, 372, 107.547, 87.197
1220, 14, 372, 107.53, 87.2719
1221, 14, 372, 107.518, 87.346
1222, 14, 372, 107.509, 87.4208
1223, 15, 372, 107.469, 87.4955
1224, 15, 372, 107.462, 87.5699
1225, 15, 372, 107.409, 87.6465
1226, 15, 372, 107.368, 87.7214
1227, 15, 372, 107.346, 87.7979
1228, 15, 372, 107.332, 87.873
1229, 15, 372, 107.305, 87.9482
1230, 15, 372, 106.668, 88.0229
1231, 15, 372, 106.761, 88.0981
1232, 15, 372, 106.702, 88.1732
1233, 15, 372, 106.661, 88.2479
1234, 15, 372, 106.631, 88.3282
1235, 15, 372, 106.609, 88.4045
1236, 15, 372, 106.591, 88.4801
1237, 15, 372, 106.576, 88.5549
1238, 15, 372, 106.565, 88.6477
1239, 16, 372, 106.536, 88.7236
1240, 16, 372, 106.514, 88.7987
1241, 16, 372, 106.417, 88.8738
1242, 16, 372, 106.333, 88.9488
1243, 16, 372, 106.297, 89.024
1244, 16, 372, 106.229, 89.0993
1245, 16, 372, 106.176, 89.174
1246, 16, 372, 106.156, 89.2489
1247, 16, 372, 106.126, 89.3253
1248, 16, 372, 106.073, 89.4025
1249, 16, 372, 105.903, 89.4781
1250, 16, 372, 105.876, 89.5533
1251, 16, 372, 105.868, 89.6296
1252, 16, 372, 105.854, 89.7047
1253, 16, 371, 105.992, 89.7881
1254, 16, 371, 105.981, 89.8877
1255, 16, 371, 106.051, 89.9638
1256, 16, 371, 106.002, 90.0396
1257, 16, 371, 105.958, 90.1143
1258, 16, 371, 105.922, 90.1894
1259, 16, 371, 105.854, 90.2647
1260, 17, 371, 105.832, 90.3402
1261, 17, 371, 105.815, 90.4156
1262, 17, 371, 105.794, 90.4915
1263, 17, 371, 105.832, 90.567
1264, 17, 371, 105.795, 90.6425
1265, 17, 371, 105.779, 90.7298
1266, 17, 371, 105.752, 90.8187
1267, 17, 371, 105.686, 90.8944
1268, 17, 371, 105.659, 90.9696
1269, 17, 371, 105.615, 91.0446
1270, 18, 371, 105.597, 91.1207
1271, 18, 371, 105.581, 91.1959
1272, 18, 371, 105.559, 91.2707
1273, 18, 371, 105.523, 91.346
1274, 18, 371, 105.502, 91.4216
1275, 18, 371, 105.488, 91.4979
1276, 18, 370, 105.651, 91.5734
1277, 18, 370, 105.639, 91.649
1278, 18, 370, 105.628, 91.7242
1279, 18, 370, 105.623, 91.7992
1280, 18, 370, 105.618, 91.8743
1281, 18, 370, 105.609, 91.9642
1282, 18, 370, 105.573, 92.04
1283, 18, 370, 105.543, 92.1155
1284, 18, 370, 105.39, 92.1905
1285, 18, 370, 105.306, 92.2655
1286, 18, 370, 105.209, 92.3407
1287, 18, 370, 105.188, 92.4159
1288, 18, 370, 105.121, 92.4915
1289, 18, 370, 105.104, 92.5667
1290, 18, 370, 105.097, 92.6419
1291, 18, 370, 105.053, 92.7186
1292, 18, 370, 104.986, 92.7975
1293, 18, 370, 104.965, 92.8928
1294, 18, 370, 104.95, 92.9842
1295, 18, 370, 104.922, 93.0676
1296, 18, 370, 104.901, 93.1608
1297, 18, 370, 104.874, 93.2397
1298, 18, 370, 104.807, 93.3152
1299, 18, 370, 104.654, 93.3909
1300, 18, 370, 104.627, 93.4664
1301, 18, 370, 104.568, 93.5415
1302, 18, 370, 104.528, 93.6164
1303, 18, 370, 104.498, 93.6915
1304, 18, 370, 104.431, 93.7672
1305, 18, 370, 104.416, 93.8437
1306, 18, 370, 104.406, 93.9183
1307, 18, 370, 104.397, 93.9936
1308, 18, 370, 104.392, 94.0683
1309, 18, 370, 104.381, 94.154
1310, 18, 370, 104.351, 94.2314
1311, 18, 370, 104.257, 94.3065
1312, 18, 370, 104.213, 94.3823
1313, 18, 370, 104.197, 94.4574
1314, 18, 370, 104.149, 94.5322
1315, 18, 370, 104.065, 94.607
1316, 18, 370, 104.05, 94.6818
1317, 18, 370, 103.997, 94.7564
1318, 18, 370, 103.944, 94.8311
1319, 18, 370, 103.923, 94.9062
1320, 18, 370, 103.879, 94.9809
1321, 18, 370, 103.826, 95.0554
1322, 18, 370, 103.815, 95.1334
1323, 18, 370, 103.762, 95.2085
1324, 18, 370, 103.735, 95.3035
1325, 18, 370, 103.714, 95.3792
1326, 18, 370, 103.694, 95.4546
1327, 18, 370, 103.677, 95.53
1328, 18, 370, 103.661, 95.6051
1329, 18, 370, 103.647, 95.6804
1330, 18, 369, 103.81, 95.7638
1331, 18, 369, 103.797, 95.8403
1332, 18, 369, 103.786, 95.9156
1333, 18, 369, 103.909, 95.9909
1334, 18, 369, 103.898, 96.0658
1335, 18, 369, 103.831, 96.1417
1336, 18, 369, 103.819, 96.2172
1337, 18, 369, 103.912, 96.2917
1338, 18, 369, 103.845, 96.3665
1339, 18, 369, 103.809, 96.4412
1340, 18, 369, 103.773, 96.5159
1341, 18, 369, 103.746, 96.5911
1342, 18, 369, 103.725, 96.6658
1343, 18, 369, 103.713, 96.7405
1344, 18, 369, 103.698, 96.8151
1345, 18, 369, 103.662, 96.89
1346, 18, 369, 103.632, 96.9652
1347, 18, 369, 103.616, 97.0398
1348, 18, 369, 103.605, 97.1147
1349, 18, 369, 103.601, 97.1898
1350, 18, 369, 103.581, 97.265
1351, 18, 369, 103.554, 97.3402
1352, 18, 369, 103.495, 97.4153
1353, 18, 369, 103.486, 97.4904
1354, 18, 369, 103.376, 97.5667
1355, 18, 369, 103.36, 97.6418
1356, 18, 369, 103.292, 97.7167
1357, 18, 369, 103.263, 97.7925
1358, 18, 369, 103.232, 97.8675
1359, 18, 369, 103.202, 97.9418
1360, 18, 369, 103.18, 98.016
1361, 18, 369, 103.096, 98.0906
1362, 18, 369, 103.075, 98.1651
1363, 18, 369, 103.048, 98.2425
1364, 18, 369, 103.032, 98.3236
1365, 18, 369, 103.019, 98.3994
1366, 18, 369, 103.004, 98.474
1367, 18, 369, 102.983, 98.5484
1368, 18, 369, 102.977, 98.641
1369, 18, 369, 102.965, 98.7175
1370, 18, 369, 102.963, 98.7958
1371, 18, 369, 102.926, 98.8726
1372, 18, 369, 102.91, 98.952
1373, 18, 369, 102.88, 99.0267
1374, 18, 369, 102.867, 99.1014
1375, 18, 369, 102.851, 99.1761
1376, 18, 369, 102.838, 99.2506
1377, 18, 369, 102.825, 99.3254
1378, 18, 369, 102.814, 99.4092
1379, 18, 369, 102.793, 99.5054
1380, 19, 369, 102.779, 99.5904
1381, 20, 369, 102.767, 99.6669
1382, 20, 369, 102.761, 99.7421
1383, 20, 369, 102.724, 99.8163
1384, 20, 369, 102.42, 99.8906
1385, 20, 369, 102.353, 99.9649
1386, 20, 369, 102.331, 100.041
1387, 20, 369, 102.318, 100.115
1388, 20, 369, 102.277, 100.189
1389, 20, 369, 102.267, 100.263
1390, 20, 369, 102.237, 100.338
1391, 20, 369, 102.214, 100.412
1392, 20, 369, 102.193, 100.487
1393, 20, 369, 102.286, 100.561
1394, 20, 369, 102.275, 100.635
1395, 20, 369, 102.312, 100.71
1396, 20, 369, 102.285, 100.786
1397, 20, 369, 102.248, 100.883
1398, 20, 369, 102.239, 100.959
1399, 20, 369, 102.229, 101.034
1400, 20, 369, 102.217, 101.109
1401, 20, 369, 102.19, 101.184
1402, 20, 369, 102.18, 101.258
1403, 20, 369, 102.171, 101.341
1404, 20, 369, 102.164, 101.416
1405, 20, 369, 102.15, 101.493
1406, 20, 369, 102.142, 101.568
1407, 20, 369, 102.133, 101.642
1408, 20, 369, 102.125, 101.718
1409, 20, 369, 102.098, 101.792
1410, 20, 369, 102.071, 101.867
1411, 20, 369, 102.035, 101.959
1412, 20, 369, 101.998, 102.034
1413, 20, 369, 101.828, 102.109
1414, 20, 369, 101.792, 102.185
1415, 20, 369, 101.765, 102.26
1416, 20, 369, 101.681, 102.335
1417, 20, 368, 101.819, 102.41
1418, 20, 368, 101.708, 102.484
1419, 20, 368, 101.687, 102.559
1420, 20, 368, 101.634, 102.635
1421, 20, 368, 101.621, 102.711
1422, 20, 368, 101.603, 102.786
1423, 20, 368, 101.588, 102.861
1424, 20, 368, 101.567, 102.935
1425, 20, 368, 101.514, 103.01
1426, 20, 368, 101.447, 103.084
1427, 20, 368, 101.431, 103.159
1428, 20, 368, 101.416, 103.234
1429, 20, 368, 101.379, 103.308
1430, 20, 367, 101.147, 103.383
1431, 20, 366, 102.147, 103.459
1432, 20, 366, 102.126, 103.534
1433, 20, 366, 102.095, 103.608
1434, 20, 366, 102.051, 103.683
1435, 20, 366, 102.04, 103.758
1436, 20, 366, 102.029, 103.833
1437, 20, 366, 102.013, 103.908
1438, 20, 366, 102.008, 103.985
1439, 20, 366, 101.995, 104.06
1440, 20, 366, 101.973, 104.135
1441, 20, 366, 101.907, 104.21
1442, 20, 366, 101.886, 104.284
1443, 20, 366, 101.838, 104.36
1444, 20, 366, 101.822, 104.447
1445, 20, 366, 101.795, 104.525
1446, 20, 366, 101.747, 104.599
1447, 20, 366, 101.729, 104.674
1448, 20, 366, 101.714, 104.749
1449, 20, 366, 101.694, 104.825
1450, 20, 366, 101.682, 104.9
1451, 20, 366, 101.655, 104.979
1452, 20, 366, 101.644, 105.055
1453, 20, 366, 101.623, 105.13
1454, 20, 366, 101.442, 105.205
1455, 20, 366, 101.432, 105.29
1456, 20, 366, 101.412, 105.366
1457, 20, 366, 101.403, 105.441
1458, 20, 366, 101.396, 105.516
1459, 20, 366, 101.389, 105.593
1460, 21, 366, 101.379, 105.668
1461, 22, 366, 101.37, 105.743
1462, 22, 366, 101.405, 105.819
1463, 22, 366, 101.388, 105.894
1464, 22, 366, 101.382, 105.968
1465, 22, 366, 101.375, 106.042
1466, 22, 366, 101.366, 106.12
1467, 22, 366, 101.358, 106.194
1468, 22, 366, 101.345, 106.269
1469, 22, 366, 101.339, 106.36
1470, 22, 366, 101.333, 106.436
1471, 22, 366, 101.325, 106.511
1472, 22, 366, 101.319, 106.585
1473, 22, 366, 101.306, 106.659
1474, 22, 366, 101.301, 106.734
1475, 22, 366, 101.29, 106.808
1476, 22, 366, 101.286, 106.883
1477, 22, 366, 101.283, 106.957
1478, 22, 366, 101.28, 107.031
1479, 22, 366, 101.232, 107.107
1480, 22, 366, 101.21, 107.182
1481, 22, 366, 101.199, 107.257
1482, 22, 366, 101.188, 107.331
1483, 22, 366, 101.161, 107.406
1484, 22, 366, 100.746, 107.481
1485, 22, 366, 100.816, 107.556
1486, 22, 366, 100.646, 107.63
1487, 22, 366, 100.631, 107.719
1488, 22, 366, 100.61, 107.794
1489, 22, 366, 100.598, 107.869
1490, 22, 366, 100.576, 107.943
1491, 22, 366, 100.56, 108.018
1492, 22, 366, 100.467, 108.094
1493, 22, 366, 100.419, 108.169
1494, 22, 366, 100.326, 108.243
1495, 22, 366, 100.299, 108.318
1496, 22, 366, 100.202, 108.393
1497, 22, 366, 100.154, 108.467
1498, 22, 366, 100.15, 108.542
1499, 22, 366, 100.148, 108.63
1500, 22, 366, 100.112, 108.705
1501, 22, 366, 100.097, 108.781
1502, 22, 366, 100.092, 108.855
1503, 22, 366, 100.076, 108.929
1504, 22, 366, 100.046, 109.004
1505, 22, 366, 99.9263, 109.079
1506, 22, 366, 99.9132, 109.153
1507, 22, 366, 99.9061, 109.227
1508, 22, 366, 99.9003, 109.302
1509, 22, 366, 99.8958, 109.377
1510, 22, 365, 100.035, 109.452
1511, 22, 365, 99.9992, 109.526
1512, 22, 365, 99.9873, 109.601
1513, 22, 365, 99.9772, 109.675
1514, 22, 365, 99.9682, 109.75
1515, 22, 365, 99.9513, 109.827
1516, 22, 365, 100.03, 109.902
1517, 22, 365, 100.022, 109.977
1518, 22, 365, 100.006, 110.061
1519, 22, 365, 99.9783, 110.148
1520, 22, 365, 99.9304, 110.224
1521, 22, 365, 99.8938, 110.298
1522, 23, 365, 99.8864, 110.372
1523, 23, 365, 99.8824, 110.447
1524, 23, 365, 99.8739, 110.521
1525, 23, 365, 99.8525, 110.596
1526, 23, 365, 99.8452, 110.67
1527, 23, 365, 99.8077, 110.745
1528, 23, 365, 99.7809, 110.82
1529, 23, 365, 99.7773, 110.895
1530, 23, 365, 99.7691, 110.97
1531, 23, 365, 99.7463, 111.045
1532, 23, 365, 99.7284, 111.119
1533, 23, 365, 99.7139, 111.194
1534, 23, 365, 99.7019, 111.268
1535, 23, 365, 99.6961, 111.343
1536, 23, 365, 99.6793, 111.418
1537, 23, 365, 99.6693, 111.492
1538, 23, 365, 99.6645, 111.577
1539, 23, 365, 99.6511, 111.652
1540, 23, 365, 99.5664, 111.727
1541, 23, 365, 99.5603, 111.802
1542, 23, 365, 99.4977, 111.876
1543, 23, 365, 99.4808, 111.965
1544, 23, 365, 99.4509, 112.042
1545, 23, 365, 99.4305, 112.117
1546, 24, 365, 99.4241, 112.191
1547, 24, 364, 99.5944, 112.266
1548, 25, 364, 99.5888, 112.341
1549, 25, 364, 99.575, 112.416
1550, 25, 364, 99.5746, 112.508
1551, 25, 364, 99.5633, 112.585
1552, 25, 364, 99.5517, 112.659
1553, 25, 364, 99.5409, 112.734
1554, 25, 364, 99.5478, 112.809
1555, 25, 364, 99.542, 112.884
1556, 25, 364, 99.5489, 112.959
1557, 25, 364, 99.5285, 113.034
1558, 25, 364, 99.4696, 113.108
1559, 25, 364, 99.429, 113.183
1560, 25, 364, 99.4207, 113.257
1561, 25, 364, 99.4124, 113.331
1562, 25, 364, 99.3827, 113.406
1563, 25, 364, 99.3622, 113.48
1564, 25, 363, 100.71, 113.555
1565, 25, 363, 100.337, 113.63
1566, 25, 363, 100.278, 113.705
1567, 25, 363, 99.793, 113.791
1568, 25, 363, 99.64, 113.866
1569, 25, 363, 99.4355, 113.941
1570, 25, 362, 99.6768, 114.016
1571, 25, 362, 99.593, 114.09
1572, 25, 362, 99.3885, 114.165
1573, 25, 362, 99.015, 114.24
1574, 25, 362, 98.862, 114.314
1575, 25, 362, 98.4885, 114.389
1576, 25, 362, 98.0035, 114.466
1577, 25, 361, 98.7667, 114.541
1578, 25, 360, 99.7667, 114.616
1579, 25, 359, 100.53, 114.691
1580, 25, 359, 100.156, 114.765
1581, 25, 358, 99.9242, 114.84
1582, 25, 358, 99.5507, 114.915
1583, 25, 358, 99.3977, 114.997
1584, 25, 358, 99.2448, 115.075
1585, 25, 358, 99.2082, 115.15
1586, 25, 358, 99.1414, 115.225
1587, 25, 358, 99.1147, 115.318
1588, 25, 358, 99.0309, 115.425
1589, 25, 357, 99.7941, 115.502
1590, 25, 356, 100.557, 115.583
1591, 25, 355, 100.747, 115.658
1592, 25, 355, 100.542, 115.733
1593, 25, 355, 100.432, 115.808
1594, 25, 355, 100.321, 115.883
1595, 25, 354, 101.67, 115.958
1596, 25, 354, 101.517, 116.033
1597, 25, 354, 101.464, 116.125
1598, 25, 354, 101.411, 116.243
1599, 25, 354, 101.358, 116.359
1600, 25, 354, 101.673, 116.478
1601, 25, 354, 101.299, 116.609
1602, 25, 354, 101.232, 116.738
1603, 25, 354, 101.148, 116.874
1604, 25, 354, 101.104, 116.998
1605, 25, 354, 101.083, 117.14
1606, 25, 354, 101.038, 117.261
1607, 25, 354, 101.26, 117.369
1608, 25, 354, 101.23, 117.453
1609, 25, 354, 101.324, 117.529
1610, 25, 354, 101.315, 117.605
1611, 25, 354, 101.253, 117.681
1612, 25, 354, 101.238, 117.756
1613, 25, 354, 101.226, 117.83
1614, 25, 354, 101.19, 117.91
1615, 25, 354, 101.163, 118.005
1616, 25, 354, 101.142, 118.081
1617, 25, 353, 101.306, 118.159
1618, 25, 353, 101.253, 118.234
1619, 25, 353, 101.169, 118.325
1620, 25, 353, 101.101, 118.4
1621, 25, 353, 101.018, 118.476
1622, 25, 353, 100.924, 118.567
1623, 25, 353, 100.871, 118.66
1624, 25, 352, 101.02, 118.736
1625, 25, 352, 100.647, 118.811
1626, 25, 352, 100.442, 118.886
1627, 25, 352, 100.389, 118.961
1628, 25, 352, 100.353, 119.036
1629, 25, 352, 100.2, 119.111
1630, 25, 352, 100.163, 119.186
1631, 25, 352, 100.01, 119.262
1632, 25, 352, 99.432, 119.337
1633, 25, 352, 99.379, 119.412
1634, 25, 352, 99.3522, 119.487
1635, 25, 352, 99.3156, 119.562
1636, 25, 352, 99.2626, 119.637
1637, 25, 352, 99.0581, 119.712
1638, 25, 352, 98.7947, 119.787
1639, 25, 351, 98.9844, 119.862
1640, 25, 351, 98.9403, 119.937
1641, 25, 351, 98.9273, 120.013
1642, 25, 351, 98.9005, 120.089
1643, 25, 351, 98.8332, 120.164
1644, 25, 351, 98.8127, 120.239
1645, 25, 351, 98.7923, 120.324
1646, 25, 351, 98.6818, 120.4
1647, 25, 351, 98.4183, 120.475
1648, 25, 351, 98.3881, 120.55
1649, 25, 351, 98.3667, 120.625
1650, 25, 351, 98.3736, 120.7
1651, 25, 351, 98.3602, 120.775
1652, 25, 351, 98.3857, 120.85
1653, 25, 351, 98.3451, 120.927
1654, 25, 351, 98.3238, 121.002
1655, 25, 351, 98.3083, 121.092
1656, 25, 351, 98.2549, 121.177
1657, 25, 351, 98.2345, 121.256
1658, 25, 351, 98.0299, 121.331
1659, 25, 351, 97.9194, 121.407
1660, 25, 350, 98.0681, 121.482
1661, 25, 350, 97.9152, 121.557
1662, 25, 350, 97.8479, 121.632
1663, 25, 349, 98.8479, 121.709
1664, 25, 349, 98.3629, 121.784
1665, 25, 349, 98.2791, 121.86
1666, 25, 349, 98.2261, 121.951
1667, 25, 349, 98.182, 122.027
1668, 25, 349, 98.0982, 122.107
1669, 25, 348, 98.2879, 122.19
1670, 25, 348, 98.2473, 122.268
1671, 25, 348, 98.2032, 122.344
1672, 25, 348, 98.1591, 122.42
1673, 25, 348, 98.1289, 122.495
1674, 25, 348, 98.0759, 122.57
1675, 25, 348, 98.0462, 122.646
1676, 25, 347, 98.3989, 122.721
1677, 25, 347, 98.3762, 122.796
1678, 25, 347, 97.8912, 122.876
1679, 25, 347, 97.8758, 122.999
1680, 25, 347, 97.8597, 123.079
1681, 25, 347, 98.0227, 123.196
1682, 25, 347, 97.8716, 123.295
1683, 25, 347, 97.8413, 123.386
1684, 25, 347, 97.4263, 123.462
1685, 25, 347, 97.2564, 123.537
1686, 25, 347, 97.2198, 123.612
1687, 25, 347, 97.0153, 123.687
1688, 25, 347, 97.004, 123.763
1689, 25, 347, 96.9599, 123.838
1690, 25, 347, 96.8088, 123.915
1691, 25, 347, 96.7414, 123.99
1692, 25, 347, 96.7112, 124.067
1693, 25, 347, 96.5583, 124.143
1694, 25, 347, 96.0733, 124.218
1695, 25, 347, 96.0203, 124.294
1696, 25, 347, 95.9614, 124.37
1697, 25, 347, 95.8509, 124.448
1698, 25, 347, 95.8143, 124.523
1699, 25, 346, 95.9521, 124.599
1700, 25, 346, 95.908, 124.674
1701, 25, 346, 95.8714, 124.749
1702, 25, 346, 95.8308, 124.825
1703, 25, 346, 95.801, 124.9
1704, 25, 346, 95.7783, 124.975
1705, 25, 346, 95.9007, 125.051
1706, 25, 346, 95.8477, 125.126
1707, 25, 346, 95.8315, 125.201
1708, 25, 346, 95.8088, 125.311
1709, 25, 346, 95.7981, 125.388
1710, 25, 346, 95.7819, 125.463
1711, 25, 346, 95.7289, 125.539
1712, 25, 346, 95.7181, 125.63
1713, 25, 346, 95.7073, 125.708
1714, 25, 346, 95.6771, 125.785
1715, 25, 346, 95.58, 125.862
1716, 25, 346, 95.5586, 125.938
1717, 25, 346, 95.3541, 126.015
1718, 25, 345, 96.1173, 126.091
1719, 25, 345, 96.0871, 126.166
1720, 25, 345, 96.0197, 126.272
1721, 25, 345, 95.8668, 126.359
1722, 25, 345, 95.8186, 126.435
1723, 25, 345, 95.7919, 126.511
1724, 25, 345, 95.7081, 126.586
1725, 25, 344, 96.7081, 126.662
1726, 25, 344, 96.3345, 126.737
1727, 25, 344, 96.2979, 126.812
1728, 25, 344, 96.2775, 126.887
1729, 25, 344, 96.2245, 126.962
1730, 25, 344, 96.114, 127.039
1731, 25, 344, 95.7405, 127.115
1732, 25, 344, 95.5875, 127.19
1733, 25, 344, 95.4346, 127.265
1734, 25, 344, 95.0611, 127.341
1735, 25, 343, 95.8243, 127.416
1736, 25, 342, 95.5921, 127.491
1737, 25, 341, 96.5921, 127.566
1738, 25, 340, 97.3553, 127.642
1739, 25, 339, 98.1185, 127.717
1740, 25, 339, 97.7449, 127.812
1741, 25, 339, 97.6611, 127.889
1742, 25, 339, 97.5506, 127.964
1743, 25, 339, 97.4575, 128.04
1744, 25, 339, 97.3046, 128.116
1745, 25, 339, 97.2372, 128.191
1746, 25, 339, 97.1534, 128.267
1747, 26, 339, 97.1128, 128.342
1748, 27, 339, 97.0831, 128.417
1749, 28, 339, 97.0242, 128.493
1750, 29, 339, 96.9835, 128.568
1751, 29, 339, 96.8997, 128.661
1752, 29, 338, 97.6629, 128.737
1753, 29, 337, 98.4261, 128.812
1754, 29, 336, 99.1893, 128.887
1755, 29, 336, 99.1452, 128.963
1756, 29, 336, 99.0922, 129.038
1757, 30, 336, 99.0695, 129.113
1758, 30, 336, 99.0393, 129.189
1759, 30, 336, 98.6657, 129.264
1760, 30, 335, 99.6657, 129.339
1761, 30, 335, 99.2507, 129.414
1762, 30, 335, 99.0808, 129.49
1763, 30, 335, 98.7072, 129.565
1764, 30, 335, 98.3337, 129.64
1765, 30, 335, 97.9187, 129.716
1766, 30, 335, 97.7657, 129.791
1767, 30, 335, 97.3922, 129.866
1768, 30, 335, 97.3556, 129.942
1769, 30, 334, 97.5454, 130.018
1770, 30, 334, 97.5013, 130.093
1771, 30, 334, 97.4339, 130.169
1772, 30, 334, 97.0604, 130.244
1773, 30, 334, 97.0336, 130.319
1774, 30, 334, 96.8807, 130.394
1775, 30, 333, 97.6439, 130.47
1776, 30, 333, 97.5909, 130.545
1777, 30, 333, 97.5695, 130.621
1778, 30, 332, 98.3327, 130.697
1779, 30, 331, 99.0959, 130.773
1780, 30, 331, 99.037, 130.848
1781, 30, 331, 98.6635, 130.924
1782, 30, 330, 99.4267, 131
1783, 30, 329, 100.19, 131.076
1784, 30, 329, 99.8163, 131.151
1785, 30, 328, 100.58, 131.236
1786, 30, 328, 100.496, 131.337
1787, 30, 328, 100.122, 131.441
1788, 30, 327, 101.47, 131.539
1789, 30, 327, 101.097, 131.649
1790, 30, 327, 100.723, 131.755
1791, 30, 327, 100.308, 131.838
1792, 30, 327, 100.155, 131.929
1793, 30, 326, 100.919, 132.01
1794, 30, 325, 102.267, 132.086
1795, 30, 325, 101.893, 132.163
1796, 30, 325, 101.783, 132.239
1797, 30, 325, 101.409, 132.315
1798, 30, 324, 102.172, 132.391
1799, 30, 324, 102.119, 132.467
1800, 30, 323, 102.883, 132.543
1801, 30, 322, 103.883, 132.619
1802, 30, 322, 103.509, 132.695
1803, 30, 322, 103.425, 132.785
1804, 30, 322, 103.272, 132.862
1805, 30, 322, 103.205, 132.938
1806, 30, 322, 103.052, 133.014
1807, 30, 322, 102.678, 133.09
1808, 30, 321, 103.442, 133.166
1809, 30, 320, 104.205, 133.242
1810, 30, 320, 104.052, 133.318
1811, 30, 320, 103.999, 133.393
1812, 30, 320, 103.625, 133.469
1813, 30, 320, 103.542, 133.545
1814, 30, 320, 103.458, 133.621
1815, 30, 320, 103.399, 133.697
1816, 30, 320, 103.358, 133.773
1817, 30, 320, 103.328, 133.849
1818, 30, 320, 103.275, 133.925
1819, 30, 320, 103.182, 134.001
1820, 30, 320, 102.809, 134.077
1821, 30, 320, 102.656, 134.153
1822, 30, 320, 102.503, 134.229
1823, 30, 319, 103.266, 134.305
1824, 30, 318, 103.034, 134.382
1825, 30, 317, 104.382, 134.46
1826, 30, 316, 105.382, 134.537
1827, 30, 316, 104.967, 134.612
1828, 30, 315, 105.73, 134.688
1829, 30, 315, 105.315, 134.764
1830, 30, 314, 106.078, 134.859
1831, 30, 314, 105.705, 134.936
1832, 30, 314, 105.331, 135.012
1833, 30, 313, 105.573, 135.089
1834, 30, 313, 105.368, 135.165
1835, 30, 313, 105.215, 135.255
1836, 30, 313, 105.062, 135.333
1837, 30, 313, 104.689, 135.409
1838, 30, 313, 104.666, 135.485
1839, 30, 312, 104.815, 135.561
1840, 30, 312, 104.771, 135.637
1841, 30, 312, 104.712, 135.713
1842, 30, 312, 104.671, 135.79
1843, 30, 312, 104.518, 135.866
1844, 30, 312, 104.314, 135.942
1845, 30, 311, 105.077, 136.018
1846, 30, 310, 105.84, 136.094
1847, 30, 310, 105.467, 136.171
1848, 30, 309, 105.708, 136.247
1849, 30, 308, 106.708, 136.324
1850, 30, 308, 106.293, 136.4
1851, 30, 308, 105.919, 136.476
1852, 30, 308, 105.546, 136.553
1853, 30, 308, 105.393, 136.63
1854, 30, 307, 105.583, 136.707
1855, 30, 307, 105.499, 136.797
1856, 30, 307, 105.415, 136.875
1857, 30, 307, 105.262, 136.951
1858, 30, 307, 105.152, 137.027
1859, 30, 307, 104.999, 137.106
1860, 30, 307, 104.888, 137.196
1861, 30, 306, 105.888, 137.273
1862, 30, 306, 105.735, 137.349
1863, 30, 306, 105.682, 137.426
1864, 30, 306, 105.598, 137.502
1865, 30, 305, 106.362, 137.603
1866, 30, 304, 107.125, 137.68
1867, 30, 304, 106.955, 137.757
1868, 30, 304, 106.862, 137.833
1869, 30, 304, 106.803, 137.91
1870, 30, 304, 106.429, 138.001
1871, 30, 304, 105.944, 138.084
1872, 30, 303, 106.944, 138.162
1873, 30, 303, 106.529, 138.239
1874, 30, 302, 107.293, 138.315
1875, 30, 301, 108.293, 138.391
1876, 30, 301, 107.919, 138.467
1877, 30, 301, 107.852, 138.543
1878, 30, 301, 107.768, 138.632
1879, 30, 300, 109.116, 138.709
1880, 30, 300, 109.032, 138.786
1881, 30, 300, 108.948, 138.871
1882, 30, 300, 108.838, 138.948
1883, 30, 300, 108.464, 139.024
1884, 30, 300, 108.381, 139.101
1885, 30, 299, 109.381, 139.179
1886, 30, 299, 109.228, 139.255
1887, 30, 299, 109.191, 139.332
1888, 30, 299, 109.147, 139.408
1889, 30, 299, 109.063, 139.485
1890, 30, 298, 109.826, 139.561
1891, 30, 297, 110.59, 139.637
1892, 30, 297, 110.553, 139.714
1893, 30, 297, 110.138, 139.79
1894, 30, 297, 109.985, 139.867
1895, 30, 297, 109.955, 139.943
1896, 30, 297, 109.925, 140.021
1897, 30, 297, 109.872, 140.098
1898, 30, 297, 109.387, 140.174
1899, 30, 297, 109.32, 140.251
1900, 30, 297, 109.293, 140.327
1901, 30, 297, 109.209, 140.403
1902, 30, 297, 109.191, 140.509
1903, 30, 297, 109.177, 140.586
1904, 30, 297, 108.972, 140.663
1905, 30, 297, 108.819, 140.739
1906, 30, 297, 108.798, 140.829
1907, 30, 297, 108.714, 140.905
1908, 30, 296, 109.067, 140.982
1909, 30, 296, 108.582, 141.059
1910, 30, 296, 108.545, 141.135
1911, 30, 296, 108.53, 141.211
1912, 30, 296, 108.377, 141.287
1913, 30, 296, 108.172, 141.364
1914, 30, 296, 108.146, 141.44
1915, 30, 296, 108.134, 141.516
1916, 30, 296, 108.112, 141.593
1917, 30, 296, 108.091, 141.669
1918, 30, 296, 107.981, 141.746
1919, 30, 296, 107.897, 141.822
1920, 30, 296, 108.019, 141.9
1921, 30, 296, 107.922, 141.992
1922, 30, 296, 107.869, 142.071
1923, 30, 296, 107.857, 142.148
1924, 30, 296, 107.873, 142.224
1925, 30, 296, 107.806, 142.301
1926, 30, 296, 107.762, 142.378
1927, 30, 296, 107.609, 142.454
1928, 30, 296, 107.556, 142.531
1929, 30, 296, 107.503, 142.607
1930, 30, 296, 107.473, 142.684
1931, 30, 296, 107.452, 142.761
1932, 30, 296, 107.368, 142.837
1933, 30, 296, 106.995, 142.914
1934, 30, 296, 106.825, 142.99
1935, 30, 296, 106.772, 143.066
1936, 30, 295, 107.125, 143.143
1937, 30, 295, 107.108, 143.219
1938, 30, 295, 107.055, 143.295
1939, 30, 295, 106.988, 143.372
1940, 30, 295, 106.904, 143.45
1941, 30, 294, 107.052, 143.527
1942, 30, 294, 106.679, 143.604
1943, 30, 293, 106.92, 143.681
1944, 30, 293, 106.716, 143.759
1945, 30, 293, 106.679, 143.836
1946, 30, 293, 106.658, 143.913
1947, 30, 293, 106.284, 143.989
1948, 30, 292, 107.047, 144.066
1949, 30, 291, 107.811, 144.143
1950, 30, 291, 107.758, 144.228
1951, 30, 291, 107.384, 144.306
1952, 30, 290, 108.147, 144.386
1953, 30, 289, 108.91, 144.464
1954, 30, 289, 108.537, 144.541
1955, 30, 288, 109.3, 144.618
1956, 30, 288, 108.927, 144.695
1957, 30, 288, 108.553, 144.772
1958, 30, 288, 108.18, 144.849
1959, 30, 287, 109.18, 144.925
1960, 30, 286, 109.943, 145.002
1961, 30, 285, 110.706, 145.079
1962, 30, 284, 111.469, 145.156
1963, 30, 283, 112.232, 145.233
1964, 30, 283, 111.859, 145.32
1965, 30, 282, 112.622, 145.397
1966, 30, 282, 112.578, 145.474
1967, 30, 282, 112.525, 145.551
1968, 30, 282, 112.481, 145.63
1969, 30, 282, 112.37, 145.707
1970, 30, 282, 112.344, 145.784
1971, 30, 281, 113.107, 145.861
1972, 30, 281, 113.014, 145.938
1973, 30, 281, 112.955, 146.014
1974, 30, 281, 112.914, 146.091
1975, 30, 281, 112.83, 146.168
1976, 30, 281, 112.457, 146.245
1977, 30, 281, 112.404, 146.322
1978, 30, 281, 112.251, 146.4
1979, 30, 281, 111.766, 146.476
1980, 30, 280, 111.929, 146.553
1981, 30, 280, 111.876, 146.63
1982, 30, 280, 111.502, 146.707
1983, 30, 280, 111.349, 146.784
1984, 30, 279, 112.113, 146.861
1985, 30, 279, 111.739, 146.938
1986, 30, 279, 111.366, 147.015
1987, 30, 279, 110.992, 147.095
1988, 30, 279, 110.962, 147.173
1989, 30, 279, 110.878, 147.251
1990, 30, 279, 110.725, 147.359
1991, 30, 279, 110.847, 147.462
1992, 30, 279, 110.432, 147.584
1993, 30, 279, 110.262, 147.693
1994, 30, 279, 110.11, 147.81
1995, 30, 279, 109.695, 147.897
1996, 30, 279, 109.525, 147.975
1997, 30, 279, 109.431, 148.052
1998, 30, 279, 109.262, 148.129
1999, 30, 279, 109.109, 148.206
2000, 30, 279, 109.025, 148.283
2001, 30, 279, 108.966, 148.36
2002, 30, 279, 108.925, 148.44
2003, 30, 279, 108.841, 148.517
2004, 30, 279, 108.744, 148.609
2005, 30, 279, 108.54, 148.688
2006, 30, 279, 108.522, 148.765
2007, 30, 278, 108.671, 148.844
2008, 30, 278, 108.587, 148.921
2009, 30, 278, 108.476, 148.998
2010, 30, 278, 108.46, 149.075
2011, 30, 278, 108.412, 149.152
2012, 30, 278, 108.397, 149.229
2013, 30, 278, 108.38, 149.307
2014, 30, 278, 108.327, 149.386
2015, 30, 278, 108.175, 149.463
2016, 30, 278, 108.138, 149.54
2017, 30, 278, 108.108, 149.617
2018, 30, 277, 108.461, 149.707
2019, 30, 277, 107.976, 149.785
2020, 30, 277, 107.865, 149.862
2021, 30, 277, 107.838, 149.939
2022, 30, 277, 107.817, 150.019
2023, 30, 277, 107.764, 150.096
2024, 30, 277, 107.751, 150.173
2025, 30, 277, 107.598, 150.25
2026, 30, 277, 107.514, 150.327
2027, 30, 277, 107.478, 150.404
2028, 30, 277, 106.993, 150.481
2029, 30, 277, 106.909, 150.559
2030, 30, 277, 106.756, 150.636
2031, 30, 276, 107.519, 150.713
2032, 30, 276, 107.366, 150.79
2033, 30, 276, 106.993, 150.867
2034, 30, 275, 107.756, 150.945
2035, 30, 274, 108.519, 151.022
2036, 30, 273, 109.519, 151.099
2037, 30, 273, 109.104, 151.176
2038, 30, 273, 108.934, 151.253
2039, 30, 272, 109.697, 151.33
2040, 30, 271, 110.46, 151.408
2041, 30, 271, 110.087, 151.485
2042, 30, 271, 109.713, 151.563
2043, 30, 271, 109.509, 151.64
2044, 30, 271, 109.441, 151.718
2045, 30, 271, 109.331, 151.812
2046, 30, 271, 109.278, 151.891
2047, 30, 271, 109.194, 151.981
2048, 30, 270, 109.357, 152.059
2049, 30, 270, 109.304, 152.161
2050, 30, 270, 109.26, 152.239
2051, 30, 270, 109.216, 152.317
2052, 30, 270, 109.179, 152.394
2053, 30, 269, 109.328, 152.472
2054, 30, 269, 109.244, 152.549
2055, 30, 269, 109.215, 152.626
2056, 30, 269, 109.131, 152.704
2057, 30, 269, 108.978, 152.782
2058, 30, 269, 108.951, 152.859
2059, 30, 269, 108.907, 152.936
2060, 30, 269, 108.854, 153.013
2061, 30, 269, 108.817, 153.09
2062, 30, 269, 108.781, 153.167
2063, 30, 268, 108.93, 153.245
2064, 30, 268, 108.903, 153.321
2065, 30, 268, 108.882, 153.399
2066, 30, 268, 108.829, 153.476
2067, 30, 268, 108.809, 153.553
2068, 30, 268, 108.779, 153.631
2069, 30, 268, 108.942, 153.709
2070, 30, 268, 108.926, 153.786
2071, 30, 268, 108.889, 153.863
2072, 30, 268, 108.836, 153.94
2073, 30, 268, 108.462, 154.017
2074, 30, 268, 108.089, 154.094
2075, 30, 268, 108.005, 154.171
2076, 30, 268, 107.938, 154.248
2077, 30, 268, 107.901, 154.325
2078, 30, 268, 107.528, 154.403
2079, 30, 268, 107.375, 154.48
2080, 30, 268, 107.222, 154.557
2081, 30, 267, 107.463, 154.635
2082, 30, 267, 107.41, 154.713
2083, 30, 267, 107.366, 154.799
2084, 30, 267, 107.336, 154.879
2085, 30, 267, 107.313, 154.956
2086, 30, 267, 107.283, 155.033
2087, 30, 267, 107.262, 155.11
2088, 30, 267, 107.236, 155.188
2089, 30, 267, 107.328, 155.277
2090, 30, 267, 107.312, 155.359
2091, 30, 267, 107.282, 155.437
2092, 30, 267, 107.215, 155.515
2093, 30, 267, 107.064, 155.593
2094, 30, 267, 107.02, 155.671
2095, 30, 267, 106.999, 155.748
2096, 30, 267, 107.111, 155.826
2097, 30, 267, 107.089, 155.903
2098, 30, 267, 107.068, 155.982
2099, 30, 267, 107.041, 156.063
2100, 30, 267, 107.02, 156.141
2101, 30, 267, 107, 156.218
2102, 30, 267, 106.984, 156.295
2103, 30, 267, 106.899, 156.373
2104, 30, 266, 107.899, 156.45
2105, 30, 266, 107.869, 156.527
2106, 30, 266, 107.806, 156.605
2107, 30, 266, 107.785, 156.682
2108, 30, 266, 107.772, 156.76
2109, 30, 266, 107.759, 156.837
2110, 30, 266, 107.738, 156.915
2111, 30, 266, 107.727, 156.992
2112, 30, 266, 107.7, 157.07
2113, 30, 266, 107.69, 157.147
2114, 30, 266, 107.485, 157.225
2115, 30, 266, 107.449, 157.302
2116, 30, 266, 107.413, 157.38
2117, 30, 266, 107.398, 157.457
2118, 30, 266, 107.376, 157.537
2119, 30, 266, 107.309, 157.614
2120, 30, 266, 107.216, 157.691
2121, 30, 266, 107.148, 157.77
2122, 30, 266, 107.118, 157.86
2123, 30, 266, 107.102, 157.939
2124, 30, 266, 107.14, 158.017
2125, 30, 266, 107.112, 158.095
2126, 30, 266, 107.096, 158.172
2127, 30, 266, 107.085, 158.249
2128, 30, 266, 107.072, 158.327
2129, 30, 266, 107.061, 158.41
2130, 30, 266, 107.046, 158.494
2131, 30, 266, 106.997, 158.571
2132, 30, 266, 106.987, 158.66
2133, 30, 266, 106.97, 158.738
2134, 30, 266, 106.887, 158.815
2135, 30, 266, 106.803, 158.893
2136, 30, 266, 106.75, 158.97
2137, 30, 266, 106.697, 159.048
2138, 30, 265, 106.938, 159.126
2139, 30, 265, 106.927, 159.203
2140, 30, 265, 106.879, 159.281
2141, 30, 265, 106.864, 159.358
2142, 30, 265, 106.826, 159.437
2143, 30, 265, 106.411, 159.514
2144, 30, 265, 106.4, 159.591
2145, 30, 265, 106.379, 159.669
2146, 30, 265, 106.342, 159.747
2147, 30, 265, 106.305, 159.825
2148, 30, 265, 106.279, 159.902
2149, 30, 265, 106.252, 159.979
2150, 30, 265, 106.234, 160.057
2151, 30, 265, 106.219, 160.142
2152, 30, 265, 106.199, 160.22
2153, 30, 264, 106.348, 160.298
2154, 30, 264, 106.195, 160.393
2155, 30, 263, 106.958, 160.476
2156, 30, 262, 107.199, 160.564
2157, 30, 261, 107.962, 160.643
2158, 30, 260, 108.315, 160.721
2159, 30, 260, 107.942, 160.799
2160, 30, 260, 107.789, 160.876
2161, 30, 260, 107.636, 160.954
2162, 30, 260, 107.262, 161.032
2163, 30, 260, 107.252, 161.11
2164, 30, 260, 107.199, 161.197
2165, 30, 259, 107.44, 161.275
2166, 30, 259, 107.387, 161.353
2167, 30, 259, 107.379, 161.431
2168, 30, 259, 107.37, 161.509
2169, 30, 259, 107.36, 161.587
2170, 30, 258, 107.502, 161.665
2171, 30, 258, 107.495, 161.742
2172, 30, 258, 107.465, 161.82
2173, 30, 258, 107.412, 161.898
2174, 30, 258, 107.375, 161.992
2175, 30, 258, 107.002, 162.07
2176, 30, 258, 106.832, 162.148
2177, 30, 258, 106.739, 162.226
2178, 30, 258, 106.68, 162.303
2179, 30, 258, 106.306, 162.381
2180, 30, 258, 105.821, 162.458
2181, 30, 258, 105.617, 162.538
2182, 30, 258, 105.243, 162.616
2183, 30, 258, 104.828, 162.693
2184, 30, 257, 105.591, 162.771
2185, 30, 257, 105.218, 162.849
2186, 30, 256, 106.218, 162.927
2187, 30, 256, 105.803, 163.004
2188, 30, 256, 105.429, 163.082
2189, 30, 255, 106.192, 163.162
2190, 30, 255, 106.039, 163.239
2191, 30, 255, 105.886, 163.317
2192, 30, 254, 106.65, 163.395
2193, 30, 254, 106.165, 163.473
2194, 30, 253, 106.928, 163.551
2195, 30, 252, 107.169, 163.629
2196, 30, 252, 106.796, 163.706
2197, 30, 252, 106.712, 163.784
2198, 30, 252, 106.297, 163.862
2199, 30, 252, 105.812, 163.94
2200, 30, 252, 105.642, 164.018
2201, 30, 252, 105.549, 164.113
2202, 30, 252, 105.175, 164.193
2203, 30, 252, 104.971, 164.271
2204, 30, 252, 104.887, 164.349
2205, 30, 252, 104.682, 164.427
2206, 30, 252, 104.629, 164.505
2207, 30, 252, 104.593, 164.583
2208, 30, 252, 104.549, 164.661
2209, 30, 252, 104.771, 164.739
2210, 30, 252, 104.762, 164.817
2211, 30, 252, 104.755, 164.895
2212, 30, 252, 104.658, 164.973
2213, 30, 252, 104.643, 165.051
2214, 30, 252, 104.63, 165.129
2215, 30, 252, 104.52, 165.207
2216, 30, 252, 104.493, 165.294
2217, 30, 252, 104.409, 165.372
2218, 30, 251, 104.547, 165.45
2219, 30, 251, 104.52, 165.528
2220, 30, 251, 104.453, 165.606
2221, 30, 251, 104.416, 165.684
2222, 30, 251, 104.212, 165.761
2223, 30, 251, 103.727, 165.839
2224, 30, 251, 103.353, 165.917
2225, 30, 250, 104.116, 165.996
2226, 30, 249, 104.879, 166.074
2227, 30, 248, 105.643, 166.152
2228, 30, 248, 105.269, 166.23
2229, 30, 248, 104.896, 166.308
2230, 30, 248, 104.743, 166.386
2231, 30, 247, 105.743, 166.464
2232, 30, 247, 105.328, 166.542
2233, 30, 246, 105.68, 166.62
2234, 30, 246, 105.51, 166.699
2235, 30, 246, 105.417, 166.777
2236, 30, 246, 105.264, 166.856
2237, 30, 246, 104.849, 166.937
2238, 30, 246, 104.696, 167.016
2239, 30, 246, 104.492, 167.094
2240, 30, 246, 104.408, 167.172
2241, 30, 245, 104.598, 167.25
2242, 30, 245, 104.224, 167.33
2243, 30, 245, 103.739, 167.408
2244, 30, 245, 103.366, 167.486
2245, 30, 245, 103.161, 167.564
2246, 30, 244, 103.403, 167.643
2247, 30, 244, 103.25, 167.721
2248, 30, 244, 103.139, 167.799
2249, 30, 244, 102.766, 167.877
2250, 30, 244, 102.673, 167.955
2251, 30, 244, 102.299, 168.034
2252, 30, 244, 102.257, 168.112
2253, 30, 244, 101.842, 168.19
2254, 30, 244, 101.673, 168.269
2255, 30, 244, 101.503, 168.361
2256, 30, 244, 101.409, 168.446
2257, 30, 244, 101.316, 168.524
2258, 30, 244, 101.257, 168.613
2259, 30, 244, 100.884, 168.691
2260, 30, 244, 100.731, 168.77
2261, 30, 244, 100.578, 168.848
2262, 30, 244, 100.374, 168.926
2263, 30, 244, 100.221, 169.004
2264, 30, 244, 100.068, 169.082
2265, 30, 244, 99.8977, 169.16
2266, 30, 244, 99.8046, 169.239
2267, 30, 244, 99.4311, 169.317
2268, 30, 243, 100.194, 169.406
2269, 30, 243, 100.154, 169.484
2270, 30, 243, 100.001, 169.563
2271, 30, 243, 99.9169, 169.641
2272, 30, 243, 99.8639, 169.719
2273, 30, 243, 99.694, 169.797
2274, 30, 243, 99.5411, 169.875
2275, 30, 243, 99.611, 169.954
2276, 30, 243, 99.5628, 170.032
2277, 30, 243, 99.5568, 170.11
2278, 30, 243, 99.5399, 170.208
2279, 30, 243, 99.5269, 170.296
2280, 30, 243, 99.5064, 170.375
2281, 30, 243, 99.4979, 170.453
2282, 30, 243, 99.4538, 170.532
2283, 30, 243, 99.427, 170.61
2284, 30, 243, 99.418, 170.689
2285, 30, 243, 99.3966, 170.767
2286, 30, 243, 99.3293, 170.846
2287, 30, 243, 98.9557, 170.924
2288, 30, 242, 99.7189, 171.003
2289, 30, 242, 99.3039, 171.081
2290, 30, 241, 99.5452, 171.16
2291, 30, 241, 99.7671, 171.239
2292, 30, 241, 99.5972, 171.317
2293, 30, 241, 99.5041, 171.402
2294, 30, 241, 99.2407, 171.481
2295, 30, 240, 99.3819, 171.559
2296, 30, 240, 99.2289, 171.641
2297, 30, 240, 99.2076, 171.72
2298, 30, 240, 99.0971, 171.799
2299, 30, 240, 99.0791, 171.878
2300, 30, 240, 99.0524, 171.971
2301, 30, 240, 99.0221, 172.051
2302, 30, 240, 99.0042, 172.13
2303, 30, 239, 99.2456, 172.209
2304, 30, 239, 99.2365, 172.287
2305, 30, 239, 99.2063, 172.367
2306, 30, 239, 99.1765, 172.446
2307, 30, 239, 99.1287, 172.525
2308, 30, 239, 99.1156, 172.603
2309, 30, 239, 99.0791, 172.681
2310, 30, 239, 99.108, 172.76
2311, 30, 239, 99.0866, 172.839
2312, 30, 239, 99.1021, 172.918
2313, 30, 238, 99.2919, 172.997
2314, 30, 238, 99.275, 173.077
2315, 30, 238, 99.371, 173.155
2316, 30, 238, 99.358, 173.234
2317, 30, 238, 99.2609, 173.312
2318, 30, 238, 99.1504, 173.391
2319, 30, 238, 99.0836, 173.469
2320, 30, 238, 99.0162, 173.547
2321, 30, 238, 99.0122, 173.626
2322, 30, 238, 99.0497, 173.704
2323, 30, 238, 99.0223, 173.783
2324, 30, 238, 99.001, 173.876
2325, 30, 238, 98.992, 174.028
2326, 30, 238, 98.9782, 174.142
2327, 30, 238, 98.9705, 174.261
2328, 30, 238, 98.8959, 174.39
2329, 30, 238, 98.7447, 174.507
2330, 30, 237, 98.9345, 174.618
2331, 30, 237, 98.824, 174.733
2332, 30, 237, 98.7799, 174.851
2333, 30, 237, 98.7644, 174.951
2334, 30, 237, 98.7499, 175.03
2335, 30, 237, 98.7654, 175.109
2336, 30, 237, 98.7535, 175.187
2337, 30, 236, 98.8982, 175.279
2338, 30, 236, 98.8882, 175.358
2339, 30, 236, 98.8713, 175.436
2340, 30, 236, 98.8594, 175.515
2341, 30, 236, 98.8493, 175.593
2342, 30, 236, 98.8266, 175.672
2343, 30, 236, 98.8135, 175.75
2344, 30, 236, 98.8001, 175.828
2345, 30, 236, 98.7915, 175.907
2346, 30, 236, 98.7736, 175.985
2347, 30, 236, 98.7591, 176.063
2348, 30, 236, 98.7517, 176.142
2349, 30, 236, 98.7398, 176.22
2350, 30, 236, 98.7297, 176.317
2351, 30, 236, 98.7189, 176.397
2352, 30, 236, 98.7145, 176.475
2353, 30, 236, 98.7038, 176.554
2354, 30, 236, 98.6067, 176.633
2355, 30, 236, 98.5393, 176.711
2356, 30, 236, 98.5125, 176.79
2357, 30, 236, 98.501, 176.868
2358, 30, 236, 98.4943, 176.946
2359, 30, 236, 98.5268, 177.024
2360, 30, 236, 98.6101, 177.103
2361, 30, 236, 98.5993, 177.181
2362, 30, 236, 98.578, 177.259
2363, 30, 236, 98.5612, 177.337
2364, 30, 236, 98.5237, 177.416
2365, 30, 236, 98.5023, 177.494
2366, 30, 236, 98.4966, 177.572
2367, 30, 236, 98.4875, 177.651
2368, 30, 236, 98.4438, 177.729
2369, 30, 236, 98.4284, 177.807
2370, 30, 236, 98.3179, 177.886
2371, 30, 236, 98.3018, 177.964
2372, 30, 236, 98.2863, 178.042
2373, 30, 236, 98.4087, 178.121
2374, 30, 236, 98.3873, 178.2
2375, 30, 236, 98.3765, 178.278
2376, 30, 236, 98.3701, 178.357
2377, 30, 236, 98.3644, 178.435
2378, 30, 235, 98.5062, 178.518
2379, 30, 235, 98.4795, 178.613
2380, 30, 235, 98.4429, 178.708
2381, 30, 235, 98.4379, 178.788
2382, 30, 235, 98.4174, 178.867
2383, 30, 235, 98.397, 178.945
2384, 30, 235, 98.2999, 179.024
2385, 30, 235, 98.2028, 179.103
2386, 30, 235, 98.176, 179.181
2387, 30, 235, 98.1092, 179.259
2388, 30, 234, 99.4574, 179.338
2389, 30, 233, 99.2252, 179.416
2390, 30, 233, 99.3891, 179.495
2391, 30, 232, 100.737, 179.574
2392, 30, 232, 100.959, 179.653
2393, 30, 232, 100.586, 179.731
2394, 30, 232, 100.901, 179.809
2395, 30, 232, 100.72, 179.889
2396, 30, 232, 100.636, 179.967
2397, 30, 232, 100.625, 180.045
2398, 30, 232, 100.598, 180.124
2399, 30, 232, 100.561, 180.203
2400, 30, 232, 100.546, 180.281
2401, 30, 232, 100.51, 180.36
2402, 30, 232, 100.499, 180.447
2403, 30, 232, 100.471, 180.527
2404, 30, 232, 100.361, 180.607
2405, 30, 232, 100.331, 180.685
2406, 30, 232, 100.321, 180.764
2407, 30, 232, 100.305, 180.842
2408, 30, 232, 100.3, 180.921
2409, 30, 232, 100.292, 181
2410, 30, 232, 100.256, 181.08
2411, 30, 232, 100.243, 181.158
2412, 30, 232, 100.238, 181.237
2413, 30, 232, 100.227, 181.316
2414, 30, 232, 100.204, 181.394
2415, 30, 232, 100.174, 181.472
2416, 30, 232, 100.163, 181.551
2417, 30, 232, 100.145, 181.629
2418, 30, 232, 100.13, 181.708
2419, 30, 232, 100.126, 181.786
2420, 30, 232, 100.12, 181.865
2421, 30, 232, 100.116, 181.955
2422, 30, 232, 100.068, 182.034
2423, 30, 232, 100.046, 182.113
2424, 30, 232, 99.936, 182.193
2425, 30, 232, 99.5625, 182.272
2426, 30, 232, 99.4951, 182.37
2427, 30, 232, 99.0801, 182.45
2428, 30, 232, 98.9271, 182.528
2429, 30, 232, 98.9004, 182.607
2430, 30, 232, 98.7899, 182.685
2431, 30, 232, 98.9013, 182.764
2432, 30, 232, 98.834, 182.848
2433, 30, 232, 98.8257, 182.939
2434, 30, 232, 98.8103, 183.021
2435, 30, 232, 98.7948, 183.099
2436, 30, 232, 98.7507, 183.177
2437, 30, 231, 99.5139, 183.256
2438, 30, 230, 99.2817, 183.335
2439, 30, 229, 100.045, 183.413
2440, 30, 229, 99.6714, 183.492
2441, 30, 229, 99.2979, 183.57
2442, 30, 228, 99.4876, 183.649
2443, 30, 228, 99.4038, 183.728
2444, 30, 228, 99.3508, 183.808
2445, 30, 228, 99.2978, 183.887
2446, 30, 228, 99.2612, 183.965
2447, 30, 228, 99.25, 184.044
2448, 30, 228, 99.2295, 184.122
2449, 30, 228, 99.1622, 184.201
2450, 30, 228, 99.0774, 184.279
2451, 30, 228, 99.0692, 184.368
2452, 30, 228, 99.053, 184.447
2453, 30, 228, 99.0089, 184.526
2454, 30, 228, 98.9463, 184.604
2455, 30, 228, 98.9022, 184.683
2456, 30, 228, 98.8809, 184.764
2457, 30, 228, 98.8748, 184.842
2458, 30, 228, 98.8382, 184.921
2459, 30, 228, 98.8024, 184.999
2460, 30, 228, 98.7819, 185.078
2461, 30, 228, 98.7517, 185.156
2462, 30, 228, 98.7356, 185.235
2463, 30, 228, 98.7053, 185.334
2464, 30, 228, 98.6786, 185.413
2465, 30, 228, 98.642, 185.492
2466, 30, 228, 98.5746, 185.57
2467, 30, 228, 98.4908, 185.648
2468, 30, 228, 98.407, 185.727
2469, 30, 228, 98.2541, 185.806
2470, 30, 228, 98.0496, 185.884
2471, 30, 227, 98.1873, 185.962
2472, 30, 227, 98.0174, 186.041
2473, 30, 227, 97.9906, 186.119
2474, 30, 227, 98.113, 186.198
2475, 30, 227, 98.1047, 186.276
2476, 30, 227, 98.0843, 186.354
2477, 30, 227, 98.0575, 186.433
2478, 30, 227, 97.9902, 186.511
2479, 30, 227, 97.9697, 186.59
2480, 30, 227, 97.9596, 186.668
2481, 30, 227, 97.9476, 186.746
2482, 30, 227, 97.9961, 186.826
2483, 30, 227, 97.9925, 186.904
2484, 30, 227, 97.9837, 186.982
2485, 30, 227, 97.9804, 187.078
2486, 30, 227, 97.9727, 187.158
2487, 30, 227, 97.9698, 187.237
2488, 30, 227, 97.9585, 187.316
2489, 30, 227, 97.945, 187.394
2490, 30, 227, 97.9368, 187.484
2491, 30, 227, 97.9259, 187.563
2492, 30, 227, 97.9199, 187.641
2493, 30, 227, 97.8758, 187.719
2494, 30, 227, 97.8317, 187.797
2495, 30, 227, 97.8156, 187.884
2496, 30, 227, 97.8962, 187.975
2497, 30, 227, 97.8918, 188.082
2498, 30, 227, 97.7813, 188.162
2499, 30, 227, 97.7511, 188.24
2500, 30, 227, 97.6837, 188.318
2501, 30, 227, 97.6658, 188.397
2502, 30, 227, 97.6504, 188.475
2503, 30, 227, 97.5573, 188.554
2504, 30, 227, 97.527, 188.647
2505, 30, 227, 97.3741, 188.73
2506, 30, 226, 98.3741, 188.809
2507, 30, 226, 98.0006, 188.888
2508, 30, 226, 97.9476, 188.967
2509, 30, 226, 97.7946, 189.045
2510, 30, 226, 97.6247, 189.124
2511, 30, 226, 97.5409, 189.203
2512, 30, 225, 98.8891, 189.281
2513, 30, 225, 98.5155, 189.36
2514, 30, 225, 98.3626, 189.439
2515, 30, 224, 98.5256, 189.517
2516, 30, 224, 98.4583, 189.595
2517, 30, 224, 98.0433, 189.674
2518, 30, 224, 97.8903, 189.752
2519, 30, 224, 97.8538, 189.83
2520, 30, 224, 97.827, 189.909
2521, 30, 224, 97.7968, 189.987
2522, 30, 224, 97.8223, 190.066
2523, 30, 224, 97.801, 190.144
2524, 30, 224, 97.7949, 190.223
2525, 30, 224, 97.736, 190.301
2526, 30, 224, 97.723, 190.38
2527, 30, 224, 97.7016, 190.459
2528, 30, 224, 97.6928, 190.537
2529, 30, 224, 97.6897, 190.616
2530, 30, 224, 97.6456, 190.695
2531, 30, 224, 97.6343, 190.774
2532, 30, 224, 97.6863, 190.861
2533, 30, 224, 97.665, 190.944
2534, 30, 224, 97.6284, 191.023
2535, 30, 224, 97.5446, 191.102
2536, 30, 224, 97.5005, 191.18
2537, 30, 224, 97.4167, 191.259
2538, 30, 223, 98.1799, 191.338
2539, 30, 223, 98.01, 191.417
2540, 30, 223, 97.525, 191.495
2541, 30, 222, 98.525, 191.589
2542, 30, 222, 98.3721, 191.669
2543, 30, 222, 98.1675, 191.748
2544, 30, 222, 97.794, 191.826
2545, 30, 222, 97.7102, 191.905
2546, 30, 222, 97.6264, 192.01
2547, 30, 222, 97.5333, 192.089
2548, 30, 222, 97.4228, 192.168
2549, 30, 222, 97.3698, 192.247
2550, 30, 221, 97.5328, 192.325
2551, 30, 221, 97.6552, 192.404
2552, 30, 221, 97.7894, 192.482
2553, 30, 221, 97.7305, 192.561
2554, 30, 221, 97.6631, 192.64
2555, 30, 221, 97.2896, 192.718
2556, 30, 221, 96.9161, 192.797
2557, 30, 221, 96.5425, 192.882
2558, 30, 221, 96.4895, 192.967
2559, 30, 221, 96.453, 193.046
2560, 30, 221, 96.4164, 193.125
2561, 30, 221, 96.2634, 193.204
2562, 30, 221, 95.8899, 193.283
2563, 30, 220, 97.2381, 193.362
2564, 30, 219, 98.0013, 193.441
2565, 30, 219, 98.3163, 193.52
2566, 30, 219, 97.7382, 193.599
2567, 30, 218, 98.7382, 193.679
2568, 30, 217, 99.5014, 193.758
2569, 30, 217, 99.4176, 193.837
2570, 30, 217, 99.2647, 193.915
2571, 30, 217, 99.2206, 193.995
2572, 30, 217, 99.0161, 194.073
2573, 30, 217, 98.9754, 194.152
2574, 30, 217, 98.7709, 194.23
2575, 30, 217, 98.618, 194.318
2576, 30, 217, 98.3545, 194.399
2577, 30, 216, 98.7073, 194.478
2578, 30, 216, 98.6235, 194.557
2579, 30, 216, 98.4724, 194.636
2580, 30, 216, 98.4194, 194.715
2581, 30, 216, 98.7344, 194.794
2582, 30, 216, 98.6506, 194.873
2583, 30, 216, 98.5917, 194.951
2584, 30, 216, 98.4812, 195.03
2585, 30, 216, 97.9962, 195.109
2586, 30, 216, 97.4182, 195.188
2587, 30, 216, 97.3652, 195.276
2588, 30, 216, 97.1017, 195.358
2589, 30, 216, 97.0652, 195.437
2590, 30, 216, 96.9453, 195.516
2591, 30, 216, 96.9292, 195.597
2592, 30, 216, 96.9124, 195.676
2593, 30, 216, 96.8683, 195.755
2594, 30, 216, 96.8153, 195.834
2595, 30, 216, 96.7222, 195.913
2596, 30, 216, 96.6384, 195.992
2597, 30, 216, 96.5977, 196.07
2598, 30, 216, 96.568, 196.149
2599, 30, 216, 96.5321, 196.229
2600, 30, 216, 96.5841, 196.308
2601, 30, 216, 96.5482, 196.387
2602, 30, 216, 96.5967, 196.466
2603, 30, 216, 96.5762, 196.545
2604, 30, 216, 96.5548, 196.624
2605, 30, 215, 96.6916, 196.703
2606, 30, 215, 96.6762, 196.782
2607, 30, 215, 96.6608, 196.861
2608, 30, 215, 96.6366, 196.94
2609, 30, 215, 96.6235, 197.019
2610, 30, 215, 96.6175, 197.098
2611, 30, 215, 96.5734, 197.177
2612, 30, 215, 96.552, 197.255
2613, 30, 215, 96.5437, 197.344
2614, 30, 215, 96.5337, 197.446
2615, 30, 215, 96.5094, 197.542
2616, 30, 215, 96.5034, 197.632
2617, 30, 215, 96.4792, 197.712
2618, 30, 215, 96.4679, 197.79
2619, 30, 215, 96.4646, 197.869
2620, 30, 215, 96.4616, 197.948
2621, 30, 215, 96.4311, 198.027
2622, 30, 215, 96.3573, 198.106
2623, 30, 215, 96.2905, 198.184
2624, 30, 215, 96.2602, 198.263
2625, 30, 215, 96.2121, 198.342
2626, 30, 215, 96.196, 198.42
2627, 30, 214, 96.3337, 198.499
2628, 30, 214, 96.4678, 198.588
2629, 30, 214, 96.4465, 198.668
2630, 30, 214, 96.4162, 198.748
2631, 30, 214, 96.3804, 198.827
2632, 30, 214, 96.4179, 198.906
2633, 30, 214, 96.4849, 198.985
2634, 30, 214, 96.4635, 199.064
2635, 30, 214, 96.4481, 199.142
2636, 30, 214, 96.439, 199.222
2637, 30, 214, 96.4116, 199.301
2638, 30, 214, 96.3962, 199.382
2639, 30, 214, 96.3832, 199.461
2640, 30, 214, 96.3233, 199.54
2641, 30, 214, 96.302, 199.62
2642, 30, 214, 96.289, 199.699
2643, 30, 214, 96.2587, 199.788
2644, 30, 214, 96.1656, 199.867
2645, 30, 214, 96.1442, 199.946
2646, 30, 214, 96.1175, 200.025
2647, 30, 214, 96.1114, 200.103
2648, 30, 214, 95.9069, 200.183
2649, 30, 214, 95.8401, 200.262
2650, 30, 214, 95.8239, 200.341
2651, 30, 214, 95.8132, 200.42
2652, 30, 214, 95.8507, 200.499
2653, 30, 214, 95.8293, 200.578
2654, 30, 214, 95.8139, 200.657
2655, 30, 214, 95.7934, 200.736
2656, 30, 214, 95.7773, 200.815
2657, 30, 214, 95.7628, 200.894
2658, 30, 214, 95.7497, 200.973
2659, 30, 214, 95.8237, 201.052
2660, 30, 214, 95.7777, 201.131
2661, 30, 214, 95.6672, 201.21
2662, 30, 214, 95.6299, 201.289
2663, 30, 214, 95.6268, 201.368
2664, 30, 214, 95.6182, 201.447
2665, 30, 214, 95.607, 201.526
2666, 30, 214, 95.5984, 201.605
2667, 30, 214, 95.5963, 201.684
2668, 30, 214, 95.5919, 201.763
2669, 30, 214, 95.5892, 201.842
2670, 30, 214, 95.5824, 201.934
2671, 30, 214, 95.58, 202.015
2672, 30, 214, 95.6022, 202.094
2673, 30, 214, 95.5965, 202.173
2674, 30, 214, 95.5796, 202.251
2675, 30, 214, 95.539, 202.33
2676, 30, 214, 95.4983, 202.409
2677, 30, 214, 95.4849, 202.487
2678, 30, 214, 95.4826, 202.566
2679, 30, 214, 95.4805, 202.645
2680, 30, 214, 95.4734, 202.724
2681, 30, 214, 95.4655, 202.803
2682, 30, 214, 95.4634, 202.882
2683, 30, 214, 95.4583, 202.96
2684, 30, 214, 95.4993, 203.04
2685, 30, 214, 95.4966, 203.123
2686, 30, 214, 95.4767, 203.203
2687, 30, 214, 95.447, 203.282
2688, 30, 214, 95.4362, 203.362
2689, 30, 214, 95.4163, 203.44
2690, 30, 214, 95.4089, 203.519
2691, 30, 214, 95.4025, 203.598
2692, 30, 214, 95.3994, 203.677
2693, 30, 214, 95.3908, 203.756
2694, 30, 214, 95.3834, 203.835
2695, 30, 214, 95.3636, 203.914
2696, 30, 214, 95.3338, 203.993
2697, 30, 214, 95.3111, 204.072
2698, 30, 214, 95.3023, 204.152
2699, 30, 214, 95.3004, 204.232
2700, 30, 214, 95.2959, 204.311
2701, 30, 214, 95.26, 204.389
2702, 30, 214, 95.2518, 204.469
2703, 30, 214, 95.2363, 204.562
2704, 30, 214, 95.1833, 204.641
2705, 30, 214, 95.1606, 204.72
2706, 30, 214, 95.1862, 204.799
2707, 30, 214, 95.1648, 204.878
2708, 30, 214, 95.1346, 204.957
2709, 30, 214, 95.0905, 205.047
2710, 30, 214, 94.6755, 205.127
2711, 30, 214, 94.5225, 205.209
2712, 30, 214, 94.3526, 205.302
2713, 30, 213, 95.7008, 205.381
2714, 30, 213, 95.5309, 205.461
2715, 30, 213, 95.4943, 205.539
2716, 30, 213, 95.3745, 205.62
2717, 30, 213, 95.0009, 205.701
2718, 30, 213, 94.9707, 205.78
2719, 30, 213, 94.8869, 205.859
2720, 30, 213, 94.8031, 205.938
2721, 30, 213, 94.7763, 206.017
2722, 30, 213, 94.7609, 206.096
2723, 30, 213, 94.7243, 206.174
2724, 30, 213, 94.7499, 206.253
2725, 30, 213, 94.7231, 206.332
2726, 30, 213, 94.3495, 206.411
2727, 30, 213, 94.6646, 206.49
2728, 30, 213, 94.928, 206.569
2729, 30, 213, 94.7751, 206.648
2730, 30, 212, 95.5383, 206.726
2731, 30, 211, 96.3015, 206.807
2732, 30, 210, 96.5428, 206.885
2733, 30, 210, 96.3899, 206.964
2734, 30, 210, 96.0164, 207.043
2735, 30, 209, 95.7842, 207.121
2736, 30, 208, 95.552, 207.201
2737, 30, 207, 96.9001, 207.281
2738, 30, 207, 96.8797, 207.36
2739, 30, 207, 96.7959, 207.439
2740, 30, 207, 96.6429, 207.518
2741, 30, 206, 97.4061, 207.597
2742, 30, 206, 97.2532, 207.676
2743, 30, 206, 97.1003, 207.755
2744, 30, 206, 96.6153, 207.834
2745, 30, 206, 96.4454, 207.913
2746, 30, 205, 96.2132, 207.996
2747, 30, 205, 96.1602, 208.083
2748, 30, 205, 95.7867, 208.162
2749, 30, 205, 96.0501, 208.242
2750, 30, 205, 95.4131, 208.321
2751, 30, 205, 95.2602, 208.4
2752, 30, 205, 95.1671, 208.479
2753, 30, 204, 96.5152, 208.558
2754, 30, 203, 97.2784, 208.649
2755, 30, 202, 98.0416, 208.729
2756, 30, 201, 99.0416, 208.808
2757, 30, 201, 98.6681, 208.887
2758, 30, 201, 98.2946, 208.966
2759, 30, 200, 98.0624, 209.046
2760, 30, 200, 97.9786, 209.125
2761, 30, 200, 97.942, 209.205
2762, 30, 200, 97.5685, 209.286
2763, 30, 200, 97.4155, 209.365
2764, 30, 200, 96.7786, 209.444
2765, 30, 199, 96.9416, 209.524
2766, 30, 199, 96.8743, 209.603
2767, 30, 199, 96.5702, 209.683
2768, 30, 199, 96.4173, 209.762
2769, 30, 199, 96.3335, 209.842
2770, 30, 199, 96.2805, 209.921
2771, 30, 199, 96.1967, 210
2772, 30, 199, 95.9332, 210.079
2773, 30, 199, 95.5597, 210.158
2774, 30, 199, 95.5329, 210.237
2775, 30, 199, 95.5168, 210.316
2776, 30, 199, 95.4866, 210.395
2777, 30, 199, 95.4336, 210.475
2778, 30, 199, 95.2806, 210.554
2779, 30, 198, 95.4184, 210.633
2780, 30, 198, 95.3346, 210.714
2781, 30, 198, 95.3233, 210.817
2782, 30, 198, 95.3019, 210.897
2783, 30, 198, 95.2489, 210.977
2784, 30, 198, 95.2215, 211.056
2785, 30, 198, 95.1542, 211.135
2786, 30, 198, 95.1484, 211.215
2787, 30, 198, 95.147, 211.294
2788, 30, 198, 95.1168, 211.374
2789, 30, 198, 95.1107, 211.453
2790, 30, 198, 95.1, 211.533
2791, 30, 198, 95.0845, 211.613
2792, 30, 198, 95.0543, 211.692
2793, 30, 198, 95.0499, 211.771
2794, 30, 198, 95.03, 211.851
2795, 30, 198, 95.0269, 211.94
2796, 30, 198, 95.0157, 212.021
2797, 30, 198, 94.9883, 212.1
2798, 30, 198, 94.9353, 212.18
2799, 30, 198, 94.8382, 212.26
2800, 30, 197, 94.9869, 212.34
2801, 30, 196, 95.1246, 212.419
2802, 30, 196, 94.6396, 212.498
2803, 30, 196, 94.5558, 212.578
2804, 30, 196, 94.4453, 212.658
2805, 30, 196, 94.2924, 212.738
2806, 30, 196, 93.9189, 212.817
2807, 30, 196, 93.5453, 212.897
2808, 30, 196, 93.5088, 212.976
2809, 30, 196, 93.3983, 213.055
2810, 30, 196, 93.3617, 213.134
2811, 30, 196, 93.2779, 213.213
2812, 30, 196, 92.7929, 213.292
2813, 30, 196, 92.64, 213.371
2814, 30, 196, 92.4354, 213.452
2815, 30, 196, 92.4052, 213.531
2816, 30, 196, 92.3611, 213.61
2817, 30, 196, 92.3344, 213.69
2818, 30, 196, 92.2937, 213.769
2819, 30, 196, 92.1426, 213.848
2820, 30, 196, 92.3235, 213.928
2821, 30, 196, 92.1705, 214.008
2822, 30, 196, 92.1575, 214.089
2823, 30, 196, 92.1307, 214.169
2824, 30, 196, 92.0866, 214.248
2825, 30, 196, 92.0336, 214.328
2826, 30, 196, 92.0228, 214.414
2827, 30, 196, 92.0024, 214.503
2828, 30, 196, 91.6289, 214.583
2829, 30, 196, 91.4759, 214.663
2830, 30, 195, 91.6657, 214.743
2831, 30, 195, 91.5552, 214.822
2832, 30, 195, 91.5338, 214.902
2833, 30, 195, 91.5124, 214.981
2834, 30, 195, 91.4856, 215.06
2835, 30, 195, 91.4702, 215.14
2836, 30, 194, 91.6079, 215.219
2837, 30, 194, 91.5148, 215.311
2838, 30, 194, 91.4707, 215.399
2839, 30, 194, 91.4177, 215.48
2840, 30, 194, 91.3339, 215.559
2841, 30, 193, 91.4826, 215.642
2842, 30, 193, 91.4385, 215.722
2843, 30, 193, 91.4181, 215.801
2844, 31, 193, 91.4002, 215.881
2845, 32, 193, 91.3704, 215.96
2846, 32, 193, 91.3491, 216.04
2847, 32, 193, 91.3223, 216.12
2848, 32, 193, 91.3019, 216.199
2849, 32, 192, 91.5432, 216.279
2850, 32, 192, 91.3387, 216.359
2851, 32, 192, 91.1858, 216.439
2852, 32, 192, 91.0753, 216.518
2853, 32, 192, 91.0223, 216.598
2854, 32, 192, 90.9634, 216.678
2855, 32, 192, 91.0154, 216.758
2856, 32, 192, 90.9795, 216.839
2857, 32, 192, 90.8948, 216.919
2858, 32, 192, 90.811, 216.998
2859, 32, 192, 90.7436, 217.079
2860, 32, 192, 90.6847, 217.159
2861, 32, 192, 90.6693, 217.239
2862, 32, 192, 90.6287, 217.318
2863, 32, 192, 90.6174, 217.398
2864, 32, 192, 90.5767, 217.478
2865, 32, 192, 90.547, 217.558
2866, 32, 192, 90.4632, 217.637
2867, 32, 192, 90.0897, 217.717
2868, 32, 192, 90.0367, 217.797
2869, 32, 192, 90.0284, 217.877
2870, 32, 192, 90.001, 217.956
2871, 32, 192, 89.9569, 218.037
2872, 32, 192, 89.9456, 218.116
2873, 32, 192, 89.9154, 218.196
2874, 32, 192, 89.8788, 218.275
2875, 32, 192, 89.8609, 218.355
2876, 32, 192, 89.8518, 218.448
2877, 32, 192, 89.8373, 218.529
2878, 32, 192, 89.8261, 218.621
2879, 32, 192, 89.8047, 218.701
2880, 32, 192, 89.7939, 218.78
2881, 32, 192, 89.9223, 218.86
2882, 32, 192, 89.9179, 218.939
2883, 32, 192, 89.8873, 219.019
2884, 32, 192, 89.8785, 219.099
2885, 32, 192, 89.87, 219.178
2886, 32, 192, 89.8656, 219.258
2887, 32, 192, 89.8582, 219.337
2888, 32, 192, 89.8518, 219.419
2889, 32, 192, 89.8447, 219.499
2890, 32, 192, 89.8373, 219.596
2891, 32, 191, 89.9748, 219.678
2892, 32, 191, 89.9717, 219.757
2893, 32, 191, 89.9659, 219.837
2894, 32, 191, 89.9638, 219.916
2895, 32, 191, 89.959, 219.996
2896, 32, 191, 89.9478, 220.076
2897, 32, 191, 89.937, 220.156
2898, 32, 191, 89.9625, 220.235
2899, 32, 191, 89.9412, 220.315
2900, 32, 191, 89.9304, 220.395
2901, 32, 191, 89.9297, 220.475
2902, 32, 191, 89.9672, 220.554
2903, 32, 191, 89.9194, 220.634
2904, 32, 191, 89.8891, 220.713
2905, 32, 190, 90.0522, 220.793
2906, 32, 190, 90.0156, 220.873
2907, 32, 190, 89.9888, 220.952
2908, 32, 190, 89.9522, 221.032
2909, 32, 190, 89.9255, 221.112
2910, 32, 190, 89.8987, 221.192
2911, 32, 190, 89.7882, 221.272
2912, 32, 190, 89.6353, 221.352
2913, 32, 190, 89.5987, 221.432
2914, 32, 190, 89.5926, 221.512
2915, 32, 190, 89.5396, 221.595
2916, 32, 190, 89.4866, 221.675
2917, 32, 190, 89.45, 221.755
2918, 32, 190, 89.7135, 221.835
2919, 32, 190, 89.0765, 221.928
2920, 32, 190, 88.9236, 222.008
2921, 32, 190, 88.8795, 222.088
2922, 32, 190, 88.769, 222.168
2923, 32, 190, 88.6852, 222.247
2924, 32, 190, 88.6322, 222.327
2925, 32, 190, 88.602, 222.407
2926, 32, 190, 88.5654, 222.487
2927, 32, 190, 88.4816, 222.567
2928, 32, 190, 88.3286, 222.646
2929, 32, 190, 88.4798, 222.726
2930, 32, 190, 88.3867, 222.806
2931, 32, 190, 88.1831, 222.886
2932, 32, 190, 88.1528, 222.966
2933, 32, 190, 88.0998, 223.045
2934, 32, 190, 88.016, 223.126
2935, 32, 190, 87.8783, 223.209
2936, 32, 190, 87.8556, 223.288
2937, 32, 190, 87.8342, 223.367
2938, 32, 190, 87.7753, 223.447
2939, 32, 190, 87.7347, 223.526
2940, 32, 190, 87.6981, 223.606
2941, 32, 190, 87.5282, 223.686
2942, 32, 190, 87.3752, 223.765
2943, 33, 190, 87.3525, 223.845
2944, 34, 190, 87.3346, 223.924
2945, 35, 190, 87.3201, 224.004
2946, 36, 190, 87.3056, 224.084
2947, 36, 190, 87.2888, 224.163
2948, 36, 190, 87.2683, 224.243
2949, 36, 190, 87.2522, 224.322
2950, 36, 190, 87.1848, 224.402
2951, 36, 189, 87.3746, 224.483
2952, 36, 189, 87.2641, 224.563
2953, 36, 189, 87.2436, 224.645
2954, 36, 189, 87.2222, 224.724
2955, 36, 189, 87.2009, 224.803
2956, 36, 189, 87.1735, 224.883
2957, 36, 189, 87.1609, 224.963
2958, 36, 189, 87.1538, 225.043
2959, 36, 189, 87.1384, 225.122
2960, 36, 189, 87.0854, 225.202
2961, 36, 189, 87.2195, 225.294
2962, 36, 189, 87.0997, 225.376
2963, 36, 188, 87.2894, 225.456
2964, 36, 188, 87.269, 225.536
2965, 36, 188, 87.2017, 225.615
2966, 36, 188, 87.1812, 225.696
2967, 36, 188, 87.1743, 225.776
2968, 36, 188, 87.1589, 225.855
2969, 36, 188, 87.1844, 225.951
2970, 36, 188, 87.1683, 226.032
2971, 36, 188, 87.1595, 226.112
2972, 36, 188, 87.1427, 226.192
2973, 36, 188, 87.1259, 226.272
2974, 36, 188, 87.1811, 226.352
2975, 36, 188, 87.1677, 226.439
2976, 36, 188, 87.1542, 226.52
2977, 36, 188, 87.1889, 226.6
2978, 36, 188, 87.1407, 226.68
2979, 36, 188, 87.1287, 226.76
2980, 36, 188, 87.1126, 226.839
2981, 36, 188, 87.1081, 226.919
2982, 36, 188, 87.1068, 226.999
2983, 36, 188, 87.1055, 227.079
2984, 36, 188, 87.0978, 227.161
2985, 36, 187, 87.2395, 227.241
2986, 36, 187, 87.2234, 227.321
2987, 36, 187, 87.1793, 227.401
2988, 36, 187, 87.158, 227.481
2989, 36, 187, 87.1278, 227.568
2990, 36, 187, 87.1231, 227.648
2991, 36, 186, 87.2859, 227.728
2992, 36, 186, 87.2856, 227.81
2993, 36, 186, 87.2818, 227.89
2994, 36, 186, 87.282, 227.97
2995, 36, 186, 87.2446, 228.05
2996, 36, 186, 87.2232, 228.13
2997, 36, 186, 87.1558, 228.21
2998, 36, 186, 87.1345, 228.29
2999, 36, 186, 87.1255, 228.371
