Seed is: 59
Number of samples is: 3000
Simulation name is: Simulation_2TV_10x10.sim
TimeStep, Distraction Rate, Missed States, Model Accuracy, Time (ms)
0, 0, 732, 0, 7e-05
1, 0, 731, 0.763197, 0.064492
2, 0, 730, 1.52639, 0.127362
3, 0, 729, 2.28959, 0.189591
4, 0, 729, 1.91606, 0.25233
5, 0, 728, 2.67926, 0.31508
6, 0, 727, 3.44245, 0.377078
7, 0, 726, 3.21026, 0.439206
8, 0, 725, 3.97346, 0.501745
9, 0, 724, 4.73665, 0.564585
10, 1, 723, 5.73665, 0.626743
11, 1, 722, 6.49985, 0.689182
12, 1, 721, 7.26305, 0.751962
13, 1, 721, 6.88951, 0.814431
14, 1, 720, 6.65732, 0.87709
15, 1, 719, 8.00548, 0.939669
16, 1, 719, 7.63195, 1.00251
17, 1, 719, 7.25841, 1.06537
18, 1, 718, 8.02161, 1.12805
19, 1, 717, 8.78481, 1.19061
20, 1, 716, 9.78481, 1.25386
21, 1, 716, 9.36977, 1.31683
22, 1, 716, 9.19985, 1.37919
23, 1, 715, 10.1998, 1.44238
24, 1, 715, 9.78481, 1.50511
25, 1, 714, 10.548, 1.56798
26, 1, 713, 11.3112, 1.63081
27, 1, 713, 11.1583, 1.69365
28, 1, 713, 10.6733, 1.75646
29, 1, 713, 10.5204, 1.81949
30, 1, 712, 11.2836, 1.88238
31, 1, 711, 12.0468, 1.94568
32, 1, 711, 11.6732, 2.00852
33, 1, 711, 11.2997, 2.07176
34, 1, 711, 10.9262, 2.13481
35, 1, 711, 10.5526, 2.19758
36, 1, 711, 10.3997, 2.26036
37, 1, 711, 10.2468, 2.32288
38, 1, 711, 10.163, 2.38782
39, 1, 711, 9.99305, 2.45111
40, 1, 711, 9.89994, 2.51437
41, 1, 710, 10.6631, 2.57755
42, 1, 709, 11.6631, 2.64058
43, 1, 708, 12.4263, 2.7227
44, 1, 707, 13.1895, 2.78701
45, 1, 706, 13.9527, 2.85068
46, 1, 705, 14.3055, 2.91444
47, 1, 705, 13.8205, 2.98706
48, 1, 705, 13.447, 3.06278
49, 2, 704, 14.447, 3.1271
50, 2, 704, 14.2941, 3.1917
51, 2, 703, 14.5354, 3.25512
52, 2, 703, 14.3309, 3.31838
53, 2, 703, 14.2471, 3.38215
54, 2, 703, 14.1941, 3.44573
55, 2, 703, 14.1103, 3.50883
56, 2, 702, 15.1103, 3.57248
57, 2, 701, 15.8735, 3.63535
58, 2, 700, 16.6367, 3.69837
59, 2, 699, 17.3999, 3.76241
60, 2, 699, 17.3161, 3.82587
61, 2, 698, 18.0793, 3.88976
62, 2, 697, 18.8425, 3.95358
63, 2, 697, 18.6895, 4.01731
64, 2, 697, 18.6365, 4.08027
65, 2, 697, 18.5999, 4.14384
66, 2, 697, 18.541, 4.21043
67, 2, 697, 18.5004, 4.27425
68, 2, 697, 18.1269, 4.33766
69, 2, 697, 17.7118, 4.40115
70, 2, 697, 17.5419, 4.46524
71, 2, 696, 18.3051, 4.5281
72, 3, 696, 17.8901, 4.59214
73, 4, 696, 17.475, 4.65724
74, 5, 696, 17.3051, 4.72133
75, 6, 696, 17.1352, 4.78539
76, 7, 696, 17.0421, 4.84964
77, 8, 696, 16.949, 4.91333
78, 8, 696, 16.8652, 4.99624
79, 8, 695, 17.6284, 5.06061
80, 8, 694, 17.3962, 5.12488
81, 8, 693, 18.1594, 5.18863
82, 8, 692, 18.9226, 5.25384
83, 8, 691, 19.9226, 5.31826
84, 8, 690, 20.6858, 5.39124
85, 8, 689, 21.449, 5.45613
86, 8, 688, 22.2122, 5.52093
87, 8, 687, 22.9754, 5.5851
88, 8, 687, 22.6018, 5.64958
89, 8, 687, 22.2283, 5.7139
90, 8, 686, 22.9915, 5.77799
91, 8, 685, 23.7547, 5.84273
92, 8, 685, 23.3811, 5.90777
93, 8, 684, 24.1443, 5.97187
94, 8, 683, 24.9075, 6.0364
95, 8, 682, 25.6707, 6.10093
96, 8, 681, 26.4339, 6.16571
97, 8, 680, 27.1971, 6.23261
98, 8, 679, 27.9603, 6.30598
99, 8, 678, 28.7235, 6.37148
100, 8, 677, 29.7235, 6.43665
101, 8, 676, 29.4913, 6.50134
102, 8, 676, 29.0763, 6.56744
103, 8, 675, 29.8395, 6.63389
104, 8, 674, 30.6027, 6.69866
105, 8, 673, 31.3659, 6.76361
106, 8, 672, 32.1291, 6.82831
107, 8, 671, 32.8923, 6.89332
108, 8, 670, 33.8923, 6.95852
109, 8, 669, 34.6555, 7.02332
110, 8, 669, 34.2819, 7.08825
111, 8, 668, 35.0451, 7.15318
112, 8, 667, 36.0451, 7.21803
113, 8, 666, 36.8083, 7.28294
114, 8, 665, 37.8083, 7.34793
115, 8, 664, 38.5715, 7.4128
116, 8, 663, 39.3347, 7.50509
117, 8, 663, 38.9612, 7.57105
118, 8, 662, 38.729, 7.63629
119, 8, 661, 39.729, 7.70107
120, 8, 660, 41.0772, 7.76656
121, 8, 659, 41.8404, 7.84801
122, 8, 659, 41.4253, 7.91395
123, 8, 659, 41.0518, 7.97927
124, 8, 658, 41.815, 8.04464
125, 8, 658, 41.4415, 8.11015
126, 8, 657, 42.4415, 8.17528
127, 8, 657, 42.0679, 8.24046
128, 8, 657, 41.6529, 8.30565
129, 8, 656, 41.4207, 8.37159
130, 8, 655, 42.7689, 8.43727
131, 8, 654, 43.532, 8.50347
132, 8, 653, 44.2952, 8.5691
133, 8, 652, 45.0584, 8.63462
134, 8, 651, 44.8263, 8.70005
135, 8, 650, 45.5894, 8.76545
136, 8, 649, 46.3526, 8.8312
137, 8, 648, 47.1158, 8.8972
138, 8, 647, 47.879, 8.96547
139, 8, 646, 48.6422, 9.03166
140, 8, 645, 49.4054, 9.09756
141, 8, 644, 50.1686, 9.16373
142, 8, 644, 49.7951, 9.22978
143, 8, 644, 49.4216, 9.29542
144, 8, 643, 50.4216, 9.36164
145, 8, 643, 50.048, 9.42766
146, 8, 643, 49.6745, 9.49322
147, 8, 642, 50.4377, 9.5595
148, 8, 641, 51.7859, 9.63478
149, 8, 641, 51.3708, 9.70084
150, 8, 640, 52.134, 9.76693
151, 8, 640, 51.6491, 9.83268
152, 8, 640, 51.2755, 9.89847
153, 8, 639, 52.0387, 9.96443
154, 8, 639, 51.6652, 10.0303
155, 8, 638, 52.4284, 10.0966
156, 8, 638, 52.0548, 10.1625
157, 8, 637, 52.818, 10.2284
158, 8, 636, 53.5812, 10.2943
159, 8, 635, 54.3444, 10.3606
160, 8, 634, 55.3444, 10.4269
161, 8, 633, 56.1076, 10.4936
162, 8, 632, 56.8708, 10.5601
163, 8, 632, 56.4973, 10.6265
164, 8, 631, 57.2605, 10.6929
165, 8, 631, 57.1076, 10.7594
166, 8, 631, 56.734, 10.8255
167, 8, 630, 57.4972, 10.8918
168, 8, 629, 58.2604, 10.961
169, 8, 628, 59.0236, 11.0275
170, 8, 627, 59.7868, 11.0942
171, 8, 626, 60.55, 11.1607
172, 8, 625, 61.3132, 11.2276
173, 8, 624, 62.0764, 11.2941
174, 8, 624, 61.7029, 11.3609
175, 8, 623, 62.7029, 11.4275
176, 8, 622, 63.4661, 11.4942
177, 8, 621, 64.4661, 11.561
178, 8, 620, 64.2339, 11.6278
179, 8, 619, 64.9971, 11.6948
180, 8, 619, 64.582, 11.7617
181, 8, 619, 64.2085, 11.8285
182, 8, 618, 65.5567, 11.8969
183, 8, 617, 66.3199, 11.9641
184, 8, 616, 67.3199, 12.0315
185, 8, 616, 66.8349, 12.0985
186, 8, 615, 67.5981, 12.1652
187, 8, 614, 68.3613, 12.2324
188, 8, 614, 67.9878, 12.3
189, 8, 613, 68.9878, 12.367
190, 8, 612, 69.751, 12.4341
191, 8, 612, 69.3359, 12.5011
192, 8, 611, 70.0991, 12.5682
193, 8, 610, 70.8623, 12.635
194, 8, 610, 70.4888, 12.7023
195, 8, 609, 71.252, 12.7695
196, 8, 609, 71.0821, 12.8368
197, 8, 609, 70.7085, 12.904
198, 8, 609, 70.335, 12.9784
199, 8, 608, 71.0982, 13.0456
200, 8, 608, 70.7246, 13.1129
201, 8, 608, 70.3511, 13.18
202, 8, 607, 71.1143, 13.2473
203, 8, 607, 70.7408, 13.3143
204, 8, 607, 70.3672, 13.3815
205, 8, 606, 71.1304, 13.4489
206, 8, 606, 70.7569, 13.5162
207, 8, 606, 70.3834, 13.5923
208, 8, 605, 71.1466, 13.6596
209, 8, 604, 71.9098, 13.7289
210, 8, 604, 71.5362, 13.7966
211, 8, 604, 71.3833, 13.8643
212, 8, 604, 71.2304, 13.932
213, 8, 604, 71.0774, 13.9995
214, 8, 604, 70.6624, 14.0668
215, 8, 604, 70.2889, 14.1346
216, 8, 603, 71.0521, 14.2026
217, 8, 603, 70.6785, 14.2704
218, 8, 603, 70.5256, 14.3382
219, 8, 603, 70.1521, 14.4059
220, 8, 602, 69.9199, 14.4735
221, 8, 602, 69.5463, 14.5415
222, 8, 602, 69.3934, 14.6092
223, 8, 602, 69.0199, 14.6773
224, 8, 601, 70.0199, 14.7451
225, 8, 601, 69.8669, 14.813
226, 8, 601, 69.697, 14.881
227, 8, 601, 69.5441, 14.9487
228, 8, 601, 69.129, 15.0162
229, 8, 601, 68.9761, 15.0839
230, 8, 601, 68.8232, 15.1514
231, 8, 601, 68.6702, 15.2192
232, 8, 600, 68.86, 15.2871
233, 8, 599, 69.6232, 15.3572
234, 8, 598, 70.3864, 15.4256
235, 8, 598, 70.2334, 15.4936
236, 8, 598, 69.8599, 15.5616
237, 8, 598, 69.7761, 15.6297
238, 8, 598, 69.6232, 15.6979
239, 8, 598, 69.5301, 15.7657
240, 8, 598, 69.1565, 15.8332
241, 8, 597, 69.5093, 15.901
242, 8, 597, 69.3564, 15.9696
243, 8, 597, 69.2459, 16.0375
244, 8, 597, 69.0759, 16.1059
245, 8, 597, 68.9921, 16.1915
246, 8, 597, 68.899, 16.2605
247, 8, 597, 68.7461, 16.3356
248, 8, 597, 68.5762, 16.4036
249, 8, 597, 68.0912, 16.4715
250, 8, 596, 68.8544, 16.5395
251, 8, 596, 68.4809, 16.6077
252, 8, 596, 68.422, 16.6757
253, 8, 595, 68.7748, 16.744
254, 8, 595, 68.691, 16.8122
255, 8, 595, 68.6072, 16.8804
256, 8, 595, 68.2336, 16.9484
257, 8, 594, 68.9968, 17.018
258, 8, 593, 69.9968, 17.0864
259, 8, 593, 69.5818, 17.1548
260, 8, 592, 70.345, 17.2237
261, 8, 591, 71.1082, 17.292
262, 8, 590, 72.4563, 17.3603
263, 8, 590, 72.0828, 17.4285
264, 8, 590, 71.999, 17.497
265, 8, 590, 71.8461, 17.5654
266, 8, 589, 72.6093, 17.6337
267, 8, 589, 72.2357, 17.7019
268, 8, 588, 72.9989, 17.7704
269, 8, 587, 72.7667, 17.8387
270, 8, 586, 73.5299, 17.9072
271, 8, 585, 74.2931, 17.9756
272, 8, 585, 73.9196, 18.0439
273, 8, 585, 73.7497, 18.1126
274, 8, 585, 73.3761, 18.1806
275, 8, 585, 73.2232, 18.2492
276, 8, 584, 73.9864, 18.3176
277, 8, 583, 74.7496, 18.3865
278, 8, 582, 75.5128, 18.4553
279, 8, 582, 75.1393, 18.5239
280, 8, 582, 74.7657, 18.5924
281, 8, 582, 74.3922, 18.6608
282, 8, 581, 75.1554, 18.7296
283, 8, 580, 74.9232, 18.7984
284, 8, 579, 75.6864, 18.8672
285, 8, 579, 75.5335, 18.936
286, 8, 579, 75.1599, 19.0048
287, 8, 579, 75.1069, 19.0735
288, 8, 579, 75.0231, 19.1423
289, 8, 579, 74.9558, 19.2115
290, 8, 579, 74.8627, 19.2806
291, 8, 579, 74.7098, 19.3536
292, 8, 579, 74.3362, 19.4228
293, 8, 578, 75.0994, 19.4917
294, 8, 578, 74.7259, 19.5612
295, 8, 578, 74.3523, 19.6386
296, 8, 578, 73.9788, 19.7074
297, 8, 578, 73.6053, 19.7766
298, 8, 577, 74.3685, 19.8459
299, 8, 576, 75.1317, 19.9152
300, 8, 576, 74.7581, 19.9842
301, 8, 576, 74.3846, 20.0531
302, 8, 576, 74.2317, 20.122
303, 8, 576, 74.0787, 20.1912
304, 8, 575, 75.0787, 20.2603
305, 8, 575, 74.9949, 20.3293
306, 8, 575, 74.9111, 20.3983
307, 8, 575, 74.7582, 20.4673
308, 8, 575, 74.6053, 20.5562
309, 8, 575, 74.2317, 20.6423
310, 8, 575, 73.7468, 20.7543
311, 8, 575, 73.5939, 20.8388
312, 8, 575, 73.4409, 20.9167
313, 8, 574, 73.6823, 21.0382
314, 8, 574, 73.2672, 21.1343
315, 8, 574, 72.8522, 21.2237
316, 8, 574, 72.6476, 21.2944
317, 8, 574, 72.4431, 21.3639
318, 8, 573, 73.2063, 21.4332
319, 8, 572, 73.9695, 21.5024
320, 8, 572, 73.596, 21.5716
321, 8, 572, 73.443, 21.6408
322, 8, 572, 73.3592, 21.7098
323, 8, 572, 73.2063, 21.7789
324, 8, 572, 73.0364, 21.8483
325, 8, 572, 72.9433, 21.9171
326, 8, 572, 72.7733, 21.9863
327, 8, 572, 72.7145, 22.0558
328, 8, 572, 72.6738, 22.1249
329, 8, 572, 72.5633, 22.1936
330, 8, 572, 72.4795, 22.2623
331, 8, 572, 72.4389, 22.3311
332, 8, 572, 72.3859, 22.4057
333, 8, 572, 72.2754, 22.475
334, 8, 571, 72.6281, 22.5442
335, 8, 571, 72.1432, 22.6137
336, 8, 571, 71.9733, 22.6828
337, 8, 571, 71.8895, 22.752
338, 8, 571, 71.7365, 22.8209
339, 8, 571, 71.6835, 22.8903
340, 8, 571, 71.6162, 22.9763
341, 8, 571, 71.5231, 23.0463
342, 8, 571, 71.4642, 23.1159
343, 8, 571, 71.3968, 23.1859
344, 8, 571, 71.0233, 23.2546
345, 8, 571, 70.8704, 23.3247
346, 8, 571, 70.7174, 23.3945
347, 8, 570, 71.4806, 23.4635
348, 8, 569, 71.722, 23.5362
349, 8, 569, 71.569, 23.6053
350, 8, 569, 71.4852, 23.6745
351, 8, 569, 71.4014, 23.7438
352, 8, 569, 71.1969, 23.813
353, 8, 568, 71.9601, 23.8819
354, 8, 567, 72.9601, 23.9524
355, 8, 566, 73.7233, 24.0219
356, 8, 566, 73.3083, 24.0908
357, 8, 566, 72.9347, 24.1601
358, 8, 565, 73.2875, 24.2295
359, 8, 565, 72.8725, 24.2987
360, 8, 564, 73.6357, 24.3679
361, 8, 563, 74.3988, 24.4376
362, 8, 563, 73.9139, 24.507
363, 8, 563, 73.761, 24.5855
364, 8, 562, 74.5242, 24.655
365, 8, 561, 74.292, 24.7261
366, 8, 561, 73.9184, 24.796
367, 8, 560, 74.6816, 24.8659
368, 8, 559, 75.6816, 24.9357
369, 8, 558, 76.6816, 25.0056
370, 8, 558, 76.2666, 25.0756
371, 8, 557, 77.0298, 25.1457
372, 8, 556, 78.0298, 25.2161
373, 8, 556, 77.6147, 25.286
374, 8, 556, 77.4448, 25.3557
375, 8, 555, 78.208, 25.4261
376, 8, 554, 79.208, 25.4961
377, 8, 554, 78.793, 25.5661
378, 8, 553, 79.5562, 25.6359
379, 8, 552, 80.3194, 25.7061
380, 8, 552, 79.9458, 25.7774
381, 8, 551, 80.709, 25.8468
382, 8, 551, 80.5561, 25.9165
383, 8, 551, 80.3862, 25.986
384, 8, 551, 80.0126, 26.0559
385, 8, 551, 79.5976, 26.1257
386, 8, 551, 79.4447, 26.1953
387, 8, 550, 79.7974, 26.2648
388, 8, 550, 79.4239, 26.3475
389, 8, 549, 80.1871, 26.4173
390, 8, 549, 80.0342, 26.487
391, 8, 549, 79.6606, 26.5568
392, 8, 549, 79.5768, 26.6263
393, 8, 548, 80.34, 26.6963
394, 8, 547, 81.1032, 26.7663
395, 8, 546, 81.8664, 26.8366
396, 8, 545, 82.6296, 26.907
397, 8, 544, 82.3974, 26.9772
398, 8, 544, 82.0239, 27.0472
399, 8, 544, 81.9308, 27.1173
400, 8, 544, 81.8778, 27.1873
401, 8, 544, 81.5043, 27.2602
402, 8, 543, 82.2675, 27.3308
403, 8, 543, 82.1837, 27.4007
404, 8, 543, 81.8101, 27.4705
405, 8, 542, 83.1583, 27.5405
406, 8, 542, 82.7847, 27.6105
407, 8, 542, 82.7317, 27.6801
408, 8, 542, 82.5788, 27.7498
409, 8, 541, 82.8202, 27.8198
410, 8, 541, 82.7836, 27.8898
411, 8, 541, 82.6905, 27.9597
412, 8, 541, 82.4859, 28.0316
413, 8, 541, 82.316, 28.1015
414, 8, 541, 82.2322, 28.1715
415, 8, 541, 82.1792, 28.2416
416, 8, 541, 82.1262, 28.3117
417, 8, 541, 81.9733, 28.3818
418, 8, 541, 81.8203, 28.452
419, 8, 541, 81.7797, 28.5219
420, 8, 541, 81.7267, 28.6013
421, 8, 541, 81.6737, 28.6898
422, 8, 541, 81.6207, 28.7745
423, 8, 541, 81.9357, 28.8496
424, 8, 541, 81.7828, 28.9197
425, 8, 541, 81.6298, 28.9897
426, 8, 541, 81.5768, 29.0596
427, 8, 540, 82.34, 29.1299
428, 8, 539, 83.1032, 29.2001
429, 8, 539, 83.0194, 29.2704
430, 8, 539, 82.9829, 29.3406
431, 8, 539, 82.8991, 29.4109
432, 8, 538, 83.6623, 29.4812
433, 8, 538, 83.2887, 29.5516
434, 8, 538, 83.2298, 29.633
435, 8, 538, 83.146, 29.7035
436, 8, 538, 83.0622, 29.7904
437, 8, 538, 82.9093, 29.8614
438, 8, 538, 82.7564, 29.9318
439, 8, 538, 82.6726, 30.002
440, 8, 538, 82.299, 30.0744
441, 8, 538, 82.2152, 30.1446
442, 8, 538, 82.0623, 30.2152
443, 8, 538, 81.6473, 30.2856
444, 8, 538, 81.5635, 30.3555
445, 8, 538, 81.4797, 30.4256
446, 8, 538, 81.3959, 30.5064
447, 8, 538, 81.3121, 30.577
448, 8, 538, 81.268, 30.647
449, 8, 538, 81.2382, 30.7166
450, 8, 538, 81.1942, 30.7864
451, 8, 538, 81.1412, 30.8564
452, 8, 538, 81.0881, 30.9263
453, 8, 538, 80.995, 30.9984
454, 8, 538, 80.9361, 31.0686
455, 8, 538, 80.8955, 31.1388
456, 8, 538, 80.8653, 31.209
457, 8, 538, 80.8426, 31.2812
458, 8, 538, 80.8123, 31.3514
459, 8, 538, 80.7593, 31.4215
460, 8, 538, 80.7227, 31.4916
461, 8, 538, 80.5698, 31.5618
462, 8, 537, 80.8112, 31.6324
463, 8, 537, 80.7523, 31.7027
464, 8, 537, 80.6418, 31.7744
465, 8, 537, 80.5888, 31.8438
466, 8, 537, 80.4783, 31.9229
467, 8, 537, 80.3851, 31.9938
468, 8, 537, 80.3263, 32.0699
469, 8, 537, 80.2856, 32.1396
470, 8, 536, 80.4753, 32.2094
471, 8, 536, 80.3648, 32.2794
472, 8, 536, 80.2975, 32.3663
473, 8, 536, 80.2678, 32.448
474, 8, 536, 80.2004, 32.5266
475, 8, 536, 80.4223, 32.5979
476, 8, 536, 80.3385, 32.6677
477, 8, 536, 80.3118, 32.7415
478, 8, 536, 80.5163, 32.8305
479, 8, 536, 80.4757, 32.9013
480, 8, 536, 80.4459, 32.9995
481, 8, 536, 80.3929, 33.0705
482, 8, 536, 79.908, 33.1405
483, 8, 536, 79.755, 33.2103
484, 8, 536, 79.6021, 33.2801
485, 8, 536, 79.5432, 33.3496
486, 8, 536, 79.0582, 33.4194
487, 8, 536, 78.8883, 33.4894
488, 8, 536, 78.7952, 33.5592
489, 8, 536, 78.7363, 33.6292
490, 8, 536, 78.5834, 33.6991
491, 8, 536, 78.2098, 33.7688
492, 8, 536, 78.126, 33.8387
493, 8, 536, 77.9731, 33.9082
494, 8, 536, 77.8032, 33.979
495, 8, 536, 77.7502, 34.0485
496, 8, 536, 77.5456, 34.118
497, 8, 536, 77.505, 34.2037
498, 8, 536, 77.4753, 34.2739
499, 8, 535, 78.2384, 34.3441
500, 8, 535, 77.8649, 34.414
501, 8, 535, 77.8445, 34.4838
502, 8, 535, 77.8217, 34.5535
503, 8, 535, 77.5177, 34.623
504, 8, 535, 77.3477, 34.6926
505, 8, 535, 77.2546, 34.7639
506, 8, 535, 77.2181, 34.8341
507, 8, 535, 77.1343, 34.904
508, 8, 535, 77.0412, 34.9739
509, 8, 535, 77.0144, 35.044
510, 8, 535, 76.9737, 35.114
511, 8, 535, 76.944, 35.184
512, 8, 535, 76.9213, 35.2541
513, 8, 535, 76.8683, 35.327
514, 8, 535, 76.8094, 35.3985
515, 8, 535, 76.7505, 35.4686
516, 8, 535, 76.7098, 35.5389
517, 8, 535, 76.6894, 35.6092
518, 8, 535, 76.6528, 35.6791
519, 8, 534, 77.416, 35.7495
520, 8, 534, 77.3981, 35.8198
521, 8, 534, 77.3615, 35.8901
522, 8, 534, 77.2777, 35.9602
523, 8, 534, 77.2598, 36.0302
524, 8, 534, 77.1493, 36.1005
525, 8, 534, 77.1266, 36.1708
526, 8, 533, 78.4747, 36.2413
527, 8, 533, 78.1012, 36.322
528, 8, 533, 78.0174, 36.3925
529, 8, 533, 78.0029, 36.4625
530, 8, 533, 77.9356, 36.5433
531, 8, 533, 77.9176, 36.6312
532, 8, 533, 77.4327, 36.7155
533, 8, 532, 78.1959, 36.8243
534, 8, 531, 78.9591, 36.8956
535, 8, 530, 79.7223, 37.0039
536, 8, 530, 79.5177, 37.1071
537, 8, 530, 79.1442, 37.1933
538, 8, 529, 79.9074, 37.2658
539, 8, 529, 79.8236, 37.3397
540, 8, 528, 80.0649, 37.4205
541, 8, 528, 79.912, 37.4913
542, 8, 528, 79.5385, 37.562
543, 8, 528, 79.4855, 37.6328
544, 8, 528, 79.3325, 37.703
545, 8, 528, 79.128, 37.7736
546, 8, 528, 79.0442, 37.844
547, 8, 528, 79.0076, 37.9147
548, 8, 527, 79.1973, 37.9854
549, 8, 527, 79.4193, 38.0559
550, 8, 527, 79.3663, 38.1261
551, 8, 527, 79.2133, 38.1962
552, 8, 527, 79.1603, 38.2668
553, 8, 527, 78.7868, 38.3374
554, 8, 526, 79.0281, 38.4166
555, 8, 525, 79.7913, 38.4874
556, 8, 524, 80.7913, 38.5582
557, 8, 524, 80.4178, 38.629
558, 8, 524, 80.0028, 38.6995
559, 8, 524, 79.6292, 38.7701
560, 8, 523, 80.3924, 38.8407
561, 8, 523, 80.2395, 38.9108
562, 8, 523, 79.866, 38.9814
563, 8, 523, 79.4924, 39.052
564, 8, 523, 79.3819, 39.1223
565, 8, 522, 80.1451, 39.1935
566, 8, 522, 79.7716, 39.2659
567, 8, 522, 79.6187, 39.3365
568, 8, 521, 79.3865, 39.4073
569, 8, 521, 79.0129, 39.4781
570, 8, 521, 78.86, 39.5489
571, 8, 520, 79.023, 39.6418
572, 8, 520, 78.8185, 39.714
573, 8, 520, 78.6656, 39.7849
574, 8, 520, 78.6126, 39.8552
575, 8, 520, 78.5685, 39.9287
576, 8, 520, 78.5011, 40.0174
577, 8, 520, 78.4173, 40.1028
578, 8, 519, 79.7655, 40.2195
579, 8, 518, 80.5287, 40.298
580, 8, 518, 80.3758, 40.4124
581, 8, 518, 80.292, 40.5142
582, 8, 518, 80.2758, 40.5984
583, 8, 518, 80.0949, 40.6695
584, 8, 518, 80.0543, 40.7402
585, 8, 518, 80.0246, 40.8129
586, 8, 518, 79.9948, 40.8841
587, 8, 518, 79.9721, 40.9553
588, 8, 518, 79.5986, 41.0269
589, 8, 518, 79.5545, 41.0982
590, 8, 518, 79.5179, 41.1693
591, 8, 518, 79.4341, 41.2402
592, 8, 518, 79.3811, 41.3133
593, 8, 517, 79.5223, 41.3851
594, 8, 517, 79.4693, 41.4562
595, 8, 517, 79.4327, 41.5275
596, 8, 517, 79.4113, 41.6009
597, 8, 517, 79.3845, 41.6722
598, 8, 517, 79.3666, 41.7435
599, 8, 517, 79.33, 41.815
600, 8, 517, 79.2935, 41.8882
601, 8, 517, 79.2569, 41.9596
602, 8, 517, 79.2271, 42.0316
603, 8, 517, 79.2044, 42.1039
604, 8, 517, 79.1206, 42.175
605, 8, 517, 79.0275, 42.2461
606, 8, 517, 78.9686, 42.3175
607, 8, 517, 78.9013, 42.3889
608, 8, 517, 78.8572, 42.4601
609, 8, 517, 78.827, 42.5315
610, 8, 517, 78.7904, 42.6028
611, 8, 517, 78.7463, 42.6738
612, 8, 517, 78.7236, 42.7451
613, 8, 517, 78.6933, 42.8162
614, 8, 517, 78.5735, 42.8873
615, 8, 517, 78.4206, 42.9757
616, 8, 517, 78.4061, 43.0476
617, 8, 517, 78.3941, 43.1187
618, 8, 517, 78.3841, 43.1899
619, 8, 517, 78.2994, 43.261
620, 8, 516, 78.4362, 43.3324
621, 8, 516, 78.4207, 43.4039
622, 8, 516, 78.394, 43.4749
623, 8, 516, 78.3102, 43.5462
624, 8, 516, 78.3622, 43.6175
625, 8, 516, 78.3536, 43.6914
626, 8, 516, 78.2909, 43.7624
627, 8, 516, 78.2682, 43.8335
628, 8, 516, 78.2503, 43.9047
629, 8, 516, 78.1973, 43.9759
630, 8, 516, 78.1614, 44.0468
631, 8, 516, 78.1346, 44.1178
632, 8, 516, 78.0981, 44.1893
633, 8, 516, 78.0767, 44.2628
634, 8, 516, 78.0499, 44.3339
635, 8, 516, 78.0345, 44.4052
636, 8, 516, 78.014, 44.4759
637, 8, 516, 78.0396, 44.547
638, 8, 516, 78.0182, 44.6178
639, 8, 516, 78.0037, 44.6889
640, 8, 516, 78.0413, 44.7607
641, 8, 516, 78.0293, 44.833
642, 8, 516, 78.0025, 44.9038
643, 8, 516, 77.9728, 44.9745
644, 8, 516, 77.946, 45.0454
645, 8, 516, 77.9255, 45.1161
646, 8, 516, 77.9028, 45.1867
647, 8, 516, 77.8824, 45.2775
648, 8, 516, 77.8662, 45.3492
649, 8, 516, 77.8483, 45.4199
650, 8, 516, 77.8315, 45.4907
651, 8, 516, 77.8041, 45.5614
652, 8, 516, 77.7836, 45.632
653, 8, 516, 77.7736, 45.7027
654, 8, 516, 77.7574, 45.7736
655, 8, 516, 77.2725, 45.844
656, 8, 516, 77.0091, 45.9146
657, 8, 516, 76.9725, 45.9854
658, 8, 516, 76.8887, 46.056
659, 8, 515, 77.0784, 46.127
660, 8, 515, 77.0516, 46.1974
661, 8, 515, 76.9411, 46.2683
662, 8, 515, 76.8306, 46.3547
663, 8, 515, 76.7633, 46.4255
664, 8, 515, 76.5588, 46.4963
665, 8, 515, 76.5285, 46.5667
666, 8, 515, 76.5106, 46.6375
667, 8, 515, 76.4892, 46.7086
668, 8, 515, 76.5563, 46.7792
669, 8, 515, 76.5084, 46.8512
670, 8, 515, 76.4905, 46.9215
671, 8, 515, 76.476, 46.9917
672, 8, 515, 76.4394, 47.0621
673, 8, 515, 76.432, 47.1324
674, 8, 515, 76.4256, 47.2024
675, 8, 515, 76.3882, 47.2726
676, 8, 515, 76.3614, 47.3442
677, 8, 515, 76.3557, 47.4146
678, 8, 515, 76.3507, 47.4845
679, 8, 515, 76.3209, 47.5548
680, 8, 515, 76.3064, 47.6259
681, 8, 515, 76.2944, 47.6963
682, 8, 515, 76.2843, 47.7667
683, 8, 515, 76.2639, 47.8365
684, 8, 515, 76.2264, 47.9077
685, 8, 515, 76.2119, 47.9779
686, 8, 515, 76.1851, 48.048
687, 8, 515, 76.1014, 48.1182
688, 8, 515, 76.0883, 48.1887
689, 8, 515, 76.1463, 48.2592
690, 8, 515, 76.1196, 48.3295
691, 8, 515, 76.0091, 48.4
692, 8, 515, 75.6355, 48.4703
693, 8, 515, 75.262, 48.5411
694, 8, 515, 75.209, 48.6292
695, 8, 515, 75.1252, 48.7284
696, 8, 515, 74.9207, 48.8129
697, 8, 515, 74.7677, 48.8833
698, 8, 515, 74.3942, 48.9536
699, 8, 515, 73.9791, 49.0237
700, 8, 514, 74.7423, 49.0945
701, 8, 514, 74.5894, 49.1648
702, 8, 513, 74.9422, 49.2354
703, 8, 513, 74.7893, 49.3059
704, 8, 513, 74.6193, 49.3762
705, 8, 513, 74.5262, 49.4491
706, 8, 513, 74.1112, 49.5196
707, 8, 513, 73.9066, 49.5907
708, 8, 513, 73.7367, 49.6752
709, 8, 513, 73.3632, 49.7459
710, 8, 513, 73.2527, 49.8167
711, 8, 513, 73.212, 49.887
712, 8, 513, 73.0591, 49.9571
713, 8, 513, 72.5741, 50.0273
714, 8, 513, 72.5211, 50.0976
715, 8, 513, 72.1476, 50.1675
716, 8, 512, 72.3106, 50.2383
717, 8, 512, 71.9371, 50.3085
718, 8, 512, 71.9005, 50.3811
719, 8, 512, 71.8708, 50.4518
720, 8, 512, 71.787, 50.5598
721, 8, 512, 71.6171, 50.6315
722, 8, 512, 71.524, 50.7026
723, 8, 512, 71.4651, 50.7734
724, 8, 512, 71.4244, 50.8443
725, 8, 512, 71.3947, 50.9322
726, 8, 512, 71.3719, 51.0027
727, 8, 512, 71.354, 51.0887
728, 8, 512, 71.2011, 51.1601
729, 8, 512, 71.0482, 51.2303
730, 8, 512, 71.0214, 51.3004
731, 8, 512, 70.9684, 51.3708
732, 8, 512, 70.8846, 51.4415
733, 8, 512, 70.8172, 51.512
734, 8, 512, 70.8027, 51.5828
735, 8, 512, 70.7189, 51.6534
736, 8, 512, 70.566, 51.7237
737, 8, 512, 70.554, 51.7941
738, 8, 512, 70.501, 51.8651
739, 8, 512, 70.4569, 51.9531
740, 8, 512, 70.4469, 52.0242
741, 8, 512, 70.3939, 52.0948
742, 8, 512, 69.9089, 52.1651
743, 8, 511, 70.6721, 52.2357
744, 8, 511, 70.579, 52.31
745, 8, 511, 70.4952, 52.3804
746, 8, 511, 70.4279, 52.4512
747, 8, 511, 70.3913, 52.5221
748, 8, 511, 70.3472, 52.5926
749, 8, 511, 70.2634, 52.6631
750, 8, 511, 70.1796, 52.7341
751, 8, 511, 70.143, 52.8048
752, 8, 511, 70.09, 52.8754
753, 8, 511, 69.7165, 52.9556
754, 8, 511, 69.6327, 53.0268
755, 8, 511, 69.6059, 53.0974
756, 8, 511, 69.5693, 53.168
757, 8, 511, 69.1958, 53.2387
758, 8, 510, 69.959, 53.3102
759, 8, 509, 70.7222, 53.381
760, 8, 509, 70.5523, 53.4518
761, 8, 509, 70.1788, 53.5224
762, 8, 509, 70.0258, 53.5932
763, 8, 509, 69.9728, 53.6638
764, 8, 509, 69.889, 53.7348
765, 8, 509, 69.8052, 53.8058
766, 8, 508, 70.158, 53.8766
767, 8, 508, 70.0649, 53.9482
768, 8, 508, 69.5799, 54.0191
769, 8, 507, 70.3431, 54.09
770, 8, 507, 69.9696, 54.1606
771, 8, 506, 71.3177, 54.2316
772, 8, 506, 70.9442, 54.3024
773, 8, 506, 70.7913, 54.3742
774, 8, 506, 70.4177, 54.4449
775, 8, 505, 71.1809, 54.5156
776, 8, 504, 71.9441, 54.5866
777, 8, 503, 72.7073, 54.6581
778, 8, 502, 73.4705, 54.7289
779, 8, 501, 74.2337, 54.8015
780, 8, 501, 74.0808, 54.8745
781, 8, 500, 74.2438, 54.9457
782, 9, 500, 74.1849, 55.0172
783, 10, 500, 74.1443, 55.0887
784, 11, 500, 74.1145, 55.1601
785, 11, 500, 74.0472, 55.2312
786, 11, 500, 73.6737, 55.3027
787, 11, 499, 75.0218, 55.3743
788, 11, 498, 75.785, 55.4459
789, 11, 498, 75.5805, 55.5171
790, 11, 498, 75.207, 55.5885
791, 11, 498, 75.37, 55.6595
792, 11, 497, 76.1332, 55.7319
793, 11, 496, 76.8964, 55.821
794, 11, 496, 76.8434, 55.8931
795, 11, 496, 76.4698, 55.9722
796, 11, 496, 76.0963, 56.0438
797, 11, 496, 75.9434, 56.1151
798, 11, 495, 76.7066, 56.1863
799, 11, 495, 76.5536, 56.2577
800, 11, 494, 76.795, 56.3376
801, 11, 494, 76.5904, 56.4187
802, 11, 493, 77.3536, 56.4905
803, 11, 493, 77.2431, 56.5624
804, 11, 492, 78.0063, 56.6344
805, 11, 491, 79.0063, 56.7061
806, 11, 490, 79.7695, 56.7779
807, 11, 490, 79.7106, 56.8513
808, 11, 490, 79.5061, 56.9231
809, 11, 490, 79.1326, 56.9946
810, 11, 489, 79.8958, 57.0664
811, 11, 488, 80.659, 57.138
812, 11, 487, 81.4222, 57.2097
813, 11, 486, 81.7749, 57.2814
814, 11, 486, 81.4014, 57.3533
815, 11, 486, 81.381, 57.425
816, 11, 486, 81.3542, 57.497
817, 11, 486, 81.2012, 57.5685
818, 11, 486, 80.7163, 57.6404
819, 11, 486, 80.3427, 57.7126
820, 11, 486, 80.1898, 57.7846
821, 11, 486, 80.1737, 57.8566
822, 11, 486, 79.8002, 57.9285
823, 11, 485, 80.5634, 58.0018
824, 11, 484, 81.3265, 58.0742
825, 11, 483, 82.0897, 58.1463
826, 11, 482, 83.0897, 58.2185
827, 11, 481, 83.8529, 58.2908
828, 11, 480, 84.6161, 58.3633
829, 11, 479, 85.3793, 58.4358
830, 11, 478, 86.1425, 58.508
831, 11, 477, 86.9057, 58.5806
832, 11, 476, 87.6689, 58.653
833, 11, 475, 88.4321, 58.7257
834, 11, 474, 89.4321, 58.7981
835, 11, 474, 89.0171, 58.8707
836, 11, 473, 89.7803, 58.9433
837, 11, 473, 89.4068, 59.0158
838, 11, 473, 89.0332, 59.0882
839, 11, 472, 89.7964, 59.1606
840, 11, 471, 90.5596, 59.2332
841, 11, 471, 90.4067, 59.3058
842, 11, 471, 90.0331, 59.396
843, 11, 471, 89.6596, 59.4695
844, 11, 470, 90.4228, 59.5424
845, 11, 469, 91.186, 59.623
846, 11, 468, 91.9492, 59.697
847, 11, 467, 92.7124, 59.7704
848, 11, 466, 92.4802, 59.8438
849, 11, 465, 93.2434, 59.918
850, 11, 464, 94.2434, 59.9913
851, 11, 463, 95.2434, 60.0644
852, 11, 462, 96.0066, 60.1383
853, 11, 461, 96.7698, 60.2113
854, 11, 460, 97.533, 60.2845
855, 11, 459, 98.2962, 60.3574
856, 11, 458, 99.2962, 60.4305
857, 11, 457, 100.059, 60.5036
858, 11, 456, 100.823, 60.577
859, 11, 456, 100.449, 60.6506
860, 11, 455, 100.217, 60.7238
861, 11, 454, 100.98, 60.7972
862, 11, 453, 101.743, 60.8706
863, 11, 452, 102.506, 60.9444
864, 11, 451, 102.274, 61.0177
865, 11, 451, 101.901, 61.0913
866, 11, 451, 101.527, 61.1676
867, 11, 450, 102.29, 61.2412
868, 11, 449, 103.054, 61.3146
869, 11, 448, 103.817, 61.3881
870, 11, 447, 104.817, 61.4616
871, 11, 446, 105.17, 61.5354
872, 11, 445, 105.933, 61.6094
873, 11, 444, 107.281, 61.6835
874, 11, 443, 108.044, 61.7578
875, 11, 442, 108.807, 61.8333
876, 11, 441, 109.571, 61.9071
877, 11, 441, 109.197, 61.9806
878, 11, 440, 110.197, 62.0541
879, 11, 440, 109.782, 62.1277
880, 11, 440, 109.408, 62.2015
881, 11, 439, 110.172, 62.2749
882, 11, 438, 110.935, 62.3485
883, 11, 437, 111.935, 62.4218
884, 11, 436, 112.698, 62.4952
885, 11, 436, 112.324, 62.5689
886, 11, 436, 112.271, 62.6424
887, 11, 436, 112.227, 62.7158
888, 11, 436, 112.191, 62.789
889, 11, 436, 112.161, 62.8628
890, 11, 436, 112.134, 62.9364
891, 11, 436, 112.112, 63.0189
892, 11, 436, 112.054, 63.092
893, 11, 436, 112.001, 63.1653
894, 11, 436, 111.89, 63.2395
895, 11, 436, 111.737, 63.3127
896, 11, 436, 111.653, 63.3857
897, 11, 436, 111.633, 63.459
898, 11, 436, 111.596, 63.5322
899, 11, 436, 111.543, 63.6051
900, 11, 435, 111.785, 63.6948
901, 11, 435, 111.58, 63.7688
902, 11, 435, 111.56, 63.8423
903, 11, 435, 111.476, 63.9154
904, 11, 434, 111.625, 63.9889
905, 11, 433, 112.388, 64.0621
906, 11, 433, 112.235, 64.1355
907, 11, 433, 112.03, 64.21
908, 11, 433, 111.657, 64.2833
909, 11, 433, 111.613, 64.3564
910, 11, 433, 111.56, 64.4299
911, 11, 433, 111.407, 64.5031
912, 11, 433, 111.354, 64.5768
913, 11, 432, 111.517, 64.65
914, 11, 432, 111.433, 64.7232
915, 11, 432, 111.396, 64.7961
916, 11, 432, 111.366, 64.8718
917, 11, 432, 110.993, 64.945
918, 11, 431, 111.756, 65.0182
919, 11, 430, 112.519, 65.0917
920, 11, 429, 113.867, 65.1648
921, 11, 428, 114.63, 65.2385
922, 11, 427, 115.394, 65.3121
923, 11, 426, 116.157, 65.3858
924, 11, 426, 115.783, 65.4597
925, 11, 425, 116.546, 65.5335
926, 11, 424, 117.31, 65.6073
927, 11, 423, 118.073, 65.6811
928, 11, 422, 118.836, 65.7552
929, 11, 421, 119.599, 65.8292
930, 11, 420, 120.599, 65.9033
931, 11, 419, 121.362, 65.9789
932, 11, 418, 122.126, 66.0533
933, 11, 417, 122.889, 66.1276
934, 11, 417, 122.515, 66.2016
935, 11, 417, 122.142, 66.2756
936, 11, 417, 121.768, 66.3592
937, 11, 417, 121.395, 66.4336
938, 11, 417, 121.242, 66.5076
939, 11, 416, 122.005, 66.5827
940, 11, 415, 122.768, 66.657
941, 11, 414, 123.768, 66.7311
942, 11, 413, 124.531, 66.8049
943, 11, 412, 125.294, 66.879
944, 11, 411, 126.058, 66.9534
945, 11, 410, 126.821, 67.0277
946, 11, 409, 127.584, 67.102
947, 11, 408, 128.347, 67.1762
948, 11, 407, 129.11, 67.25
949, 11, 406, 129.874, 67.3242
950, 11, 405, 130.637, 67.3982
951, 11, 404, 131.4, 67.4729
952, 11, 403, 132.163, 67.5474
953, 11, 403, 131.79, 67.622
954, 11, 403, 131.637, 67.6963
955, 11, 403, 131.484, 67.7709
956, 11, 403, 131.431, 67.845
957, 11, 403, 131.694, 67.9191
958, 11, 402, 131.835, 67.9932
959, 11, 402, 131.199, 68.0675
960, 11, 402, 130.994, 68.1415
961, 11, 402, 130.941, 68.2154
962, 11, 402, 130.788, 68.2896
963, 11, 402, 130.414, 68.3639
964, 11, 401, 131.178, 68.4383
965, 11, 401, 130.804, 68.5298
966, 11, 401, 130.431, 68.605
967, 11, 401, 130.278, 68.6815
968, 11, 401, 130.194, 68.756
969, 11, 400, 130.435, 68.8304
970, 11, 400, 130.231, 68.9047
971, 11, 400, 129.857, 68.9789
972, 11, 399, 130.62, 69.0533
973, 11, 399, 130.247, 69.1275
974, 11, 398, 130.015, 69.2019
975, 11, 398, 129.53, 69.2762
976, 11, 397, 130.53, 69.3505
977, 11, 397, 130.115, 69.4249
978, 11, 397, 129.741, 69.4994
979, 11, 397, 129.326, 69.5737
980, 11, 397, 129.122, 69.6589
981, 11, 397, 128.748, 69.7332
982, 11, 397, 128.374, 69.8077
983, 11, 397, 128.222, 69.8821
984, 11, 396, 128.985, 69.957
985, 11, 395, 129.748, 70.0311
986, 11, 394, 130.511, 70.1055
987, 11, 394, 130.096, 70.1801
988, 11, 394, 129.926, 70.2543
989, 11, 393, 130.279, 70.3285
990, 11, 392, 131.279, 70.4031
991, 11, 392, 131.186, 70.4777
992, 11, 392, 130.771, 70.5522
993, 11, 392, 130.601, 70.6274
994, 11, 392, 130.916, 70.7018
995, 11, 392, 130.823, 70.7767
996, 11, 392, 130.245, 70.8513
997, 11, 392, 129.871, 70.9261
998, 11, 392, 129.608, 71.0004
999, 11, 391, 130.608, 71.0749
1000, 11, 391, 130.455, 71.1495
1001, 11, 390, 131.218, 71.224
1002, 11, 390, 130.844, 71.2987
1003, 12, 389, 131.844, 71.3737
1004, 12, 389, 131.471, 71.4484
1005, 12, 388, 132.819, 71.5231
1006, 13, 388, 132.404, 71.5978
1007, 13, 388, 132.031, 71.6722
1008, 13, 387, 133.031, 71.7465
1009, 13, 386, 133.794, 71.8213
1010, 13, 386, 133.42, 71.8975
1011, 13, 385, 134.42, 71.9726
1012, 13, 385, 134.005, 72.0472
1013, 13, 384, 134.358, 72.1221
1014, 13, 384, 134.188, 72.1974
1015, 13, 384, 134.503, 72.2721
1016, 13, 384, 133.925, 72.3471
1017, 13, 383, 134.688, 72.4217
1018, 13, 383, 134.535, 72.4964
1019, 13, 383, 134.451, 72.5709
1020, 13, 383, 134.298, 72.6452
1021, 14, 383, 134.129, 72.7198
1022, 14, 383, 133.976, 72.7947
1023, 14, 383, 133.602, 72.8691
1024, 14, 382, 133.955, 72.9437
1025, 14, 382, 133.802, 73.0389
1026, 14, 382, 133.709, 73.1137
1027, 14, 382, 133.335, 73.1885
1028, 14, 382, 133.182, 73.2632
1029, 14, 382, 133.029, 73.3379
1030, 14, 382, 132.614, 73.413
1031, 14, 381, 133.378, 73.4882
1032, 14, 381, 133.225, 73.5629
1033, 14, 381, 133.141, 73.6377
1034, 14, 380, 133.904, 73.7124
1035, 14, 379, 134.904, 73.7874
1036, 14, 379, 134.531, 73.8622
1037, 14, 378, 134.772, 73.937
1038, 14, 377, 135.013, 74.012
1039, 14, 376, 135.203, 74.0871
1040, 14, 376, 134.998, 74.162
1041, 14, 376, 134.845, 74.2371
1042, 14, 376, 134.472, 74.3119
1043, 14, 376, 134.388, 74.3865
1044, 14, 376, 134.304, 74.4613
1045, 14, 376, 134.251, 74.5362
1046, 14, 376, 133.878, 74.6135
1047, 14, 376, 133.504, 74.6882
1048, 14, 376, 133.351, 74.7632
1049, 14, 375, 134.115, 74.8378
1050, 14, 375, 133.741, 74.9124
1051, 14, 374, 134.504, 74.9878
1052, 14, 373, 135.267, 75.0625
1053, 14, 373, 134.852, 75.1374
1054, 14, 372, 135.205, 75.2124
1055, 14, 372, 134.832, 75.2875
1056, 14, 371, 135.184, 75.3652
1057, 14, 370, 136.533, 75.4405
1058, 15, 370, 136.439, 75.516
1059, 15, 370, 136.356, 75.5924
1060, 15, 370, 136.272, 75.6678
1061, 15, 369, 136.625, 75.7433
1062, 15, 369, 136.541, 75.8194
1063, 15, 369, 136.056, 75.8945
1064, 15, 368, 136.819, 75.9697
1065, 15, 367, 137.819, 76.0451
1066, 15, 367, 137.445, 76.1198
1067, 15, 367, 137.276, 76.195
1068, 15, 367, 137.123, 76.2702
1069, 15, 367, 136.749, 76.3543
1070, 15, 366, 137.749, 76.4503
1071, 15, 366, 137.334, 76.526
1072, 15, 366, 137.181, 76.601
1073, 15, 366, 136.696, 76.6758
1074, 15, 366, 136.323, 76.751
1075, 15, 366, 136.17, 76.8263
1076, 15, 366, 135.796, 76.9029
1077, 15, 366, 135.381, 76.9778
1078, 15, 366, 135.228, 77.0528
1079, 15, 366, 135.144, 77.128
1080, 15, 366, 135.061, 77.2033
1081, 15, 366, 134.908, 77.2784
1082, 15, 366, 134.824, 77.3536
1083, 15, 366, 134.731, 77.4282
1084, 15, 366, 134.672, 77.5028
1085, 15, 366, 134.187, 77.5775
1086, 15, 366, 134.134, 77.6525
1087, 15, 366, 134.081, 77.7275
1088, 15, 366, 133.596, 77.8046
1089, 15, 366, 133.543, 77.8796
1090, 15, 366, 133.338, 77.9547
1091, 15, 365, 133.106, 78.03
1092, 15, 365, 132.936, 78.1052
1093, 15, 365, 132.852, 78.1801
1094, 15, 365, 132.683, 78.2552
1095, 15, 364, 133.446, 78.3302
1096, 15, 364, 133.362, 78.4053
1097, 15, 364, 133.157, 78.4823
1098, 15, 363, 133.399, 78.5578
1099, 15, 363, 133.621, 78.6328
1100, 15, 363, 133.584, 78.7206
1101, 15, 363, 133.431, 78.7959
1102, 15, 362, 134.194, 78.8715
1103, 15, 362, 134.111, 78.9464
1104, 15, 362, 134.074, 79.0213
1105, 15, 362, 134.015, 79.0962
1106, 15, 362, 133.974, 79.1709
1107, 15, 362, 133.864, 79.2461
1108, 15, 362, 133.811, 79.3213
1109, 15, 362, 133.718, 79.3962
1110, 15, 362, 133.344, 79.4715
1111, 15, 362, 133.291, 79.5468
1112, 15, 362, 133.181, 79.6312
1113, 15, 362, 133.028, 79.7069
1114, 15, 362, 132.875, 79.7822
1115, 15, 362, 132.834, 79.8575
1116, 15, 362, 132.805, 79.9327
1117, 15, 362, 132.782, 80.0075
1118, 15, 362, 132.745, 80.0826
1119, 15, 362, 132.678, 80.1591
1120, 15, 362, 132.651, 80.2341
1121, 15, 362, 132.567, 80.3094
1122, 15, 362, 132.514, 80.3845
1123, 15, 362, 132.461, 80.4598
1124, 15, 362, 131.976, 80.5353
1125, 15, 361, 132.166, 80.6109
1126, 15, 361, 131.793, 80.6859
1127, 15, 361, 131.64, 80.7609
1128, 15, 361, 131.529, 80.8375
1129, 15, 361, 131.114, 80.9129
1130, 15, 361, 130.961, 80.9882
1131, 15, 361, 130.877, 81.0634
1132, 15, 361, 130.841, 81.1384
1133, 15, 361, 130.811, 81.2134
1134, 15, 361, 130.863, 81.2885
1135, 15, 361, 130.827, 81.3833
1136, 15, 361, 130.743, 81.4593
1137, 15, 361, 130.632, 81.5346
1138, 15, 361, 130.479, 81.6098
1139, 15, 361, 130.106, 81.6849
1140, 15, 360, 130.869, 81.7609
1141, 15, 360, 130.496, 81.8378
1142, 15, 360, 130.343, 81.9231
1143, 15, 360, 129.969, 81.9983
1144, 15, 360, 129.596, 82.0893
1145, 15, 360, 129.111, 82.1654
1146, 15, 360, 128.737, 82.2405
1147, 15, 359, 129.5, 82.3157
1148, 15, 358, 130.263, 82.3907
1149, 15, 357, 131.027, 82.4783
1150, 15, 356, 132.027, 82.5546
1151, 15, 355, 132.379, 82.63
1152, 15, 355, 132.227, 82.7055
1153, 15, 355, 131.853, 82.7815
1154, 15, 355, 131.479, 82.866
1155, 15, 355, 131.327, 82.9419
1156, 15, 355, 131.233, 83.026
1157, 15, 355, 131.175, 83.1015
1158, 15, 355, 131.134, 83.1766
1159, 15, 355, 131.104, 83.2517
1160, 15, 355, 130.731, 83.3281
1161, 15, 355, 130.578, 83.4032
1162, 15, 355, 130.425, 83.4786
1163, 15, 355, 130.051, 83.5537
1164, 15, 355, 129.636, 83.6287
1165, 15, 355, 129.466, 83.7042
1166, 15, 354, 130.229, 83.7801
1167, 15, 353, 130.993, 83.8557
1168, 15, 352, 131.756, 83.9471
1169, 15, 352, 131.603, 84.0232
1170, 15, 352, 131.229, 84.0987
1171, 15, 352, 130.856, 84.1742
1172, 15, 352, 130.482, 84.2496
1173, 15, 352, 130.109, 84.3251
1174, 15, 351, 130.872, 84.4006
1175, 15, 350, 131.635, 84.4764
1176, 15, 350, 131.262, 84.5521
1177, 15, 349, 132.025, 84.6279
1178, 15, 348, 132.788, 84.7044
1179, 15, 348, 132.414, 84.7801
1180, 15, 348, 132.262, 84.8559
1181, 15, 348, 132.109, 84.9318
1182, 15, 347, 133.109, 85.0077
1183, 15, 346, 133.872, 85.0838
1184, 15, 345, 134.635, 85.1609
1185, 15, 344, 135.635, 85.2369
1186, 15, 343, 136.635, 85.3128
1187, 15, 343, 136.22, 85.3887
1188, 15, 343, 135.805, 85.4644
1189, 15, 342, 136.568, 85.5402
1190, 15, 342, 136.195, 85.6155
1191, 15, 342, 135.821, 85.6909
1192, 15, 341, 136.584, 85.7666
1193, 15, 341, 136.211, 85.8425
1194, 15, 340, 136.974, 85.9186
1195, 15, 340, 136.6, 85.9945
1196, 15, 340, 136.447, 86.0703
1197, 15, 339, 137.211, 86.1478
1198, 15, 339, 136.837, 86.2235
1199, 15, 339, 136.684, 86.3066
1200, 15, 338, 137.447, 86.3827
1201, 15, 337, 137.689, 86.4596
1202, 15, 337, 137.484, 86.5356
1203, 15, 336, 138.247, 86.6119
1204, 15, 336, 137.874, 86.6878
1205, 15, 335, 137.642, 86.7638
1206, 15, 334, 137.409, 86.8398
1207, 15, 333, 138.758, 86.9159
1208, 15, 332, 139.758, 86.9929
1209, 15, 331, 140.521, 87.069
1210, 15, 330, 141.284, 87.1449
1211, 15, 329, 142.047, 87.2211
1212, 15, 328, 142.81, 87.2964
1213, 15, 328, 142.657, 87.3717
1214, 15, 327, 144.006, 87.459
1215, 15, 326, 144.769, 87.5373
1216, 15, 326, 144.395, 87.6273
1217, 15, 325, 145.158, 87.7041
1218, 15, 325, 144.785, 87.78
1219, 15, 325, 144.411, 87.8558
1220, 15, 324, 145.175, 87.9317
1221, 15, 323, 146.175, 88.0078
1222, 15, 322, 146.527, 88.0838
1223, 15, 321, 147.291, 88.1596
1224, 15, 320, 148.054, 88.2351
1225, 15, 319, 148.817, 88.3109
1226, 15, 319, 148.402, 88.3862
1227, 15, 319, 148.028, 88.4621
1228, 15, 319, 147.875, 88.5375
1229, 15, 319, 147.671, 88.613
1230, 15, 319, 147.578, 88.6887
1231, 15, 319, 147.204, 88.7641
1232, 15, 319, 146.831, 88.8398
1233, 15, 319, 146.457, 88.9155
1234, 15, 319, 146.084, 88.9924
1235, 15, 319, 145.931, 89.0678
1236, 15, 319, 145.847, 89.1431
1237, 15, 319, 145.473, 89.2185
1238, 15, 319, 145.1, 89.294
1239, 15, 319, 145.016, 89.3695
1240, 15, 319, 144.643, 89.4447
1241, 15, 319, 144.269, 89.5202
1242, 15, 319, 144.116, 89.5954
1243, 15, 319, 143.963, 89.6786
1244, 15, 319, 143.896, 89.7567
1245, 15, 318, 144.659, 89.8325
1246, 15, 318, 144.174, 89.9081
1247, 15, 317, 144.937, 89.9841
1248, 15, 316, 146.285, 90.0597
1249, 15, 316, 146.202, 90.1352
1250, 15, 316, 146.149, 90.2108
1251, 15, 316, 145.775, 90.3006
1252, 15, 315, 146.538, 90.3776
1253, 15, 314, 147.538, 90.4537
1254, 15, 314, 147.165, 90.5295
1255, 15, 313, 147.928, 90.6056
1256, 15, 312, 148.691, 90.6816
1257, 15, 312, 148.318, 90.7575
1258, 15, 312, 147.944, 90.8336
1259, 15, 311, 148.707, 90.9248
1260, 15, 310, 149.47, 91.0015
1261, 15, 310, 149.387, 91.0775
1262, 15, 310, 149.334, 91.1535
1263, 15, 309, 150.097, 91.2563
1264, 15, 308, 150.86, 91.3338
1265, 15, 307, 151.86, 91.4098
1266, 15, 307, 151.487, 91.4858
1267, 15, 307, 151.113, 91.5616
1268, 15, 306, 151.876, 91.6373
1269, 15, 306, 151.503, 91.7134
1270, 15, 306, 151.129, 91.8006
1271, 15, 306, 151.045, 91.8768
1272, 15, 306, 150.962, 91.9527
1273, 15, 306, 150.939, 92.0285
1274, 15, 306, 150.565, 92.1045
1275, 16, 306, 150.506, 92.18
1276, 17, 306, 150.484, 92.2561
1277, 17, 306, 150.44, 92.3318
1278, 17, 306, 150.356, 92.4078
1279, 18, 306, 150.338, 92.484
1280, 18, 306, 150.308, 92.5601
1281, 18, 306, 150.255, 92.636
1282, 18, 306, 150.233, 92.7119
1283, 18, 306, 150.08, 92.7883
1284, 18, 306, 149.927, 92.8644
1285, 18, 306, 149.774, 92.9406
1286, 18, 306, 149.401, 93.025
1287, 18, 305, 149.591, 93.1028
1288, 18, 305, 149.48, 93.1794
1289, 18, 304, 149.643, 93.2556
1290, 18, 304, 149.559, 93.3335
1291, 18, 304, 149.874, 93.4096
1292, 18, 304, 149.821, 93.4855
1293, 18, 303, 150.821, 93.5619
1294, 18, 303, 150.406, 93.6379
1295, 18, 303, 150.255, 93.7139
1296, 18, 303, 150.188, 93.7903
1297, 18, 303, 150.018, 93.8678
1298, 18, 303, 149.925, 93.9443
1299, 18, 303, 149.866, 94.02
1300, 18, 303, 149.769, 94.096
1301, 18, 303, 149.725, 94.1726
1302, 18, 303, 149.847, 94.249
1303, 18, 303, 149.807, 94.3256
1304, 18, 303, 149.74, 94.4017
1305, 18, 303, 149.703, 94.4777
1306, 19, 303, 149.689, 94.5538
1307, 20, 303, 149.677, 94.6299
1308, 21, 303, 149.636, 94.7061
1309, 21, 303, 149.621, 94.7823
1310, 21, 303, 149.416, 94.8582
1311, 21, 302, 150.179, 94.9346
1312, 21, 302, 150.149, 95.0111
1313, 21, 302, 150.283, 95.0874
1314, 21, 302, 150.163, 95.1652
1315, 21, 302, 150.01, 95.2429
1316, 21, 302, 149.981, 95.3219
1317, 21, 301, 150.17, 95.398
1318, 21, 301, 150.134, 95.4743
1319, 21, 301, 150.107, 95.5506
1320, 21, 301, 150.084, 95.6271
1321, 21, 301, 149.991, 95.7038
1322, 21, 301, 149.964, 95.7802
1323, 21, 301, 149.881, 95.8565
1324, 21, 301, 149.507, 95.9327
1325, 21, 301, 149.354, 96.0091
1326, 21, 301, 149.287, 96.0857
1327, 21, 301, 149.134, 96.1623
1328, 21, 301, 148.929, 96.2385
1329, 21, 300, 149.693, 96.3226
1330, 21, 300, 149.319, 96.3992
1331, 21, 300, 148.946, 96.4754
1332, 21, 300, 148.793, 96.5515
1333, 21, 300, 148.709, 96.6283
1334, 21, 300, 148.681, 96.7047
1335, 21, 300, 148.645, 96.781
1336, 21, 300, 148.577, 96.8575
1337, 21, 300, 148.494, 96.9338
1338, 21, 300, 148.472, 97.01
1339, 21, 300, 148.419, 97.0863
1340, 21, 300, 148.378, 97.1629
1341, 21, 299, 150.083, 97.2393
1342, 21, 298, 150.846, 97.3158
1343, 21, 298, 150.762, 97.3924
1344, 21, 297, 151.003, 97.4852
1345, 21, 297, 150.99, 97.5628
1346, 21, 297, 150.88, 97.6395
1347, 21, 297, 150.857, 97.7161
1348, 21, 297, 150.83, 97.7926
1349, 21, 297, 150.794, 97.8689
1350, 21, 297, 151.016, 97.9452
1351, 21, 297, 150.985, 98.0218
1352, 21, 297, 150.949, 98.0982
1353, 21, 296, 151.139, 98.1751
1354, 21, 296, 151.028, 98.2523
1355, 21, 296, 150.969, 98.3287
1356, 21, 296, 150.799, 98.405
1357, 21, 296, 150.759, 98.4813
1358, 21, 296, 150.648, 98.5577
1359, 21, 296, 150.444, 98.6343
1360, 21, 296, 150.291, 98.7111
1361, 21, 296, 149.917, 98.7977
1362, 21, 296, 149.544, 98.8962
1363, 21, 296, 149.17, 98.9819
1364, 21, 296, 149.117, 99.0588
1365, 21, 296, 148.964, 99.1358
1366, 21, 295, 149.964, 99.2131
1367, 21, 295, 149.88, 99.2897
1368, 21, 295, 149.866, 99.3661
1369, 21, 295, 149.713, 99.4426
1370, 21, 294, 149.954, 99.5193
1371, 21, 294, 149.901, 99.6064
1372, 21, 294, 149.834, 99.6923
1373, 21, 294, 149.804, 99.7692
1374, 21, 294, 149.767, 99.848
1375, 21, 294, 149.747, 99.9245
1376, 21, 294, 149.772, 100.001
1377, 21, 294, 149.756, 100.078
1378, 21, 294, 149.726, 100.154
1379, 21, 294, 149.711, 100.23
1380, 21, 294, 149.686, 100.306
1381, 21, 294, 149.712, 100.383
1382, 21, 294, 149.769, 100.459
1383, 21, 294, 149.749, 100.535
1384, 21, 294, 149.696, 100.612
1385, 21, 294, 149.642, 100.688
1386, 21, 294, 149.606, 100.765
1387, 21, 294, 149.562, 100.841
1388, 21, 294, 149.54, 100.918
1389, 21, 294, 149.528, 100.994
1390, 21, 294, 149.445, 101.071
1391, 21, 294, 149.392, 101.147
1392, 21, 294, 149.355, 101.224
1393, 21, 294, 149.325, 101.301
1394, 21, 294, 149.295, 101.377
1395, 21, 294, 149.291, 101.461
1396, 21, 294, 149.271, 101.538
1397, 21, 294, 149.255, 101.614
1398, 21, 294, 149.233, 101.691
1399, 21, 294, 149.221, 101.767
1400, 21, 294, 149.197, 101.844
1401, 21, 294, 149.18, 101.92
1402, 21, 294, 149.161, 101.996
1403, 21, 294, 149.157, 102.073
1404, 21, 294, 149.136, 102.15
1405, 21, 294, 149.069, 102.226
1406, 21, 294, 148.985, 102.302
1407, 21, 294, 148.958, 102.378
1408, 21, 294, 148.943, 102.455
1409, 21, 294, 148.933, 102.532
1410, 21, 294, 148.889, 102.608
1411, 21, 294, 148.515, 102.684
1412, 21, 294, 148.362, 102.761
1413, 21, 294, 147.947, 102.837
1414, 21, 294, 147.794, 102.914
1415, 21, 294, 147.71, 103.002
1416, 21, 294, 147.657, 103.078
1417, 21, 294, 147.604, 103.164
1418, 21, 294, 147.568, 103.241
1419, 21, 294, 147.541, 103.317
1420, 21, 294, 147.488, 103.394
1421, 21, 294, 147.284, 103.47
1422, 21, 294, 147.268, 103.546
1423, 21, 294, 147.255, 103.623
1424, 21, 294, 147.244, 103.699
1425, 21, 294, 147.234, 103.775
1426, 21, 293, 147.373, 103.852
1427, 21, 293, 147.365, 103.928
1428, 21, 293, 147.356, 104.005
1429, 21, 293, 147.348, 104.081
1430, 21, 293, 147.342, 104.157
1431, 21, 293, 147.305, 104.234
1432, 21, 293, 147.238, 104.31
1433, 21, 293, 147.201, 104.387
1434, 21, 293, 147.118, 104.464
1435, 21, 293, 146.744, 104.542
1436, 21, 293, 146.724, 104.618
1437, 21, 293, 146.687, 104.695
1438, 21, 293, 146.676, 104.771
1439, 21, 293, 146.673, 104.848
1440, 21, 293, 146.656, 104.937
1441, 21, 293, 146.546, 105.013
1442, 21, 293, 146.54, 105.09
1443, 21, 293, 146.523, 105.166
1444, 21, 293, 146.493, 105.243
1445, 21, 293, 146.471, 105.319
1446, 21, 293, 146.46, 105.398
1447, 21, 293, 146.424, 105.481
1448, 21, 293, 146.397, 105.558
1449, 21, 293, 146.227, 105.634
1450, 21, 293, 146.19, 105.711
1451, 21, 292, 146.328, 105.787
1452, 21, 292, 146.301, 105.864
1453, 21, 292, 146.292, 105.94
1454, 21, 292, 146.279, 106.017
1455, 21, 292, 146.212, 106.094
1456, 21, 292, 146.185, 106.17
1457, 21, 292, 146.141, 106.247
1458, 21, 292, 145.99, 106.331
1459, 21, 292, 145.963, 106.408
1460, 21, 292, 145.947, 106.484
1461, 21, 292, 145.92, 106.562
1462, 21, 292, 145.836, 106.639
1463, 21, 292, 145.783, 106.716
1464, 21, 292, 145.73, 106.793
1465, 21, 292, 145.647, 106.869
1466, 21, 292, 145.61, 106.946
1467, 21, 292, 145.573, 107.022
1468, 21, 292, 145.537, 107.098
1469, 21, 292, 145.484, 107.175
1470, 21, 292, 145.331, 107.252
1471, 21, 292, 145.278, 107.328
1472, 21, 292, 145.125, 107.404
1473, 21, 291, 145.266, 107.481
1474, 21, 291, 145.25, 107.558
1475, 21, 291, 145.246, 107.634
1476, 21, 291, 145.232, 107.711
1477, 21, 291, 145.229, 107.788
1478, 21, 291, 145.215, 107.865
1479, 21, 291, 145.21, 107.941
1480, 21, 291, 145.207, 108.018
1481, 21, 291, 145.2, 108.094
1482, 21, 291, 145.18, 108.171
1483, 21, 291, 145.139, 108.247
1484, 21, 291, 145.113, 108.324
1485, 21, 291, 145.06, 108.4
1486, 21, 291, 145.03, 108.476
1487, 21, 291, 144.656, 108.553
1488, 21, 291, 144.626, 108.63
1489, 21, 291, 144.582, 108.706
1490, 21, 291, 144.561, 108.782
1491, 21, 291, 144.534, 108.859
1492, 21, 291, 144.497, 108.936
1493, 21, 290, 145.26, 109.013
1494, 21, 290, 145.177, 109.098
1495, 21, 289, 145.366, 109.176
1496, 21, 289, 145.256, 109.253
1497, 21, 288, 145.497, 109.329
1498, 21, 288, 145.327, 109.426
1499, 21, 288, 145.123, 109.503
1500, 21, 288, 144.97, 109.58
1501, 21, 288, 144.706, 109.682
1502, 21, 288, 144.623, 109.77
1503, 21, 288, 144.47, 109.847
1504, 21, 288, 144.317, 109.924
1505, 21, 288, 144.233, 110.001
1506, 21, 288, 144.14, 110.078
1507, 21, 288, 144.073, 110.155
1508, 21, 288, 144.005, 110.232
1509, 21, 288, 143.975, 110.309
1510, 21, 288, 143.917, 110.387
1511, 21, 288, 143.876, 110.464
1512, 21, 288, 143.846, 110.541
1513, 21, 288, 143.823, 110.618
1514, 21, 288, 143.779, 110.695
1515, 21, 287, 143.942, 110.772
1516, 21, 287, 143.875, 110.849
1517, 21, 287, 143.848, 110.925
1518, 21, 287, 143.812, 111.003
1519, 21, 287, 143.728, 111.079
1520, 21, 287, 143.661, 111.156
1521, 21, 287, 143.644, 111.233
1522, 21, 287, 143.624, 111.31
1523, 21, 287, 143.597, 111.387
1524, 21, 287, 143.69, 111.464
1525, 21, 287, 143.646, 111.541
1526, 21, 287, 143.562, 111.618
1527, 21, 287, 143.509, 111.695
1528, 21, 287, 143.479, 111.772
1529, 21, 287, 143.448, 111.849
1530, 21, 287, 143.427, 111.926
1531, 21, 287, 143.368, 112.003
1532, 21, 287, 143.42, 112.081
1533, 21, 287, 143.353, 112.158
1534, 21, 287, 143.323, 112.235
1535, 21, 287, 143.287, 112.312
1536, 21, 287, 143.26, 112.39
1537, 21, 287, 142.956, 112.468
1538, 21, 287, 142.935, 112.545
1539, 21, 287, 142.915, 112.622
1540, 21, 287, 142.862, 112.699
1541, 21, 287, 142.84, 112.776
1542, 21, 287, 142.467, 112.853
1543, 21, 287, 142.314, 112.93
1544, 21, 287, 142.204, 113.018
1545, 21, 286, 142.556, 113.095
1546, 21, 286, 142.071, 113.172
1547, 21, 286, 141.698, 113.249
1548, 21, 286, 141.545, 113.326
1549, 21, 286, 141.461, 113.403
1550, 21, 286, 141.308, 113.481
1551, 21, 286, 141.272, 113.558
1552, 21, 286, 141.188, 113.635
1553, 21, 286, 140.61, 113.712
1554, 21, 286, 140.236, 113.789
1555, 21, 286, 139.751, 113.866
1556, 21, 286, 139.598, 113.943
1557, 21, 286, 139.225, 114.02
1558, 21, 286, 138.851, 114.097
1559, 21, 286, 138.758, 114.174
1560, 21, 286, 138.605, 114.251
1561, 21, 286, 138.594, 114.328
1562, 21, 286, 138.541, 114.406
1563, 21, 286, 138.388, 114.483
1564, 21, 286, 138.235, 114.56
1565, 21, 285, 139.584, 114.637
1566, 21, 284, 139.351, 114.714
1567, 21, 284, 139.325, 114.792
1568, 21, 284, 139.272, 114.869
1569, 21, 283, 140.62, 114.955
1570, 21, 283, 140.567, 115.032
1571, 21, 283, 140.082, 115.11
1572, 21, 283, 139.667, 115.187
1573, 21, 283, 139.614, 115.264
1574, 21, 283, 139.561, 115.341
1575, 21, 283, 139.391, 115.418
1576, 21, 283, 139.354, 115.495
1577, 22, 283, 139.295, 115.572
1578, 23, 283, 139.255, 115.649
1579, 23, 283, 139.218, 115.726
1580, 23, 282, 139.571, 115.803
1581, 23, 282, 139.197, 115.88
1582, 23, 282, 138.824, 115.957
1583, 23, 282, 138.731, 116.034
1584, 23, 282, 138.672, 116.111
1585, 23, 282, 138.187, 116.188
1586, 23, 282, 138.134, 116.265
1587, 23, 282, 138.104, 116.35
1588, 23, 282, 138.081, 116.427
1589, 23, 282, 138.064, 116.504
1590, 23, 282, 137.8, 116.581
1591, 23, 282, 137.315, 116.658
1592, 23, 281, 137.505, 116.735
1593, 23, 281, 137.352, 116.811
1594, 23, 281, 137.199, 116.888
1595, 23, 281, 137.362, 116.965
1596, 23, 281, 137.209, 117.042
1597, 23, 281, 137.125, 117.119
1598, 23, 281, 137.042, 117.196
1599, 23, 281, 136.989, 117.273
1600, 23, 281, 136.936, 117.351
1601, 23, 281, 136.783, 117.428
1602, 23, 281, 136.409, 117.505
1603, 23, 280, 136.599, 117.583
1604, 23, 279, 136.952, 117.66
1605, 23, 279, 136.578, 117.737
1606, 23, 279, 136.204, 117.815
1607, 23, 279, 136.094, 117.892
1608, 23, 279, 135.941, 117.969
1609, 23, 279, 135.857, 118.047
1610, 23, 279, 135.442, 118.125
1611, 23, 279, 135.332, 118.204
1612, 23, 279, 135.179, 118.281
1613, 23, 279, 135.138, 118.359
1614, 23, 279, 134.934, 118.436
1615, 23, 279, 134.729, 118.515
1616, 23, 279, 134.699, 118.592
1617, 23, 279, 134.677, 118.67
1618, 23, 279, 134.524, 118.747
1619, 23, 279, 134.109, 118.824
1620, 23, 279, 134.025, 118.901
1621, 23, 279, 133.914, 118.979
1622, 23, 279, 133.499, 119.057
1623, 23, 279, 133.329, 119.134
1624, 23, 279, 133.236, 119.211
1625, 23, 279, 133.2, 119.288
1626, 23, 279, 133.163, 119.365
1627, 23, 279, 132.993, 119.442
1628, 23, 279, 132.883, 119.52
1629, 23, 279, 132.865, 119.597
1630, 23, 279, 132.838, 119.684
1631, 24, 279, 132.808, 119.762
1632, 24, 279, 132.781, 119.839
1633, 24, 279, 132.698, 119.917
1634, 24, 279, 132.545, 119.994
1635, 24, 279, 132.375, 120.071
1636, 24, 279, 132.282, 120.148
1637, 24, 279, 132.214, 120.225
1638, 24, 279, 132.044, 120.302
1639, 24, 279, 131.991, 120.379
1640, 24, 279, 131.971, 120.457
1641, 24, 279, 131.951, 120.534
1642, 24, 279, 131.898, 120.614
1643, 24, 279, 131.861, 120.691
1644, 24, 279, 131.808, 120.769
1645, 24, 279, 131.771, 120.848
1646, 24, 279, 131.704, 120.925
1647, 24, 279, 131.637, 121.003
1648, 24, 279, 131.6, 121.08
1649, 24, 278, 131.741, 121.157
1650, 24, 278, 131.648, 121.234
1651, 24, 278, 131.589, 121.312
1652, 24, 278, 131.559, 121.39
1653, 24, 278, 131.475, 121.467
1654, 24, 278, 130.99, 121.544
1655, 24, 278, 130.954, 121.622
1656, 24, 278, 130.87, 121.699
1657, 24, 278, 130.833, 121.776
1658, 24, 278, 131.148, 121.853
1659, 24, 278, 131.112, 121.931
1660, 24, 278, 131.085, 122.008
1661, 24, 278, 131.058, 122.084
1662, 24, 278, 131.014, 122.162
1663, 24, 278, 130.81, 122.239
1664, 24, 277, 130.999, 122.317
1665, 24, 277, 130.846, 122.394
1666, 24, 277, 130.694, 122.471
1667, 24, 277, 130.583, 122.548
1668, 24, 277, 130.413, 122.625
1669, 24, 277, 130.329, 122.72
1670, 24, 277, 130.245, 122.799
1671, 24, 277, 130.076, 122.877
1672, 24, 277, 129.992, 122.963
1673, 24, 277, 129.841, 123.06
1674, 24, 277, 129.73, 123.138
1675, 24, 277, 129.646, 123.216
1676, 24, 277, 129.593, 123.293
1677, 24, 277, 129.389, 123.37
1678, 24, 277, 129.33, 123.449
1679, 24, 276, 129.098, 123.526
1680, 24, 276, 129.057, 123.604
1681, 24, 276, 128.998, 123.682
1682, 24, 276, 128.847, 123.76
1683, 24, 276, 128.788, 123.846
1684, 24, 276, 128.951, 123.925
1685, 24, 276, 128.841, 124.002
1686, 24, 276, 128.773, 124.079
1687, 24, 276, 128.676, 124.157
1688, 24, 276, 128.623, 124.234
1689, 24, 276, 128.539, 124.311
1690, 24, 275, 129.888, 124.389
1691, 24, 275, 129.718, 124.467
1692, 24, 275, 129.233, 124.545
1693, 24, 275, 129.548, 124.622
1694, 24, 275, 129.53, 124.701
1695, 24, 275, 129.509, 124.779
1696, 24, 275, 129.456, 124.857
1697, 24, 274, 129.593, 124.951
1698, 24, 274, 129.579, 125.032
1699, 24, 274, 129.374, 125.118
1700, 24, 274, 129.315, 125.195
1701, 24, 274, 129.279, 125.273
1702, 24, 274, 129.168, 125.35
1703, 24, 274, 129.128, 125.428
1704, 24, 274, 129.098, 125.505
1705, 24, 274, 129.071, 125.582
1706, 24, 274, 129.334, 125.66
1707, 24, 274, 128.697, 125.737
1708, 24, 274, 128.324, 125.815
1709, 24, 274, 128.257, 125.892
1710, 24, 274, 128.379, 125.97
1711, 24, 274, 128.312, 126.047
1712, 24, 274, 128.049, 126.125
1713, 24, 274, 127.844, 126.202
1714, 24, 274, 127.832, 126.29
1715, 24, 274, 127.817, 126.371
1716, 24, 274, 127.796, 126.449
1717, 24, 274, 127.218, 126.526
1718, 24, 274, 127.192, 126.603
1719, 24, 274, 127.133, 126.681
1720, 24, 274, 127.04, 126.758
1721, 24, 274, 126.999, 126.835
1722, 24, 274, 126.955, 126.913
1723, 24, 274, 126.911, 126.99
1724, 24, 274, 126.884, 127.067
1725, 24, 274, 126.863, 127.145
1726, 24, 274, 126.833, 127.222
1727, 24, 274, 126.819, 127.3
1728, 24, 274, 126.789, 127.377
1729, 24, 274, 126.767, 127.454
1730, 24, 273, 126.904, 127.532
1731, 24, 273, 126.883, 127.61
1732, 24, 273, 126.867, 127.687
1733, 24, 273, 126.84, 127.764
1734, 24, 273, 126.819, 127.842
1735, 24, 272, 126.968, 127.92
1736, 24, 272, 126.941, 127.997
1737, 24, 272, 126.904, 128.075
1738, 24, 272, 126.868, 128.152
1739, 24, 272, 126.858, 128.231
1740, 24, 272, 126.846, 128.309
1741, 24, 272, 126.642, 128.386
1742, 24, 272, 126.626, 128.464
1743, 24, 272, 126.61, 128.541
1744, 24, 272, 126.406, 128.618
1745, 24, 272, 126.295, 128.695
1746, 24, 271, 126.436, 128.785
1747, 25, 271, 126.414, 128.863
1748, 25, 271, 126.384, 128.94
1749, 25, 271, 126.316, 129.017
1750, 25, 271, 126.28, 129.095
1751, 25, 271, 126.259, 129.172
1752, 25, 271, 125.955, 129.249
1753, 25, 271, 125.862, 129.327
1754, 25, 271, 125.709, 129.404
1755, 25, 271, 125.689, 129.482
1756, 25, 271, 125.636, 129.559
1757, 25, 271, 125.858, 129.646
1758, 25, 270, 126.099, 129.724
1759, 25, 270, 125.835, 129.802
1760, 25, 270, 125.768, 129.88
1761, 25, 270, 125.755, 129.957
1762, 25, 269, 125.893, 130.035
1763, 25, 269, 125.881, 130.113
1764, 25, 269, 125.859, 130.192
1765, 25, 269, 125.844, 130.269
1766, 25, 268, 125.982, 130.347
1767, 25, 268, 125.938, 130.425
1768, 25, 268, 125.897, 130.502
1769, 25, 268, 125.87, 130.589
1770, 25, 268, 125.855, 130.667
1771, 25, 268, 125.771, 130.745
1772, 25, 268, 125.704, 130.824
1773, 25, 268, 125.499, 130.902
1774, 25, 267, 126.262, 130.979
1775, 25, 267, 126.209, 131.056
1776, 25, 267, 126.156, 131.134
1777, 25, 267, 126.005, 131.211
1778, 25, 267, 125.984, 131.289
1779, 25, 267, 125.833, 131.366
1780, 25, 267, 125.722, 131.443
1781, 25, 267, 125.714, 131.521
1782, 25, 267, 125.706, 131.598
1783, 25, 267, 125.639, 131.675
1784, 25, 267, 125.623, 131.753
1785, 25, 267, 125.614, 131.83
1786, 25, 267, 125.584, 131.908
1787, 25, 267, 125.568, 131.986
1788, 25, 267, 125.532, 132.063
1789, 25, 267, 125.495, 132.158
1790, 25, 267, 125.454, 132.236
1791, 25, 267, 125.41, 132.314
1792, 25, 267, 125.38, 132.392
1793, 25, 267, 125.369, 132.47
1794, 25, 267, 125.342, 132.56
1795, 25, 267, 125.316, 132.651
1796, 25, 267, 125.48, 132.738
1797, 25, 267, 125.435, 132.818
1798, 25, 267, 125.325, 132.896
1799, 25, 267, 125.155, 132.986
1800, 25, 267, 125.062, 133.064
1801, 25, 267, 125.003, 133.15
1802, 25, 267, 124.629, 133.23
1803, 25, 267, 124.589, 133.308
1804, 25, 267, 124.559, 133.386
1805, 25, 266, 125.907, 133.464
1806, 25, 266, 125.867, 133.542
1807, 25, 266, 125.493, 133.62
1808, 25, 266, 125.457, 133.698
1809, 25, 266, 125.591, 133.776
1810, 25, 266, 125.543, 133.854
1811, 25, 266, 125.498, 133.932
1812, 25, 266, 125.577, 134.01
1813, 25, 266, 125.541, 134.088
1814, 25, 266, 125.52, 134.166
1815, 25, 266, 125.59, 134.244
1816, 25, 266, 125.561, 134.322
1817, 25, 266, 125.538, 134.4
1818, 25, 266, 125.357, 134.477
1819, 25, 266, 125.26, 134.555
1820, 25, 266, 125.212, 134.633
1821, 25, 266, 125.191, 134.711
1822, 25, 266, 125.181, 134.806
1823, 25, 266, 125.17, 134.884
1824, 25, 266, 125.117, 134.962
1825, 25, 266, 125.087, 135.04
1826, 25, 266, 125.071, 135.119
1827, 25, 266, 125.053, 135.197
1828, 25, 266, 124.933, 135.275
1829, 25, 266, 124.91, 135.353
1830, 25, 266, 124.843, 135.431
1831, 25, 266, 124.759, 135.508
1832, 25, 266, 124.71, 135.586
1833, 25, 266, 124.689, 135.664
1834, 25, 266, 124.592, 135.742
1835, 25, 266, 124.562, 135.82
1836, 25, 266, 124.525, 135.898
1837, 25, 266, 124.463, 135.975
1838, 25, 266, 124.433, 136.053
1839, 25, 266, 124.397, 136.131
1840, 25, 266, 124.361, 136.209
1841, 25, 266, 124.353, 136.313
1842, 25, 266, 124.331, 136.391
1843, 25, 266, 124.338, 136.469
1844, 25, 266, 124.316, 136.547
1845, 25, 266, 124.289, 136.625
1846, 25, 266, 124.274, 136.703
1847, 25, 266, 124.226, 136.781
1848, 25, 266, 124.199, 136.859
1849, 25, 266, 124.172, 136.955
1850, 25, 266, 124.158, 137.034
1851, 25, 266, 124.143, 137.112
1852, 25, 266, 124.113, 137.19
1853, 25, 266, 124.065, 137.267
1854, 25, 266, 124.043, 137.346
1855, 25, 266, 123.99, 137.423
1856, 25, 265, 124.343, 137.506
1857, 25, 265, 123.858, 137.591
1858, 25, 265, 123.828, 137.669
1859, 25, 265, 123.675, 137.75
1860, 25, 265, 123.658, 137.828
1861, 25, 265, 123.636, 137.906
1862, 25, 265, 123.615, 137.984
1863, 25, 265, 123.604, 138.061
1864, 25, 265, 123.589, 138.139
1865, 25, 265, 123.571, 138.216
1866, 25, 265, 123.555, 138.294
1867, 25, 265, 123.546, 138.372
1868, 25, 265, 123.538, 138.45
1869, 25, 265, 123.526, 138.528
1870, 25, 265, 123.564, 138.605
1871, 25, 265, 123.536, 138.683
1872, 25, 265, 123.499, 138.761
1873, 25, 265, 123.472, 138.839
1874, 25, 265, 123.451, 138.917
1875, 25, 265, 123.43, 138.995
1876, 25, 265, 123.415, 139.073
1877, 25, 265, 123.399, 139.151
1878, 25, 265, 123.372, 139.228
1879, 25, 265, 123.366, 139.306
1880, 25, 265, 123.517, 139.384
1881, 25, 265, 123.511, 139.465
1882, 25, 265, 123.505, 139.542
1883, 25, 265, 123.489, 139.634
1884, 25, 265, 123.396, 139.713
1885, 25, 265, 123.369, 139.791
1886, 25, 264, 124.369, 139.869
1887, 25, 264, 124.216, 139.947
1888, 25, 264, 124.157, 140.025
1889, 25, 264, 123.894, 140.103
1890, 25, 264, 123.879, 140.181
1891, 25, 264, 123.863, 140.263
1892, 25, 264, 123.833, 140.341
1893, 25, 264, 123.813, 140.421
1894, 25, 264, 123.769, 140.505
1895, 25, 264, 123.728, 140.582
1896, 25, 264, 123.708, 140.661
1897, 25, 264, 123.695, 140.74
1898, 25, 264, 123.679, 140.818
1899, 25, 264, 123.568, 140.896
1900, 25, 264, 123.547, 140.974
1901, 25, 264, 123.516, 141.052
1902, 25, 264, 123.496, 141.13
1903, 25, 264, 123.081, 141.209
1904, 25, 264, 122.997, 141.287
1905, 25, 264, 122.981, 141.376
1906, 25, 264, 122.928, 141.454
1907, 25, 264, 122.915, 141.532
1908, 25, 264, 122.904, 141.61
1909, 25, 264, 122.753, 141.688
1910, 25, 264, 122.602, 141.766
1911, 25, 264, 122.591, 141.844
1912, 25, 264, 122.576, 141.922
1913, 25, 264, 122.517, 142
1914, 25, 264, 122.494, 142.078
1915, 25, 264, 122.453, 142.156
1916, 25, 264, 122.424, 142.234
1917, 25, 264, 122.406, 142.312
1918, 25, 264, 122.395, 142.39
1919, 25, 264, 122.383, 142.467
1920, 25, 264, 122.368, 142.545
1921, 25, 264, 122.355, 142.623
1922, 25, 264, 122.34, 142.701
1923, 25, 264, 122.332, 142.78
1924, 25, 264, 122.326, 142.858
1925, 25, 264, 122.313, 142.936
1926, 25, 264, 122.304, 143.028
1927, 25, 264, 122.3, 143.106
1928, 25, 264, 122.279, 143.184
1929, 25, 264, 122.264, 143.262
1930, 25, 264, 122.375, 143.34
1931, 25, 264, 122.362, 143.418
1932, 25, 264, 122.325, 143.497
1933, 25, 264, 121.84, 143.575
1934, 25, 264, 121.756, 143.653
1935, 25, 264, 121.733, 143.731
1936, 25, 264, 121.719, 143.809
1937, 25, 264, 121.514, 143.887
1938, 25, 264, 121.461, 143.966
1939, 25, 264, 121.444, 144.044
1940, 25, 264, 121.432, 144.122
1941, 25, 264, 121.321, 144.2
1942, 25, 264, 121.168, 144.279
1943, 25, 264, 121.157, 144.357
1944, 25, 264, 121.127, 144.435
1945, 25, 264, 121.111, 144.513
1946, 25, 264, 121.099, 144.591
1947, 25, 264, 121.032, 144.669
1948, 25, 264, 121.009, 144.769
1949, 25, 264, 120.856, 144.847
1950, 25, 264, 120.763, 144.926
1951, 25, 264, 120.679, 145.004
1952, 25, 264, 120.51, 145.085
1953, 25, 264, 120.473, 145.163
1954, 25, 264, 120.389, 145.241
1955, 25, 264, 120.305, 145.319
1956, 25, 264, 120.292, 145.397
1957, 25, 263, 120.43, 145.476
1958, 25, 263, 120.422, 145.554
1959, 25, 263, 120.325, 145.632
1960, 25, 263, 120.272, 145.71
1961, 25, 263, 120.205, 145.788
1962, 25, 263, 120.138, 145.865
1963, 25, 263, 120.093, 145.943
1964, 25, 263, 120.071, 146.021
1965, 25, 263, 119.901, 146.099
1966, 25, 263, 119.808, 146.177
1967, 25, 263, 119.79, 146.255
1968, 25, 263, 119.775, 146.348
1969, 25, 263, 119.763, 146.426
1970, 25, 263, 119.753, 146.504
1971, 25, 263, 119.74, 146.582
1972, 25, 263, 119.736, 146.66
1973, 25, 263, 119.668, 146.738
1974, 25, 263, 119.659, 146.816
1975, 25, 263, 119.651, 146.894
1976, 26, 263, 119.633, 146.973
1977, 27, 263, 119.619, 147.051
1978, 28, 263, 119.607, 147.129
1979, 28, 263, 119.595, 147.207
1980, 28, 263, 119.73, 147.286
1981, 28, 263, 119.61, 147.364
1982, 28, 263, 119.602, 147.451
1983, 28, 263, 119.591, 147.53
1984, 28, 263, 119.568, 147.608
1985, 28, 263, 119.55, 147.686
1986, 28, 263, 119.536, 147.764
1987, 28, 263, 119.519, 147.842
1988, 28, 263, 119.507, 147.92
1989, 28, 263, 119.423, 147.997
1990, 28, 263, 119.417, 148.075
1991, 28, 263, 119.469, 148.153
1992, 28, 263, 119.46, 148.231
1993, 28, 263, 119.447, 148.309
1994, 28, 263, 119.437, 148.387
1995, 28, 263, 119.429, 148.465
1996, 28, 263, 119.417, 148.543
1997, 28, 263, 119.406, 148.621
1998, 28, 263, 119.502, 148.699
1999, 28, 263, 119.495, 148.786
2000, 28, 263, 119.489, 148.896
2001, 28, 263, 119.482, 148.992
2002, 28, 263, 119.471, 149.087
2003, 28, 263, 119.462, 149.166
2004, 28, 263, 119.456, 149.244
2005, 28, 263, 119.452, 149.322
2006, 28, 263, 119.445, 149.4
2007, 28, 263, 119.436, 149.478
2008, 28, 263, 119.433, 149.555
2009, 28, 263, 119.427, 149.643
2010, 28, 263, 119.421, 149.722
2011, 28, 263, 119.416, 149.8
2012, 28, 263, 119.41, 149.878
2013, 28, 263, 119.402, 149.956
2014, 28, 263, 119.367, 150.033
2015, 28, 263, 119.353, 150.111
2016, 28, 263, 119.345, 150.189
2017, 28, 263, 119.286, 150.267
2018, 28, 263, 119.275, 150.344
2019, 28, 263, 119.272, 150.422
2020, 28, 263, 119.261, 150.499
2021, 28, 263, 119.213, 150.577
2022, 28, 263, 119.176, 150.655
2023, 28, 263, 119.14, 150.733
2024, 28, 263, 119.233, 150.81
2025, 28, 263, 119.122, 150.888
2026, 28, 263, 119.086, 150.966
2027, 28, 263, 119.059, 151.044
2028, 28, 263, 118.966, 151.122
2029, 28, 263, 118.939, 151.2
2030, 28, 263, 118.872, 151.277
2031, 28, 263, 118.813, 151.355
2032, 28, 263, 118.608, 151.433
2033, 28, 263, 118.59, 151.511
2034, 28, 263, 118.554, 151.589
2035, 28, 263, 118.54, 151.667
2036, 28, 263, 118.516, 151.745
2037, 28, 263, 118.449, 151.823
2038, 28, 263, 118.434, 151.901
2039, 28, 263, 118.422, 151.979
2040, 28, 263, 118.396, 152.057
2041, 28, 263, 118.385, 152.135
2042, 28, 263, 118.368, 152.213
2043, 28, 262, 118.507, 152.294
2044, 28, 262, 118.493, 152.372
2045, 28, 262, 118.508, 152.451
2046, 28, 262, 118.491, 152.529
2047, 28, 262, 118.498, 152.607
2048, 28, 262, 118.49, 152.685
2049, 28, 262, 118.476, 152.777
2050, 28, 262, 118.472, 152.856
2051, 28, 262, 118.462, 152.935
2052, 28, 262, 118.453, 153.023
2053, 28, 262, 118.451, 153.102
2054, 28, 262, 118.438, 153.18
2055, 28, 262, 118.327, 153.258
2056, 28, 262, 118.321, 153.336
2057, 28, 262, 118.31, 153.414
2058, 28, 262, 118.266, 153.492
2059, 28, 262, 118.262, 153.57
2060, 28, 262, 118.187, 153.649
2061, 28, 262, 118.12, 153.728
2062, 28, 262, 118.098, 153.808
2063, 28, 262, 118.014, 153.906
2064, 28, 262, 118.013, 153.985
2065, 28, 262, 117.983, 154.063
2066, 28, 262, 117.975, 154.141
2067, 28, 262, 117.972, 154.223
2068, 28, 262, 117.965, 154.309
2069, 28, 262, 117.958, 154.387
2070, 28, 262, 117.9, 154.465
2071, 28, 262, 117.856, 154.543
2072, 28, 262, 117.845, 154.621
2073, 28, 262, 117.829, 154.699
2074, 28, 262, 117.82, 154.786
2075, 28, 262, 117.758, 154.864
2076, 28, 262, 117.81, 154.942
2077, 28, 262, 117.802, 155.02
2078, 28, 262, 117.79, 155.098
2079, 28, 262, 117.776, 155.176
2080, 28, 262, 117.757, 155.254
2081, 28, 262, 117.713, 155.332
2082, 28, 262, 117.629, 155.41
2083, 28, 262, 117.581, 155.488
2084, 28, 262, 117.575, 155.565
2085, 28, 262, 117.564, 155.643
2086, 28, 262, 117.56, 155.721
2087, 28, 262, 117.549, 155.8
2088, 29, 262, 117.539, 155.877
2089, 29, 262, 117.532, 155.955
2090, 29, 262, 117.525, 156.033
2091, 29, 262, 117.516, 156.111
2092, 29, 262, 117.507, 156.188
2093, 29, 262, 117.504, 156.266
2094, 29, 262, 117.477, 156.353
2095, 29, 262, 117.466, 156.431
2096, 29, 262, 117.425, 156.509
2097, 29, 262, 117.416, 156.587
2098, 29, 262, 117.411, 156.674
2099, 29, 262, 117.407, 156.752
2100, 29, 262, 117.403, 156.83
2101, 29, 262, 117.373, 156.908
2102, 29, 262, 117.336, 156.986
2103, 29, 262, 117.47, 157.064
2104, 29, 262, 117.35, 157.141
2105, 29, 262, 117.342, 157.219
2106, 29, 262, 117.335, 157.297
2107, 29, 262, 117.313, 157.374
2108, 29, 262, 117.283, 157.452
2109, 29, 262, 117.273, 157.53
2110, 29, 262, 117.229, 157.607
2111, 29, 262, 117.226, 157.685
2112, 29, 262, 117.221, 157.763
2113, 29, 262, 117.209, 157.842
2114, 29, 262, 117.204, 157.921
2115, 29, 262, 117.187, 157.999
2116, 29, 262, 117.178, 158.076
2117, 29, 262, 117.148, 158.154
2118, 29, 262, 117.14, 158.232
2119, 29, 262, 116.937, 158.31
2120, 29, 262, 116.878, 158.391
2121, 29, 262, 116.81, 158.469
2122, 29, 262, 116.757, 158.547
2123, 29, 262, 116.721, 158.625
2124, 29, 262, 116.694, 158.72
2125, 29, 262, 116.667, 158.799
2126, 29, 262, 116.647, 158.877
2127, 29, 262, 116.617, 158.955
2128, 29, 262, 116.608, 159.033
2129, 29, 262, 116.604, 159.111
2130, 29, 262, 116.594, 159.189
2131, 29, 262, 116.583, 159.267
2132, 29, 262, 116.566, 159.345
2133, 29, 262, 116.558, 159.422
2134, 29, 262, 116.544, 159.501
2135, 29, 262, 116.537, 159.579
2136, 29, 262, 116.526, 159.665
2137, 29, 262, 116.505, 159.743
2138, 29, 261, 116.646, 159.822
2139, 29, 261, 116.616, 159.9
2140, 29, 261, 116.69, 159.977
2141, 29, 261, 116.764, 160.055
2142, 29, 261, 116.72, 160.133
2143, 29, 261, 116.637, 160.211
2144, 29, 261, 116.584, 160.289
2145, 29, 261, 116.539, 160.367
2146, 29, 261, 116.523, 160.445
2147, 29, 260, 116.661, 160.523
2148, 29, 260, 116.64, 160.602
2149, 29, 260, 116.631, 160.68
2150, 29, 260, 116.619, 160.758
2151, 29, 260, 116.609, 160.836
2152, 29, 260, 116.6, 160.915
2153, 29, 260, 116.593, 160.993
2154, 29, 260, 116.579, 161.071
2155, 29, 260, 116.569, 161.149
2156, 29, 260, 116.562, 161.227
2157, 29, 260, 116.556, 161.305
2158, 29, 260, 116.525, 161.383
2159, 29, 260, 116.505, 161.461
2160, 29, 260, 116.499, 161.541
2161, 29, 260, 116.488, 161.619
2162, 29, 260, 116.48, 161.697
2163, 29, 260, 116.472, 161.775
2164, 29, 260, 116.463, 161.854
2165, 29, 260, 116.452, 161.932
2166, 29, 260, 116.447, 162.01
2167, 29, 260, 116.441, 162.089
2168, 29, 260, 116.432, 162.167
2169, 29, 260, 116.425, 162.245
2170, 29, 260, 116.418, 162.323
2171, 29, 260, 116.413, 162.403
2172, 29, 260, 116.465, 162.481
2173, 29, 260, 116.458, 162.559
2174, 29, 260, 116.448, 162.639
2175, 29, 260, 116.439, 162.717
2176, 29, 260, 116.432, 162.795
2177, 29, 260, 116.402, 162.874
2178, 29, 260, 116.349, 162.96
2179, 29, 260, 116.305, 163.039
2180, 29, 260, 116.28, 163.117
2181, 29, 260, 116.273, 163.195
2182, 29, 260, 116.257, 163.273
2183, 29, 260, 116.204, 163.353
2184, 29, 260, 116.201, 163.431
2185, 29, 259, 116.349, 163.509
2186, 29, 259, 116.343, 163.587
2187, 29, 259, 116.341, 163.666
2188, 29, 259, 116.336, 163.744
2189, 29, 259, 116.325, 163.822
2190, 29, 259, 116.281, 163.9
2191, 29, 259, 116.273, 163.978
2192, 29, 259, 116.237, 164.056
2193, 29, 259, 116.227, 164.133
2194, 29, 259, 116.218, 164.211
2195, 29, 259, 116.202, 164.291
2196, 29, 259, 116.181, 164.369
2197, 29, 259, 116.168, 164.447
2198, 29, 259, 116.162, 164.525
2199, 29, 259, 116.158, 164.603
2200, 29, 259, 116.155, 164.681
2201, 29, 259, 116.124, 164.759
2202, 29, 259, 116.103, 164.837
2203, 29, 259, 115.992, 164.916
2204, 29, 259, 115.982, 164.995
2205, 29, 259, 115.976, 165.073
2206, 29, 259, 115.971, 165.151
2207, 29, 259, 115.968, 165.229
2208, 29, 259, 115.96, 165.307
2209, 29, 259, 115.944, 165.386
2210, 29, 259, 115.935, 165.464
2211, 29, 259, 115.931, 165.542
2212, 29, 259, 115.927, 165.62
2213, 29, 259, 115.915, 165.699
2214, 29, 259, 115.862, 165.776
2215, 29, 259, 115.826, 165.854
2216, 29, 259, 115.805, 165.932
2217, 29, 259, 115.769, 166.01
2218, 29, 259, 115.749, 166.088
2219, 29, 259, 115.732, 166.166
2220, 29, 259, 115.716, 166.244
2221, 29, 259, 115.709, 166.34
2222, 29, 259, 115.673, 166.419
2223, 29, 259, 115.643, 166.497
2224, 29, 259, 115.71, 166.576
2225, 29, 259, 115.701, 166.654
2226, 29, 259, 115.674, 166.735
2227, 29, 259, 115.633, 166.815
2228, 29, 259, 115.566, 166.894
2229, 29, 259, 115.618, 166.972
2230, 29, 259, 115.582, 167.05
2231, 29, 259, 115.56, 167.128
2232, 29, 259, 115.533, 167.206
2233, 29, 259, 115.51, 167.284
2234, 29, 259, 115.425, 167.363
2235, 29, 259, 115.419, 167.441
2236, 29, 259, 115.373, 167.519
2237, 29, 259, 115.356, 167.597
2238, 29, 259, 115.334, 167.677
2239, 29, 259, 115.328, 167.756
2240, 29, 259, 115.292, 167.834
2241, 29, 259, 115.254, 167.912
2242, 29, 259, 115.274, 167.99
2243, 29, 259, 115.268, 168.069
2244, 29, 259, 115.266, 168.147
2245, 29, 259, 115.261, 168.225
2246, 29, 259, 115.256, 168.303
2247, 29, 259, 115.252, 168.381
2248, 29, 259, 115.238, 168.459
2249, 29, 259, 115.22, 168.537
2250, 29, 259, 115.206, 168.615
2251, 29, 258, 115.348, 168.694
2252, 29, 258, 115.285, 168.772
2253, 29, 258, 115.279, 168.85
2254, 29, 258, 115.269, 168.928
2255, 29, 258, 115.263, 169.008
2256, 29, 258, 115.254, 169.086
2257, 29, 258, 115.206, 169.163
2258, 29, 258, 115.201, 169.241
2259, 29, 258, 115.197, 169.318
2260, 29, 258, 115.187, 169.396
2261, 29, 258, 115.169, 169.475
2262, 29, 258, 115.163, 169.553
2263, 29, 258, 115.159, 169.639
2264, 29, 258, 115.152, 169.717
2265, 29, 258, 115.147, 169.795
2266, 29, 258, 115.141, 169.873
2267, 30, 258, 115.133, 169.952
2268, 30, 258, 115.123, 170.03
2269, 30, 258, 115.086, 170.108
2270, 30, 258, 115.07, 170.186
2271, 30, 258, 115.069, 170.264
2272, 30, 258, 115.063, 170.343
2273, 30, 258, 115.056, 170.421
2274, 30, 258, 115.055, 170.499
2275, 30, 257, 115.218, 170.577
2276, 30, 257, 115.192, 170.655
2277, 30, 257, 115.183, 170.734
2278, 30, 257, 115.179, 170.812
2279, 30, 257, 115.17, 170.89
2280, 30, 257, 115.158, 170.968
2281, 30, 257, 115.154, 171.045
2282, 30, 257, 115.124, 171.124
2283, 30, 257, 115.116, 171.202
2284, 30, 257, 115.112, 171.28
2285, 30, 257, 115.107, 171.358
2286, 30, 257, 115.104, 171.436
2287, 30, 257, 115.099, 171.515
2288, 30, 257, 115.094, 171.593
2289, 30, 257, 115.089, 171.671
2290, 30, 257, 115.085, 171.749
2291, 30, 257, 115.08, 171.827
2292, 30, 257, 115.075, 171.905
2293, 30, 257, 115.068, 171.983
2294, 30, 257, 115.064, 172.062
2295, 30, 257, 115.059, 172.139
2296, 30, 257, 115.029, 172.219
2297, 30, 257, 115.028, 172.298
2298, 30, 257, 115.022, 172.376
2299, 30, 257, 115.038, 172.454
2300, 30, 257, 115.037, 172.553
2301, 30, 257, 115.046, 172.632
2302, 30, 257, 115.039, 172.711
2303, 30, 257, 115.034, 172.789
2304, 30, 257, 115.028, 172.868
2305, 30, 257, 115.024, 172.956
2306, 30, 257, 115.019, 173.034
2307, 30, 257, 115.016, 173.113
2308, 30, 257, 115.015, 173.191
2309, 30, 257, 115.011, 173.269
2310, 30, 257, 115.008, 173.36
2311, 30, 257, 115.037, 173.439
2312, 30, 257, 115.025, 173.517
2313, 30, 257, 115.034, 173.596
2314, 30, 257, 115.029, 173.674
2315, 30, 257, 115.024, 173.752
2316, 30, 257, 115.018, 173.83
2317, 30, 257, 115.015, 173.908
2318, 30, 257, 114.994, 173.986
2319, 30, 257, 114.98, 174.065
2320, 30, 257, 114.959, 174.143
2321, 30, 257, 114.911, 174.221
2322, 30, 257, 114.908, 174.302
2323, 30, 257, 114.9, 174.38
2324, 30, 257, 114.887, 174.459
2325, 30, 257, 114.879, 174.537
2326, 30, 257, 114.842, 174.614
2327, 30, 257, 114.835, 174.692
2328, 30, 257, 114.825, 174.771
2329, 30, 257, 114.817, 174.867
2330, 30, 257, 114.81, 174.946
2331, 30, 257, 114.792, 175.024
2332, 30, 257, 114.785, 175.102
2333, 30, 257, 114.781, 175.18
2334, 30, 257, 114.78, 175.259
2335, 30, 257, 114.773, 175.336
2336, 30, 257, 114.765, 175.414
2337, 30, 257, 114.762, 175.492
2338, 30, 257, 114.756, 175.57
2339, 30, 257, 114.739, 175.649
2340, 30, 257, 114.695, 175.727
2341, 30, 257, 114.668, 175.805
2342, 30, 257, 114.656, 175.883
2343, 30, 257, 114.646, 175.961
2344, 30, 257, 114.64, 176.04
2345, 30, 257, 114.633, 176.118
2346, 30, 257, 114.627, 176.196
2347, 30, 257, 114.49, 176.274
2348, 30, 257, 114.454, 176.361
2349, 30, 257, 114.426, 176.439
2350, 30, 257, 114.412, 176.532
2351, 30, 257, 114.406, 176.611
2352, 30, 257, 114.394, 176.688
2353, 30, 257, 114.389, 176.766
2354, 30, 257, 114.367, 176.844
2355, 30, 257, 114.345, 176.922
2356, 30, 256, 114.483, 177.001
2357, 30, 256, 114.477, 177.078
2358, 30, 256, 114.473, 177.157
2359, 30, 256, 114.468, 177.235
2360, 30, 256, 114.464, 177.313
2361, 30, 256, 114.45, 177.391
2362, 30, 256, 114.488, 177.469
2363, 30, 256, 114.472, 177.55
2364, 30, 256, 114.445, 177.628
2365, 30, 256, 114.408, 177.706
2366, 30, 256, 114.387, 177.784
2367, 30, 256, 114.36, 177.861
2368, 30, 256, 114.334, 177.939
2369, 30, 256, 114.327, 178.017
2370, 30, 256, 114.321, 178.095
2371, 30, 256, 114.291, 178.173
2372, 31, 256, 114.284, 178.25
2373, 31, 256, 114.28, 178.329
2374, 31, 256, 114.28, 178.406
2375, 31, 256, 114.276, 178.484
2376, 31, 256, 114.273, 178.562
2377, 31, 256, 114.265, 178.641
2378, 31, 256, 114.259, 178.718
2379, 31, 256, 114.256, 178.805
2380, 31, 256, 114.253, 178.886
2381, 31, 256, 114.254, 178.964
2382, 31, 256, 114.25, 179.042
2383, 31, 256, 114.245, 179.12
2384, 31, 256, 114.24, 179.199
2385, 31, 256, 114.237, 179.277
2386, 31, 256, 114.234, 179.355
2387, 31, 256, 114.231, 179.433
2388, 31, 256, 114.229, 179.512
2389, 31, 256, 114.23, 179.591
2390, 31, 256, 114.227, 179.678
2391, 31, 256, 114.226, 179.757
2392, 31, 256, 114.216, 179.835
2393, 31, 256, 114.213, 179.913
2394, 31, 256, 114.211, 179.992
2395, 31, 256, 114.259, 180.07
2396, 31, 256, 114.242, 180.149
2397, 31, 255, 114.391, 180.229
2398, 31, 255, 114.37, 180.307
2399, 31, 255, 114.357, 180.388
2400, 31, 255, 114.35, 180.466
2401, 31, 255, 114.306, 180.545
2402, 31, 254, 114.447, 180.623
2403, 31, 254, 114.517, 180.701
2404, 31, 254, 114.476, 180.78
2405, 31, 254, 114.428, 180.859
2406, 31, 254, 114.375, 180.938
2407, 31, 254, 114.354, 181.016
2408, 31, 254, 114.345, 181.095
2409, 31, 254, 114.309, 181.175
2410, 31, 254, 114.272, 181.255
2411, 31, 254, 114.256, 181.34
2412, 31, 254, 114.241, 181.418
2413, 31, 254, 114.204, 181.496
2414, 31, 254, 114.177, 181.574
2415, 31, 254, 114.124, 181.654
2416, 31, 254, 114.104, 181.732
2417, 31, 254, 113.73, 181.811
2418, 31, 254, 113.245, 181.889
2419, 31, 254, 112.872, 181.967
2420, 31, 254, 112.836, 182.045
2421, 31, 254, 112.813, 182.123
2422, 31, 254, 112.795, 182.201
2423, 31, 254, 112.781, 182.28
2424, 31, 254, 112.763, 182.358
2425, 31, 254, 112.748, 182.438
2426, 31, 254, 112.733, 182.516
2427, 31, 254, 112.706, 182.595
2428, 31, 254, 112.653, 182.673
2429, 31, 254, 112.616, 182.751
2430, 31, 254, 112.604, 182.83
2431, 31, 254, 112.592, 182.91
2432, 31, 254, 112.582, 182.997
2433, 31, 254, 112.572, 183.076
2434, 31, 254, 112.563, 183.154
2435, 31, 254, 112.555, 183.233
2436, 31, 254, 112.547, 183.312
2437, 31, 254, 112.541, 183.392
2438, 31, 254, 112.534, 183.47
2439, 31, 254, 112.527, 183.548
2440, 31, 254, 112.522, 183.626
2441, 31, 254, 112.516, 183.705
2442, 31, 254, 112.511, 183.784
2443, 31, 254, 112.474, 183.862
2444, 31, 254, 112.448, 183.94
2445, 31, 254, 112.473, 184.02
2446, 31, 254, 112.469, 184.098
2447, 31, 254, 112.465, 184.177
2448, 31, 254, 112.443, 184.255
2449, 31, 254, 112.422, 184.334
2450, 31, 254, 112.47, 184.412
2451, 31, 254, 112.446, 184.49
2452, 31, 254, 112.336, 184.569
2453, 31, 253, 112.499, 184.647
2454, 31, 253, 112.346, 184.726
2455, 31, 253, 112.298, 184.804
2456, 31, 252, 112.435, 184.883
2457, 31, 252, 112.414, 184.961
2458, 31, 252, 112.393, 185.039
2459, 31, 252, 112.371, 185.117
2460, 31, 252, 112.344, 185.196
2461, 31, 252, 112.308, 185.274
2462, 31, 252, 112.292, 185.352
2463, 31, 252, 112.265, 185.431
2464, 31, 252, 112.114, 185.509
2465, 31, 252, 112.046, 185.588
2466, 31, 252, 111.953, 185.666
2467, 31, 252, 111.843, 185.744
2468, 31, 252, 111.759, 185.822
2469, 31, 252, 111.723, 185.901
2470, 31, 252, 111.708, 185.979
2471, 31, 252, 111.69, 186.057
2472, 31, 252, 111.663, 186.136
2473, 31, 252, 111.636, 186.215
2474, 31, 252, 111.62, 186.302
2475, 31, 252, 111.6, 186.381
2476, 31, 252, 111.59, 186.459
2477, 31, 252, 111.585, 186.543
2478, 31, 252, 111.561, 186.621
2479, 32, 252, 111.554, 186.7
2480, 32, 251, 111.721, 186.778
2481, 32, 251, 111.714, 186.858
2482, 32, 251, 111.711, 186.937
2483, 32, 251, 111.728, 187.015
2484, 32, 251, 111.726, 187.093
2485, 32, 251, 111.721, 187.171
2486, 32, 251, 111.717, 187.25
2487, 32, 251, 111.715, 187.33
2488, 32, 251, 111.711, 187.408
2489, 32, 251, 111.703, 187.486
2490, 32, 251, 111.685, 187.565
2491, 32, 251, 111.679, 187.659
2492, 32, 251, 111.674, 187.738
2493, 32, 251, 111.668, 187.817
2494, 32, 251, 111.666, 187.896
2495, 32, 251, 111.651, 187.975
2496, 32, 251, 111.531, 188.053
2497, 32, 251, 111.472, 188.131
2498, 32, 251, 111.456, 188.21
2499, 32, 251, 111.371, 188.288
2500, 32, 251, 111.331, 188.367
2501, 32, 251, 111.301, 188.446
2502, 32, 250, 111.464, 188.524
2503, 32, 250, 111.441, 188.603
2504, 32, 250, 111.421, 188.681
2505, 32, 250, 111.39, 188.762
2506, 32, 250, 111.323, 188.841
2507, 32, 250, 111.317, 188.92
2508, 32, 250, 111.301, 188.998
2509, 32, 250, 111.289, 189.077
2510, 32, 250, 111.262, 189.156
2511, 32, 250, 111.218, 189.235
2512, 32, 250, 111.21, 189.313
2513, 32, 250, 111.206, 189.392
2514, 32, 250, 111.198, 189.47
2515, 32, 250, 111.168, 189.549
2516, 32, 250, 111.138, 189.636
2517, 32, 250, 111.115, 189.715
2518, 32, 250, 111.098, 189.794
2519, 32, 250, 111.067, 189.872
2520, 32, 250, 111.062, 189.951
2521, 32, 250, 111.114, 190.029
2522, 32, 250, 111.107, 190.127
2523, 32, 250, 111.093, 190.206
2524, 32, 250, 111.09, 190.285
2525, 32, 250, 111.106, 190.364
2526, 32, 250, 111.104, 190.444
2527, 32, 250, 111.096, 190.523
2528, 32, 250, 111.075, 190.602
2529, 32, 250, 111.062, 190.68
2530, 32, 250, 111.053, 190.759
2531, 32, 250, 111.049, 190.839
2532, 32, 250, 111.043, 190.919
2533, 32, 250, 111.084, 191.009
2534, 32, 250, 111.075, 191.088
2535, 32, 250, 111.07, 191.168
2536, 32, 250, 111.068, 191.246
2537, 32, 250, 111.047, 191.324
2538, 32, 250, 111.044, 191.404
2539, 32, 250, 110.945, 191.483
2540, 32, 250, 110.915, 191.561
2541, 32, 250, 110.898, 191.64
2542, 32, 250, 110.805, 191.718
2543, 32, 250, 110.779, 191.796
2544, 32, 250, 110.762, 191.874
2545, 32, 250, 110.558, 191.953
2546, 32, 250, 110.184, 192.031
2547, 32, 250, 110.031, 192.11
2548, 32, 250, 109.948, 192.19
2549, 32, 250, 109.911, 192.269
2550, 32, 250, 109.867, 192.347
2551, 32, 250, 109.814, 192.425
2552, 32, 250, 109.777, 192.504
2553, 32, 250, 109.766, 192.582
2554, 32, 250, 109.713, 192.66
2555, 32, 250, 109.695, 192.738
2556, 32, 250, 109.681, 192.817
2557, 32, 250, 109.665, 192.895
2558, 32, 250, 109.652, 192.983
2559, 32, 250, 109.631, 193.063
2560, 32, 249, 109.772, 193.143
2561, 32, 249, 109.736, 193.222
2562, 32, 249, 109.531, 193.303
2563, 32, 249, 109.434, 193.382
2564, 32, 249, 109.422, 193.46
2565, 32, 249, 109.412, 193.539
2566, 32, 249, 109.302, 193.618
2567, 32, 248, 109.491, 193.697
2568, 32, 248, 109.381, 193.775
2569, 32, 248, 109.288, 193.854
2570, 32, 248, 109.204, 193.933
2571, 32, 248, 109.137, 194.011
2572, 32, 248, 109.078, 194.09
2573, 32, 248, 109.065, 194.169
2574, 32, 248, 109.028, 194.247
2575, 32, 248, 109.017, 194.325
2576, 32, 248, 108.99, 194.403
2577, 32, 248, 108.983, 194.482
2578, 32, 248, 108.98, 194.56
2579, 32, 248, 108.977, 194.639
2580, 32, 248, 108.965, 194.717
2581, 32, 248, 108.954, 194.796
2582, 32, 248, 108.943, 194.874
2583, 32, 248, 108.899, 194.953
2584, 32, 248, 108.694, 195.032
2585, 32, 248, 108.49, 195.111
2586, 32, 248, 108.406, 195.189
2587, 32, 248, 108.379, 195.268
2588, 32, 248, 108.353, 195.347
2589, 32, 248, 108.256, 195.426
2590, 32, 248, 108.103, 195.504
2591, 32, 248, 108.05, 195.583
2592, 32, 248, 107.88, 195.662
2593, 32, 248, 107.812, 195.741
2594, 32, 248, 107.792, 195.82
2595, 32, 248, 107.787, 195.898
2596, 32, 248, 107.76, 195.977
2597, 32, 247, 107.923, 196.055
2598, 32, 247, 107.864, 196.134
2599, 32, 247, 107.824, 196.213
2600, 32, 247, 107.794, 196.299
2601, 32, 247, 107.726, 196.378
2602, 32, 247, 107.633, 196.456
2603, 32, 247, 107.597, 196.535
2604, 32, 246, 107.735, 196.613
2605, 32, 246, 107.708, 196.692
2606, 32, 246, 107.655, 196.778
2607, 32, 246, 107.646, 196.857
2608, 32, 246, 107.716, 196.935
2609, 32, 246, 107.696, 197.014
2610, 32, 246, 107.585, 197.093
2611, 32, 246, 107.748, 197.172
2612, 32, 246, 107.712, 197.25
2613, 32, 246, 107.653, 197.332
2614, 32, 246, 107.745, 197.411
2615, 32, 246, 107.705, 197.49
2616, 32, 246, 107.675, 197.569
2617, 32, 246, 107.786, 197.647
2618, 32, 246, 107.702, 197.725
2619, 32, 246, 107.679, 197.804
2620, 32, 246, 107.663, 197.882
2621, 32, 246, 107.658, 197.961
2622, 32, 246, 107.654, 198.04
2623, 32, 246, 107.635, 198.118
2624, 32, 246, 107.618, 198.197
2625, 32, 246, 107.601, 198.276
2626, 32, 246, 107.561, 198.356
2627, 32, 246, 107.547, 198.435
2628, 32, 246, 107.544, 198.514
2629, 32, 246, 107.53, 198.593
2630, 32, 246, 107.462, 198.672
2631, 32, 246, 107.379, 198.758
2632, 32, 246, 107.226, 198.839
2633, 32, 246, 107.073, 198.917
2634, 32, 246, 107.046, 199.041
2635, 32, 246, 107.023, 199.14
2636, 32, 246, 106.996, 199.235
2637, 32, 246, 106.975, 199.317
2638, 32, 246, 106.967, 199.396
2639, 32, 246, 106.951, 199.483
2640, 32, 246, 106.939, 199.562
2641, 32, 246, 106.929, 199.647
2642, 32, 246, 106.913, 199.726
2643, 32, 246, 106.962, 199.805
2644, 32, 246, 106.95, 199.887
2645, 32, 246, 106.941, 200.009
2646, 32, 246, 106.917, 200.127
2647, 32, 246, 106.908, 200.257
2648, 32, 246, 106.915, 200.352
2649, 32, 246, 106.902, 200.447
2650, 32, 246, 106.895, 200.572
2651, 32, 246, 106.882, 200.731
2652, 32, 246, 106.879, 200.812
2653, 32, 246, 106.869, 200.891
2654, 32, 246, 106.86, 200.97
2655, 32, 246, 106.857, 201.049
2656, 32, 246, 106.849, 201.13
2657, 32, 246, 106.841, 201.21
2658, 32, 246, 106.832, 201.289
2659, 32, 246, 106.825, 201.368
2660, 32, 245, 106.97, 201.447
2661, 32, 245, 106.944, 201.526
2662, 32, 245, 106.924, 201.606
2663, 32, 245, 106.917, 201.685
2664, 32, 245, 106.88, 201.764
2665, 32, 245, 106.85, 201.843
2666, 32, 245, 106.823, 201.922
2667, 32, 245, 106.818, 202
2668, 32, 245, 106.813, 202.079
2669, 32, 245, 106.808, 202.158
2670, 32, 245, 106.806, 202.238
2671, 32, 245, 106.804, 202.317
2672, 32, 245, 106.802, 202.407
2673, 32, 245, 106.781, 202.486
2674, 32, 245, 106.771, 202.565
2675, 32, 245, 106.762, 202.655
2676, 32, 245, 106.755, 202.734
2677, 32, 245, 106.744, 202.814
2678, 32, 245, 106.742, 202.893
2679, 32, 245, 106.739, 202.989
2680, 32, 245, 106.709, 203.068
2681, 32, 245, 106.688, 203.147
2682, 32, 245, 106.667, 203.226
2683, 32, 244, 106.806, 203.305
2684, 32, 244, 106.8, 203.385
2685, 32, 244, 106.794, 203.464
2686, 32, 244, 106.781, 203.543
2687, 32, 244, 106.77, 203.622
2688, 32, 244, 106.765, 203.701
2689, 32, 244, 106.76, 203.78
2690, 32, 244, 106.756, 203.86
2691, 32, 244, 106.748, 203.939
2692, 32, 244, 106.739, 204.018
2693, 32, 244, 106.737, 204.097
2694, 32, 244, 106.721, 204.176
2695, 32, 244, 106.701, 204.255
2696, 32, 244, 106.657, 204.334
2697, 32, 243, 106.798, 204.413
2698, 32, 243, 106.777, 204.493
2699, 32, 243, 106.761, 204.572
2700, 32, 243, 106.818, 204.651
2701, 32, 243, 106.81, 204.73
2702, 32, 243, 106.78, 204.809
2703, 32, 243, 106.743, 204.888
2704, 32, 243, 106.727, 204.966
2705, 32, 243, 106.7, 205.045
2706, 32, 243, 106.67, 205.125
2707, 32, 243, 106.617, 205.206
2708, 32, 243, 106.587, 205.285
2709, 32, 243, 106.476, 205.364
2710, 32, 243, 106.455, 205.443
2711, 32, 243, 106.448, 205.531
2712, 32, 243, 106.441, 205.611
2713, 32, 243, 106.422, 205.69
2714, 32, 243, 106.415, 205.768
2715, 32, 243, 106.413, 205.847
2716, 32, 243, 106.392, 205.926
2717, 32, 243, 106.325, 206.005
2718, 32, 243, 106.241, 206.084
2719, 32, 242, 106.431, 206.163
2720, 32, 242, 106.41, 206.242
2721, 32, 242, 106.343, 206.338
2722, 32, 242, 106.29, 206.418
2723, 32, 242, 106.261, 206.497
2724, 32, 242, 106.233, 206.576
2725, 32, 242, 106.225, 206.656
2726, 32, 242, 106.217, 206.735
2727, 32, 242, 106.206, 206.814
2728, 32, 242, 106.19, 206.895
2729, 32, 242, 106.182, 206.976
2730, 32, 242, 106.167, 207.055
2731, 32, 242, 106.155, 207.141
2732, 32, 242, 106.142, 207.221
2733, 32, 242, 106.127, 207.3
2734, 32, 242, 106.078, 207.381
2735, 32, 242, 106.025, 207.461
2736, 32, 242, 106.005, 207.54
2737, 32, 242, 105.992, 207.619
2738, 32, 242, 105.981, 207.698
2739, 32, 242, 105.988, 207.777
2740, 32, 242, 105.977, 207.856
2741, 32, 242, 105.941, 207.936
2742, 32, 242, 105.888, 208.015
2743, 32, 242, 105.804, 208.093
2744, 32, 242, 105.768, 208.172
2745, 32, 242, 105.751, 208.252
2746, 32, 242, 105.803, 208.331
2747, 32, 241, 105.945, 208.41
2748, 32, 241, 105.9, 208.489
2749, 32, 241, 105.847, 208.568
2750, 32, 241, 105.812, 208.648
2751, 32, 241, 105.771, 208.727
2752, 32, 241, 105.734, 208.806
2753, 32, 241, 105.69, 208.885
2754, 32, 241, 105.664, 208.964
2755, 32, 241, 105.642, 209.044
2756, 32, 241, 105.629, 209.123
2757, 32, 241, 105.622, 209.202
2758, 32, 241, 105.615, 209.281
2759, 32, 241, 105.602, 209.363
2760, 32, 241, 105.566, 209.443
2761, 32, 241, 105.543, 209.522
2762, 32, 241, 105.522, 209.601
2763, 32, 241, 105.493, 209.694
2764, 32, 241, 105.47, 209.774
2765, 32, 241, 105.456, 209.853
2766, 32, 241, 105.429, 209.933
2767, 32, 241, 105.413, 210.012
2768, 32, 241, 105.392, 210.091
2769, 32, 241, 105.377, 210.17
2770, 32, 241, 105.37, 210.249
2771, 32, 241, 105.354, 210.328
2772, 32, 241, 105.201, 210.407
2773, 32, 241, 105.181, 210.486
2774, 32, 241, 105.159, 210.565
2775, 32, 241, 105.13, 210.645
2776, 32, 241, 105.107, 210.724
2777, 32, 241, 105.177, 210.803
2778, 32, 241, 105.159, 210.882
2779, 32, 241, 105.144, 210.962
2780, 32, 241, 105.096, 211.041
2781, 32, 241, 105.08, 211.12
2782, 32, 240, 105.239, 211.2
2783, 32, 240, 105.228, 211.279
2784, 32, 240, 105.222, 211.359
2785, 32, 240, 105.205, 211.438
2786, 32, 240, 105.201, 211.517
2787, 32, 240, 105.195, 211.596
2788, 32, 240, 105.189, 211.676
2789, 32, 239, 105.337, 211.755
2790, 32, 239, 105.323, 211.834
2791, 32, 239, 105.312, 211.913
2792, 32, 239, 105.264, 211.993
2793, 32, 238, 105.402, 212.072
2794, 32, 238, 105.365, 212.151
2795, 32, 238, 105.329, 212.23
2796, 32, 238, 105.316, 212.31
2797, 32, 238, 105.308, 212.389
2798, 32, 238, 105.291, 212.469
2799, 32, 238, 105.298, 212.548
2800, 32, 238, 105.285, 212.627
2801, 32, 238, 105.314, 212.707
2802, 32, 238, 105.311, 212.786
2803, 32, 238, 105.304, 212.865
2804, 32, 238, 105.301, 212.944
2805, 32, 238, 105.3, 213.032
2806, 32, 238, 105.298, 213.111
2807, 32, 238, 105.297, 213.189
2808, 32, 238, 105.29, 213.268
2809, 32, 238, 105.281, 213.348
2810, 32, 238, 105.279, 213.428
2811, 32, 237, 105.416, 213.507
2812, 32, 237, 105.405, 213.587
2813, 32, 237, 105.321, 213.666
2814, 32, 236, 105.458, 213.745
2815, 32, 236, 105.391, 213.824
2816, 32, 236, 105.379, 213.903
2817, 32, 236, 105.372, 213.982
2818, 32, 236, 105.371, 214.061
2819, 32, 236, 105.363, 214.14
2820, 32, 236, 105.354, 214.219
2821, 32, 236, 105.349, 214.298
2822, 32, 236, 105.343, 214.377
2823, 32, 236, 105.33, 214.456
2824, 32, 236, 105.286, 214.535
2825, 32, 236, 105.28, 214.614
2826, 32, 236, 105.275, 214.694
2827, 32, 236, 105.264, 214.773
2828, 32, 236, 105.253, 214.852
2829, 32, 236, 105.243, 214.938
2830, 32, 236, 105.226, 215.017
2831, 32, 236, 105.196, 215.096
2832, 32, 236, 105.176, 215.175
2833, 32, 236, 105.155, 215.254
2834, 32, 236, 105.142, 215.334
2835, 32, 236, 105.059, 215.413
2836, 32, 236, 105.006, 215.491
2837, 32, 236, 104.895, 215.57
2838, 32, 236, 104.859, 215.649
2839, 32, 236, 104.832, 215.728
2840, 32, 236, 104.811, 215.819
2841, 32, 236, 104.781, 215.922
2842, 32, 236, 104.769, 216.029
2843, 32, 236, 104.742, 216.141
2844, 32, 236, 104.812, 216.231
2845, 32, 236, 104.801, 216.434
2846, 32, 236, 104.8, 216.529
2847, 32, 236, 104.785, 216.609
2848, 32, 236, 104.773, 216.688
2849, 32, 236, 104.769, 216.768
2850, 32, 236, 104.756, 216.847
2851, 32, 236, 104.748, 216.927
2852, 32, 236, 104.735, 217.008
2853, 32, 236, 104.687, 217.088
2854, 32, 236, 104.679, 217.167
2855, 32, 236, 104.667, 217.249
2856, 32, 236, 104.661, 217.328
2857, 32, 236, 104.651, 217.408
2858, 32, 236, 104.641, 217.487
2859, 32, 236, 104.619, 217.567
2860, 32, 236, 104.609, 217.646
2861, 32, 236, 104.601, 217.725
2862, 32, 236, 104.579, 217.805
2863, 32, 236, 104.562, 217.885
2864, 32, 236, 104.553, 217.964
2865, 32, 236, 104.553, 218.043
2866, 32, 236, 104.549, 218.122
2867, 32, 236, 104.549, 218.201
2868, 32, 236, 104.543, 218.28
2869, 32, 236, 104.538, 218.359
2870, 32, 236, 104.532, 218.438
2871, 32, 236, 104.531, 218.521
2872, 32, 236, 104.517, 218.602
2873, 32, 236, 104.512, 218.681
2874, 32, 236, 104.545, 218.761
2875, 32, 236, 104.54, 218.84
2876, 32, 236, 104.536, 218.919
2877, 32, 236, 104.523, 219.001
2878, 32, 236, 104.52, 219.081
2879, 32, 236, 104.517, 219.16
2880, 32, 236, 104.508, 219.239
2881, 32, 236, 104.499, 219.319
2882, 32, 236, 104.486, 219.398
2883, 32, 236, 104.478, 219.477
2884, 32, 236, 104.469, 219.556
2885, 32, 236, 104.454, 219.653
2886, 32, 236, 104.432, 219.733
2887, 32, 236, 104.425, 219.812
2888, 32, 236, 104.409, 219.892
2889, 32, 235, 104.546, 219.971
2890, 32, 235, 104.479, 220.05
2891, 32, 235, 104.411, 220.131
2892, 32, 235, 104.396, 220.211
2893, 32, 235, 104.385, 220.29
2894, 32, 235, 104.332, 220.369
2895, 32, 235, 104.306, 220.449
2896, 32, 235, 104.385, 220.529
2897, 32, 235, 104.375, 220.628
2898, 32, 235, 104.375, 220.708
2899, 32, 235, 104.374, 220.787
2900, 32, 235, 104.373, 220.866
2901, 32, 235, 104.351, 220.945
2902, 32, 235, 104.35, 221.024
2903, 32, 235, 104.344, 221.103
2904, 32, 235, 104.339, 221.183
2905, 32, 235, 104.336, 221.262
2906, 32, 235, 104.333, 221.341
2907, 32, 235, 104.313, 221.42
2908, 32, 235, 104.347, 221.499
2909, 32, 235, 104.332, 221.578
2910, 32, 235, 104.324, 221.657
2911, 32, 235, 104.313, 221.736
2912, 32, 235, 104.306, 221.815
2913, 32, 235, 104.276, 221.895
2914, 32, 235, 104.313, 221.974
2915, 32, 235, 104.297, 222.053
2916, 32, 235, 104.289, 222.133
2917, 32, 235, 104.259, 222.213
2918, 32, 235, 104.238, 222.292
2919, 32, 235, 104.233, 222.371
2920, 32, 235, 104.216, 222.451
2921, 32, 235, 104.203, 222.53
2922, 32, 235, 104.189, 222.608
2923, 32, 235, 104.179, 222.697
2924, 32, 235, 104.172, 222.776
2925, 32, 235, 104.151, 222.856
2926, 32, 235, 104, 222.935
2927, 32, 235, 103.963, 223.027
2928, 32, 235, 103.936, 223.106
2929, 32, 235, 103.899, 223.185
2930, 32, 235, 103.855, 223.264
2931, 32, 235, 103.829, 223.343
2932, 32, 235, 103.807, 223.422
2933, 32, 235, 103.794, 223.502
2934, 32, 235, 103.784, 223.581
2935, 32, 235, 103.763, 223.669
2936, 32, 234, 103.901, 223.749
2937, 32, 234, 103.874, 223.828
2938, 32, 234, 103.865, 223.907
2939, 32, 234, 103.829, 223.986
2940, 32, 234, 103.821, 224.066
2941, 32, 234, 103.794, 224.161
2942, 32, 234, 103.787, 224.241
2943, 32, 234, 103.72, 224.321
2944, 32, 234, 103.713, 224.4
2945, 32, 234, 103.686, 224.479
2946, 32, 233, 103.824, 224.558
2947, 32, 233, 103.812, 224.637
2948, 32, 233, 103.764, 224.716
2949, 32, 233, 103.756, 224.796
2950, 32, 233, 103.743, 224.875
2951, 32, 233, 103.729, 224.955
2952, 32, 233, 103.714, 225.034
2953, 32, 233, 103.697, 225.113
2954, 32, 233, 103.587, 225.193
2955, 32, 233, 103.434, 225.273
2956, 32, 232, 104.197, 225.353
2957, 32, 231, 104.55, 225.433
2958, 32, 231, 104.065, 225.512
2959, 32, 231, 103.691, 225.591
2960, 32, 231, 103.318, 225.673
2961, 32, 230, 104.318, 225.752
2962, 32, 229, 104.559, 225.831
2963, 32, 229, 104.144, 225.91
2964, 32, 229, 103.974, 225.989
2965, 32, 229, 103.881, 226.069
2966, 32, 229, 103.676, 226.148
2967, 32, 229, 103.303, 226.228
2968, 32, 229, 102.929, 226.333
2969, 32, 229, 102.776, 226.413
2970, 32, 229, 102.624, 226.492
2971, 32, 229, 102.471, 226.571
2972, 32, 229, 102.318, 226.65
2973, 32, 228, 102.507, 226.73
2974, 32, 228, 102.454, 226.809
2975, 32, 228, 102.428, 226.889
2976, 32, 228, 102.275, 226.968
2977, 32, 228, 102.222, 227.048
2978, 32, 228, 101.958, 227.127
2979, 32, 228, 101.585, 227.206
2980, 32, 228, 101.532, 227.285
2981, 32, 228, 101.505, 227.366
2982, 32, 228, 101.492, 227.446
2983, 32, 228, 101.471, 227.525
2984, 32, 228, 101.46, 227.614
2985, 32, 228, 101.444, 227.694
2986, 32, 228, 101.291, 227.774
2987, 32, 228, 101.207, 227.853
2988, 32, 228, 101.371, 227.932
2989, 32, 228, 101.335, 228.012
2990, 32, 228, 101.267, 228.092
2991, 32, 228, 101.063, 228.171
2992, 32, 228, 100.979, 228.251
2993, 32, 228, 100.826, 228.331
2994, 32, 227, 101.589, 228.41
2995, 32, 226, 102.589, 228.49
2996, 32, 226, 102.216, 228.57
2997, 32, 226, 101.842, 228.651
2998, 32, 226, 101.469, 228.73
2999, 32, 225, 101.821, 228.81
