Seed is: 37
Number of samples is: 3000
Simulation name is: Simulation_2TV_10x10.sim
TimeStep, Distraction Rate, Missed States, Model Accuracy, Time (ms)
0, 0, 732, 0, 7e-05
1, 0, 731, 1, 0.069883
2, 0, 730, 1.7632, 0.134436
3, 0, 729, 2.52639, 0.198899
4, 0, 728, 3.52639, 0.26278
5, 0, 727, 4.28959, 0.326712
6, 0, 726, 5.28959, 0.389702
7, 0, 725, 6.05279, 0.453634
8, 0, 724, 6.81599, 0.517145
9, 0, 723, 6.58379, 0.580986
10, 0, 722, 7.34699, 0.644587
11, 0, 721, 8.34699, 0.70914
12, 0, 720, 9.11019, 0.772772
13, 0, 719, 9.87338, 0.836323
14, 0, 718, 10.6366, 0.899934
15, 0, 718, 10.2215, 0.964066
16, 0, 717, 10.5743, 1.028
17, 0, 717, 10.0894, 1.09412
18, 0, 716, 9.85716, 1.158
19, 0, 715, 10.6204, 1.22175
20, 0, 714, 11.3836, 1.28522
21, 0, 713, 12.1468, 1.34892
22, 0, 712, 13.1468, 1.41284
23, 0, 711, 13.9099, 1.47679
24, 0, 710, 14.6731, 1.54079
25, 0, 709, 15.4363, 1.6049
26, 0, 708, 16.1995, 1.66888
27, 0, 707, 15.9673, 1.73285
28, 0, 706, 15.7352, 1.79875
29, 0, 706, 15.3616, 1.86254
30, 0, 705, 16.1248, 1.92696
31, 0, 704, 17.1248, 1.9907
32, 0, 703, 17.888, 2.05464
33, 0, 702, 18.6512, 2.11862
34, 0, 701, 18.419, 2.18264
35, 0, 700, 19.1822, 2.24667
36, 0, 699, 20.1822, 2.31057
37, 0, 698, 20.9454, 2.3745
38, 0, 697, 21.7086, 2.43837
39, 0, 696, 22.4718, 2.51088
40, 0, 696, 22.0568, 2.57641
41, 0, 695, 22.4095, 2.64115
42, 0, 695, 21.9246, 2.70619
43, 0, 694, 22.6878, 2.77125
44, 0, 693, 23.451, 2.83523
45, 1, 692, 24.451, 2.89958
46, 2, 691, 25.451, 2.9638
47, 2, 691, 25.0774, 3.02829
48, 2, 691, 25.0359, 3.09307
49, 2, 691, 24.6624, 3.15763
50, 2, 690, 25.6624, 3.2222
51, 2, 690, 25.2474, 3.28691
52, 2, 690, 24.8738, 3.35193
53, 2, 689, 25.637, 3.41604
54, 2, 688, 26.4002, 3.48006
55, 2, 687, 27.1634, 3.54401
56, 2, 687, 26.7899, 3.60885
57, 2, 686, 27.5531, 3.673
58, 2, 685, 28.3163, 3.73705
59, 2, 684, 29.0795, 3.80198
60, 2, 683, 28.8473, 3.86692
61, 2, 682, 28.6151, 3.93162
62, 2, 681, 29.3783, 3.99682
63, 2, 680, 30.1415, 4.06171
64, 2, 679, 30.9047, 4.12796
65, 2, 678, 31.6679, 4.19309
66, 2, 677, 32.4311, 4.2583
67, 2, 677, 32.0575, 4.32314
68, 3, 677, 31.6425, 4.38816
69, 4, 677, 31.4726, 4.45362
70, 5, 677, 31.0575, 4.51995
71, 6, 677, 30.8876, 4.58581
72, 7, 677, 30.7945, 4.65202
73, 8, 677, 30.7014, 4.71882
74, 9, 677, 30.6425, 4.78601
75, 10, 677, 30.5836, 4.85405
76, 11, 677, 30.543, 4.92283
77, 12, 677, 30.5023, 4.99268
78, 13, 677, 30.4726, 5.06295
79, 14, 677, 30.4428, 5.13572
80, 15, 677, 30.4201, 5.2084
81, 16, 677, 30.3974, 5.28169
82, 17, 677, 30.3795, 5.35599
83, 18, 677, 30.3616, 5.43171
84, 18, 677, 30.2086, 5.5084
85, 18, 677, 30.0041, 5.57367
86, 18, 677, 29.8511, 5.65051
87, 18, 677, 29.4776, 5.71607
88, 18, 676, 30.2408, 5.78117
89, 18, 675, 31.004, 5.85327
90, 18, 674, 31.7672, 5.91863
91, 18, 673, 32.5304, 5.98384
92, 18, 673, 32.1569, 6.04906
93, 18, 673, 31.7833, 6.11433
94, 18, 672, 33.1315, 6.17967
95, 18, 671, 33.8947, 6.24451
96, 18, 670, 34.6579, 6.30974
97, 18, 669, 34.4257, 6.37508
98, 18, 668, 35.1889, 6.44069
99, 18, 667, 35.9521, 6.50598
100, 18, 666, 36.7153, 6.57126
101, 18, 665, 37.4785, 6.63663
102, 18, 664, 38.2417, 6.70202
103, 18, 664, 37.8682, 6.76776
104, 18, 664, 37.4946, 6.83541
105, 18, 664, 37.0097, 6.90142
106, 18, 664, 36.6361, 6.96765
107, 18, 663, 37.9843, 7.0339
108, 18, 662, 38.7475, 7.09944
109, 18, 662, 38.3739, 7.16586
110, 18, 661, 39.7221, 7.23223
111, 18, 661, 39.3071, 7.29827
112, 18, 661, 38.9335, 7.3647
113, 18, 661, 38.56, 7.43101
114, 18, 661, 38.145, 7.49862
115, 18, 660, 38.4977, 7.58018
116, 18, 660, 38.8128, 7.64823
117, 18, 660, 38.2347, 7.71493
118, 18, 660, 37.7497, 7.78173
119, 18, 660, 37.5798, 7.84856
120, 18, 660, 37.4269, 7.91467
121, 18, 660, 37.0533, 7.98244
122, 18, 659, 37.8165, 8.04915
123, 18, 658, 38.5797, 8.11537
124, 18, 657, 39.5797, 8.1815
125, 18, 656, 40.3429, 8.24792
126, 18, 655, 41.1061, 8.31437
127, 18, 654, 41.8693, 8.38034
128, 18, 653, 42.6325, 8.44666
129, 18, 653, 42.259, 8.51425
130, 18, 653, 41.844, 8.5812
131, 18, 653, 41.4704, 8.64777
132, 18, 653, 41.4289, 8.7141
133, 18, 653, 41.0554, 8.78226
134, 18, 653, 40.9025, 8.84926
135, 18, 653, 40.7325, 8.91662
136, 18, 653, 40.4691, 8.98399
137, 18, 653, 40.0956, 9.05138
138, 18, 653, 39.6805, 9.11849
139, 18, 652, 40.0333, 9.19772
140, 18, 652, 39.5483, 9.26554
141, 18, 651, 40.8965, 9.33281
142, 18, 651, 40.523, 9.3997
143, 18, 651, 40.038, 9.46678
144, 18, 651, 39.8851, 9.53376
145, 18, 651, 39.6805, 9.60116
146, 18, 650, 41.3852, 9.6682
147, 18, 649, 42.1484, 9.73543
148, 18, 649, 41.6635, 9.80276
149, 18, 649, 41.2899, 9.87013
150, 18, 649, 40.7119, 9.93716
151, 18, 649, 40.3383, 10.0038
152, 18, 648, 41.1015, 10.0704
153, 18, 647, 40.8693, 10.1374
154, 18, 646, 41.6325, 10.2044
155, 18, 645, 42.3957, 10.2714
156, 18, 644, 43.1589, 10.3386
157, 18, 643, 43.9221, 10.4056
158, 18, 642, 43.6899, 10.4725
159, 18, 641, 44.6899, 10.5413
160, 18, 640, 45.4531, 10.6088
161, 18, 639, 46.2163, 10.6762
162, 18, 639, 45.8428, 10.7438
163, 18, 639, 45.4692, 10.8112
164, 18, 638, 46.8174, 10.879
165, 18, 637, 47.5806, 10.9465
166, 18, 636, 48.3438, 11.0139
167, 18, 635, 49.107, 11.0814
168, 18, 634, 49.8702, 11.1488
169, 18, 633, 50.6334, 11.2164
170, 18, 632, 51.3966, 11.2836
171, 18, 631, 52.1598, 11.3512
172, 18, 630, 53.1598, 11.4189
173, 18, 629, 53.923, 11.4867
174, 18, 628, 54.6862, 11.5545
175, 18, 627, 55.4494, 11.6225
176, 18, 626, 56.2126, 11.6909
177, 18, 625, 56.9758, 11.7589
178, 18, 624, 56.7436, 11.8268
179, 18, 623, 57.5068, 11.895
180, 18, 622, 58.27, 11.9633
181, 18, 621, 59.0332, 12.0316
182, 18, 620, 58.801, 12.0997
183, 18, 619, 59.801, 12.1682
184, 18, 618, 59.5688, 12.2368
185, 18, 617, 60.332, 12.3053
186, 18, 616, 61.0952, 12.3879
187, 18, 615, 61.8584, 12.4579
188, 18, 614, 62.6216, 12.5333
189, 18, 613, 62.3894, 12.6022
190, 18, 612, 63.1526, 12.6711
191, 18, 611, 63.9158, 12.74
192, 18, 610, 63.6836, 12.8085
193, 18, 609, 64.4468, 12.8773
194, 18, 608, 65.21, 12.9459
195, 18, 607, 64.9778, 13.0149
196, 18, 606, 65.741, 13.0839
197, 18, 605, 66.5042, 13.1523
198, 18, 604, 67.2674, 13.221
199, 18, 603, 68.0306, 13.2901
200, 18, 602, 68.7938, 13.3594
201, 18, 601, 69.557, 13.4287
202, 18, 600, 70.3202, 13.4993
203, 18, 599, 71.0834, 13.5687
204, 18, 598, 72.4315, 13.6383
205, 18, 597, 73.1947, 13.7079
206, 18, 597, 72.8212, 13.7774
207, 18, 596, 73.5844, 13.8481
208, 18, 595, 74.3476, 13.9171
209, 18, 594, 75.1108, 13.9864
210, 18, 593, 76.4589, 14.0556
211, 18, 592, 76.2267, 14.1248
212, 18, 591, 76.5795, 14.1941
213, 18, 591, 76.8946, 14.2637
214, 18, 591, 76.521, 14.3337
215, 18, 591, 76.0361, 14.4035
216, 18, 591, 75.6625, 14.4731
217, 18, 591, 75.1776, 14.5426
218, 18, 591, 74.804, 14.6123
219, 18, 591, 74.389, 14.6817
220, 18, 591, 74.0155, 14.7509
221, 18, 590, 75.3636, 14.8202
222, 18, 590, 74.9901, 14.8894
223, 18, 589, 75.7533, 14.9586
224, 18, 588, 76.5165, 15.0279
225, 18, 587, 77.2797, 15.0972
226, 18, 586, 78.0429, 15.1663
227, 18, 586, 77.6693, 15.2355
228, 18, 585, 79.0175, 15.3049
229, 18, 585, 78.5325, 15.3749
230, 18, 585, 78.8476, 15.4447
231, 18, 585, 78.474, 15.5143
232, 18, 585, 78.1005, 15.5839
233, 18, 584, 78.8637, 15.6536
234, 18, 583, 79.6269, 15.7227
235, 18, 582, 80.3901, 15.7915
236, 18, 581, 81.1533, 15.8693
237, 18, 580, 81.5061, 15.9387
238, 18, 580, 81.0211, 16.0082
239, 18, 580, 80.6476, 16.0772
240, 18, 580, 80.0695, 16.1466
241, 18, 580, 80.3329, 16.2164
242, 18, 580, 80.1284, 16.2862
243, 18, 580, 79.9755, 16.3556
244, 18, 580, 79.6019, 16.4254
245, 18, 580, 79.2284, 16.4945
246, 18, 579, 80.2284, 16.5634
247, 18, 579, 79.8549, 16.6327
248, 18, 578, 80.8549, 16.7017
249, 18, 578, 80.4813, 16.7709
250, 18, 578, 80.1078, 16.84
251, 18, 578, 79.9379, 16.9094
252, 18, 577, 81.6426, 16.979
253, 18, 577, 81.269, 17.0483
254, 18, 577, 81.0645, 17.1183
255, 18, 577, 80.9714, 17.1876
256, 18, 577, 80.8876, 17.2572
257, 18, 577, 80.7346, 17.3282
258, 18, 577, 80.3196, 17.3975
259, 18, 577, 79.9461, 17.4667
260, 18, 576, 80.2988, 17.5357
261, 18, 576, 79.8139, 17.605
262, 18, 576, 79.661, 17.6741
263, 18, 576, 79.491, 17.7431
264, 18, 576, 79.3381, 17.8133
265, 18, 576, 79.1852, 17.8826
266, 18, 576, 79.1014, 17.9514
267, 18, 576, 79.0083, 18.0203
268, 18, 576, 78.8571, 18.0891
269, 18, 576, 78.6872, 18.1583
270, 18, 576, 78.5343, 18.2277
271, 18, 576, 78.1607, 18.2967
272, 18, 576, 77.5826, 18.366
273, 18, 576, 77.3781, 18.4353
274, 18, 575, 78.7263, 18.5045
275, 19, 575, 78.7118, 18.5858
276, 20, 575, 78.6973, 18.6682
277, 21, 575, 78.6853, 18.752
278, 22, 575, 78.6733, 18.8394
279, 23, 575, 78.6633, 18.9274
280, 24, 575, 78.6532, 19.017
281, 25, 575, 78.6447, 19.1083
282, 26, 575, 78.6361, 19.2082
283, 27, 575, 78.6287, 19.3041
284, 28, 575, 78.6213, 19.4019
285, 29, 575, 78.6149, 19.5019
286, 30, 575, 78.6085, 19.6042
287, 31, 575, 78.6028, 19.7085
288, 32, 575, 78.5972, 19.8162
289, 32, 575, 78.5134, 19.9258
290, 32, 575, 78.3605, 19.9957
291, 32, 575, 77.9454, 20.0649
292, 32, 575, 77.7755, 20.1342
293, 32, 575, 77.6226, 20.2034
294, 32, 575, 77.249, 20.2728
295, 32, 575, 76.8755, 20.3423
296, 32, 574, 77.8755, 20.4118
297, 32, 574, 77.502, 20.4811
298, 32, 574, 77.1284, 20.5505
299, 32, 574, 76.9755, 20.6198
300, 32, 574, 76.8917, 20.7295
301, 32, 574, 76.7388, 20.801
302, 32, 573, 77.0915, 20.8709
303, 32, 573, 76.6066, 20.9412
304, 32, 573, 76.233, 21.0113
305, 32, 572, 77.233, 21.0812
306, 32, 572, 76.8595, 21.1514
307, 32, 572, 76.486, 21.2216
308, 32, 572, 76.2814, 21.2918
309, 32, 572, 75.8664, 21.3616
310, 32, 572, 75.7135, 21.4318
311, 32, 572, 75.2984, 21.5017
312, 32, 572, 75.1455, 21.5718
313, 32, 572, 74.772, 21.6417
314, 33, 572, 74.767, 21.7502
315, 34, 572, 74.762, 21.862
316, 35, 572, 74.7575, 21.977
317, 36, 572, 74.753, 22.1057
318, 37, 572, 74.749, 22.2264
319, 38, 572, 74.745, 22.3503
320, 39, 572, 74.7414, 22.4764
321, 40, 572, 74.7378, 22.6219
322, 41, 572, 74.7345, 22.7575
323, 42, 572, 74.7313, 22.8972
324, 43, 572, 74.7283, 23.0398
325, 44, 572, 74.7253, 23.1873
326, 45, 572, 74.7226, 23.3425
327, 46, 572, 74.7198, 23.5031
328, 47, 572, 74.7173, 23.6696
329, 48, 572, 74.7148, 23.8431
330, 49, 572, 74.7125, 24.0201
331, 50, 572, 74.7102, 24.2088
332, 50, 571, 74.8732, 24.3971
333, 50, 571, 74.8059, 24.5846
334, 50, 571, 74.6954, 24.6558
335, 50, 571, 74.6513, 24.8425
336, 50, 571, 74.3879, 24.9136
337, 50, 571, 74.218, 24.9844
338, 50, 571, 74.065, 25.0553
339, 50, 571, 73.9545, 25.1267
340, 50, 571, 73.8016, 25.1972
341, 50, 571, 73.3166, 25.2757
342, 50, 571, 73.2636, 25.4638
343, 50, 570, 73.505, 25.5346
344, 50, 570, 73.3004, 25.6057
345, 50, 570, 73.0959, 25.6772
346, 50, 570, 72.943, 25.7484
347, 50, 570, 72.5694, 25.8271
348, 50, 569, 72.3372, 25.8982
349, 50, 568, 73.1004, 25.9835
350, 50, 567, 73.8636, 26.0553
351, 50, 566, 74.6268, 26.1259
352, 50, 565, 75.39, 26.1966
353, 50, 565, 75.0165, 26.2678
354, 50, 565, 74.6429, 26.3388
355, 50, 565, 74.2694, 26.41
356, 50, 564, 75.0326, 26.4808
357, 50, 564, 74.6591, 26.5519
358, 50, 563, 75.4223, 26.623
359, 50, 562, 76.1855, 26.6941
360, 50, 561, 76.9487, 26.7646
361, 50, 560, 77.7119, 26.8385
362, 50, 560, 77.3383, 26.9091
363, 50, 559, 78.6865, 26.9797
364, 50, 558, 79.0393, 27.0504
365, 50, 558, 78.5543, 27.1214
366, 50, 558, 78.1808, 27.1919
367, 50, 558, 77.8072, 27.2644
368, 50, 558, 77.4337, 27.3353
369, 50, 557, 78.1969, 27.4057
370, 50, 556, 78.9601, 27.4777
371, 50, 555, 79.9601, 27.5485
372, 50, 554, 80.7233, 27.6193
373, 50, 554, 80.2383, 27.6905
374, 50, 554, 79.8648, 27.7615
375, 50, 554, 79.4913, 27.833
376, 50, 553, 80.2545, 27.9035
377, 50, 552, 80.0223, 27.974
378, 50, 551, 79.7901, 28.0451
379, 50, 550, 80.5533, 28.1162
380, 50, 549, 81.3165, 28.1871
381, 50, 548, 82.0797, 28.258
382, 50, 547, 82.8429, 28.3293
383, 50, 546, 83.6061, 28.4003
384, 50, 545, 84.6061, 28.4715
385, 50, 544, 85.3693, 28.5429
386, 50, 543, 85.1371, 28.6144
387, 50, 542, 86.4852, 28.6859
388, 50, 541, 87.2484, 28.757
389, 50, 540, 88.2484, 28.8289
390, 50, 539, 88.0162, 28.9006
391, 50, 539, 87.6427, 28.9725
392, 50, 539, 87.2692, 29.0442
393, 50, 538, 88.6173, 29.1156
394, 50, 538, 88.5758, 29.1997
395, 50, 537, 88.9286, 29.2714
396, 50, 537, 88.4436, 29.3432
397, 50, 536, 89.2068, 29.4273
398, 50, 535, 89.97, 29.4998
399, 50, 534, 90.7332, 29.5766
400, 50, 533, 91.7332, 29.6484
401, 50, 532, 92.4964, 29.72
402, 50, 531, 93.2596, 29.7915
403, 50, 530, 94.0228, 29.863
404, 50, 529, 95.0228, 29.9343
405, 50, 528, 95.786, 30.006
406, 50, 527, 96.5492, 30.0774
407, 50, 526, 97.3124, 30.149
408, 50, 525, 98.3124, 30.2205
409, 50, 524, 99.0756, 30.2928
410, 50, 523, 99.8388, 30.3645
411, 50, 522, 100.602, 30.4364
412, 50, 521, 101.602, 30.509
413, 50, 520, 102.365, 30.5808
414, 50, 519, 103.128, 30.6523
415, 50, 518, 104.128, 30.7247
416, 50, 517, 104.892, 30.7967
417, 50, 516, 105.655, 30.8699
418, 50, 515, 106.418, 30.9417
419, 50, 514, 107.181, 31.0134
420, 50, 513, 108.181, 31.0853
421, 50, 513, 107.808, 31.1572
422, 50, 513, 107.434, 31.2292
423, 50, 512, 108.782, 31.3014
424, 50, 511, 109.545, 31.3732
425, 50, 510, 110.309, 31.4445
426, 50, 509, 111.072, 31.5162
427, 50, 508, 111.835, 31.5882
428, 50, 507, 112.835, 31.6597
429, 50, 506, 113.598, 31.7316
430, 50, 505, 114.361, 31.8038
431, 50, 504, 115.125, 31.8757
432, 50, 503, 115.888, 31.9482
433, 50, 502, 116.651, 32.0202
434, 50, 502, 116.166, 32.0946
435, 50, 501, 116.929, 32.1701
436, 50, 500, 117.692, 32.2431
437, 50, 499, 118.456, 32.3153
438, 50, 498, 119.219, 32.3871
439, 50, 497, 119.982, 32.4593
440, 50, 496, 120.982, 32.5412
441, 50, 495, 120.75, 32.6139
442, 50, 494, 120.518, 32.6865
443, 50, 493, 121.281, 32.7589
444, 50, 492, 122.044, 32.8312
445, 50, 492, 121.629, 32.9049
446, 50, 492, 121.588, 32.9777
447, 50, 491, 122.936, 33.0503
448, 50, 490, 123.936, 33.1227
449, 50, 489, 123.703, 33.1951
450, 50, 488, 124.467, 33.2675
451, 50, 487, 125.467, 33.3397
452, 50, 486, 126.23, 33.4121
453, 50, 485, 126.993, 33.4848
454, 50, 484, 127.993, 33.5577
455, 50, 483, 128.756, 33.6307
456, 50, 482, 129.519, 33.7035
457, 50, 482, 129.835, 33.7768
458, 50, 482, 129.461, 33.8501
459, 50, 481, 130.224, 33.9229
460, 50, 480, 130.987, 33.9958
461, 50, 480, 130.572, 34.0687
462, 50, 480, 130.199, 34.1416
463, 50, 479, 130.962, 34.2142
464, 50, 478, 131.725, 34.2871
465, 50, 477, 132.725, 34.3598
466, 50, 476, 133.488, 34.4326
467, 50, 475, 134.252, 34.5049
468, 50, 474, 135.015, 34.5776
469, 50, 474, 134.6, 34.6504
470, 50, 473, 135.948, 34.7233
471, 50, 472, 136.711, 34.7961
472, 50, 471, 137.474, 34.8691
473, 50, 470, 137.242, 34.9417
474, 50, 469, 138.005, 35.0146
475, 50, 468, 138.769, 35.0875
476, 50, 467, 139.532, 35.1607
477, 50, 466, 139.3, 35.2335
478, 50, 465, 139.067, 35.3066
479, 50, 464, 140.067, 35.3798
480, 50, 463, 140.831, 35.4543
481, 50, 462, 141.594, 35.5278
482, 50, 461, 142.357, 35.6011
483, 50, 460, 143.12, 35.6743
484, 50, 459, 143.883, 35.7474
485, 50, 458, 144.647, 35.8332
486, 50, 457, 144.414, 35.9074
487, 50, 456, 145.178, 35.9809
488, 50, 455, 145.941, 36.054
489, 50, 454, 147.289, 36.1278
490, 50, 453, 148.052, 36.201
491, 50, 452, 148.815, 36.2744
492, 50, 451, 149.578, 36.348
493, 50, 451, 149.093, 36.4221
494, 50, 450, 150.093, 36.4957
495, 50, 449, 150.857, 36.5696
496, 50, 448, 151.62, 36.6432
497, 50, 448, 151.246, 36.7172
498, 50, 447, 152.246, 36.7907
499, 50, 446, 153.01, 36.8643
500, 50, 445, 153.773, 36.9379
501, 50, 445, 153.399, 37.012
502, 50, 445, 152.984, 37.0858
503, 50, 445, 152.611, 37.1596
504, 50, 445, 152.237, 37.2333
505, 50, 445, 151.864, 37.3073
506, 50, 444, 153.212, 37.3814
507, 50, 443, 153.975, 37.4551
508, 50, 442, 154.738, 37.5286
509, 50, 441, 155.738, 37.602
510, 50, 440, 156.501, 37.6758
511, 50, 439, 156.269, 37.7495
512, 50, 439, 155.896, 37.8249
513, 50, 439, 155.854, 37.9022
514, 50, 439, 155.481, 37.9765
515, 50, 438, 156.829, 38.0512
516, 50, 437, 157.592, 38.1251
517, 50, 437, 157.107, 38.2
518, 50, 436, 158.107, 38.2742
519, 50, 435, 158.87, 38.3487
520, 50, 434, 159.87, 38.423
521, 50, 433, 160.87, 38.4975
522, 50, 432, 161.633, 38.5735
523, 50, 431, 162.397, 38.6479
524, 50, 430, 163.397, 38.7244
525, 50, 429, 164.16, 38.7989
526, 50, 429, 163.786, 38.874
527, 50, 428, 164.139, 38.9493
528, 50, 428, 163.654, 39.0255
529, 50, 428, 163.28, 39.1185
530, 50, 428, 162.796, 39.2026
531, 50, 428, 162.422, 39.2773
532, 50, 428, 162.048, 39.3519
533, 50, 428, 161.633, 39.4265
534, 50, 428, 161.26, 39.5012
535, 50, 427, 162.608, 39.5765
536, 50, 426, 163.371, 39.651
537, 50, 425, 164.134, 39.7259
538, 50, 424, 164.898, 39.8013
539, 50, 424, 164.524, 39.8786
540, 50, 423, 165.287, 39.954
541, 50, 422, 166.051, 40.0292
542, 50, 422, 165.677, 40.1046
543, 50, 422, 165.262, 40.1808
544, 50, 422, 164.888, 40.2565
545, 50, 422, 164.515, 40.3321
546, 50, 421, 165.278, 40.4073
547, 50, 420, 166.041, 40.4824
548, 50, 419, 166.804, 40.5577
549, 50, 419, 166.431, 40.633
550, 50, 418, 167.194, 40.7085
551, 50, 417, 167.957, 40.784
552, 50, 416, 168.721, 40.8596
553, 50, 415, 169.484, 40.9351
554, 50, 415, 169.11, 41.0108
555, 50, 414, 169.873, 41.0864
556, 50, 413, 170.637, 41.1619
557, 50, 413, 170.263, 41.2372
558, 50, 413, 169.89, 41.313
559, 50, 413, 170.153, 41.3889
560, 50, 413, 169.983, 41.4646
561, 50, 412, 171.688, 41.5408
562, 50, 411, 172.451, 41.6179
563, 50, 410, 173.214, 41.6936
564, 50, 409, 173.977, 41.7694
565, 50, 409, 173.604, 41.8453
566, 50, 409, 173.23, 41.921
567, 50, 409, 172.857, 41.9966
568, 50, 409, 172.483, 42.0728
569, 50, 409, 172.068, 42.149
570, 50, 408, 173.416, 42.2256
571, 50, 407, 173.184, 42.3014
572, 50, 407, 172.811, 42.3773
573, 50, 407, 172.437, 42.4532
574, 50, 407, 172.063, 42.5359
575, 50, 407, 171.69, 42.6122
576, 50, 407, 171.316, 42.6882
577, 50, 407, 170.738, 42.7644
578, 50, 407, 170.365, 42.8421
579, 50, 407, 169.95, 42.9184
580, 50, 407, 169.576, 42.9947
581, 50, 406, 170.339, 43.0715
582, 50, 406, 169.966, 43.1478
583, 50, 406, 169.592, 43.2246
584, 50, 406, 169.439, 43.3013
585, 50, 406, 169.066, 43.3774
586, 50, 406, 168.692, 43.4538
587, 50, 406, 168.207, 43.5304
588, 50, 406, 167.834, 43.6066
589, 50, 406, 167.46, 43.6831
590, 50, 406, 167.087, 43.7602
591, 50, 406, 166.672, 43.8363
592, 50, 406, 166.298, 43.9138
593, 50, 406, 165.925, 43.9896
594, 50, 406, 165.551, 44.0655
595, 50, 406, 165.178, 44.142
596, 50, 406, 165.025, 44.2173
597, 50, 405, 165.266, 44.2935
598, 50, 405, 165.062, 44.3699
599, 50, 405, 164.688, 44.4458
600, 50, 404, 165.688, 44.5218
601, 50, 404, 165.273, 44.5977
602, 50, 404, 164.899, 44.6735
603, 50, 403, 165.899, 44.7496
604, 50, 403, 165.526, 44.8256
605, 50, 403, 165.152, 44.9019
606, 50, 403, 164.982, 44.978
607, 50, 403, 164.829, 45.0538
608, 50, 403, 164.456, 45.1297
609, 50, 403, 164.082, 45.2055
610, 50, 402, 165.082, 45.2814
611, 50, 402, 164.709, 45.3573
612, 50, 402, 164.335, 45.4337
613, 50, 402, 164.182, 45.5094
614, 50, 401, 164.424, 45.5854
615, 50, 401, 164.219, 45.6615
616, 50, 401, 163.582, 45.7381
617, 50, 400, 163.935, 45.8143
618, 50, 400, 163.45, 45.901
619, 50, 400, 163.035, 45.9765
620, 50, 400, 162.661, 46.0522
621, 50, 400, 162.288, 46.1281
622, 50, 400, 162.177, 46.2044
623, 50, 400, 162.025, 46.2803
624, 50, 400, 161.609, 46.356
625, 50, 400, 161.44, 46.4323
626, 50, 400, 161.287, 46.5361
627, 50, 400, 160.872, 46.6119
628, 50, 400, 160.719, 46.6876
629, 50, 400, 160.566, 46.7631
630, 50, 400, 160.455, 46.839
631, 50, 400, 160.192, 46.9169
632, 50, 400, 160.039, 46.993
633, 50, 400, 159.869, 47.0688
634, 50, 400, 159.716, 47.1445
635, 50, 399, 160.069, 47.2198
636, 50, 399, 159.584, 47.2956
637, 50, 399, 159.567, 47.3714
638, 50, 399, 159.414, 47.4471
639, 50, 399, 158.929, 47.5232
640, 50, 399, 158.555, 47.5987
641, 50, 399, 158.14, 47.6744
642, 50, 399, 157.767, 47.7499
643, 50, 399, 157.352, 47.8254
644, 50, 399, 156.978, 47.9022
645, 50, 399, 156.563, 47.9774
646, 50, 399, 156.148, 48.0522
647, 50, 399, 155.775, 48.1271
648, 50, 399, 155.401, 48.2019
649, 50, 398, 156.749, 48.2773
650, 50, 398, 156.264, 48.3531
651, 50, 398, 155.779, 48.4285
652, 50, 398, 155.406, 48.5061
653, 50, 398, 155.032, 48.5818
654, 50, 398, 154.547, 48.6573
655, 50, 398, 154.343, 48.7329
656, 50, 398, 153.969, 48.8083
657, 50, 397, 154.732, 48.8832
658, 50, 396, 154.5, 48.9583
659, 50, 395, 155.263, 49.0355
660, 50, 394, 156.027, 49.1106
661, 50, 393, 156.79, 49.1929
662, 50, 392, 157.553, 49.2683
663, 50, 391, 158.316, 49.3443
664, 50, 390, 159.079, 49.4199
665, 50, 389, 159.843, 49.4954
666, 50, 388, 160.606, 49.5712
667, 50, 387, 161.369, 49.6466
668, 50, 386, 162.132, 49.7224
669, 50, 385, 162.895, 49.7979
670, 50, 384, 163.659, 49.8736
671, 50, 383, 164.422, 49.9494
672, 51, 382, 165.422, 50.0252
673, 51, 381, 166.185, 50.101
674, 51, 380, 166.948, 50.1769
675, 51, 379, 167.711, 50.2544
676, 51, 378, 167.479, 50.3302
677, 51, 377, 168.242, 50.4067
678, 51, 376, 169.006, 50.4825
679, 51, 375, 170.006, 50.5591
680, 51, 374, 170.769, 50.6356
681, 51, 373, 171.532, 50.7118
682, 51, 372, 172.295, 50.7884
683, 51, 371, 173.058, 50.865
684, 51, 370, 174.058, 50.9417
685, 51, 370, 174.017, 51.0182
686, 51, 370, 173.643, 51.0948
687, 51, 369, 174.643, 51.1712
688, 51, 368, 174.411, 51.2479
689, 51, 367, 175.411, 51.3247
690, 51, 367, 175.038, 51.4013
691, 51, 367, 174.664, 51.4779
692, 51, 367, 174.291, 51.5548
693, 51, 366, 175.054, 51.6311
694, 51, 365, 174.822, 51.7075
695, 51, 364, 175.585, 51.7846
696, 51, 363, 176.348, 51.8612
697, 51, 362, 177.111, 51.9378
698, 51, 362, 176.738, 52.0147
699, 51, 362, 176.323, 52.0913
700, 51, 362, 175.949, 52.1679
701, 51, 362, 175.576, 52.245
702, 51, 361, 175.928, 52.3215
703, 51, 361, 175.443, 52.3986
704, 51, 360, 176.443, 52.4753
705, 51, 359, 177.207, 52.5584
706, 51, 358, 178.207, 52.6349
707, 51, 357, 178.97, 52.7117
708, 51, 356, 179.97, 52.7882
709, 51, 355, 180.733, 52.8649
710, 51, 354, 181.733, 52.9413
711, 51, 353, 182.733, 53.0177
712, 51, 352, 183.496, 53.0947
713, 51, 351, 184.259, 53.1715
714, 51, 350, 185.023, 53.2485
715, 51, 349, 185.786, 53.3249
716, 51, 349, 185.371, 53.4018
717, 51, 349, 185.329, 53.479
718, 51, 349, 184.914, 53.5559
719, 51, 349, 184.761, 53.6327
720, 51, 349, 184.346, 53.7095
721, 51, 348, 186.051, 53.7864
722, 51, 347, 187.051, 53.8633
723, 51, 346, 187.404, 53.9401
724, 51, 346, 187.719, 54.0168
725, 51, 346, 187.345, 54.1523
726, 51, 346, 186.767, 54.2818
727, 51, 346, 186.394, 54.4111
728, 51, 345, 186.746, 54.5344
729, 51, 345, 186.261, 54.663
730, 51, 345, 185.888, 54.7845
731, 51, 345, 185.473, 54.9055
732, 51, 345, 185.099, 55.0188
733, 51, 345, 184.726, 55.1308
734, 51, 345, 184.352, 55.2458
735, 51, 344, 185.7, 55.3572
736, 51, 343, 186.464, 55.5129
737, 52, 343, 186.048, 55.7349
738, 53, 343, 185.879, 55.9472
739, 53, 342, 186.231, 56.147
740, 53, 342, 185.746, 56.3499
741, 53, 342, 185.373, 56.5695
742, 53, 342, 184.999, 56.7225
743, 53, 341, 186.347, 56.8581
744, 53, 340, 187.111, 56.9877
745, 53, 340, 186.626, 57.1159
746, 53, 339, 187.626, 57.2536
747, 53, 338, 188.389, 57.3665
748, 53, 337, 189.152, 57.4791
749, 53, 337, 188.779, 57.5918
750, 53, 337, 188.364, 57.7051
751, 53, 337, 187.99, 57.8174
752, 53, 337, 187.616, 57.93
753, 53, 337, 187.243, 58.0426
754, 53, 337, 186.869, 58.1573
755, 53, 337, 186.454, 58.2422
756, 53, 337, 186.081, 58.3203
757, 53, 337, 185.707, 58.3986
758, 53, 336, 186.06, 58.4763
759, 53, 336, 185.575, 58.5539
760, 53, 335, 185.928, 58.6315
761, 53, 335, 186.243, 58.7093
762, 53, 335, 185.828, 58.787
763, 53, 335, 185.454, 58.8647
764, 53, 335, 185.039, 58.9419
765, 53, 335, 184.666, 59.0194
766, 53, 335, 184.251, 59.0967
767, 53, 335, 183.836, 59.1867
768, 53, 335, 183.462, 59.2654
769, 53, 335, 183.089, 59.3428
770, 53, 335, 182.715, 59.4205
771, 53, 335, 182.342, 59.4981
772, 53, 335, 181.968, 59.5757
773, 53, 335, 181.594, 59.6533
774, 54, 335, 181.501, 59.732
775, 55, 335, 181.442, 59.8106
776, 56, 335, 181.402, 59.8903
777, 57, 335, 181.372, 59.971
778, 57, 335, 181.168, 60.0527
779, 57, 335, 181.015, 60.1305
780, 58, 335, 180.992, 60.2118
781, 59, 335, 180.974, 60.2943
782, 59, 334, 181.215, 60.378
783, 59, 334, 181.011, 60.4617
784, 59, 334, 180.806, 60.5395
785, 59, 334, 180.391, 60.6172
786, 59, 334, 180.018, 60.6946
787, 59, 333, 180.781, 60.7721
788, 59, 333, 180.296, 60.8501
789, 59, 333, 179.922, 60.9274
790, 59, 333, 179.507, 61.0045
791, 59, 333, 179.134, 61.0824
792, 59, 333, 178.76, 61.1599
793, 59, 333, 178.607, 61.2436
794, 59, 333, 178.234, 61.3214
795, 59, 333, 177.86, 61.3995
796, 59, 333, 177.707, 61.4775
797, 59, 333, 177.537, 61.5552
798, 59, 332, 179.242, 61.6328
799, 59, 332, 178.827, 61.7101
800, 59, 332, 178.454, 61.7875
801, 59, 332, 177.875, 61.8651
802, 59, 332, 178.097, 61.9454
803, 59, 332, 177.944, 62.0237
804, 59, 332, 177.571, 62.1023
805, 59, 332, 177.197, 62.1807
806, 59, 332, 176.782, 62.2596
807, 59, 332, 176.204, 62.3378
808, 59, 332, 175.831, 62.4158
809, 59, 332, 175.457, 62.5172
810, 59, 332, 175.084, 62.5963
811, 59, 332, 174.71, 62.6744
812, 59, 332, 174.295, 62.7526
813, 59, 332, 173.922, 62.8308
814, 59, 332, 173.548, 62.909
815, 59, 332, 173.174, 62.9875
816, 59, 332, 172.801, 63.0657
817, 59, 332, 172.386, 63.1443
818, 59, 332, 172.233, 63.2225
819, 59, 331, 173.938, 63.3011
820, 59, 330, 174.701, 63.3794
821, 59, 330, 174.327, 63.4576
822, 59, 330, 173.954, 63.5362
823, 59, 329, 174.954, 63.6143
824, 59, 329, 174.58, 63.6922
825, 59, 329, 174.207, 63.7708
826, 59, 329, 173.833, 63.8491
827, 59, 328, 174.186, 63.9286
828, 59, 328, 173.701, 64.0068
829, 59, 328, 173.123, 64.085
830, 59, 328, 172.749, 64.1629
831, 59, 327, 173.102, 64.2407
832, 59, 327, 173.417, 64.3187
833, 59, 327, 173.044, 64.3967
834, 59, 327, 172.67, 64.4746
835, 59, 326, 173.023, 64.5529
836, 59, 326, 172.538, 64.6313
837, 59, 325, 172.891, 64.7098
838, 59, 325, 173.206, 64.7882
839, 59, 325, 173.001, 64.8667
840, 59, 325, 172.848, 64.945
841, 59, 325, 172.27, 65.0237
842, 59, 325, 171.897, 65.1019
843, 59, 325, 171.523, 65.18
844, 59, 324, 172.286, 65.258
845, 59, 323, 173.05, 65.3354
846, 59, 322, 173.813, 65.4126
847, 59, 321, 174.576, 65.4902
848, 59, 320, 174.929, 65.5682
849, 59, 320, 174.444, 65.6461
850, 59, 320, 174.07, 65.7246
851, 59, 319, 174.312, 65.8025
852, 59, 319, 174.533, 65.8883
853, 59, 319, 174.381, 65.9665
854, 59, 319, 173.896, 66.0448
855, 59, 318, 174.248, 66.1234
856, 59, 318, 173.763, 66.202
857, 59, 318, 173.39, 66.281
858, 59, 318, 173.016, 66.3598
859, 59, 318, 172.643, 66.4382
860, 59, 318, 172.269, 66.5166
861, 59, 317, 173.032, 66.5946
862, 59, 316, 173.796, 66.6727
863, 59, 315, 174.559, 66.7503
864, 59, 314, 175.322, 66.8282
865, 59, 314, 174.949, 66.908
866, 59, 314, 174.575, 66.9857
867, 59, 314, 174.797, 67.0633
868, 59, 313, 175.038, 67.1415
869, 59, 313, 174.834, 67.2198
870, 59, 313, 174.681, 67.2977
871, 59, 313, 174.528, 67.3758
872, 59, 313, 174.323, 67.4536
873, 59, 313, 174.17, 67.5316
874, 59, 313, 173.966, 67.6093
875, 59, 313, 173.855, 67.6879
876, 59, 313, 173.702, 67.7662
877, 59, 313, 173.498, 67.8443
878, 59, 313, 173.345, 67.9226
879, 59, 313, 173.192, 68.0005
880, 59, 313, 173.039, 68.0782
881, 59, 313, 172.869, 68.1563
882, 59, 313, 172.716, 68.2342
883, 59, 313, 172.079, 68.3121
884, 59, 313, 171.706, 68.4029
885, 59, 313, 171.928, 68.4815
886, 59, 313, 171.775, 68.5597
887, 59, 313, 171.57, 68.6383
888, 59, 313, 171.307, 68.7163
889, 59, 313, 171.102, 68.7941
890, 59, 313, 170.932, 68.8718
891, 59, 313, 170.779, 68.9493
892, 59, 313, 170.626, 69.0272
893, 59, 313, 170.543, 69.1051
894, 59, 313, 170.432, 69.192
895, 59, 313, 170.373, 69.2707
896, 59, 313, 170.32, 69.3488
897, 59, 313, 170.236, 69.4263
898, 59, 313, 170.153, 69.5041
899, 59, 313, 170.06, 69.5816
900, 59, 312, 170.249, 69.6591
901, 59, 312, 170.139, 69.7466
902, 59, 312, 170.055, 69.8251
903, 59, 312, 169.988, 69.905
904, 59, 312, 169.904, 69.9833
905, 59, 312, 169.699, 70.0619
906, 60, 312, 169.697, 70.2546
907, 61, 312, 169.695, 70.4575
908, 62, 312, 169.693, 70.6606
909, 63, 312, 169.691, 70.8678
910, 64, 312, 169.689, 71.0807
911, 65, 312, 169.687, 71.2987
912, 66, 312, 169.686, 71.5308
913, 67, 312, 169.684, 71.7616
914, 68, 312, 169.682, 71.9972
915, 69, 312, 169.681, 72.2386
916, 70, 312, 169.679, 72.4962
917, 71, 312, 169.678, 72.7506
918, 72, 312, 169.676, 73.0102
919, 73, 312, 169.675, 73.2763
920, 73, 312, 169.745, 73.5487
921, 74, 312, 169.744, 73.8215
922, 75, 312, 169.742, 74.1017
923, 76, 312, 169.741, 74.3882
924, 77, 312, 169.74, 74.6821
925, 78, 312, 169.739, 75.0534
926, 79, 312, 169.737, 75.3686
927, 79, 312, 169.701, 75.6966
928, 79, 312, 169.548, 75.7752
929, 79, 312, 169.395, 75.8632
930, 79, 312, 169.242, 75.9415
931, 79, 312, 168.868, 76.0198
932, 79, 311, 169.868, 76.0978
933, 79, 311, 169.495, 76.1759
934, 79, 311, 169.121, 76.2542
935, 79, 311, 168.748, 76.3332
936, 79, 311, 168.333, 76.4115
937, 79, 311, 168.18, 76.4896
938, 79, 311, 168.027, 76.5674
939, 79, 311, 167.874, 76.6457
940, 79, 311, 168.037, 76.7249
941, 79, 311, 167.953, 76.8034
942, 80, 311, 167.952, 77.1297
943, 81, 311, 167.951, 77.4644
944, 82, 311, 167.95, 77.8077
945, 83, 311, 167.949, 78.1588
946, 84, 311, 167.948, 78.5165
947, 85, 311, 167.947, 78.8828
948, 86, 311, 167.946, 79.2662
949, 87, 311, 167.945, 79.6512
950, 88, 311, 167.944, 80.0449
951, 89, 311, 167.943, 80.4487
952, 90, 311, 167.942, 80.8602
953, 91, 311, 167.941, 81.2813
954, 92, 311, 167.941, 81.7118
955, 93, 311, 167.94, 82.1527
956, 94, 311, 167.939, 82.6069
957, 95, 311, 167.938, 83.0638
958, 95, 311, 168.032, 83.529
959, 96, 311, 168.031, 83.9949
960, 97, 311, 168.03, 84.4714
961, 98, 311, 168.03, 84.9596
962, 99, 311, 168.029, 85.4692
963, 100, 311, 168.028, 86.0103
964, 101, 311, 168.027, 86.5628
965, 102, 311, 168.027, 87.1198
966, 103, 311, 168.026, 87.6881
967, 103, 311, 167.999, 88.2695
968, 103, 311, 167.916, 88.3489
969, 103, 311, 167.763, 88.4284
970, 103, 311, 167.558, 88.5075
971, 103, 311, 167.405, 88.5867
972, 103, 311, 167.252, 88.6659
973, 103, 311, 167.142, 88.7452
974, 103, 311, 166.972, 88.8238
975, 103, 311, 166.888, 88.9031
976, 103, 311, 166.735, 88.982
977, 103, 311, 166.651, 89.0612
978, 103, 311, 166.481, 89.1398
979, 103, 311, 166.398, 89.226
980, 103, 311, 165.983, 89.3053
981, 103, 311, 165.83, 89.3842
982, 103, 311, 165.677, 89.4632
983, 103, 311, 165.584, 89.5427
984, 103, 311, 165.5, 89.6219
985, 103, 311, 165.33, 89.7023
986, 103, 311, 165.237, 89.7815
987, 103, 311, 165.153, 89.8604
988, 103, 311, 165, 89.9395
989, 103, 311, 164.916, 90.0184
990, 103, 311, 164.832, 90.0971
991, 103, 311, 164.679, 90.1764
992, 103, 311, 164.306, 90.2552
993, 103, 310, 165.306, 90.3344
994, 103, 310, 164.932, 90.4138
995, 103, 310, 164.559, 90.4929
996, 103, 310, 164.185, 90.5724
997, 103, 310, 163.77, 90.6513
998, 103, 310, 163.617, 90.7307
999, 103, 310, 163.464, 90.81
1000, 103, 309, 163.706, 90.8891
1001, 103, 309, 163.501, 90.9686
1002, 103, 309, 163.297, 91.094
1003, 103, 309, 163.144, 91.2242
1004, 103, 309, 162.991, 91.3481
1005, 103, 309, 162.838, 91.496
1006, 103, 309, 162.668, 91.6265
1007, 103, 309, 162.584, 91.7248
1008, 103, 309, 162.5, 91.8309
1009, 103, 309, 162.417, 91.9549
1010, 103, 309, 162.265, 92.0611
1011, 103, 309, 162.113, 92.1433
1012, 103, 309, 162.06, 92.2223
1013, 104, 309, 162.059, 92.8109
1014, 105, 309, 162.058, 93.4049
1015, 106, 309, 162.058, 94.0051
1016, 107, 309, 162.057, 94.6153
1017, 108, 309, 162.056, 95.2408
1018, 109, 309, 162.056, 95.8849
1019, 110, 309, 162.055, 96.5302
1020, 111, 309, 162.055, 97.2061
1021, 112, 309, 162.054, 97.88
1022, 113, 309, 162.054, 98.5663
1023, 114, 309, 162.053, 99.2678
1024, 115, 309, 162.053, 99.9792
1025, 116, 309, 162.052, 100.702
1026, 117, 309, 162.052, 101.447
1027, 117, 309, 161.989, 102.204
1028, 117, 309, 161.922, 102.283
1029, 118, 309, 161.921, 103.047
1030, 119, 309, 161.921, 103.838
1031, 120, 309, 161.92, 104.663
1032, 121, 309, 161.92, 105.498
1033, 122, 309, 161.919, 106.335
1034, 123, 309, 161.919, 107.214
1035, 124, 309, 161.919, 108.26
1036, 125, 309, 161.918, 109.164
1037, 126, 309, 161.918, 110.07
1038, 127, 309, 161.917, 110.99
1039, 128, 309, 161.917, 111.932
1040, 129, 309, 161.916, 112.917
1041, 129, 308, 162.054, 113.885
1042, 129, 308, 162.033, 114.846
1043, 129, 307, 162.196, 114.926
1044, 129, 307, 162.129, 115.005
1045, 129, 307, 162.045, 115.084
1046, 129, 307, 161.934, 115.164
1047, 129, 307, 161.85, 115.242
1048, 129, 307, 161.587, 115.321
1049, 129, 307, 161.476, 115.401
1050, 129, 307, 161.393, 115.48
1051, 129, 307, 161.556, 115.559
1052, 129, 307, 161.76, 115.638
1053, 129, 307, 161.676, 115.717
1054, 129, 307, 161.524, 115.796
1055, 129, 307, 161.371, 115.885
1056, 129, 307, 161.219, 115.964
1057, 129, 307, 161.109, 116.043
1058, 129, 307, 160.956, 116.122
1059, 129, 307, 160.872, 116.201
1060, 129, 307, 160.828, 116.28
1061, 129, 307, 160.761, 116.359
1062, 129, 307, 160.668, 116.438
1063, 129, 307, 160.615, 116.517
1064, 129, 307, 160.531, 116.622
1065, 129, 307, 160.478, 116.702
1066, 129, 307, 160.385, 116.781
1067, 129, 307, 160.332, 116.86
1068, 129, 307, 160.179, 116.939
1069, 129, 307, 160.216, 117.9
1070, 130, 307, 160.216, 118.861
1071, 131, 307, 160.216, 119.853
1072, 132, 307, 160.215, 120.864
1073, 133, 307, 160.215, 121.891
1074, 134, 307, 160.214, 122.944
1075, 135, 307, 160.214, 123.997
1076, 135, 307, 160.281, 125.07
1077, 136, 307, 160.281, 126.161
1078, 137, 307, 160.28, 127.488
1079, 138, 307, 160.28, 128.607
1080, 139, 307, 160.28, 129.779
1081, 139, 307, 160.232, 130.967
1082, 139, 307, 160.188, 131.05
1083, 140, 307, 160.187, 132.246
1084, 141, 307, 160.187, 133.458
1085, 142, 307, 160.187, 134.685
1086, 143, 307, 160.187, 135.939
1087, 144, 307, 160.186, 137.21
1088, 145, 307, 160.186, 138.494
1089, 146, 307, 160.186, 139.801
1090, 147, 307, 160.185, 141.133
1091, 148, 307, 160.185, 142.476
1092, 149, 307, 160.185, 143.866
1093, 150, 307, 160.184, 145.255
1094, 151, 307, 160.184, 146.676
1095, 152, 307, 160.184, 148.108
1096, 153, 307, 160.184, 149.582
1097, 154, 307, 160.183, 151.411
1098, 155, 307, 160.183, 152.925
1099, 156, 307, 160.183, 154.443
1100, 157, 307, 160.182, 155.998
1101, 158, 307, 160.182, 157.569
1102, 159, 307, 160.182, 159.162
1103, 160, 307, 160.182, 160.771
1104, 161, 307, 160.181, 162.394
1105, 162, 307, 160.181, 164.099
1106, 163, 307, 160.181, 165.792
1107, 163, 307, 160.144, 167.528
1108, 163, 307, 160.085, 167.608
1109, 163, 307, 160.032, 167.687
1110, 163, 307, 159.948, 167.766
1111, 163, 307, 159.851, 167.845
1112, 163, 307, 159.758, 167.923
1113, 163, 307, 159.674, 168.003
1114, 163, 307, 159.581, 168.081
1115, 163, 307, 159.497, 168.16
1116, 163, 307, 159.413, 168.239
1117, 163, 307, 159.483, 168.323
1118, 163, 307, 159.416, 168.431
1119, 163, 307, 159.349, 168.511
1120, 163, 307, 159.238, 168.591
1121, 163, 307, 159.087, 168.67
1122, 163, 307, 158.934, 168.749
1123, 163, 307, 158.851, 168.831
1124, 163, 307, 158.587, 168.91
1125, 163, 307, 158.324, 168.989
1126, 163, 307, 158.24, 169.069
1127, 163, 307, 158.156, 169.155
1128, 163, 307, 158.003, 169.236
1129, 163, 307, 157.63, 169.314
1130, 163, 306, 158.393, 169.394
1131, 163, 305, 159.156, 169.473
1132, 163, 304, 158.924, 169.552
1133, 163, 303, 159.687, 169.632
1134, 163, 302, 160.45, 169.711
1135, 163, 301, 161.213, 169.789
1136, 163, 300, 161.977, 169.868
1137, 163, 300, 161.603, 169.947
1138, 163, 300, 161.23, 170.027
1139, 163, 299, 162.578, 170.108
1140, 163, 298, 162.93, 170.188
1141, 163, 298, 162.445, 170.268
1142, 163, 298, 162.072, 170.348
1143, 163, 298, 161.698, 170.427
1144, 163, 298, 161.283, 170.507
1145, 163, 297, 162.632, 170.586
1146, 163, 296, 163.395, 170.666
1147, 163, 296, 163.021, 170.745
1148, 163, 295, 162.789, 170.825
1149, 163, 294, 163.552, 170.904
1150, 163, 294, 163.867, 170.984
1151, 163, 293, 165.215, 171.064
1152, 163, 292, 165.979, 171.144
1153, 163, 292, 165.494, 171.224
1154, 163, 291, 166.494, 171.303
1155, 163, 290, 167.257, 171.383
1156, 163, 289, 168.257, 171.462
1157, 163, 288, 169.257, 171.542
1158, 163, 287, 169.025, 171.621
1159, 163, 287, 168.651, 171.701
1160, 163, 286, 169.004, 171.781
1161, 163, 286, 168.519, 171.861
1162, 163, 286, 168.104, 171.94
1163, 163, 286, 167.689, 172.02
1164, 163, 285, 169.037, 172.102
1165, 163, 284, 169.8, 172.182
1166, 163, 283, 170.563, 172.262
1167, 163, 282, 171.327, 172.342
1168, 163, 281, 172.09, 172.422
1169, 163, 280, 172.853, 172.508
1170, 163, 279, 173.616, 172.588
1171, 163, 279, 173.243, 172.668
1172, 163, 278, 174.591, 172.748
1173, 163, 278, 174.217, 172.828
1174, 163, 278, 173.732, 172.909
1175, 163, 278, 173.317, 172.989
1176, 163, 278, 172.944, 173.069
1177, 163, 278, 172.57, 173.15
1178, 163, 278, 172.197, 173.231
1179, 163, 278, 171.823, 173.311
1180, 163, 277, 172.586, 173.391
1181, 163, 276, 173.35, 173.471
1182, 163, 275, 174.113, 173.55
1183, 163, 274, 174.876, 173.63
1184, 163, 274, 174.502, 173.71
1185, 163, 274, 174.129, 173.79
1186, 163, 274, 173.976, 173.87
1187, 163, 274, 173.823, 173.95
1188, 163, 274, 173.67, 174.03
1189, 163, 274, 173.297, 174.111
1190, 163, 274, 172.923, 174.19
1191, 163, 273, 173.923, 174.27
1192, 163, 273, 173.549, 174.352
1193, 163, 273, 173.176, 174.433
1194, 163, 273, 173.023, 174.513
1195, 163, 272, 173.264, 174.594
1196, 163, 272, 173.06, 174.674
1197, 163, 272, 173.223, 174.755
1198, 163, 272, 172.959, 174.835
1199, 163, 272, 172.755, 174.916
1200, 163, 272, 172.55, 174.996
1201, 163, 272, 172.397, 175.076
1202, 163, 272, 172.193, 175.158
1203, 163, 272, 171.615, 175.237
1204, 163, 272, 171.241, 175.317
1205, 163, 272, 171.037, 175.397
1206, 163, 272, 170.884, 175.476
1207, 163, 272, 170.679, 175.556
1208, 163, 272, 170.526, 175.636
1209, 163, 272, 170.322, 175.716
1210, 163, 272, 169.907, 175.795
1211, 163, 271, 170.26, 175.882
1212, 163, 271, 169.775, 175.962
1213, 163, 270, 170.127, 176.041
1214, 163, 270, 169.642, 176.121
1215, 163, 270, 169.438, 176.201
1216, 163, 270, 169.064, 176.281
1217, 163, 269, 169.306, 176.361
1218, 163, 269, 169.101, 176.441
1219, 163, 268, 169.454, 176.52
1220, 163, 268, 168.969, 176.6
1221, 163, 268, 168.595, 176.679
1222, 163, 268, 168.391, 176.758
1223, 163, 268, 167.976, 176.838
1224, 163, 268, 167.823, 176.918
1225, 163, 268, 167.67, 176.997
1226, 163, 268, 167.517, 177.077
1227, 163, 268, 167.143, 177.156
1228, 163, 268, 166.77, 177.236
1229, 163, 268, 166.396, 177.316
1230, 163, 268, 166.023, 177.395
1231, 163, 268, 165.87, 177.475
1232, 163, 268, 165.496, 177.554
1233, 163, 268, 165.081, 177.634
1234, 163, 268, 164.928, 177.713
1235, 163, 267, 165.17, 177.793
1236, 163, 267, 164.965, 177.873
1237, 163, 267, 164.812, 177.953
1238, 163, 267, 164.659, 178.032
1239, 163, 267, 164.506, 178.112
1240, 163, 267, 164.353, 178.191
1241, 163, 267, 164.201, 178.271
1242, 163, 267, 164.09, 178.351
1243, 163, 267, 163.98, 178.431
1244, 163, 267, 163.81, 178.51
1245, 163, 267, 163.699, 178.591
1246, 163, 267, 163.615, 178.671
1247, 163, 267, 163.462, 178.75
1248, 163, 267, 163.309, 178.83
1249, 163, 267, 163.157, 178.909
1250, 163, 267, 162.952, 178.989
1251, 163, 267, 162.799, 179.069
1252, 163, 267, 162.595, 179.157
1253, 163, 267, 162.442, 179.237
1254, 163, 267, 162.237, 179.317
1255, 163, 266, 162.478, 179.397
1256, 163, 266, 162.274, 179.477
1257, 163, 265, 162.515, 179.556
1258, 163, 265, 162.311, 179.636
1259, 163, 265, 162.141, 179.715
1260, 163, 265, 161.988, 179.796
1261, 163, 265, 161.783, 179.876
1262, 163, 265, 161.63, 179.955
1263, 163, 265, 161.257, 180.035
1264, 163, 265, 161.104, 180.115
1265, 163, 265, 160.73, 180.194
1266, 163, 265, 160.577, 180.274
1267, 163, 265, 160.424, 180.354
1268, 163, 265, 160.22, 180.435
1269, 163, 265, 160.015, 180.515
1270, 163, 265, 159.845, 180.595
1271, 163, 265, 159.693, 180.675
1272, 163, 265, 159.54, 180.755
1273, 163, 265, 159.387, 180.836
1274, 163, 265, 159.234, 180.915
1275, 163, 265, 159.081, 180.995
1276, 163, 265, 158.876, 181.075
1277, 163, 265, 158.391, 181.155
1278, 163, 265, 158.018, 181.235
1279, 163, 265, 157.644, 181.315
1280, 163, 265, 157.229, 181.395
1281, 163, 265, 156.856, 181.475
1282, 163, 264, 158.204, 181.555
1283, 163, 263, 159.552, 181.635
1284, 163, 262, 160.552, 181.715
1285, 163, 261, 161.315, 181.794
1286, 163, 261, 160.942, 181.874
1287, 163, 261, 160.457, 181.955
1288, 163, 261, 159.972, 182.035
1289, 163, 260, 160.735, 182.115
1290, 163, 259, 161.735, 182.195
1291, 163, 258, 162.498, 182.275
1292, 163, 258, 162.125, 182.354
1293, 163, 258, 161.751, 182.434
1294, 163, 258, 161.173, 182.524
1295, 163, 258, 160.799, 182.605
1296, 163, 258, 160.595, 182.685
1297, 163, 257, 160.948, 182.765
1298, 163, 257, 160.463, 182.845
1299, 163, 257, 159.978, 182.925
1300, 163, 257, 159.773, 183.005
1301, 163, 257, 159.4, 183.085
1302, 163, 257, 159.026, 183.179
1303, 163, 256, 159.789, 183.285
1304, 163, 255, 160.553, 183.388
1305, 163, 254, 161.316, 183.486
1306, 163, 253, 162.079, 183.624
1307, 163, 253, 161.705, 183.739
1308, 163, 253, 161.332, 183.825
1309, 163, 253, 161.127, 183.905
1310, 163, 253, 160.974, 183.986
1311, 163, 253, 160.77, 184.066
1312, 163, 252, 161.011, 184.148
1313, 163, 252, 160.807, 184.228
1314, 163, 252, 160.602, 184.308
1315, 163, 252, 160.449, 184.388
1316, 163, 252, 160.296, 184.467
1317, 163, 252, 160.143, 184.548
1318, 163, 251, 160.333, 184.628
1319, 163, 251, 160.223, 184.709
1320, 163, 251, 160.07, 184.788
1321, 163, 251, 159.917, 184.868
1322, 163, 251, 159.764, 184.947
1323, 163, 251, 159.611, 185.027
1324, 163, 251, 159.458, 185.107
1325, 163, 251, 159.253, 185.189
1326, 163, 251, 158.838, 185.269
1327, 163, 251, 158.465, 185.348
1328, 163, 251, 157.98, 185.428
1329, 163, 251, 157.606, 185.508
1330, 163, 251, 157.191, 185.588
1331, 163, 251, 156.818, 185.668
1332, 163, 251, 156.665, 185.747
1333, 163, 251, 156.46, 185.838
1334, 163, 251, 156.087, 185.918
1335, 163, 251, 155.713, 185.997
1336, 163, 250, 156.476, 186.076
1337, 163, 249, 157.476, 186.157
1338, 163, 248, 158.24, 186.238
1339, 163, 248, 157.866, 186.319
1340, 163, 248, 157.493, 186.399
1341, 163, 248, 157.288, 186.48
1342, 163, 248, 156.914, 186.56
1343, 163, 248, 156.499, 186.641
1344, 163, 248, 156.126, 186.748
1345, 163, 248, 155.973, 186.829
1346, 163, 248, 155.82, 186.91
1347, 163, 248, 155.667, 186.99
1348, 163, 248, 155.514, 187.071
1349, 163, 248, 155.361, 187.154
1350, 163, 248, 155.583, 187.236
1351, 163, 248, 155.43, 187.317
1352, 163, 247, 155.672, 187.399
1353, 163, 247, 155.467, 187.48
1354, 163, 247, 155.297, 187.561
1355, 163, 247, 155.144, 187.643
1356, 163, 247, 154.991, 187.724
1357, 163, 246, 155.233, 187.808
1358, 163, 246, 155.028, 187.89
1359, 163, 246, 154.875, 187.971
1360, 163, 246, 154.502, 188.058
1361, 163, 246, 154.128, 188.155
1362, 163, 245, 155.128, 188.236
1363, 163, 245, 154.754, 188.317
1364, 163, 245, 154.381, 188.398
1365, 163, 244, 154.622, 188.48
1366, 163, 244, 154.418, 188.561
1367, 163, 244, 154.265, 188.642
1368, 163, 244, 154.154, 188.724
1369, 163, 244, 154.001, 188.805
1370, 163, 244, 153.586, 188.886
1371, 163, 244, 153.433, 188.967
1372, 163, 244, 153.28, 189.048
1373, 163, 244, 153.128, 189.131
1374, 163, 244, 152.713, 189.223
1375, 163, 244, 152.56, 189.305
1376, 163, 243, 152.801, 189.387
1377, 163, 243, 153.023, 189.469
1378, 163, 243, 152.853, 189.551
1379, 163, 243, 152.59, 189.634
1380, 163, 243, 152.506, 189.716
1381, 163, 243, 152.353, 189.806
1382, 163, 243, 152.2, 189.889
1383, 163, 243, 152.089, 189.971
1384, 163, 243, 152.252, 190.053
1385, 163, 243, 152.169, 190.135
1386, 163, 242, 152.358, 190.218
1387, 163, 242, 152.248, 190.3
1388, 163, 242, 152.164, 190.382
1389, 163, 242, 152.054, 190.465
1390, 163, 241, 152.243, 190.547
1391, 163, 241, 152.133, 190.63
1392, 163, 241, 151.98, 190.713
1393, 163, 241, 151.775, 190.795
1394, 163, 241, 151.665, 190.877
1395, 163, 241, 151.512, 190.959
1396, 163, 241, 151.359, 191.041
1397, 163, 241, 151.206, 191.123
1398, 163, 241, 151.001, 191.206
1399, 163, 241, 150.628, 191.287
1400, 163, 241, 150.05, 191.369
1401, 163, 241, 149.897, 191.45
1402, 163, 241, 149.744, 191.532
1403, 163, 241, 149.539, 191.613
1404, 163, 241, 149.335, 191.695
1405, 163, 241, 148.961, 191.777
1406, 163, 241, 148.808, 191.858
1407, 163, 241, 148.639, 191.939
1408, 163, 241, 148.486, 192.02
1409, 163, 240, 148.727, 192.101
1410, 163, 240, 148.522, 192.183
1411, 163, 240, 148.369, 192.264
1412, 163, 240, 148.217, 192.345
1413, 163, 240, 148.047, 192.427
1414, 163, 240, 147.894, 192.52
1415, 164, 240, 147.879, 192.609
1416, 165, 240, 147.867, 192.699
1417, 166, 240, 147.857, 192.79
1418, 166, 240, 147.747, 192.884
1419, 166, 240, 147.577, 192.965
1420, 166, 240, 147.424, 193.046
1421, 166, 240, 147.254, 193.128
1422, 166, 240, 147.084, 193.21
1423, 166, 240, 146.931, 193.29
1424, 166, 240, 146.778, 193.371
1425, 166, 240, 146.608, 193.453
1426, 166, 240, 146.455, 193.533
1427, 166, 240, 146.371, 193.614
1428, 166, 240, 146.261, 193.706
1429, 166, 240, 146.15, 193.787
1430, 166, 240, 145.98, 193.868
1431, 166, 239, 146.222, 193.949
1432, 166, 239, 146.017, 194.031
1433, 166, 239, 145.644, 194.112
1434, 166, 239, 145.491, 194.194
1435, 166, 239, 145.321, 194.274
1436, 166, 238, 145.562, 194.354
1437, 166, 238, 145.358, 194.434
1438, 166, 238, 145.205, 194.514
1439, 166, 238, 145.052, 194.594
1440, 167, 238, 145.043, 194.686
1441, 168, 238, 145.036, 194.78
1442, 169, 238, 145.029, 194.876
1443, 170, 238, 145.024, 194.975
1444, 170, 238, 144.94, 195.076
1445, 170, 238, 144.787, 195.158
1446, 170, 238, 144.634, 195.238
1447, 170, 238, 144.371, 195.318
1448, 170, 238, 144.218, 195.398
1449, 170, 238, 144.048, 195.478
1450, 170, 238, 143.895, 195.557
1451, 170, 238, 143.631, 195.637
1452, 170, 238, 143.548, 195.716
1453, 170, 238, 143.395, 195.796
1454, 170, 238, 143.242, 195.885
1455, 170, 238, 143.072, 195.964
1456, 170, 238, 142.919, 196.044
1457, 170, 238, 142.766, 196.126
1458, 170, 238, 142.613, 196.224
1459, 170, 238, 142.443, 196.304
1460, 170, 238, 142.18, 196.384
1461, 170, 238, 142.027, 196.463
1462, 170, 238, 141.874, 196.542
1463, 170, 238, 141.704, 196.624
1464, 170, 238, 141.441, 196.709
1465, 170, 238, 141.288, 196.788
1466, 170, 238, 141.135, 196.867
1467, 170, 237, 141.376, 196.947
1468, 170, 237, 141.171, 197.026
1469, 170, 237, 141.002, 197.105
1470, 170, 237, 140.849, 197.184
1471, 170, 237, 140.696, 197.262
1472, 170, 237, 140.543, 197.341
1473, 170, 237, 140.373, 197.42
1474, 170, 237, 140.22, 197.499
1475, 170, 237, 140.067, 197.577
1476, 170, 237, 139.914, 197.657
1477, 170, 237, 139.761, 197.736
1478, 170, 237, 139.591, 197.815
1479, 170, 237, 139.507, 197.894
1480, 170, 237, 139.244, 197.974
1481, 170, 237, 139.091, 198.053
1482, 170, 236, 139.332, 198.134
1483, 170, 236, 139.128, 198.213
1484, 170, 236, 138.975, 198.293
1485, 170, 236, 138.822, 198.373
1486, 170, 236, 138.669, 198.453
1487, 170, 236, 138.832, 198.533
1488, 170, 236, 138.748, 198.612
1489, 170, 236, 138.638, 198.692
1490, 170, 236, 138.554, 198.772
1491, 170, 236, 138.443, 198.852
1492, 170, 236, 138.36, 198.932
1493, 170, 236, 138.249, 199.012
1494, 170, 236, 137.986, 199.092
1495, 170, 236, 137.833, 199.182
1496, 170, 236, 137.68, 199.263
1497, 170, 236, 137.527, 199.343
1498, 170, 236, 137.374, 199.423
1499, 170, 235, 139.359, 199.504
1500, 170, 235, 139.155, 199.585
1501, 170, 235, 139.002, 199.666
1502, 170, 235, 138.849, 199.746
1503, 170, 235, 138.679, 199.827
1504, 170, 235, 138.526, 199.906
1505, 170, 235, 138.373, 199.988
1506, 170, 235, 138.22, 200.069
1507, 170, 235, 138.05, 200.152
1508, 170, 235, 137.897, 200.234
1509, 170, 235, 138.119, 200.314
1510, 170, 234, 138.308, 200.396
1511, 170, 234, 138.198, 200.477
1512, 170, 234, 138.087, 200.558
1513, 170, 234, 137.917, 200.639
1514, 170, 234, 137.765, 200.719
1515, 170, 234, 137.595, 200.8
1516, 170, 234, 137.425, 200.882
1517, 170, 234, 137.272, 200.963
1518, 170, 234, 137.119, 201.043
1519, 170, 234, 136.949, 201.125
1520, 170, 234, 136.796, 201.206
1521, 170, 234, 136.712, 201.286
1522, 170, 234, 136.602, 201.368
1523, 170, 234, 136.491, 201.449
1524, 170, 234, 136.381, 201.53
1525, 170, 234, 136.297, 201.611
1526, 170, 234, 136.186, 201.692
1527, 170, 234, 136.016, 201.772
1528, 170, 234, 135.906, 201.853
1529, 170, 234, 135.753, 201.934
1530, 170, 234, 135.6, 202.015
1531, 170, 234, 135.43, 202.114
1532, 170, 234, 135.277, 202.197
1533, 170, 234, 135.124, 202.278
1534, 170, 234, 134.971, 202.359
1535, 170, 234, 134.818, 202.44
1536, 170, 234, 134.665, 202.529
1537, 170, 234, 134.582, 202.611
1538, 170, 234, 134.489, 202.692
1539, 170, 234, 134.405, 202.774
1540, 170, 234, 134.321, 202.855
1541, 170, 234, 134.237, 202.936
1542, 170, 234, 134.084, 203.018
1543, 170, 234, 133.931, 203.099
1544, 170, 234, 133.848, 203.181
1545, 170, 234, 133.764, 203.262
1546, 170, 234, 133.671, 203.344
1547, 170, 234, 133.603, 203.426
1548, 170, 234, 133.519, 203.507
1549, 170, 234, 133.35, 203.588
1550, 170, 234, 133.256, 203.67
1551, 170, 234, 133.173, 203.751
1552, 170, 234, 133.003, 203.832
1553, 170, 234, 132.919, 203.913
1554, 170, 234, 132.835, 203.994
1555, 170, 234, 132.768, 204.076
1556, 170, 234, 132.617, 204.157
1557, 170, 233, 132.806, 204.239
1558, 170, 233, 132.969, 204.32
1559, 170, 233, 132.886, 204.402
1560, 170, 233, 132.802, 204.483
1561, 170, 233, 132.597, 204.565
1562, 170, 233, 132.427, 204.646
1563, 170, 233, 132.274, 204.728
1564, 170, 233, 132.104, 204.81
1565, 170, 233, 131.952, 204.891
1566, 170, 233, 131.647, 204.973
1567, 170, 233, 131.537, 205.055
1568, 170, 233, 131.453, 205.136
1569, 170, 232, 131.695, 205.218
1570, 170, 232, 131.49, 205.3
1571, 170, 232, 131.397, 205.382
1572, 170, 232, 131.313, 205.463
1573, 170, 232, 131.476, 205.545
1574, 170, 232, 131.366, 205.627
1575, 170, 232, 131.282, 205.709
1576, 170, 232, 131.198, 205.791
1577, 170, 232, 131.105, 205.882
1578, 170, 232, 131.021, 205.964
1579, 170, 232, 130.937, 206.045
1580, 170, 232, 130.854, 206.127
1581, 170, 232, 130.743, 206.21
1582, 170, 232, 130.65, 206.291
1583, 170, 232, 130.566, 206.372
1584, 170, 232, 130.456, 206.454
1585, 170, 232, 130.303, 206.535
1586, 170, 232, 130.219, 206.616
1587, 170, 232, 130.066, 206.696
1588, 170, 232, 129.913, 206.777
1589, 170, 232, 129.829, 206.858
1590, 170, 232, 129.745, 206.939
1591, 170, 232, 129.678, 207.02
1592, 170, 232, 129.611, 207.101
1593, 170, 232, 129.527, 207.182
1594, 170, 232, 129.443, 207.262
1595, 170, 232, 129.359, 207.344
1596, 170, 232, 129.189, 207.426
1597, 170, 232, 129.079, 207.509
1598, 170, 232, 128.968, 207.59
1599, 170, 232, 128.885, 207.673
1600, 170, 232, 128.801, 207.754
1601, 170, 232, 128.717, 207.835
1602, 170, 232, 128.633, 207.916
1603, 170, 232, 128.549, 207.997
1604, 170, 232, 128.456, 208.079
1605, 170, 232, 128.389, 208.16
1606, 170, 232, 128.345, 208.242
1607, 170, 232, 128.301, 208.322
1608, 170, 232, 128.248, 208.403
1609, 170, 232, 128.164, 208.483
1610, 170, 232, 128.08, 208.564
1611, 170, 232, 127.996, 208.644
1612, 170, 232, 127.913, 208.724
1613, 170, 232, 127.86, 208.804
1614, 170, 232, 127.816, 208.884
1615, 170, 232, 127.771, 208.965
1616, 170, 232, 127.713, 209.046
1617, 170, 232, 127.66, 209.126
1618, 170, 231, 127.823, 209.216
1619, 170, 231, 127.755, 209.298
1620, 170, 231, 127.702, 209.379
1621, 170, 230, 127.892, 209.459
1622, 170, 230, 127.781, 209.539
1623, 170, 230, 127.698, 209.62
1624, 170, 230, 127.587, 209.7
1625, 170, 230, 127.477, 209.781
1626, 170, 230, 127.384, 209.861
1627, 170, 230, 127.3, 209.942
1628, 170, 230, 127.232, 210.023
1629, 170, 230, 127.149, 210.103
1630, 170, 230, 127.065, 210.185
1631, 170, 230, 126.981, 210.265
1632, 170, 230, 126.811, 210.345
1633, 170, 230, 126.548, 210.426
1634, 170, 230, 126.395, 210.505
1635, 170, 230, 126.311, 210.586
1636, 170, 230, 126.227, 210.665
1637, 170, 230, 126.117, 210.745
1638, 170, 230, 126.033, 210.825
1639, 170, 230, 125.949, 210.905
1640, 170, 230, 125.839, 210.985
1641, 170, 230, 125.728, 211.065
1642, 170, 230, 125.575, 211.145
1643, 171, 230, 125.57, 211.246
1644, 172, 230, 125.566, 211.351
1645, 172, 230, 125.498, 211.457
1646, 172, 230, 125.405, 211.537
1647, 172, 230, 125.321, 211.617
1648, 172, 230, 125.238, 211.697
1649, 172, 230, 125.154, 211.777
1650, 172, 230, 125.061, 211.857
1651, 172, 230, 124.968, 211.936
1652, 172, 230, 124.884, 212.017
1653, 172, 230, 124.8, 212.096
1654, 172, 230, 124.707, 212.177
1655, 172, 230, 124.623, 212.257
1656, 172, 230, 124.57, 212.337
1657, 172, 230, 124.503, 212.444
1658, 172, 230, 124.41, 212.533
1659, 172, 229, 124.599, 212.614
1660, 172, 229, 124.489, 212.706
1661, 173, 229, 124.485, 212.813
1662, 174, 229, 124.481, 212.923
1663, 175, 229, 124.478, 213.035
1664, 176, 229, 124.475, 213.151
1665, 177, 229, 124.472, 213.272
1666, 178, 229, 124.47, 213.4
1667, 178, 229, 124.426, 213.532
1668, 178, 229, 124.367, 213.612
1669, 178, 229, 124.314, 213.692
1670, 178, 229, 124.261, 213.772
1671, 178, 229, 124.193, 213.852
1672, 178, 229, 124.083, 213.932
1673, 178, 229, 124.205, 214.012
1674, 178, 229, 124.161, 214.093
1675, 178, 229, 124.051, 214.175
1676, 178, 229, 123.898, 214.255
1677, 178, 228, 124.088, 214.336
1678, 178, 228, 123.977, 214.417
1679, 178, 228, 123.884, 214.498
1680, 178, 228, 123.8, 214.578
1681, 178, 228, 123.707, 214.659
1682, 178, 228, 123.64, 214.74
1683, 178, 228, 123.547, 214.82
1684, 178, 227, 123.736, 214.9
1685, 178, 227, 123.626, 214.981
1686, 178, 227, 123.533, 215.061
1687, 178, 227, 123.449, 215.142
1688, 178, 227, 123.296, 215.222
1689, 178, 227, 123.212, 215.302
1690, 178, 227, 123.102, 215.383
1691, 178, 226, 123.291, 215.464
1692, 178, 226, 123.181, 215.545
1693, 178, 226, 123.097, 215.626
1694, 178, 226, 123.053, 215.759
1695, 178, 226, 123, 215.846
1696, 178, 226, 122.941, 215.927
1697, 178, 226, 122.882, 216.008
1698, 178, 226, 122.829, 216.088
1699, 178, 226, 122.776, 216.169
1700, 178, 226, 122.692, 216.25
1701, 178, 226, 122.599, 216.33
1702, 178, 226, 122.515, 216.41
1703, 178, 226, 122.364, 216.491
1704, 178, 225, 122.554, 216.571
1705, 178, 225, 122.444, 216.652
1706, 178, 224, 122.633, 216.733
1707, 178, 224, 122.796, 216.814
1708, 178, 224, 122.713, 216.896
1709, 178, 224, 122.619, 216.976
1710, 178, 224, 122.468, 217.057
1711, 178, 224, 122.384, 217.137
1712, 178, 224, 122.301, 217.22
1713, 178, 224, 122.208, 217.301
1714, 178, 224, 122.124, 217.382
1715, 178, 224, 122.04, 217.463
1716, 178, 224, 121.973, 217.545
1717, 178, 224, 121.889, 217.626
1718, 178, 224, 121.796, 217.708
1719, 178, 224, 121.703, 217.789
1720, 178, 224, 121.551, 217.87
1721, 178, 223, 121.715, 217.952
1722, 178, 223, 121.647, 218.033
1723, 178, 223, 121.496, 218.114
1724, 178, 223, 121.429, 218.195
1725, 178, 223, 121.385, 218.277
1726, 178, 223, 121.341, 218.358
1727, 178, 223, 121.288, 218.44
1728, 178, 223, 121.204, 218.521
1729, 178, 223, 121.111, 218.602
1730, 178, 223, 120.959, 218.683
1731, 178, 223, 120.876, 218.765
1732, 178, 223, 120.792, 218.845
1733, 178, 223, 120.681, 218.927
1734, 178, 222, 120.871, 219.008
1735, 178, 222, 120.761, 219.089
1736, 178, 222, 120.693, 219.179
1737, 178, 222, 120.609, 219.261
1738, 178, 222, 120.516, 219.342
1739, 178, 222, 120.433, 219.424
1740, 178, 222, 120.349, 219.505
1741, 178, 222, 120.256, 219.585
1742, 178, 222, 120.203, 219.666
1743, 178, 222, 120.052, 219.748
1744, 178, 221, 120.241, 219.829
1745, 178, 221, 120.404, 219.911
1746, 178, 221, 120.32, 219.992
1747, 178, 221, 120.169, 220.074
1748, 178, 221, 120.292, 220.156
1749, 178, 221, 120.224, 220.237
1750, 178, 221, 120.171, 220.319
1751, 178, 221, 120.088, 220.4
1752, 178, 221, 120.004, 220.481
1753, 178, 221, 119.911, 220.562
1754, 178, 221, 119.827, 220.643
1755, 178, 221, 119.743, 220.725
1756, 178, 221, 119.676, 220.806
1757, 178, 221, 119.623, 220.888
1758, 178, 221, 119.539, 220.97
1759, 178, 221, 119.428, 221.051
1760, 178, 221, 119.276, 221.133
1761, 178, 221, 119.106, 221.214
1762, 178, 221, 118.953, 221.296
1763, 178, 221, 118.842, 221.378
1764, 178, 221, 118.672, 221.459
1765, 178, 221, 118.519, 221.54
1766, 178, 221, 118.315, 221.621
1767, 178, 221, 118.162, 221.702
1768, 178, 221, 117.992, 221.784
1769, 178, 221, 117.839, 221.865
1770, 178, 221, 117.755, 221.946
1771, 178, 221, 117.645, 222.028
1772, 178, 220, 117.886, 222.11
1773, 178, 220, 118.108, 222.192
1774, 178, 220, 117.997, 222.273
1775, 178, 220, 117.845, 222.355
1776, 178, 220, 117.471, 222.436
1777, 178, 219, 118.471, 222.525
1778, 178, 219, 118.097, 222.608
1779, 178, 219, 117.724, 222.69
1780, 178, 219, 117.309, 222.771
1781, 178, 219, 116.935, 222.852
1782, 178, 219, 116.782, 222.933
1783, 178, 219, 116.409, 223.014
1784, 178, 218, 116.762, 223.095
1785, 178, 218, 116.277, 223.177
1786, 178, 218, 116.124, 223.258
1787, 178, 218, 115.971, 223.34
1788, 178, 218, 115.818, 223.421
1789, 178, 218, 115.648, 223.502
1790, 178, 218, 115.495, 223.583
1791, 178, 218, 115.411, 223.664
1792, 178, 218, 115.148, 223.746
1793, 178, 217, 115.389, 223.827
1794, 178, 217, 115.185, 223.909
1795, 178, 216, 115.374, 223.991
1796, 178, 216, 115.264, 224.073
1797, 178, 216, 115.111, 224.154
1798, 178, 216, 114.958, 224.248
1799, 178, 216, 114.847, 224.348
1800, 178, 216, 114.695, 224.445
1801, 178, 216, 114.525, 224.527
1802, 178, 216, 114.414, 224.608
1803, 178, 216, 114.33, 224.689
1804, 178, 216, 114.247, 224.771
1805, 178, 216, 114.136, 224.853
1806, 178, 216, 114.299, 224.935
1807, 178, 216, 114.189, 225.016
1808, 178, 216, 114.095, 225.098
1809, 178, 216, 114.012, 225.18
1810, 178, 216, 113.928, 225.262
1811, 178, 216, 113.817, 225.344
1812, 178, 216, 113.734, 225.433
1813, 178, 216, 113.65, 225.514
1814, 178, 216, 113.566, 225.596
1815, 178, 216, 113.455, 225.677
1816, 178, 216, 113.388, 225.759
1817, 178, 216, 113.304, 225.85
1818, 178, 216, 113.221, 225.932
1819, 178, 216, 113.137, 226.013
1820, 178, 216, 112.873, 226.095
1821, 178, 216, 112.789, 226.176
1822, 178, 216, 112.706, 226.258
1823, 178, 216, 112.622, 226.338
1824, 178, 216, 112.555, 226.419
1825, 178, 216, 112.487, 226.499
1826, 178, 216, 112.377, 226.579
1827, 178, 216, 112.293, 226.66
1828, 178, 215, 112.483, 226.741
1829, 178, 215, 112.372, 226.823
1830, 178, 215, 112.109, 226.903
1831, 178, 215, 111.956, 226.983
1832, 178, 214, 112.145, 227.064
1833, 178, 214, 112.035, 227.144
1834, 178, 214, 111.951, 227.225
1835, 178, 214, 111.858, 227.306
1836, 178, 214, 111.774, 227.386
1837, 178, 214, 111.707, 227.468
1838, 178, 214, 111.614, 227.548
1839, 178, 214, 111.53, 227.628
1840, 178, 214, 111.36, 227.708
1841, 178, 214, 111.19, 227.789
1842, 178, 214, 111.08, 227.869
1843, 178, 214, 110.996, 227.949
1844, 178, 214, 110.903, 228.029
1845, 178, 214, 110.819, 228.11
1846, 178, 214, 110.766, 228.193
1847, 178, 214, 110.699, 228.275
1848, 178, 214, 110.821, 228.356
1849, 178, 214, 110.67, 228.438
1850, 178, 214, 110.586, 228.519
1851, 178, 214, 110.527, 228.6
1852, 178, 214, 110.474, 228.681
1853, 178, 214, 110.407, 228.763
1854, 178, 214, 110.34, 228.845
1855, 178, 214, 110.256, 228.943
1856, 178, 214, 110.103, 229.053
1857, 178, 214, 109.95, 229.135
1858, 178, 214, 109.535, 229.226
1859, 178, 214, 109.33, 229.307
1860, 178, 214, 109.177, 229.388
1861, 178, 214, 109.024, 229.469
1862, 178, 214, 108.871, 229.55
1863, 178, 214, 108.761, 229.631
1864, 178, 213, 108.951, 229.712
1865, 178, 213, 109.114, 229.793
1866, 178, 213, 109.03, 229.894
1867, 178, 213, 108.963, 229.977
1868, 178, 213, 108.879, 230.067
1869, 178, 213, 108.795, 230.148
1870, 178, 213, 108.625, 230.229
1871, 178, 213, 108.541, 230.309
1872, 178, 213, 108.457, 230.39
1873, 178, 213, 108.374, 230.47
1874, 178, 213, 108.29, 230.551
1875, 178, 213, 108.12, 230.631
1876, 178, 213, 108.036, 230.712
1877, 178, 213, 107.943, 230.793
1878, 178, 213, 107.792, 230.874
1879, 178, 213, 107.641, 230.955
1880, 178, 213, 107.557, 231.036
1881, 178, 213, 107.446, 231.117
1882, 178, 213, 107.569, 231.201
1883, 178, 213, 107.418, 231.284
1884, 178, 213, 107.334, 231.365
1885, 178, 212, 107.524, 231.447
1886, 178, 212, 107.413, 231.53
1887, 178, 212, 107.346, 231.621
1888, 178, 211, 107.536, 231.703
1889, 178, 211, 107.425, 231.785
1890, 178, 211, 107.332, 231.867
1891, 178, 211, 107.265, 231.949
1892, 178, 211, 107.221, 232.031
1893, 178, 211, 107.153, 232.113
1894, 178, 211, 107.086, 232.195
1895, 178, 211, 107.042, 232.277
1896, 178, 210, 107.205, 232.358
1897, 178, 210, 107.137, 232.44
1898, 178, 210, 107.07, 232.534
1899, 178, 210, 107.026, 232.616
1900, 178, 210, 106.973, 232.698
1901, 178, 210, 106.92, 232.779
1902, 178, 210, 106.867, 232.861
1903, 178, 210, 106.814, 232.943
1904, 178, 210, 106.761, 233.024
1905, 178, 210, 106.708, 233.106
1906, 178, 210, 106.649, 233.188
1907, 178, 210, 106.552, 233.269
1908, 178, 210, 106.499, 233.351
1909, 178, 210, 106.432, 233.433
1910, 178, 209, 106.621, 233.514
1911, 178, 209, 106.784, 233.597
1912, 178, 209, 106.717, 233.679
1913, 178, 209, 106.566, 233.761
1914, 178, 209, 106.507, 233.843
1915, 178, 209, 106.454, 233.925
1916, 178, 209, 106.417, 234.006
1917, 179, 209, 106.415, 234.141
1918, 179, 209, 106.362, 234.28
1919, 179, 209, 106.318, 234.362
1920, 179, 209, 106.452, 234.445
1921, 179, 209, 106.422, 234.527
1922, 179, 209, 106.363, 234.609
1923, 179, 209, 106.31, 234.69
1924, 179, 209, 106.257, 234.772
1925, 179, 208, 106.42, 234.853
1926, 179, 208, 106.353, 234.935
1927, 179, 208, 106.294, 235.017
1928, 179, 208, 106.235, 235.099
1929, 179, 208, 106.138, 235.18
1930, 179, 208, 106.094, 235.263
1931, 179, 208, 106.027, 235.344
1932, 179, 208, 105.997, 235.426
1933, 179, 208, 105.877, 235.509
1934, 179, 208, 105.824, 235.591
1935, 179, 208, 105.757, 235.673
1936, 179, 208, 105.673, 235.754
1937, 179, 208, 105.605, 235.847
1938, 179, 208, 105.698, 235.929
1939, 179, 208, 105.639, 236.011
1940, 179, 208, 105.586, 236.093
1941, 179, 208, 105.519, 236.175
1942, 179, 208, 105.46, 236.258
1943, 179, 208, 105.363, 236.34
1944, 180, 208, 105.361, 236.48
1945, 181, 208, 105.359, 236.625
1946, 182, 208, 105.357, 236.774
1947, 183, 208, 105.355, 236.93
1948, 184, 208, 105.354, 237.092
1949, 185, 208, 105.352, 237.259
1950, 186, 208, 105.351, 237.433
1951, 186, 208, 105.32, 237.613
1952, 186, 208, 105.28, 237.695
1953, 186, 208, 105.243, 237.776
1954, 186, 208, 105.207, 237.857
1955, 186, 208, 105.176, 237.939
1956, 186, 208, 105.109, 238.021
1957, 186, 208, 105.025, 238.102
1958, 186, 208, 104.995, 238.326
1959, 186, 208, 104.928, 238.411
1960, 187, 208, 104.927, 238.591
1961, 188, 208, 104.926, 238.778
1962, 189, 208, 104.925, 238.97
1963, 189, 207, 105.073, 239.185
1964, 189, 207, 105.029, 239.391
1965, 189, 207, 104.976, 239.474
1966, 189, 207, 105.046, 239.679
1967, 190, 207, 105.045, 239.885
1968, 191, 207, 105.044, 240.099
1969, 192, 207, 105.043, 240.322
1970, 193, 207, 105.042, 240.551
1971, 194, 207, 105.041, 240.789
1972, 194, 207, 105.02, 241.036
1973, 194, 207, 104.983, 241.117
1974, 194, 207, 104.886, 241.198
1975, 194, 207, 104.789, 241.28
1976, 194, 207, 104.722, 241.361
1977, 194, 207, 104.692, 241.442
1978, 194, 207, 104.655, 241.523
1979, 194, 207, 104.611, 241.605
1980, 194, 207, 104.46, 241.686
1981, 194, 207, 104.407, 241.767
1982, 194, 207, 104.348, 241.848
1983, 194, 207, 104.295, 241.929
1984, 194, 207, 104.242, 242.01
1985, 194, 207, 104.206, 242.091
1986, 194, 207, 104.139, 242.172
1987, 194, 207, 104.08, 242.253
1988, 194, 207, 103.983, 242.335
1989, 194, 207, 103.93, 242.415
1990, 194, 207, 103.877, 242.504
1991, 194, 207, 103.809, 242.588
1992, 194, 207, 103.765, 242.67
1993, 194, 207, 103.699, 242.752
1994, 194, 207, 103.658, 242.833
1995, 194, 206, 103.807, 242.914
1996, 194, 206, 103.763, 242.995
1997, 194, 205, 103.904, 243.076
1998, 194, 205, 103.873, 243.157
1999, 194, 205, 103.852, 243.404
2000, 194, 205, 103.816, 243.486
2001, 194, 205, 103.775, 243.567
2002, 194, 205, 103.734, 243.648
2003, 194, 205, 103.698, 243.728
2004, 194, 205, 103.676, 243.81
2005, 195, 205, 103.675, 244.057
2006, 196, 205, 103.675, 244.313
2007, 197, 205, 103.674, 244.579
2008, 197, 205, 103.626, 244.854
2009, 197, 205, 103.589, 244.936
2010, 197, 205, 103.545, 245.018
2011, 197, 205, 103.461, 245.1
2012, 197, 205, 103.417, 245.184
2013, 197, 205, 103.358, 245.266
2014, 197, 205, 103.291, 245.348
2015, 197, 205, 103.247, 245.43
2016, 197, 205, 103.207, 245.511
2017, 197, 205, 103.17, 245.594
2018, 197, 205, 103.126, 245.677
2019, 197, 205, 103.085, 245.761
2020, 197, 205, 103.064, 245.85
2021, 197, 205, 103.02, 245.932
2022, 197, 205, 102.936, 246.013
2023, 197, 205, 102.883, 246.096
2024, 197, 205, 102.816, 246.178
2025, 197, 205, 102.757, 246.26
2026, 197, 205, 102.704, 246.341
2027, 197, 205, 102.651, 246.422
2028, 197, 205, 102.598, 246.503
2029, 197, 205, 102.691, 246.585
2030, 197, 205, 102.646, 246.667
2031, 197, 205, 102.616, 246.749
2032, 197, 205, 102.576, 246.83
2033, 197, 205, 102.527, 246.912
2034, 197, 205, 102.487, 246.994
2035, 197, 205, 102.45, 247.076
2036, 197, 205, 102.397, 247.157
2037, 198, 205, 102.396, 247.435
2038, 199, 205, 102.396, 247.722
2039, 200, 205, 102.395, 248.031
2040, 201, 205, 102.394, 248.351
2041, 202, 205, 102.394, 248.682
2042, 203, 205, 102.393, 249.026
2043, 203, 205, 102.378, 249.385
2044, 203, 205, 102.348, 249.468
2045, 203, 205, 102.321, 249.55
2046, 203, 204, 102.462, 249.631
2047, 203, 204, 102.432, 249.713
2048, 203, 204, 102.526, 249.795
2049, 203, 204, 102.499, 249.885
2050, 203, 204, 102.478, 249.966
2051, 203, 204, 102.448, 250.048
2052, 203, 204, 102.432, 250.13
2053, 203, 204, 102.373, 250.211
2054, 203, 204, 102.343, 250.294
2055, 203, 204, 102.313, 250.376
2056, 203, 204, 102.287, 250.457
2057, 203, 204, 102.256, 250.54
2058, 203, 204, 102.194, 250.622
2059, 203, 204, 102.178, 250.973
2060, 203, 204, 102.167, 251.055
2061, 203, 204, 102.137, 251.138
2062, 203, 204, 102.084, 251.219
2063, 203, 204, 102.043, 251.302
2064, 203, 204, 102.022, 251.384
2065, 203, 204, 101.992, 251.467
2066, 203, 204, 101.956, 251.55
2067, 203, 204, 101.92, 251.632
2068, 203, 204, 101.861, 251.714
2069, 203, 204, 101.808, 251.797
2070, 203, 204, 101.755, 251.879
2071, 203, 204, 101.696, 251.961
2072, 203, 204, 101.659, 252.043
2073, 203, 204, 101.606, 252.125
2074, 203, 204, 101.539, 252.207
2075, 203, 204, 101.455, 252.289
2076, 203, 204, 101.388, 252.372
2077, 203, 204, 101.335, 252.455
2078, 203, 204, 101.291, 252.545
2079, 203, 204, 101.194, 252.626
2080, 203, 204, 101.042, 252.71
2081, 203, 204, 100.891, 252.793
2082, 203, 204, 100.808, 252.875
2083, 203, 204, 100.655, 252.958
2084, 203, 203, 100.844, 253.04
2085, 203, 203, 100.734, 253.122
2086, 203, 203, 100.65, 253.204
2087, 203, 203, 100.566, 253.288
2088, 203, 203, 100.482, 253.372
2089, 203, 203, 100.399, 253.454
2090, 203, 203, 100.306, 253.537
2091, 203, 203, 100.222, 253.62
2092, 203, 202, 100.411, 253.703
2093, 203, 202, 100.575, 253.787
2094, 203, 202, 99.8969, 253.87
2095, 203, 202, 99.7864, 253.954
2096, 203, 202, 99.7423, 254.037
2097, 203, 202, 99.6893, 254.119
2098, 203, 202, 99.6363, 254.202
2099, 203, 202, 99.4852, 254.285
2100, 203, 202, 99.4263, 254.367
2101, 203, 202, 99.3733, 254.45
2102, 203, 202, 99.2895, 254.533
2103, 203, 202, 99.2057, 254.616
2104, 203, 202, 99.1126, 254.698
2105, 203, 202, 99.0288, 254.781
2106, 203, 202, 98.945, 254.863
2107, 203, 202, 98.892, 254.945
2108, 203, 202, 98.8331, 255.029
2109, 203, 202, 98.736, 255.112
2110, 203, 202, 98.683, 255.194
2111, 203, 202, 98.63, 255.276
2112, 203, 202, 98.5195, 255.359
2113, 203, 202, 98.4264, 255.46
2114, 203, 202, 98.3426, 255.576
2115, 203, 202, 98.2495, 255.697
2116, 203, 202, 98.1657, 255.85
2117, 203, 202, 98.3168, 255.972
2118, 203, 202, 98.2866, 256.09
2119, 203, 201, 98.4496, 256.197
2120, 203, 201, 98.3823, 256.288
2121, 203, 201, 98.2892, 256.413
2122, 203, 201, 98.2303, 256.53
2123, 203, 200, 98.3933, 256.614
2124, 203, 200, 98.326, 256.696
2125, 203, 200, 98.2329, 256.785
2126, 203, 200, 98.1799, 256.892
2127, 203, 200, 98.1358, 256.975
2128, 203, 199, 98.2988, 257.058
2129, 203, 199, 98.2315, 257.14
2130, 203, 199, 98.1785, 257.223
2131, 203, 199, 98.1344, 257.306
2132, 203, 199, 98.0814, 257.389
2133, 203, 199, 97.9976, 257.472
2134, 203, 199, 97.9138, 257.554
2135, 203, 199, 97.7608, 257.636
2136, 203, 199, 97.6935, 257.719
2137, 203, 199, 97.6261, 257.801
2138, 203, 199, 97.533, 257.884
2139, 203, 199, 97.4492, 257.969
2140, 203, 199, 97.3561, 258.052
2141, 203, 199, 97.263, 258.134
2142, 203, 199, 97.1792, 258.218
2143, 203, 199, 97.0954, 258.303
2144, 203, 199, 97.0023, 258.386
2145, 203, 199, 96.9185, 258.47
2146, 203, 199, 96.8655, 258.553
2147, 203, 199, 96.7982, 258.637
2148, 203, 199, 96.7308, 258.72
2149, 203, 199, 96.6635, 258.803
2150, 203, 199, 96.6194, 258.886
2151, 203, 199, 96.712, 258.97
2152, 203, 199, 96.6531, 259.053
2153, 203, 199, 96.5943, 259.136
2154, 203, 199, 96.5413, 259.231
2155, 203, 199, 96.4824, 259.314
2156, 203, 199, 96.4294, 259.398
2157, 203, 199, 96.3625, 259.481
2158, 203, 199, 96.3095, 259.564
2159, 203, 199, 96.2422, 259.647
2160, 203, 199, 96.1491, 259.73
2161, 203, 199, 96.0817, 259.813
2162, 203, 199, 96.0144, 259.897
2163, 203, 199, 95.9703, 259.981
2164, 203, 199, 95.903, 260.065
2165, 203, 199, 95.8727, 260.148
2166, 203, 199, 95.8425, 260.231
2167, 203, 199, 95.7836, 260.314
2168, 203, 199, 95.7534, 260.397
2169, 203, 198, 95.9021, 260.481
2170, 203, 198, 95.858, 260.564
2171, 203, 198, 95.8139, 260.646
2172, 203, 198, 95.7837, 260.729
2173, 203, 198, 95.7307, 260.812
2174, 203, 198, 95.6777, 260.895
2175, 203, 198, 95.6247, 260.979
2176, 203, 197, 95.7877, 261.062
2177, 203, 197, 95.7204, 261.145
2178, 203, 197, 95.6901, 261.228
2179, 203, 196, 95.8388, 261.312
2180, 203, 196, 95.7948, 261.396
2181, 203, 195, 95.9845, 261.48
2182, 203, 195, 96.1475, 261.564
2183, 203, 195, 96.2699, 261.649
2184, 203, 195, 96.1188, 261.733
2185, 203, 195, 96.0257, 261.817
2186, 203, 195, 95.9583, 261.9
2187, 203, 195, 95.9142, 261.983
2188, 203, 195, 95.884, 262.067
2189, 203, 195, 95.8474, 262.15
2190, 203, 195, 95.7806, 262.233
2191, 203, 195, 95.744, 262.317
2192, 203, 195, 95.7034, 262.399
2193, 203, 195, 95.6668, 262.489
2194, 203, 195, 95.6138, 262.572
2195, 203, 195, 95.5772, 262.655
2196, 203, 195, 95.5407, 262.739
2197, 203, 195, 95.5041, 262.841
2198, 203, 195, 95.4675, 262.924
2199, 203, 195, 95.4461, 263.007
2200, 203, 195, 95.4159, 263.09
2201, 203, 195, 95.3753, 263.172
2202, 203, 195, 95.3346, 263.256
2203, 203, 195, 95.2865, 263.339
2204, 203, 195, 95.2458, 263.424
2205, 203, 195, 95.2093, 263.508
2206, 203, 195, 95.179, 263.592
2207, 203, 195, 95.1523, 263.676
2208, 203, 195, 95.1157, 263.76
2209, 203, 195, 95.0943, 263.844
2210, 203, 195, 95.0096, 263.928
2211, 203, 195, 94.973, 264.012
2212, 204, 195, 94.9724, 264.371
2213, 205, 195, 94.9719, 264.74
2214, 206, 195, 94.9713, 265.121
2215, 206, 195, 94.9354, 265.541
2216, 206, 195, 94.9875, 265.626
2217, 206, 195, 94.9393, 265.709
2218, 206, 195, 94.9179, 265.791
2219, 206, 195, 94.9025, 265.885
2220, 207, 195, 94.902, 266.276
2221, 208, 195, 94.9015, 266.679
2222, 209, 195, 94.901, 267.098
2223, 210, 195, 94.9005, 267.55
2224, 211, 195, 94.9001, 268.01
2225, 212, 195, 94.8997, 268.505
2226, 213, 195, 94.8993, 269.008
2227, 213, 195, 94.888, 269.542
2228, 213, 195, 94.8767, 269.628
2229, 213, 195, 94.9022, 270.149
2230, 214, 195, 94.9018, 270.67
2231, 215, 195, 94.9015, 271.205
2232, 216, 195, 94.9011, 271.767
2233, 217, 195, 94.9007, 272.349
2234, 217, 195, 94.8733, 272.96
2235, 217, 195, 94.8465, 273.046
2236, 217, 195, 94.9807, 273.132
2237, 217, 195, 94.9505, 273.218
2238, 217, 195, 94.9237, 273.305
2239, 218, 195, 94.9233, 273.906
2240, 219, 195, 94.923, 274.517
2241, 220, 195, 94.9227, 275.153
2242, 221, 195, 94.9223, 275.865
2243, 222, 195, 94.922, 276.564
2244, 223, 195, 94.9217, 277.273
2245, 224, 195, 94.9214, 277.992
2246, 224, 195, 94.9132, 278.728
2247, 224, 195, 94.8904, 278.811
2248, 224, 195, 94.87, 278.894
2249, 224, 195, 94.8402, 278.977
2250, 224, 195, 94.8105, 279.06
2251, 224, 195, 94.7837, 279.143
2252, 224, 195, 94.7633, 279.232
2253, 224, 195, 94.7151, 279.315
2254, 224, 195, 94.6793, 279.4
2255, 224, 195, 94.6495, 279.482
2256, 224, 195, 94.6227, 279.565
2257, 224, 195, 94.6014, 279.647
2258, 224, 195, 94.5746, 279.729
2259, 224, 195, 94.5339, 279.811
2260, 224, 195, 94.4858, 279.893
2261, 224, 194, 94.6345, 279.975
2262, 224, 194, 94.7271, 280.057
2263, 224, 194, 94.6603, 280.139
2264, 224, 194, 94.6301, 280.222
2265, 224, 194, 94.5999, 280.304
2266, 224, 194, 94.5469, 280.386
2267, 224, 194, 94.4271, 280.468
2268, 224, 194, 94.3905, 280.55
2269, 224, 194, 94.3539, 280.632
2270, 224, 194, 94.3237, 280.714
2271, 224, 194, 94.3023, 280.796
2272, 224, 194, 94.2796, 280.878
2273, 224, 194, 94.2591, 280.959
2274, 224, 194, 94.2377, 281.041
2275, 224, 194, 94.2173, 281.123
2276, 224, 194, 94.2019, 281.206
2277, 224, 194, 94.1792, 281.288
2278, 224, 194, 94.1313, 281.372
2279, 225, 194, 94.131, 282.108
2280, 226, 194, 94.1307, 282.878
2281, 227, 194, 94.1305, 283.661
2282, 228, 194, 94.1302, 284.476
2283, 229, 194, 94.1299, 285.319
2284, 229, 194, 94.1086, 286.213
2285, 229, 194, 94.1003, 286.299
2286, 229, 194, 94.079, 286.384
2287, 229, 194, 94.0424, 286.468
2288, 229, 194, 94.0126, 286.552
2289, 229, 194, 93.9859, 286.636
2290, 229, 193, 94.1346, 286.72
2291, 229, 193, 94.0905, 286.805
2292, 229, 193, 94.0692, 287.674
2293, 229, 193, 94.0333, 287.759
2294, 229, 193, 94.0065, 287.843
2295, 229, 193, 93.9699, 287.927
2296, 229, 193, 93.9432, 288.012
2297, 229, 193, 93.9164, 288.096
2298, 229, 193, 93.8866, 288.181
2299, 229, 193, 93.8569, 288.265
2300, 229, 193, 93.821, 288.366
2301, 229, 193, 93.7913, 288.471
2302, 229, 193, 93.7645, 288.556
2303, 229, 193, 93.7491, 288.64
2304, 229, 193, 93.7408, 288.725
2305, 230, 193, 93.7405, 289.6
2306, 231, 193, 93.7403, 290.49
2307, 232, 193, 93.7401, 291.402
2308, 233, 193, 93.7398, 292.362
2309, 234, 193, 93.7396, 293.338
2310, 235, 193, 93.7394, 294.332
2311, 235, 193, 93.7333, 295.366
2312, 235, 193, 93.7154, 295.456
2313, 235, 193, 93.6993, 295.54
2314, 235, 193, 93.688, 295.622
2315, 235, 193, 93.6719, 295.705
2316, 235, 193, 93.6491, 295.788
2317, 235, 193, 93.6264, 295.88
2318, 235, 192, 93.7642, 295.963
2319, 235, 192, 93.8162, 296.046
2320, 235, 192, 93.7803, 296.129
2321, 235, 192, 93.7641, 296.212
2322, 235, 192, 93.7283, 296.295
2323, 235, 192, 93.7078, 296.378
2324, 235, 192, 93.6712, 296.461
2325, 235, 192, 93.7827, 296.544
2326, 235, 192, 93.742, 296.627
2327, 235, 192, 93.7055, 296.718
2328, 235, 191, 93.8542, 296.801
2329, 235, 191, 93.8101, 296.884
2330, 235, 191, 93.7694, 296.967
2331, 235, 191, 93.7427, 297.05
2332, 235, 191, 93.6758, 297.133
2333, 235, 191, 93.6228, 297.217
2334, 235, 191, 93.5788, 297.3
2335, 235, 191, 93.5258, 297.385
2336, 235, 191, 93.4727, 297.468
2337, 235, 191, 93.3757, 297.552
2338, 235, 191, 93.3227, 297.635
2339, 235, 191, 93.2696, 297.719
2340, 235, 191, 93.2394, 297.803
2341, 235, 191, 93.1864, 297.887
2342, 235, 191, 93.0335, 297.97
2343, 235, 191, 92.9364, 298.054
2344, 235, 191, 92.8834, 298.138
2345, 235, 191, 92.816, 298.222
2346, 235, 191, 92.7487, 298.305
2347, 235, 191, 92.7046, 298.39
2348, 235, 191, 92.6516, 298.474
2349, 235, 191, 92.6214, 298.558
2350, 235, 191, 92.5848, 298.642
2351, 235, 191, 92.5407, 298.727
2352, 235, 191, 92.4966, 298.813
2353, 235, 191, 92.4377, 298.897
2354, 235, 190, 92.6008, 298.98
2355, 235, 190, 92.5334, 299.079
2356, 235, 190, 92.4969, 299.178
2357, 235, 190, 92.4438, 299.262
2358, 235, 190, 92.3468, 299.347
2359, 235, 190, 92.1956, 299.431
2360, 235, 190, 92.1118, 299.515
2361, 235, 190, 92.028, 299.599
2362, 235, 190, 91.9442, 299.682
2363, 235, 190, 91.8769, 299.766
2364, 235, 190, 91.8328, 299.85
2365, 235, 190, 91.7798, 299.934
2366, 235, 190, 91.6867, 300.018
2367, 235, 189, 91.8497, 300.101
2368, 235, 189, 91.7824, 300.185
2369, 235, 189, 91.7294, 300.268
2370, 235, 189, 91.6764, 300.352
2371, 235, 189, 91.5793, 300.437
2372, 235, 189, 91.4281, 300.521
2373, 235, 189, 91.3443, 300.605
2374, 235, 189, 91.2913, 300.689
2375, 235, 189, 91.1402, 300.773
2376, 235, 189, 91.0564, 300.858
2377, 235, 188, 91.2194, 300.942
2378, 235, 188, 91.1521, 301.026
2379, 235, 188, 91.0683, 301.11
2380, 235, 188, 90.9845, 301.193
2381, 235, 188, 90.9171, 301.278
2382, 235, 188, 91.0098, 301.363
2383, 235, 188, 90.9568, 301.451
2384, 235, 188, 90.8894, 301.566
2385, 235, 188, 90.8454, 301.68
2386, 235, 188, 90.7785, 301.835
2387, 235, 188, 90.7255, 301.958
2388, 235, 188, 90.615, 302.103
2389, 235, 188, 90.562, 302.19
2390, 235, 188, 90.518, 302.275
2391, 235, 188, 90.4649, 302.359
2392, 235, 188, 90.3812, 302.444
2393, 235, 188, 90.23, 302.542
2394, 235, 188, 90.0789, 302.627
2395, 235, 188, 89.9277, 302.711
2396, 235, 188, 89.8604, 302.795
2397, 235, 188, 89.8074, 302.879
2398, 235, 188, 89.5033, 302.963
2399, 235, 187, 89.7446, 303.047
2400, 235, 187, 89.5401, 303.132
2401, 235, 187, 89.4871, 303.217
2402, 235, 187, 89.3766, 303.301
2403, 235, 187, 89.3391, 305.029
2404, 235, 187, 89.3089, 305.114
2405, 235, 187, 89.2559, 305.199
2406, 235, 187, 89.2029, 305.283
2407, 235, 187, 89.2956, 305.368
2408, 235, 187, 89.2426, 305.452
2409, 235, 187, 89.0914, 305.543
2410, 235, 187, 89.0241, 305.627
2411, 235, 187, 88.927, 305.711
2412, 235, 187, 88.6229, 305.795
2413, 235, 187, 88.5124, 305.888
2414, 235, 187, 88.4193, 305.971
2415, 235, 187, 88.3355, 306.054
2416, 235, 187, 88.225, 306.138
2417, 235, 187, 88.172, 306.222
2418, 235, 187, 88.1052, 306.306
2419, 235, 187, 88.0081, 306.39
2420, 235, 187, 87.9551, 306.474
2421, 235, 187, 87.9249, 306.557
2422, 235, 187, 87.866, 306.64
2423, 235, 187, 87.8294, 306.723
2424, 235, 187, 87.7764, 306.807
2425, 235, 187, 87.7398, 306.89
2426, 235, 187, 87.6957, 306.976
2427, 235, 187, 87.6591, 307.059
2428, 235, 187, 87.6226, 307.143
2429, 235, 187, 87.586, 307.226
2430, 236, 187, 87.5858, 308.946
2431, 237, 187, 87.5855, 310.731
2432, 238, 187, 87.5853, 312.568
2433, 239, 187, 87.5851, 314.431
2434, 240, 187, 87.5848, 316.327
2435, 241, 187, 87.5846, 318.426
2436, 242, 187, 87.5844, 320.395
2437, 243, 187, 87.5842, 322.364
2438, 244, 187, 87.584, 324.364
2439, 245, 187, 87.5837, 326.396
2440, 246, 187, 87.5835, 328.483
2441, 247, 187, 87.5833, 330.574
2442, 248, 187, 87.5831, 332.655
2443, 249, 187, 87.5829, 334.749
2444, 250, 187, 87.5827, 336.912
2445, 251, 187, 87.5825, 339.066
2446, 252, 187, 87.5823, 341.273
2447, 253, 187, 87.5821, 343.516
2448, 254, 187, 87.5819, 345.777
2449, 255, 187, 87.5817, 348.768
2450, 256, 187, 87.5816, 352.438
2451, 257, 187, 87.5814, 356.224
2452, 258, 187, 87.5812, 360.034
2453, 259, 187, 87.581, 363.89
2454, 259, 187, 87.5511, 367.773
2455, 259, 187, 87.5105, 367.86
2456, 259, 187, 87.4739, 367.943
2457, 259, 187, 87.3808, 368.026
2458, 259, 187, 87.3219, 368.109
2459, 259, 187, 87.2689, 368.192
2460, 259, 187, 87.099, 368.275
2461, 259, 187, 87.0152, 368.358
2462, 259, 187, 86.9622, 368.441
2463, 259, 187, 86.914, 368.524
2464, 259, 187, 86.8841, 372.364
2465, 259, 187, 86.8475, 372.45
2466, 259, 187, 86.7945, 372.541
2467, 259, 187, 86.7732, 372.624
2468, 259, 187, 86.7366, 372.707
2469, 259, 186, 86.8996, 372.792
2470, 259, 186, 86.8323, 372.875
2471, 259, 186, 86.7793, 372.958
2472, 259, 186, 86.6862, 373.041
2473, 259, 186, 86.6332, 373.123
2474, 259, 186, 86.5802, 373.206
2475, 259, 186, 86.5361, 373.289
2476, 259, 186, 86.4772, 373.372
2477, 259, 186, 86.5471, 373.454
2478, 259, 186, 86.5105, 373.537
2479, 259, 186, 86.4575, 373.619
2480, 259, 186, 86.4045, 373.702
2481, 259, 186, 86.3515, 373.785
2482, 259, 186, 86.2842, 373.868
2483, 259, 186, 86.2401, 373.951
2484, 259, 186, 86.196, 374.033
2485, 259, 186, 86.1519, 374.116
2486, 259, 186, 86.2446, 374.199
2487, 259, 186, 86.2005, 374.282
2488, 259, 186, 86.1475, 374.365
2489, 259, 186, 86.0945, 374.448
2490, 259, 185, 86.2575, 374.532
2491, 259, 185, 86.1901, 374.614
2492, 259, 185, 86.1371, 374.697
2493, 259, 185, 86.0401, 374.78
2494, 259, 184, 86.2031, 374.863
2495, 259, 184, 86.1357, 374.945
2496, 259, 184, 86.0387, 375.028
2497, 259, 184, 85.9857, 375.11
2498, 259, 184, 85.9268, 375.192
2499, 259, 183, 86.0755, 375.274
2500, 259, 183, 86.0314, 375.357
2501, 259, 183, 85.9948, 375.439
2502, 259, 183, 85.9646, 375.524
2503, 259, 183, 85.9239, 375.606
2504, 259, 183, 85.8758, 375.689
2505, 259, 183, 85.8351, 375.773
2506, 259, 183, 85.8084, 375.863
2507, 259, 183, 85.7495, 375.958
2508, 259, 183, 85.7129, 376.054
2509, 259, 183, 85.6291, 376.138
2510, 259, 183, 85.5925, 376.223
2511, 259, 183, 85.5657, 376.306
2512, 259, 183, 85.539, 376.389
2513, 259, 183, 85.5087, 376.471
2514, 259, 183, 85.482, 376.554
2515, 259, 183, 85.4152, 376.637
2516, 259, 183, 85.3786, 376.72
2517, 259, 183, 85.2815, 376.803
2518, 259, 183, 85.2374, 376.887
2519, 259, 183, 85.1706, 376.97
2520, 259, 183, 85.1176, 377.053
2521, 259, 183, 85.0205, 377.137
2522, 259, 183, 84.9764, 377.22
2523, 259, 183, 84.9096, 377.304
2524, 259, 183, 84.8794, 377.388
2525, 259, 183, 85.0135, 377.472
2526, 259, 183, 84.9833, 377.555
2527, 259, 183, 84.9303, 377.638
2528, 259, 183, 84.8862, 377.722
2529, 259, 183, 84.8189, 377.806
2530, 259, 183, 84.7659, 377.888
2531, 259, 182, 84.9289, 377.971
2532, 259, 182, 84.8616, 378.054
2533, 259, 182, 84.7104, 378.138
2534, 259, 182, 84.6431, 378.222
2535, 259, 182, 84.599, 378.305
2536, 259, 182, 84.5401, 378.389
2537, 259, 182, 84.4871, 378.474
2538, 259, 182, 84.4341, 378.558
2539, 259, 182, 84.39, 378.642
2540, 259, 182, 84.3459, 378.727
2541, 259, 182, 84.3018, 378.811
2542, 259, 182, 84.2488, 378.896
2543, 259, 182, 84.2047, 378.98
2544, 259, 182, 84.1517, 379.064
2545, 259, 182, 84.0679, 379.148
2546, 259, 182, 83.9841, 379.239
2547, 259, 182, 83.8312, 379.322
2548, 259, 182, 83.4162, 379.405
2549, 259, 182, 83.2632, 379.489
2550, 259, 182, 83.0933, 379.573
2551, 259, 182, 82.9828, 379.658
2552, 259, 182, 82.899, 379.768
2553, 259, 182, 82.7461, 379.877
2554, 259, 182, 82.5762, 379.978
2555, 259, 182, 82.4232, 380.07
2556, 259, 182, 82.3394, 380.153
2557, 259, 182, 82.2556, 380.237
2558, 259, 182, 82.1718, 380.372
2559, 259, 181, 82.3616, 380.512
2560, 259, 181, 82.2511, 380.652
2561, 259, 181, 82.1837, 380.787
2562, 259, 181, 82.1396, 380.933
2563, 259, 181, 82.0955, 381.064
2564, 259, 181, 82.0425, 381.208
2565, 259, 181, 82.0123, 381.325
2566, 259, 181, 81.9152, 381.464
2567, 259, 181, 81.8479, 381.598
2568, 259, 181, 81.8177, 381.739
2569, 259, 181, 81.7963, 381.871
2570, 259, 181, 81.7695, 381.957
2571, 259, 181, 81.7289, 382.041
2572, 259, 181, 81.6807, 382.126
2573, 259, 181, 81.6539, 382.24
2574, 259, 181, 81.6237, 382.347
2575, 259, 181, 81.594, 382.451
2576, 259, 181, 81.5735, 382.583
2577, 259, 181, 81.5254, 382.7
2578, 259, 181, 81.4586, 382.819
2579, 259, 181, 81.3615, 382.949
2580, 259, 181, 81.2777, 383.054
2581, 259, 181, 81.2109, 383.176
2582, 259, 181, 81.1435, 383.294
2583, 259, 181, 81.0905, 383.38
2584, 259, 181, 81.0464, 383.465
2585, 259, 181, 80.9875, 383.549
2586, 259, 180, 81.1506, 383.633
2587, 259, 180, 81.0832, 383.718
2588, 259, 180, 81.0302, 383.802
2589, 259, 180, 80.9861, 383.887
2590, 259, 180, 80.9496, 383.97
2591, 259, 180, 80.8822, 384.055
2592, 259, 180, 80.8292, 384.139
2593, 259, 180, 80.7454, 384.223
2594, 259, 180, 80.7088, 384.307
2595, 259, 180, 80.6117, 384.391
2596, 259, 180, 80.5711, 384.475
2597, 259, 180, 80.5345, 384.559
2598, 259, 180, 80.3834, 384.643
2599, 259, 180, 80.2322, 384.728
2600, 259, 180, 80.1484, 384.812
2601, 259, 180, 80.0954, 384.896
2602, 259, 180, 80.0514, 384.98
2603, 259, 180, 80.0107, 385.064
2604, 259, 180, 79.9741, 385.148
2605, 259, 180, 79.9335, 385.232
2606, 259, 180, 79.8928, 385.316
2607, 259, 180, 79.8563, 385.4
2608, 259, 180, 79.8197, 385.484
2609, 259, 180, 79.7895, 385.568
2610, 259, 180, 79.7627, 385.652
2611, 259, 180, 79.7186, 385.736
2612, 259, 180, 79.6597, 385.834
2613, 259, 180, 79.6067, 385.919
2614, 259, 180, 79.6994, 386.014
2615, 259, 180, 79.6464, 386.099
2616, 259, 180, 79.6023, 386.183
2617, 259, 180, 79.572, 386.268
2618, 259, 180, 79.5423, 386.353
2619, 259, 180, 79.5155, 386.437
2620, 259, 180, 79.4674, 386.521
2621, 259, 180, 79.4371, 386.605
2622, 259, 180, 79.4074, 386.689
2623, 259, 180, 79.3776, 386.772
2624, 259, 180, 79.3509, 386.856
2625, 259, 180, 79.3241, 386.94
2626, 259, 180, 79.2939, 387.023
2627, 259, 180, 79.3865, 387.108
2628, 259, 180, 79.3563, 387.193
2629, 259, 180, 79.3197, 387.277
2630, 259, 180, 79.2226, 387.362
2631, 259, 180, 79.1696, 387.445
2632, 259, 180, 79.133, 387.53
2633, 259, 180, 79.089, 387.614
2634, 259, 180, 79.0524, 387.699
2635, 259, 180, 79.0083, 387.782
2636, 259, 180, 78.9553, 387.865
2637, 259, 180, 78.9251, 387.949
2638, 259, 180, 78.8582, 388.033
2639, 259, 180, 78.7914, 388.117
2640, 259, 180, 78.7701, 388.201
2641, 259, 179, 78.9188, 388.284
2642, 259, 179, 78.8747, 388.368
2643, 259, 179, 78.8479, 388.453
2644, 259, 178, 78.9966, 388.538
2645, 259, 178, 78.9525, 388.621
2646, 259, 178, 78.7489, 388.704
2647, 259, 178, 78.6816, 388.788
2648, 259, 178, 78.6286, 388.87
2649, 259, 178, 78.5845, 388.953
2650, 259, 178, 78.5315, 389.036
2651, 259, 178, 78.4785, 389.119
2652, 259, 178, 78.4196, 389.21
2653, 259, 178, 78.3666, 389.293
2654, 259, 178, 78.3136, 389.376
2655, 259, 178, 78.2606, 389.458
2656, 259, 178, 78.1932, 389.542
2657, 259, 178, 78.1566, 389.625
2658, 259, 178, 78.1125, 389.708
2659, 259, 178, 78.0537, 389.791
2660, 259, 178, 78.0234, 389.884
2661, 259, 178, 77.9793, 390.001
2662, 259, 178, 77.9496, 390.117
2663, 259, 178, 77.9228, 390.232
2664, 259, 178, 77.8698, 390.352
2665, 259, 178, 77.8168, 390.482
2666, 259, 178, 77.7579, 390.607
2667, 259, 177, 77.921, 390.729
2668, 259, 177, 77.8536, 390.824
2669, 259, 177, 77.8006, 390.91
2670, 259, 177, 77.7704, 391
2671, 259, 177, 77.7297, 391.083
2672, 259, 177, 77.7084, 391.166
2673, 259, 177, 77.6781, 391.247
2674, 259, 177, 77.6192, 391.329
2675, 259, 177, 77.589, 391.411
2676, 259, 177, 77.5301, 391.494
2677, 259, 177, 77.4999, 391.575
2678, 259, 177, 77.4633, 391.657
2679, 259, 177, 77.4103, 391.74
2680, 259, 177, 77.3435, 391.823
2681, 259, 177, 77.3069, 391.905
2682, 259, 177, 77.2767, 391.989
2683, 259, 176, 77.4254, 392.072
2684, 259, 176, 77.3813, 392.155
2685, 259, 176, 77.3283, 392.237
2686, 259, 176, 77.2917, 392.32
2687, 259, 176, 77.2551, 392.403
2688, 259, 176, 77.1962, 392.511
2689, 259, 176, 77.166, 392.595
2690, 259, 176, 77.1294, 392.678
2691, 259, 176, 77.0929, 392.761
2692, 259, 176, 77.0488, 392.844
2693, 259, 176, 77.0122, 392.926
2694, 259, 175, 77.1609, 393.01
2695, 259, 175, 77.1168, 393.092
2696, 259, 175, 77.0802, 393.175
2697, 259, 175, 77.0589, 393.261
2698, 259, 175, 77.0321, 393.344
2699, 259, 175, 76.9653, 393.428
2700, 259, 175, 76.9385, 393.511
2701, 259, 175, 77.0084, 393.594
2702, 259, 175, 76.9719, 393.678
2703, 259, 175, 76.9416, 393.761
2704, 259, 175, 76.905, 393.845
2705, 259, 175, 76.861, 393.928
2706, 259, 175, 76.8307, 394.012
2707, 259, 175, 76.7826, 394.095
2708, 259, 175, 76.894, 394.179
2709, 259, 175, 77.0054, 394.262
2710, 259, 175, 76.9689, 394.346
2711, 259, 175, 76.9248, 394.429
2712, 259, 175, 76.8945, 394.515
2713, 259, 175, 76.8643, 394.599
2714, 259, 175, 76.8113, 394.683
2715, 259, 175, 76.7142, 394.767
2716, 259, 175, 76.6553, 394.851
2717, 259, 175, 76.7253, 394.935
2718, 259, 175, 76.7952, 395.039
2719, 259, 175, 76.7586, 395.124
2720, 259, 175, 76.6615, 395.209
2721, 259, 175, 76.5684, 395.293
2722, 259, 175, 76.4753, 395.377
2723, 259, 175, 76.408, 395.46
2724, 259, 175, 76.3491, 395.543
2725, 259, 175, 76.2961, 395.64
2726, 259, 175, 76.252, 395.732
2727, 259, 175, 76.199, 395.828
2728, 259, 175, 76.1152, 395.912
2729, 259, 175, 76.0221, 395.996
2730, 259, 175, 75.9383, 396.087
2731, 259, 175, 75.8853, 396.171
2732, 259, 175, 75.8322, 396.268
2733, 259, 175, 75.6811, 396.372
2734, 259, 175, 75.6281, 396.497
2735, 259, 175, 75.7395, 396.61
2736, 259, 175, 75.703, 396.697
2737, 259, 175, 75.6499, 396.815
2738, 259, 175, 75.6059, 396.92
2739, 259, 175, 75.5693, 397.025
2740, 259, 175, 75.5252, 397.114
2741, 259, 175, 75.4584, 397.199
2742, 259, 175, 75.4178, 397.283
2743, 259, 175, 75.3696, 397.367
2744, 259, 175, 75.329, 397.452
2745, 259, 175, 75.2924, 397.538
2746, 259, 175, 75.2558, 397.623
2747, 259, 175, 75.2256, 397.708
2748, 259, 175, 75.1726, 397.793
2749, 259, 175, 75.1196, 397.877
2750, 259, 175, 75.0265, 397.961
2751, 259, 175, 74.9591, 398.045
2752, 259, 175, 74.8918, 398.13
2753, 259, 175, 74.8615, 398.214
2754, 259, 175, 74.9315, 398.299
2755, 259, 175, 74.9012, 398.384
2756, 259, 175, 74.8647, 398.468
2757, 259, 175, 74.8281, 398.552
2758, 259, 175, 74.7613, 398.637
2759, 259, 175, 74.6642, 398.722
2760, 259, 175, 74.6276, 398.806
2761, 259, 175, 74.4467, 398.89
2762, 259, 175, 74.3629, 398.975
2763, 259, 175, 74.3099, 399.059
2764, 259, 175, 74.2426, 399.144
2765, 259, 175, 74.1896, 399.241
2766, 259, 175, 74.1455, 399.325
2767, 259, 175, 74.0925, 399.41
2768, 259, 175, 74.0087, 399.494
2769, 259, 175, 73.9646, 399.579
2770, 259, 175, 73.8808, 399.665
2771, 259, 175, 73.814, 399.749
2772, 259, 175, 73.7774, 399.833
2773, 259, 175, 73.7472, 399.918
2774, 259, 175, 73.7106, 400.003
2775, 259, 175, 73.6438, 400.088
2776, 259, 175, 73.6072, 400.172
2777, 259, 175, 73.5858, 400.256
2778, 259, 175, 73.5591, 400.34
2779, 259, 175, 73.5323, 400.424
2780, 259, 175, 73.4842, 400.509
2781, 259, 175, 73.3643, 400.593
2782, 259, 175, 73.2805, 400.678
2783, 259, 175, 73.2275, 400.763
2784, 259, 175, 73.1745, 400.848
2785, 259, 175, 73.1215, 400.932
2786, 259, 175, 73.0685, 401.017
2787, 259, 175, 73.0096, 401.101
2788, 259, 175, 72.9125, 401.185
2789, 259, 175, 72.8452, 401.27
2790, 259, 175, 72.7784, 401.354
2791, 259, 175, 72.7343, 401.439
2792, 259, 175, 72.6372, 401.523
2793, 259, 175, 72.5699, 401.608
2794, 259, 174, 72.7329, 401.692
2795, 259, 174, 72.6656, 401.776
2796, 259, 174, 72.6067, 401.861
2797, 259, 174, 72.5537, 401.946
2798, 259, 174, 72.3728, 402.031
2799, 259, 174, 72.3054, 402.127
2800, 259, 174, 72.2689, 402.222
2801, 259, 174, 72.2015, 402.307
2802, 259, 174, 72.1347, 402.392
2803, 259, 174, 72.0906, 402.478
2804, 259, 174, 72.0465, 402.577
2805, 259, 174, 72.1165, 402.66
2806, 259, 174, 72.0799, 402.744
2807, 259, 174, 72.021, 402.827
2808, 259, 174, 71.968, 402.911
2809, 259, 174, 71.9239, 402.995
2810, 259, 174, 71.8873, 403.08
2811, 259, 174, 71.8606, 403.164
2812, 260, 174, 71.8604, 407.293
2813, 261, 174, 71.8602, 411.403
2814, 262, 174, 71.86, 415.422
2815, 263, 174, 71.8598, 419.517
2816, 264, 174, 71.8597, 423.608
2817, 265, 174, 71.8595, 427.771
2818, 266, 174, 71.8593, 432.755
2819, 267, 174, 71.8592, 437.025
2820, 268, 174, 71.859, 441.301
2821, 269, 174, 71.8588, 445.623
2822, 270, 174, 71.8587, 449.973
2823, 271, 174, 71.8585, 454.397
2824, 272, 174, 71.8584, 458.859
2825, 273, 174, 71.8582, 463.385
2826, 274, 174, 71.8581, 468.221
2827, 275, 174, 71.8579, 473.146
2828, 276, 174, 71.8578, 477.812
2829, 277, 174, 71.8576, 482.555
2830, 278, 174, 71.8575, 487.565
2831, 279, 174, 71.8573, 492.472
2832, 280, 174, 71.8572, 497.621
2833, 281, 174, 71.857, 502.879
2834, 282, 174, 71.8569, 508.145
2835, 283, 174, 71.8567, 513.496
2836, 284, 174, 71.8566, 518.669
2837, 285, 174, 71.8565, 523.944
2838, 286, 174, 71.8563, 529.234
2839, 287, 174, 71.8562, 534.59
2840, 287, 174, 71.832, 540.083
2841, 287, 174, 71.7838, 540.172
2842, 287, 174, 71.7249, 540.256
2843, 287, 174, 71.6719, 540.34
2844, 287, 174, 71.7646, 540.424
2845, 287, 174, 71.7057, 540.508
2846, 287, 174, 71.6527, 540.592
2847, 287, 174, 71.5997, 540.675
2848, 287, 174, 71.5699, 540.758
2849, 287, 174, 71.5431, 540.841
2850, 287, 174, 71.4843, 540.924
2851, 287, 174, 71.4436, 541.007
2852, 287, 174, 71.407, 541.09
2853, 287, 173, 71.5968, 541.174
2854, 287, 173, 71.7598, 541.257
2855, 287, 173, 71.6667, 541.341
2856, 287, 173, 71.5156, 541.425
2857, 287, 173, 71.4913, 546.824
2858, 287, 173, 71.4646, 546.909
2859, 287, 173, 71.428, 546.998
2860, 287, 173, 71.4126, 547.082
2861, 287, 173, 71.3858, 547.166
2862, 287, 173, 71.3644, 547.25
2863, 287, 173, 71.3347, 547.333
2864, 287, 173, 71.2988, 547.417
2865, 287, 173, 71.269, 547.5
2866, 287, 173, 71.2486, 547.584
2867, 287, 173, 71.2079, 547.667
2868, 287, 173, 71.1812, 547.75
2869, 287, 173, 71.1282, 547.834
2870, 287, 173, 71.0916, 547.917
2871, 287, 173, 71.0557, 548.001
2872, 288, 173, 71.0556, 553.375
2873, 289, 173, 71.0554, 558.858
2874, 290, 173, 71.0553, 564.882
2875, 291, 173, 71.0552, 570.465
2876, 292, 173, 71.0551, 576.113
2877, 293, 173, 71.0549, 581.831
2878, 294, 173, 71.0548, 587.563
2879, 295, 173, 71.0547, 594.199
2880, 296, 173, 71.0546, 602.969
2881, 297, 173, 71.0544, 611.873
2882, 298, 173, 71.0543, 620.881
2883, 299, 173, 71.0542, 630.399
2884, 300, 173, 71.0541, 640.129
2885, 301, 173, 71.0539, 646.573
2886, 302, 173, 71.0538, 653.392
2887, 303, 173, 71.0537, 659.837
2888, 304, 173, 71.0536, 666.385
2889, 305, 173, 71.0535, 673.322
2890, 306, 173, 71.0534, 680.283
2891, 307, 173, 71.0533, 687.06
2892, 308, 173, 71.0531, 694.03
2893, 309, 173, 71.053, 700.908
2894, 310, 173, 71.0529, 707.966
2895, 311, 173, 71.0528, 715.042
2896, 312, 173, 71.0527, 722.06
2897, 313, 173, 71.0526, 729.141
2898, 314, 173, 71.0525, 736.323
2899, 315, 173, 71.0524, 743.562
2900, 316, 173, 71.0523, 751.04
2901, 317, 173, 71.0522, 758.509
2902, 317, 173, 71.0323, 766.09
2903, 317, 173, 70.9964, 766.237
2904, 317, 173, 70.9662, 766.322
2905, 317, 173, 70.8989, 766.407
2906, 317, 173, 70.879, 773.829
2907, 317, 173, 70.8431, 773.917
2908, 317, 173, 70.795, 774.001
2909, 317, 173, 70.7468, 774.084
2910, 317, 173, 70.7166, 774.167
2911, 317, 173, 70.6898, 774.251
2912, 317, 173, 70.6051, 774.334
2913, 317, 173, 70.5521, 774.418
2914, 317, 173, 70.5155, 774.501
2915, 317, 173, 70.4853, 774.584
2916, 317, 173, 70.4487, 774.668
2917, 317, 173, 70.3957, 774.752
2918, 317, 173, 70.3655, 774.836
2919, 317, 173, 70.3248, 774.919
2920, 317, 173, 70.2883, 775.002
2921, 317, 173, 70.1684, 775.086
2922, 317, 173, 70.1154, 775.17
2923, 317, 172, 70.2641, 775.254
2924, 317, 172, 70.22, 775.337
2925, 317, 172, 70.1987, 775.422
2926, 317, 172, 70.1719, 775.505
2927, 317, 172, 70.1237, 775.589
2928, 317, 172, 70.097, 775.672
2929, 317, 172, 70.0756, 775.757
2930, 317, 172, 70.0602, 775.848
2931, 317, 172, 70.0397, 775.932
2932, 317, 172, 69.9916, 776.016
2933, 317, 172, 69.955, 776.1
2934, 317, 172, 69.9282, 776.185
2935, 317, 172, 69.9014, 776.269
2936, 317, 172, 69.939, 776.353
2937, 317, 172, 69.8763, 776.437
2938, 317, 172, 69.8559, 776.521
2939, 318, 172, 69.8556, 777.674
2940, 319, 172, 69.8554, 778.731
2941, 320, 172, 69.8552, 779.84
2942, 321, 172, 69.855, 780.948
2943, 322, 172, 69.8548, 782.1
2944, 323, 172, 69.8546, 783.287
2945, 323, 172, 69.8378, 785.189
2946, 323, 172, 69.8199, 785.274
2947, 323, 172, 69.8939, 785.358
2948, 323, 172, 69.8878, 785.442
2949, 323, 172, 69.858, 785.526
2950, 323, 172, 69.8426, 785.613
2951, 323, 172, 69.8199, 785.697
2952, 323, 172, 69.7925, 785.781
2953, 323, 172, 69.7657, 785.877
2954, 323, 172, 69.7443, 785.963
2955, 323, 172, 69.7289, 786.047
2956, 323, 172, 69.711, 786.131
2957, 323, 172, 69.6949, 786.216
2958, 323, 172, 69.7324, 786.3
2959, 323, 172, 69.7169, 786.385
2960, 323, 172, 69.6867, 786.47
2961, 323, 172, 69.6699, 788.357
2962, 323, 172, 69.6425, 788.442
2963, 323, 172, 69.6312, 788.526
2964, 323, 172, 69.6251, 788.61
2965, 324, 172, 69.6249, 790.524
2966, 325, 172, 69.6248, 792.426
2967, 326, 172, 69.6246, 794.389
2968, 327, 172, 69.6244, 796.421
2969, 328, 172, 69.6242, 798.511
2970, 329, 172, 69.6241, 800.696
2971, 330, 172, 69.6239, 802.888
2972, 330, 172, 69.6195, 805.12
2973, 330, 172, 69.605, 805.204
2974, 330, 172, 69.592, 805.289
2975, 330, 172, 69.5646, 805.374
2976, 330, 172, 69.5515, 805.458
2977, 330, 172, 69.5288, 805.542
2978, 330, 171, 69.6665, 805.627
2979, 330, 171, 69.6452, 805.712
2980, 330, 171, 69.6827, 805.796
2981, 330, 171, 69.6672, 805.888
2982, 330, 171, 69.6468, 805.972
2983, 330, 171, 69.617, 806.057
2984, 330, 171, 69.5812, 806.141
2985, 330, 171, 69.5514, 806.225
2986, 330, 171, 69.5155, 806.31
2987, 330, 171, 69.4951, 806.393
2988, 330, 171, 69.4737, 806.478
2989, 330, 171, 69.451, 806.563
2990, 330, 171, 69.4349, 806.647
2991, 330, 171, 69.399, 806.731
2992, 330, 171, 69.3508, 806.815
2993, 330, 171, 69.3027, 806.9
2994, 330, 171, 69.2725, 806.984
2995, 330, 171, 69.2422, 807.069
2996, 330, 171, 69.2056, 807.153
2997, 330, 171, 69.1218, 807.238
2998, 330, 171, 69.0688, 807.323
2999, 330, 171, 69.0248, 807.407
