Seed is: 3
Number of samples is: 3000
Simulation name is: Simulation_2TV_10x10.sim
TimeStep, Distraction Rate, Missed States, Model Accuracy, Time (ms)
0, 0, 732, 0, 7e-05
1, 0, 731, 1, 0.066456
2, 0, 730, 1.7632, 0.129998
3, 0, 729, 2.52639, 0.192487
4, 0, 728, 3.52639, 0.25753
5, 0, 727, 4.28959, 0.320681
6, 0, 726, 5.28959, 0.382869
7, 0, 725, 6.05279, 0.446761
8, 0, 724, 5.8206, 0.508488
9, 0, 723, 6.58379, 0.570436
10, 0, 722, 6.3516, 0.632094
11, 0, 721, 7.1148, 0.703049
12, 0, 720, 7.87799, 0.765237
13, 0, 719, 7.6458, 0.827396
14, 0, 718, 7.41361, 0.890015
15, 0, 717, 8.76177, 0.952494
16, 0, 716, 9.52497, 1.01544
17, 0, 715, 10.2882, 1.07825
18, 0, 714, 11.0514, 1.14071
19, 0, 713, 12.0514, 1.20327
20, 0, 712, 12.8146, 1.26587
21, 0, 711, 13.5778, 1.32837
22, 0, 710, 14.341, 1.39074
23, 0, 709, 15.341, 1.45302
24, 0, 708, 15.1088, 1.51527
25, 0, 707, 15.872, 1.57776
26, 0, 706, 16.6352, 1.64054
27, 0, 706, 16.2201, 1.70391
28, 0, 706, 15.8466, 1.76648
29, 0, 706, 15.473, 1.82956
30, 0, 706, 15.058, 1.89243
31, 0, 705, 15.4108, 1.95495
32, 0, 705, 14.9258, 2.01841
33, 0, 704, 15.689, 2.08174
34, 0, 703, 16.4522, 2.14493
35, 0, 702, 17.4522, 2.2081
36, 0, 701, 18.2154, 2.27073
37, 0, 700, 18.9786, 2.33351
38, 0, 699, 19.7418, 2.39657
39, 0, 699, 19.3268, 2.45954
40, 0, 698, 20.6749, 2.52291
41, 0, 697, 21.4381, 2.58631
42, 0, 696, 22.2013, 2.64927
43, 0, 695, 22.9645, 2.7141
44, 0, 694, 24.3127, 2.77764
45, 0, 694, 23.8976, 2.84073
46, 0, 694, 23.5241, 2.90393
47, 0, 694, 23.0391, 2.96704
48, 0, 694, 22.6656, 3.03012
49, 0, 694, 22.4611, 3.09342
50, 0, 694, 22.0875, 3.1563
51, 0, 694, 21.6026, 3.22021
52, 0, 693, 22.3658, 3.2847
53, 0, 692, 23.129, 3.35662
54, 0, 691, 23.8922, 3.42162
55, 1, 690, 24.8922, 3.48558
56, 2, 689, 25.8922, 3.58119
57, 2, 689, 25.5186, 3.6463
58, 2, 688, 26.2818, 3.71006
59, 2, 687, 27.2818, 3.77293
60, 2, 686, 28.045, 3.83611
61, 2, 685, 28.8082, 3.89933
62, 2, 684, 29.5714, 3.96266
63, 2, 684, 29.1564, 4.02637
64, 2, 684, 28.7829, 4.08976
65, 2, 684, 28.4093, 4.15372
66, 2, 683, 29.1725, 4.21691
67, 2, 682, 29.9357, 4.28022
68, 2, 681, 30.6989, 4.34397
69, 2, 680, 31.4621, 4.40736
70, 2, 679, 32.2253, 4.47101
71, 2, 678, 31.9931, 4.53706
72, 2, 677, 32.7563, 4.60909
73, 2, 676, 33.5195, 4.67293
74, 2, 675, 34.2827, 4.73651
75, 2, 674, 35.0459, 4.80014
76, 2, 673, 35.8091, 4.86388
77, 2, 672, 36.5723, 4.92741
78, 2, 671, 37.3355, 4.99568
79, 2, 671, 36.962, 5.05962
80, 3, 671, 36.5469, 5.12356
81, 4, 671, 36.377, 5.20162
82, 5, 671, 35.962, 5.26741
83, 6, 671, 35.792, 5.33293
84, 7, 671, 35.6989, 5.39848
85, 8, 671, 35.6058, 5.46449
86, 9, 671, 35.5469, 5.53234
87, 10, 671, 35.488, 5.60906
88, 11, 671, 35.4474, 5.70427
89, 12, 671, 35.4067, 5.77428
90, 13, 671, 35.377, 5.84341
91, 14, 671, 35.3472, 5.91363
92, 15, 671, 35.3245, 5.98442
93, 16, 671, 35.3018, 6.056
94, 17, 671, 35.2839, 6.12869
95, 18, 671, 35.266, 6.20896
96, 18, 670, 35.5073, 6.28452
97, 18, 670, 35.3028, 6.35962
98, 18, 670, 34.9292, 6.42361
99, 18, 670, 34.5557, 6.48805
100, 18, 670, 34.3858, 6.55159
101, 18, 670, 34.2328, 6.61541
102, 18, 670, 33.8593, 6.68703
103, 18, 670, 33.3743, 6.75151
104, 18, 670, 33.0008, 6.8159
105, 18, 670, 32.6273, 6.87973
106, 18, 669, 33.3905, 6.94306
107, 18, 668, 34.1537, 7.00666
108, 18, 667, 35.1537, 7.07059
109, 18, 666, 35.9169, 7.13463
110, 18, 666, 35.5433, 7.20124
111, 18, 665, 36.3065, 7.26726
112, 18, 664, 37.0697, 7.33168
113, 18, 663, 37.8329, 7.3959
114, 18, 662, 38.5961, 7.46016
115, 18, 661, 39.3593, 7.52426
116, 18, 660, 40.3593, 7.58848
117, 18, 659, 41.1225, 7.65301
118, 18, 658, 41.8857, 7.71737
119, 18, 657, 42.6489, 7.78183
120, 18, 656, 42.4167, 7.84583
121, 18, 655, 43.1799, 7.91015
122, 18, 654, 43.9431, 7.9745
123, 18, 653, 43.7109, 8.03917
124, 18, 652, 44.4741, 8.10523
125, 18, 651, 45.2373, 8.16979
126, 18, 650, 46.0005, 8.23419
127, 18, 649, 46.7637, 8.29893
128, 18, 648, 47.5269, 8.36388
129, 18, 647, 48.2901, 8.42958
130, 18, 646, 49.6383, 8.49487
131, 18, 645, 50.4015, 8.55996
132, 18, 645, 50.0279, 8.62506
133, 18, 644, 51.3761, 8.69047
134, 18, 644, 51.0026, 8.75578
135, 18, 644, 50.5875, 8.82114
136, 18, 644, 50.214, 8.88627
137, 18, 644, 49.8405, 8.9515
138, 18, 643, 50.1932, 9.01687
139, 18, 643, 49.7083, 9.082
140, 18, 643, 49.3347, 9.14779
141, 18, 643, 48.9612, 9.21334
142, 18, 642, 49.9612, 9.27992
143, 18, 642, 49.5462, 9.34629
144, 18, 642, 49.1726, 9.41137
145, 18, 641, 49.9358, 9.4769
146, 18, 641, 49.7829, 9.55449
147, 18, 641, 49.4093, 9.61981
148, 18, 640, 50.1725, 9.68475
149, 18, 639, 49.9404, 9.74983
150, 18, 639, 49.5668, 9.81552
151, 18, 639, 49.1933, 9.88085
152, 18, 639, 48.8198, 9.94679
153, 18, 639, 48.4462, 10.0199
154, 18, 639, 48.0727, 10.0858
155, 18, 639, 47.5877, 10.1516
156, 18, 639, 47.2142, 10.2202
157, 18, 639, 46.8407, 10.2857
158, 18, 638, 47.6039, 10.3506
159, 18, 637, 48.367, 10.4154
160, 18, 636, 49.1302, 10.4804
161, 18, 635, 49.8934, 10.5455
162, 18, 634, 49.6613, 10.6106
163, 18, 633, 50.4244, 10.6756
164, 18, 632, 51.1876, 10.7413
165, 18, 631, 51.9508, 10.8069
166, 18, 630, 52.714, 10.872
167, 18, 629, 53.4772, 10.937
168, 18, 628, 54.2404, 11.0021
169, 18, 627, 55.0036, 11.0676
170, 18, 626, 54.7714, 11.1327
171, 18, 625, 55.5346, 11.1985
172, 18, 624, 56.2978, 11.2642
173, 18, 623, 57.061, 11.3301
174, 18, 622, 57.8242, 11.3959
175, 18, 621, 58.5874, 11.4619
176, 18, 620, 59.3506, 11.5279
177, 18, 619, 60.1138, 11.594
178, 18, 618, 60.877, 11.6598
179, 18, 617, 61.6402, 11.7256
180, 18, 616, 62.4034, 11.7915
181, 18, 615, 63.1666, 11.8595
182, 18, 614, 63.9298, 11.9256
183, 18, 613, 64.9298, 12.0088
184, 18, 612, 65.693, 12.0768
185, 18, 611, 66.4562, 12.1434
186, 18, 610, 67.2194, 12.2095
187, 18, 609, 67.9826, 12.2761
188, 18, 608, 68.7458, 12.3426
189, 18, 607, 69.7458, 12.4089
190, 18, 606, 70.509, 12.4772
191, 18, 605, 70.2768, 12.544
192, 18, 604, 71.2768, 12.6106
193, 18, 603, 72.04, 12.6775
194, 18, 602, 72.8032, 12.7459
195, 18, 601, 73.5664, 12.8138
196, 18, 600, 74.3296, 12.8805
197, 18, 599, 75.0928, 12.9471
198, 18, 598, 75.856, 13.0136
199, 18, 597, 76.856, 13.0803
200, 18, 596, 77.6192, 13.1476
201, 18, 595, 78.3824, 13.2156
202, 18, 594, 79.1456, 13.2829
203, 18, 593, 79.9088, 13.3598
204, 18, 592, 80.672, 13.4366
205, 18, 591, 81.672, 13.504
206, 18, 590, 82.4352, 13.5714
207, 18, 589, 82.203, 13.6384
208, 18, 588, 83.203, 13.7054
209, 18, 587, 84.203, 13.7725
210, 18, 586, 84.9662, 13.8397
211, 18, 585, 85.7294, 13.9074
212, 18, 584, 85.4972, 13.9752
213, 18, 583, 86.8453, 14.0429
214, 18, 582, 87.6085, 14.1098
215, 18, 581, 88.3717, 14.1773
216, 18, 580, 89.1349, 14.2445
217, 18, 579, 88.9027, 14.312
218, 18, 578, 89.6659, 14.3798
219, 18, 577, 90.6659, 14.4472
220, 18, 576, 91.4291, 14.5148
221, 18, 575, 92.1923, 14.5837
222, 18, 574, 91.9601, 14.6511
223, 18, 573, 92.7233, 14.7188
224, 18, 572, 93.4865, 14.7864
225, 18, 571, 94.4865, 14.8542
226, 18, 570, 95.2497, 14.922
227, 18, 569, 96.0129, 15.0009
228, 18, 568, 96.7761, 15.0692
229, 18, 567, 97.5393, 15.1368
230, 18, 567, 97.1658, 15.2046
231, 18, 566, 97.929, 15.2722
232, 18, 565, 97.6968, 15.34
233, 18, 564, 98.46, 15.4076
234, 18, 563, 99.2232, 15.4756
235, 18, 562, 99.9864, 15.5437
236, 18, 561, 101.335, 15.6116
237, 18, 560, 102.335, 15.6794
238, 18, 559, 103.098, 15.7472
239, 18, 559, 102.613, 15.8157
240, 18, 558, 103.376, 15.884
241, 18, 557, 104.139, 15.9521
242, 18, 556, 105.139, 16.0199
243, 18, 555, 105.902, 16.0876
244, 18, 554, 106.666, 16.1595
245, 18, 553, 107.666, 16.2343
246, 18, 552, 108.429, 16.3063
247, 18, 551, 109.192, 16.3742
248, 18, 550, 109.955, 16.4425
249, 18, 549, 110.718, 16.5105
250, 18, 549, 110.303, 16.5786
251, 18, 549, 109.93, 16.656
252, 18, 549, 109.556, 16.7255
253, 18, 549, 109.141, 16.7944
254, 18, 549, 108.768, 16.8629
255, 18, 549, 108.394, 16.9316
256, 18, 549, 108.021, 17.002
257, 18, 549, 107.606, 17.0721
258, 18, 549, 107.232, 17.1406
259, 18, 548, 107.585, 17.2089
260, 18, 548, 107.1, 17.2774
261, 18, 548, 106.726, 17.346
262, 18, 547, 107.49, 17.4144
263, 18, 546, 107.257, 17.4824
264, 18, 545, 108.257, 17.5525
265, 18, 544, 109.021, 17.6214
266, 18, 543, 109.784, 17.69
267, 18, 542, 110.547, 17.7584
268, 18, 541, 111.31, 17.8284
269, 18, 541, 110.825, 17.8978
270, 18, 540, 111.588, 17.9667
271, 18, 539, 112.352, 18.0348
272, 18, 538, 113.115, 18.1032
273, 18, 538, 112.741, 18.1731
274, 18, 537, 114.089, 18.2416
275, 18, 536, 114.853, 18.3101
276, 18, 536, 114.368, 18.3793
277, 18, 535, 115.368, 18.4478
278, 18, 534, 116.131, 18.5172
279, 18, 533, 117.479, 18.5862
280, 18, 533, 117.105, 18.6551
281, 18, 533, 116.69, 18.7243
282, 18, 533, 116.317, 18.7933
283, 18, 533, 115.943, 18.8618
284, 18, 533, 115.57, 18.9305
285, 18, 532, 116.918, 18.9994
286, 18, 531, 117.681, 19.0676
287, 18, 530, 119.029, 19.1363
288, 18, 529, 120.029, 19.2054
289, 18, 528, 120.792, 19.2746
290, 18, 527, 120.56, 19.3436
291, 18, 527, 120.187, 19.4129
292, 18, 527, 119.813, 19.482
293, 18, 527, 119.44, 19.551
294, 18, 527, 119.025, 19.6205
295, 18, 527, 118.651, 19.6899
296, 18, 527, 118.278, 19.7588
297, 18, 527, 117.904, 19.8276
298, 18, 526, 118.667, 19.8965
299, 18, 525, 119.43, 19.9751
300, 18, 524, 119.783, 20.0571
301, 18, 524, 119.298, 20.1269
302, 18, 523, 120.061, 20.1958
303, 18, 522, 120.825, 20.2648
304, 18, 522, 120.451, 20.3358
305, 18, 521, 121.214, 20.4049
306, 18, 520, 122.214, 20.4738
307, 18, 519, 122.978, 20.5447
308, 18, 518, 123.978, 20.6145
309, 18, 517, 125.326, 20.6842
310, 18, 516, 126.089, 20.7532
311, 18, 516, 125.674, 20.8226
312, 18, 516, 125.3, 20.9004
313, 18, 516, 124.927, 20.988
314, 18, 516, 124.553, 21.0608
315, 18, 515, 125.316, 21.1303
316, 18, 514, 126.08, 21.1996
317, 18, 514, 125.706, 21.269
318, 18, 514, 125.333, 21.3471
319, 18, 514, 124.959, 21.4171
320, 18, 514, 124.585, 21.4864
321, 18, 514, 124.212, 21.5557
322, 18, 514, 123.727, 21.6254
323, 18, 514, 123.353, 21.6948
324, 18, 514, 122.868, 21.7644
325, 18, 514, 122.453, 21.8338
326, 18, 514, 122.08, 21.9035
327, 18, 513, 123.428, 21.9731
328, 18, 512, 123.196, 22.0424
329, 18, 511, 123.549, 22.112
330, 18, 511, 123.064, 22.1819
331, 18, 510, 123.827, 22.2512
332, 18, 509, 124.59, 22.3208
333, 18, 508, 125.353, 22.3906
334, 18, 508, 124.98, 22.4601
335, 18, 508, 124.606, 22.5299
336, 18, 508, 124.453, 22.5994
337, 18, 508, 124.08, 22.6692
338, 18, 508, 123.595, 22.7392
339, 18, 508, 123.18, 22.8117
340, 18, 507, 123.533, 22.887
341, 18, 507, 123.048, 22.9573
342, 18, 507, 122.674, 23.0275
343, 18, 507, 122.3, 23.0977
344, 18, 507, 121.927, 23.1674
345, 18, 507, 121.722, 23.2528
346, 18, 507, 121.349, 23.337
347, 18, 507, 120.975, 23.4085
348, 18, 507, 120.56, 23.4782
349, 18, 507, 120.187, 23.5479
350, 18, 507, 119.813, 23.6181
351, 18, 507, 119.44, 23.6877
352, 18, 507, 119.066, 23.7575
353, 18, 507, 118.896, 23.8393
354, 18, 507, 118.743, 23.9228
355, 18, 506, 118.985, 23.9969
356, 18, 506, 118.78, 24.0673
357, 18, 506, 118.61, 24.137
358, 18, 506, 118.457, 24.2068
359, 18, 506, 118.304, 24.2767
360, 18, 506, 118.1, 24.3472
361, 18, 506, 117.947, 24.4169
362, 18, 506, 117.573, 24.4868
363, 18, 506, 117.158, 24.5571
364, 18, 506, 116.785, 24.6266
365, 18, 506, 116.411, 24.6972
366, 18, 506, 116.038, 24.7666
367, 18, 506, 115.885, 24.8368
368, 18, 505, 116.238, 24.9172
369, 18, 505, 115.753, 24.9952
370, 18, 504, 116.753, 25.0655
371, 18, 504, 116.379, 25.1355
372, 18, 504, 115.894, 25.2168
373, 18, 503, 116.894, 25.2871
374, 18, 503, 116.479, 25.3569
375, 18, 503, 116.106, 25.4271
376, 18, 503, 115.732, 25.4973
377, 18, 503, 115.358, 25.5675
378, 18, 502, 116.358, 25.6371
379, 18, 501, 116.711, 25.7069
380, 18, 501, 117.026, 25.7772
381, 18, 501, 116.653, 25.8476
382, 18, 500, 116.421, 25.9176
383, 18, 499, 117.184, 25.9876
384, 18, 498, 117.947, 26.0577
385, 18, 498, 117.573, 26.1283
386, 18, 498, 117.2, 26.1994
387, 18, 498, 116.826, 26.2696
388, 18, 497, 117.59, 26.3397
389, 18, 497, 117.216, 26.4103
390, 18, 497, 116.801, 26.4803
391, 18, 497, 116.427, 26.5505
392, 18, 497, 116.012, 26.6205
393, 18, 497, 115.639, 26.7047
394, 18, 497, 115.224, 26.7767
395, 18, 497, 114.809, 26.8473
396, 18, 497, 114.435, 26.9177
397, 18, 497, 114.062, 26.988
398, 18, 496, 115.41, 27.0614
399, 18, 495, 116.173, 27.1319
400, 18, 494, 116.936, 27.2023
401, 18, 493, 117.699, 27.273
402, 18, 492, 118.463, 27.3434
403, 18, 491, 119.226, 27.4136
404, 18, 490, 119.989, 27.4841
405, 18, 489, 121.337, 27.5546
406, 18, 488, 122.1, 27.6254
407, 18, 487, 122.864, 27.6959
408, 18, 487, 122.49, 27.767
409, 18, 486, 123.253, 27.8371
410, 18, 485, 124.016, 27.9073
411, 18, 484, 124.78, 27.978
412, 18, 483, 125.543, 28.0652
413, 18, 482, 126.306, 28.1372
414, 18, 481, 127.069, 28.208
415, 18, 480, 127.832, 28.2785
416, 18, 479, 128.596, 28.3493
417, 18, 479, 128.222, 28.4202
418, 18, 478, 129.57, 28.4914
419, 18, 478, 129.197, 28.5622
420, 18, 478, 128.823, 28.6337
421, 18, 478, 128.45, 28.7042
422, 18, 478, 128.076, 28.775
423, 18, 478, 127.703, 28.8559
424, 18, 478, 127.329, 28.9272
425, 18, 478, 126.914, 29.0003
426, 18, 478, 126.54, 29.0712
427, 18, 478, 126.167, 29.1455
428, 18, 477, 127.515, 29.2168
429, 18, 476, 128.278, 29.2881
430, 18, 475, 129.042, 29.3742
431, 18, 474, 129.805, 29.4458
432, 18, 473, 130.568, 29.5168
433, 18, 473, 130.194, 29.5891
434, 18, 473, 129.821, 29.66
435, 18, 472, 131.169, 29.7309
436, 18, 472, 130.684, 29.8031
437, 18, 472, 130.269, 29.8742
438, 18, 471, 130.622, 29.945
439, 18, 471, 130.137, 30.0237
440, 18, 470, 131.485, 30.095
441, 18, 470, 131, 30.1659
442, 18, 470, 130.515, 30.2374
443, 18, 470, 130.141, 30.3086
444, 18, 470, 129.768, 30.3797
445, 18, 469, 130.768, 30.4503
446, 18, 469, 130.394, 30.5212
447, 18, 468, 131.394, 30.5924
448, 18, 467, 131.747, 30.6638
449, 18, 467, 131.262, 30.735
450, 18, 466, 131.615, 30.8062
451, 18, 466, 131.13, 30.878
452, 18, 466, 130.96, 30.9496
453, 18, 466, 130.807, 31.0205
454, 19, 466, 130.793, 31.105
455, 20, 466, 130.778, 31.1924
456, 21, 466, 130.766, 31.2789
457, 22, 466, 130.754, 31.3679
458, 23, 466, 130.744, 31.4573
459, 24, 466, 130.734, 31.5498
460, 24, 466, 130.624, 31.6428
461, 24, 465, 130.865, 31.7309
462, 24, 465, 130.66, 31.8033
463, 24, 465, 130.456, 31.8749
464, 24, 465, 130.082, 31.9464
465, 24, 465, 129.878, 32.0176
466, 24, 465, 129.725, 32.0885
467, 24, 465, 129.555, 32.1598
468, 24, 465, 129.402, 32.2311
469, 24, 465, 129.249, 32.3026
470, 24, 465, 129.079, 32.3755
471, 24, 465, 129.242, 32.4621
472, 24, 465, 129.149, 32.5341
473, 24, 465, 129.065, 32.605
474, 24, 465, 128.912, 32.6769
475, 24, 465, 128.708, 32.7484
476, 24, 465, 128.503, 32.8301
477, 24, 465, 128.35, 32.9017
478, 24, 465, 128.146, 32.9739
479, 24, 465, 127.993, 33.045
480, 24, 465, 127.823, 33.1163
481, 24, 465, 127.67, 33.1886
482, 24, 465, 127.517, 33.2604
483, 24, 465, 127.433, 33.3453
484, 24, 465, 127.34, 33.4176
485, 24, 465, 127.189, 33.4889
486, 24, 465, 127.036, 33.5601
487, 24, 465, 126.866, 33.6334
488, 24, 465, 126.713, 33.7049
489, 24, 465, 126.62, 33.776
490, 24, 465, 126.536, 33.8482
491, 24, 465, 126.383, 33.9194
492, 24, 465, 126.01, 33.9986
493, 25, 465, 126.001, 34.0921
494, 26, 465, 125.993, 34.1873
495, 27, 465, 125.985, 34.2882
496, 28, 465, 125.978, 34.3882
497, 29, 465, 125.972, 34.4973
498, 30, 465, 125.965, 34.6011
499, 31, 465, 125.96, 34.7078
500, 32, 465, 125.954, 34.8171
501, 32, 464, 126.144, 34.9282
502, 32, 464, 126.033, 35.0491
503, 32, 464, 125.88, 35.1223
504, 33, 464, 125.875, 35.2344
505, 34, 464, 125.87, 35.3488
506, 35, 464, 125.866, 35.4657
507, 36, 464, 125.861, 35.5859
508, 36, 464, 125.794, 35.7084
509, 36, 464, 125.641, 35.7843
510, 36, 464, 125.226, 35.8563
511, 36, 464, 125.021, 35.9277
512, 36, 464, 125.184, 35.9991
513, 36, 464, 125.091, 36.0724
514, 36, 464, 125.008, 36.1447
515, 36, 464, 124.94, 36.2674
516, 36, 463, 125.182, 36.357
517, 36, 463, 124.977, 36.4296
518, 36, 463, 124.603, 36.5005
519, 36, 462, 125.367, 36.5718
520, 36, 461, 126.13, 36.6504
521, 36, 460, 126.893, 36.7225
522, 36, 459, 126.661, 36.794
523, 36, 458, 127.661, 36.8658
524, 36, 458, 127.287, 36.9379
525, 36, 457, 128.287, 37.0095
526, 36, 456, 128.64, 37.081
527, 36, 456, 128.155, 37.153
528, 36, 456, 127.782, 37.2248
529, 36, 456, 127.408, 37.2965
530, 36, 456, 127.035, 37.368
531, 36, 455, 127.798, 37.4391
532, 36, 454, 128.561, 37.5101
533, 36, 453, 129.324, 37.5813
534, 36, 452, 129.092, 37.653
535, 36, 452, 128.718, 37.7247
536, 36, 452, 128.345, 37.7963
537, 36, 452, 127.971, 37.8682
538, 36, 452, 127.486, 37.9401
539, 36, 452, 127.113, 38.0129
540, 36, 452, 126.739, 38.0848
541, 36, 452, 126.586, 38.1562
542, 36, 452, 126.433, 38.2297
543, 36, 452, 126.229, 38.3016
544, 36, 452, 126.024, 38.3738
545, 36, 452, 125.871, 38.4545
546, 36, 452, 125.667, 38.5364
547, 36, 452, 125.514, 38.6082
548, 36, 452, 125.43, 38.6802
549, 36, 452, 125.26, 38.7517
550, 36, 452, 125.107, 38.8232
551, 36, 452, 124.734, 38.8949
552, 36, 452, 124.36, 38.9661
553, 36, 452, 124.207, 39.0583
554, 36, 452, 123.792, 39.1474
555, 36, 452, 123.639, 39.2196
556, 36, 452, 123.266, 39.2915
557, 37, 452, 123.262, 39.4129
558, 38, 452, 123.258, 39.538
559, 39, 452, 123.254, 39.666
560, 40, 452, 123.251, 39.7964
561, 41, 452, 123.247, 39.956
562, 42, 452, 123.244, 40.1045
563, 43, 452, 123.241, 40.2472
564, 44, 452, 123.238, 40.3963
565, 45, 452, 123.235, 40.5516
566, 46, 452, 123.233, 40.7095
567, 47, 452, 123.23, 40.8703
568, 48, 452, 123.228, 41.0397
569, 48, 452, 123.183, 41.2149
570, 48, 452, 123.032, 41.2869
571, 48, 452, 122.922, 41.3588
572, 48, 452, 122.769, 41.431
573, 48, 452, 122.616, 41.5034
574, 48, 452, 122.411, 41.5751
575, 48, 452, 122.259, 41.6465
576, 48, 451, 122.611, 41.7178
577, 48, 451, 122.126, 41.7898
578, 48, 451, 121.753, 41.8617
579, 48, 450, 122.516, 41.9336
580, 48, 449, 123.279, 42.0052
581, 48, 448, 124.042, 42.0771
582, 48, 447, 124.806, 42.1492
583, 48, 446, 125.569, 42.2212
584, 48, 445, 126.332, 42.293
585, 48, 444, 127.095, 42.3645
586, 48, 443, 127.858, 42.4365
587, 48, 442, 128.622, 42.5087
588, 48, 441, 129.385, 42.5804
589, 48, 440, 130.148, 42.6522
590, 48, 439, 131.148, 42.7245
591, 48, 438, 130.916, 42.8149
592, 48, 438, 130.542, 42.8885
593, 48, 438, 130.057, 42.9618
594, 48, 438, 129.684, 43.0341
595, 48, 438, 129.31, 43.1063
596, 48, 437, 129.663, 43.179
597, 48, 437, 129.178, 43.2513
598, 48, 436, 129.941, 43.3318
599, 48, 435, 130.704, 43.404
600, 48, 434, 131.704, 43.4771
601, 48, 433, 132.468, 43.5534
602, 48, 432, 133.231, 43.6256
603, 48, 431, 133.994, 43.6979
604, 48, 430, 134.757, 43.7705
605, 48, 430, 134.384, 43.8437
606, 48, 430, 133.969, 43.9166
607, 48, 429, 135.317, 43.9896
608, 48, 428, 136.08, 44.0622
609, 48, 427, 136.843, 44.135
610, 48, 426, 137.606, 44.2072
611, 48, 425, 138.37, 44.2792
612, 48, 424, 139.133, 44.3518
613, 48, 423, 139.896, 44.4242
614, 48, 423, 139.522, 44.4969
615, 48, 423, 139.149, 44.5695
616, 48, 423, 138.775, 44.6444
617, 48, 422, 139.128, 44.7172
618, 48, 422, 138.643, 44.8064
619, 48, 422, 138.27, 44.8811
620, 48, 422, 137.896, 44.954
621, 48, 422, 137.523, 45.0275
622, 48, 422, 137.149, 45.1006
623, 48, 422, 136.775, 45.1735
624, 48, 422, 136.402, 45.2462
625, 48, 422, 136.028, 45.3195
626, 48, 422, 135.655, 45.3923
627, 48, 422, 135.281, 45.4652
628, 48, 422, 134.908, 45.5384
629, 48, 421, 135.671, 45.611
630, 48, 420, 135.439, 45.6855
631, 48, 419, 136.202, 45.7582
632, 48, 418, 136.965, 45.8312
633, 48, 417, 137.728, 45.9058
634, 48, 416, 138.492, 45.9789
635, 48, 415, 139.492, 46.0514
636, 48, 414, 140.255, 46.1246
637, 48, 413, 141.018, 46.1978
638, 48, 412, 141.781, 46.2707
639, 48, 411, 142.544, 46.3441
640, 48, 410, 143.308, 46.4169
641, 48, 409, 144.308, 46.4899
642, 48, 408, 145.071, 46.563
643, 48, 407, 144.839, 46.6391
644, 48, 406, 144.606, 46.7212
645, 48, 405, 145.37, 46.795
646, 48, 404, 146.133, 46.8688
647, 48, 403, 147.133, 46.9424
648, 48, 403, 147.091, 47.0178
649, 48, 402, 147.444, 47.0932
650, 48, 402, 146.959, 47.1675
651, 48, 401, 147.722, 47.2406
652, 48, 400, 147.49, 47.3138
653, 48, 399, 148.49, 47.4044
654, 48, 398, 149.253, 47.4793
655, 48, 397, 150.017, 47.5535
656, 48, 396, 150.78, 47.629
657, 48, 395, 151.78, 47.703
658, 48, 394, 152.543, 47.7772
659, 48, 393, 153.306, 47.8509
660, 48, 392, 154.069, 47.9245
661, 48, 392, 153.696, 48.0004
662, 48, 391, 154.459, 48.0742
663, 48, 390, 155.459, 48.1476
664, 48, 389, 156.222, 48.2219
665, 48, 388, 156.985, 48.2955
666, 48, 387, 157.749, 48.37
667, 48, 386, 158.749, 48.4437
668, 48, 385, 159.512, 48.5196
669, 48, 384, 160.275, 48.5933
670, 48, 383, 161.275, 48.6672
671, 48, 382, 162.038, 48.7413
672, 48, 381, 162.801, 48.8153
673, 48, 380, 162.569, 48.8896
674, 48, 380, 162.154, 48.9636
675, 48, 380, 161.781, 49.0377
676, 48, 379, 163.129, 49.112
677, 48, 378, 162.897, 49.1858
678, 48, 377, 163.66, 49.2601
679, 49, 376, 164.66, 49.336
680, 49, 375, 165.423, 49.4102
681, 49, 374, 166.186, 49.4844
682, 49, 373, 166.949, 49.5585
683, 49, 372, 167.713, 49.6321
684, 49, 371, 168.476, 49.7064
685, 49, 370, 169.239, 49.7808
686, 49, 369, 169.007, 49.8552
687, 49, 368, 170.007, 49.9294
688, 49, 367, 171.007, 50.0123
689, 49, 366, 171.77, 50.0868
690, 49, 365, 172.77, 50.161
691, 49, 364, 173.533, 50.2356
692, 49, 363, 174.881, 50.3102
693, 49, 362, 175.881, 50.385
694, 49, 361, 176.644, 50.4595
695, 49, 360, 177.408, 50.5364
696, 49, 359, 178.171, 50.6118
697, 49, 358, 178.934, 50.6875
698, 49, 358, 178.561, 50.7631
699, 49, 358, 178.076, 50.8392
700, 49, 357, 179.424, 50.9144
701, 49, 356, 180.424, 50.9896
702, 49, 355, 181.187, 51.0648
703, 49, 354, 181.95, 51.1418
704, 49, 353, 182.713, 51.2173
705, 49, 352, 183.477, 51.2928
706, 49, 351, 184.477, 51.368
707, 49, 350, 185.825, 51.4438
708, 49, 349, 186.588, 51.5191
709, 49, 348, 187.351, 51.5947
710, 49, 347, 188.351, 51.6704
711, 49, 347, 187.978, 51.7461
712, 49, 347, 187.604, 51.8221
713, 49, 347, 187.23, 51.8976
714, 49, 346, 187.994, 51.973
715, 49, 346, 187.62, 52.0484
716, 49, 346, 187.205, 52.1244
717, 49, 346, 186.832, 52.1999
718, 49, 345, 187.595, 52.275
719, 50, 345, 187.18, 52.3508
720, 51, 345, 187.01, 52.4265
721, 51, 345, 186.636, 52.5047
722, 51, 345, 186.263, 52.5805
723, 51, 345, 185.889, 52.6576
724, 51, 345, 185.516, 52.7503
725, 51, 344, 186.516, 52.8272
726, 51, 343, 187.279, 52.9038
727, 51, 342, 188.042, 52.98
728, 51, 342, 187.669, 53.0563
729, 51, 342, 187.253, 53.133
730, 51, 342, 186.88, 53.2093
731, 51, 342, 186.506, 53.2889
732, 51, 342, 186.133, 53.3733
733, 51, 342, 185.648, 53.4499
734, 51, 342, 185.233, 53.5261
735, 51, 342, 184.859, 53.6026
736, 51, 342, 184.486, 53.6791
737, 51, 342, 184.001, 53.7557
738, 51, 341, 184.354, 53.8317
739, 51, 341, 183.869, 53.9078
740, 51, 341, 183.495, 53.9843
741, 52, 341, 183.402, 54.0628
742, 53, 341, 183.343, 54.1419
743, 54, 341, 183.302, 54.22
744, 55, 341, 183.273, 54.2993
745, 56, 341, 183.25, 54.379
746, 57, 341, 183.232, 54.4598
747, 57, 341, 183.079, 54.5417
748, 57, 341, 182.664, 54.6184
749, 57, 341, 182.291, 54.697
750, 57, 341, 181.876, 54.7739
751, 57, 341, 181.461, 54.8505
752, 57, 341, 181.087, 54.9278
753, 57, 341, 180.713, 55.0042
754, 57, 341, 180.298, 55.081
755, 57, 340, 180.651, 55.1579
756, 57, 340, 180.166, 55.2345
757, 57, 340, 180.013, 55.3108
758, 57, 340, 179.86, 55.3926
759, 57, 340, 179.707, 55.4701
760, 57, 340, 179.292, 55.5648
761, 57, 340, 178.919, 55.6419
762, 57, 339, 179.682, 55.718
763, 57, 338, 181.03, 55.795
764, 57, 338, 180.657, 55.8714
765, 57, 338, 180.283, 55.948
766, 57, 338, 179.868, 56.0247
767, 57, 338, 179.495, 56.1013
768, 57, 338, 179.121, 56.1779
769, 57, 337, 180.469, 56.2545
770, 57, 336, 181.232, 56.3308
771, 57, 335, 181.996, 56.4068
772, 57, 335, 181.581, 56.4834
773, 57, 335, 181.207, 56.5599
774, 57, 335, 180.833, 56.6363
775, 57, 335, 180.46, 56.7223
776, 57, 335, 180.086, 56.7991
777, 57, 335, 179.601, 56.876
778, 57, 335, 179.228, 56.9524
779, 57, 335, 179.075, 57.0349
780, 57, 335, 178.701, 57.1115
781, 57, 335, 178.328, 57.1877
782, 57, 334, 178.681, 57.2639
783, 57, 334, 178.196, 57.3403
784, 57, 333, 178.549, 57.4166
785, 57, 333, 178.064, 57.4932
786, 57, 333, 177.859, 57.57
787, 57, 333, 177.485, 57.6473
788, 57, 333, 177.07, 57.7238
789, 57, 333, 176.697, 57.8009
790, 57, 333, 176.492, 57.8803
791, 57, 333, 176.339, 57.9572
792, 57, 333, 175.966, 58.0351
793, 57, 333, 175.592, 58.1119
794, 57, 333, 175.177, 58.1887
795, 57, 333, 174.973, 58.265
796, 57, 333, 174.599, 58.3415
797, 57, 333, 174.114, 58.4186
798, 57, 333, 173.741, 58.4951
799, 57, 333, 173.367, 58.5728
800, 57, 333, 172.952, 58.6488
801, 57, 333, 172.799, 58.7249
802, 57, 332, 174.504, 58.8009
803, 57, 331, 175.504, 58.8771
804, 57, 331, 175.13, 58.9531
805, 57, 331, 174.757, 59.0292
806, 57, 331, 174.383, 59.1049
807, 57, 330, 175.147, 59.1807
808, 57, 330, 175.105, 59.2567
809, 57, 330, 174.732, 59.3329
810, 57, 330, 174.358, 59.4097
811, 57, 330, 174.205, 59.4857
812, 57, 330, 173.79, 59.5621
813, 57, 330, 174.053, 59.6387
814, 57, 330, 173.901, 59.7151
815, 57, 330, 173.748, 59.7923
816, 57, 330, 173.374, 59.8704
817, 57, 330, 173.001, 59.9473
818, 57, 330, 172.627, 60.0321
819, 57, 330, 172.253, 60.1105
820, 57, 329, 173.602, 60.1872
821, 57, 328, 174.602, 60.2632
822, 57, 328, 174.228, 60.3394
823, 57, 327, 175.576, 60.4155
824, 57, 327, 175.203, 60.5097
825, 57, 327, 174.718, 60.5873
826, 57, 327, 174.344, 60.6637
827, 57, 327, 173.971, 60.7396
828, 57, 327, 173.597, 60.8245
829, 57, 327, 173.224, 60.9015
830, 57, 327, 172.85, 60.9781
831, 57, 327, 172.365, 61.0549
832, 57, 327, 172.161, 61.1316
833, 57, 327, 171.676, 61.2082
834, 57, 327, 171.302, 61.2858
835, 57, 326, 172.302, 61.3618
836, 57, 326, 171.929, 61.4377
837, 57, 326, 171.555, 61.5136
838, 57, 326, 171.35, 61.5898
839, 57, 326, 170.935, 61.6659
840, 57, 326, 170.782, 61.7422
841, 57, 326, 170.367, 61.8185
842, 57, 326, 170.163, 61.8946
843, 57, 326, 170.01, 61.9707
844, 57, 326, 169.857, 62.0469
845, 57, 326, 169.704, 62.1232
846, 57, 325, 169.945, 62.1993
847, 57, 325, 169.741, 62.2762
848, 57, 325, 169.63, 62.3527
849, 57, 325, 169.477, 62.4289
850, 57, 325, 169.062, 62.5054
851, 57, 325, 168.858, 62.5835
852, 57, 325, 168.705, 62.6596
853, 57, 325, 168.552, 62.7367
854, 57, 325, 168.399, 62.813
855, 57, 325, 168.246, 62.8884
856, 57, 325, 168.162, 62.964
857, 57, 325, 168.079, 63.0396
858, 57, 325, 168.034, 63.2164
859, 57, 325, 167.951, 63.2922
860, 57, 325, 167.84, 63.3767
861, 57, 325, 167.687, 63.453
862, 57, 325, 167.534, 63.5285
863, 57, 325, 167.424, 63.6051
864, 57, 325, 167.313, 63.6966
865, 57, 325, 167.23, 63.7732
866, 57, 325, 167.171, 63.849
867, 57, 325, 167.118, 63.9247
868, 57, 325, 167.034, 64.0014
869, 57, 325, 166.881, 64.0774
870, 57, 325, 166.728, 64.1527
871, 57, 325, 166.558, 64.2281
872, 57, 325, 166.448, 64.3046
873, 57, 325, 166.337, 64.3815
874, 57, 325, 166.253, 64.4573
875, 57, 325, 166.16, 64.5327
876, 57, 325, 166.076, 64.608
877, 57, 325, 165.993, 64.6838
878, 57, 325, 165.882, 64.7604
879, 57, 325, 165.772, 64.8369
880, 57, 325, 165.688, 64.9127
881, 57, 324, 165.929, 64.9887
882, 57, 324, 165.725, 65.0644
883, 57, 324, 165.657, 65.1402
884, 57, 324, 165.573, 65.2157
885, 57, 324, 165.42, 65.2918
886, 57, 324, 165.216, 65.3683
887, 57, 324, 165.063, 65.4443
888, 57, 324, 164.858, 65.5218
889, 57, 324, 164.706, 65.6126
890, 57, 324, 164.553, 65.6895
891, 57, 324, 164.4, 65.7657
892, 57, 324, 164.247, 65.8419
893, 57, 324, 164.094, 65.9183
894, 57, 324, 163.941, 65.9941
895, 57, 324, 163.788, 66.0862
896, 57, 324, 163.635, 66.1638
897, 57, 324, 163.43, 66.2409
898, 57, 324, 163.278, 66.3174
899, 57, 324, 163.261, 66.3934
900, 57, 324, 163.108, 66.4699
901, 57, 324, 162.955, 66.5463
902, 57, 324, 162.802, 66.6225
903, 57, 324, 162.649, 66.7073
904, 57, 324, 162.496, 66.7838
905, 57, 324, 162.343, 66.8604
906, 57, 324, 162.19, 66.9369
907, 57, 324, 162.037, 67.0135
908, 57, 324, 161.884, 67.0901
909, 57, 324, 161.511, 67.166
910, 57, 323, 162.274, 67.2421
911, 57, 322, 163.037, 67.3314
912, 57, 321, 163.8, 67.4083
913, 57, 320, 163.568, 67.4846
914, 57, 319, 164.331, 67.5613
915, 57, 318, 164.099, 67.638
916, 57, 317, 164.862, 67.7146
917, 57, 316, 165.625, 67.7915
918, 57, 315, 166.389, 67.8679
919, 57, 314, 167.152, 67.9513
920, 57, 313, 168.152, 68.0442
921, 57, 313, 167.778, 68.1225
922, 57, 312, 168.131, 68.1992
923, 57, 312, 167.646, 68.276
924, 57, 312, 167.273, 68.3526
925, 57, 312, 166.899, 68.4293
926, 57, 312, 166.525, 68.5061
927, 57, 312, 166.152, 68.5831
928, 57, 312, 165.778, 68.6601
929, 57, 312, 165.405, 68.7373
930, 57, 312, 165.031, 68.8146
931, 57, 312, 164.658, 68.8911
932, 57, 312, 164.284, 68.9676
933, 57, 312, 163.799, 69.0447
934, 57, 312, 163.426, 69.1216
935, 57, 312, 163.052, 69.1983
936, 57, 312, 162.679, 69.2751
937, 57, 312, 162.264, 69.3519
938, 57, 312, 162.059, 69.4283
939, 57, 312, 161.906, 69.5049
940, 57, 312, 161.753, 69.5839
941, 57, 312, 161.643, 69.6612
942, 57, 312, 161.49, 69.7572
943, 57, 312, 161.337, 69.8369
944, 57, 311, 162.685, 69.914
945, 57, 310, 163.448, 70.0071
946, 57, 310, 162.963, 70.0854
947, 57, 309, 162.731, 70.162
948, 57, 308, 163.494, 70.2384
949, 57, 307, 164.258, 70.3148
950, 57, 306, 165.606, 70.3916
951, 57, 305, 166.369, 70.4679
952, 57, 304, 167.132, 70.5448
953, 57, 303, 166.9, 70.6227
954, 57, 302, 167.663, 70.6989
955, 57, 301, 168.426, 70.7754
956, 57, 300, 169.189, 70.8515
957, 57, 299, 169.953, 70.9275
958, 57, 298, 170.716, 71.005
959, 57, 298, 170.342, 71.0917
960, 57, 298, 169.969, 71.1687
961, 57, 298, 169.484, 71.2453
962, 57, 298, 169.11, 71.3219
963, 57, 298, 168.737, 71.4097
964, 57, 298, 168.363, 71.4861
965, 57, 297, 168.131, 71.562
966, 57, 296, 168.894, 71.6379
967, 57, 295, 169.657, 71.7137
968, 57, 294, 170.421, 71.7896
969, 57, 293, 171.421, 71.8658
970, 57, 292, 172.184, 71.942
971, 57, 291, 172.947, 72.0193
972, 57, 291, 172.573, 72.0957
973, 57, 290, 173.573, 72.1717
974, 57, 289, 174.337, 72.2475
975, 57, 288, 175.1, 72.3231
976, 57, 288, 174.726, 72.3992
977, 57, 288, 174.353, 72.4754
978, 57, 288, 173.979, 72.5518
979, 57, 288, 173.606, 72.6278
980, 57, 288, 173.191, 72.7041
981, 57, 288, 172.817, 72.7804
982, 57, 288, 172.444, 72.8567
983, 57, 288, 172.07, 72.9333
984, 57, 287, 172.423, 73.0099
985, 57, 287, 171.938, 73.0867
986, 57, 287, 171.564, 73.1625
987, 57, 286, 172.564, 73.2387
988, 57, 286, 172.191, 73.3239
989, 57, 285, 172.544, 73.4022
990, 57, 285, 172.059, 73.4789
991, 57, 285, 171.854, 73.5553
992, 57, 284, 173.202, 73.6319
993, 57, 283, 173.965, 73.7079
994, 57, 283, 173.481, 73.7845
995, 57, 282, 174.481, 73.8606
996, 57, 281, 174.248, 73.9367
997, 57, 280, 175.012, 74.013
998, 57, 279, 176.012, 74.0907
999, 57, 278, 176.775, 74.1673
1000, 57, 278, 176.401, 74.2441
1001, 57, 278, 176.028, 74.3208
1002, 57, 278, 175.986, 74.3998
1003, 57, 278, 175.613, 74.4761
1004, 57, 277, 175.965, 74.5533
1005, 57, 277, 175.48, 74.63
1006, 57, 277, 175.107, 74.7238
1007, 57, 276, 176.107, 74.8014
1008, 57, 276, 175.733, 74.878
1009, 57, 276, 175.36, 74.9547
1010, 57, 276, 175.155, 75.0321
1011, 57, 276, 174.74, 75.1089
1012, 57, 275, 176.088, 75.1857
1013, 57, 274, 176.852, 75.2626
1014, 57, 274, 176.367, 75.3401
1015, 57, 274, 175.993, 75.4166
1016, 57, 274, 175.84, 75.4933
1017, 57, 274, 175.636, 75.5721
1018, 57, 273, 175.877, 75.666
1019, 57, 273, 175.672, 75.7439
1020, 57, 273, 175.257, 75.8203
1021, 57, 273, 174.884, 75.8967
1022, 57, 272, 175.884, 75.9727
1023, 57, 271, 176.647, 76.0513
1024, 57, 270, 177.647, 76.1279
1025, 57, 269, 178.647, 76.2082
1026, 57, 268, 179.41, 76.2853
1027, 57, 267, 180.173, 76.3623
1028, 57, 267, 179.8, 76.439
1029, 57, 267, 179.426, 76.5162
1030, 57, 267, 179.011, 76.5925
1031, 57, 266, 179.364, 76.6764
1032, 57, 266, 179.679, 76.7535
1033, 57, 266, 179.264, 76.8302
1034, 57, 266, 178.686, 76.907
1035, 57, 266, 178.482, 76.9836
1036, 57, 266, 178.329, 77.0604
1037, 57, 265, 180.033, 77.1374
1038, 57, 264, 181.381, 77.2464
1039, 57, 264, 181.008, 77.3519
1040, 57, 264, 180.523, 77.4639
1041, 57, 264, 180.108, 77.5539
1042, 57, 264, 179.734, 77.6307
1043, 57, 264, 179.361, 77.7076
1044, 57, 264, 178.987, 77.7846
1045, 57, 264, 178.572, 77.8611
1046, 57, 264, 178.157, 77.9377
1047, 57, 264, 177.784, 78.0142
1048, 57, 264, 177.41, 78.0916
1049, 57, 264, 177.24, 78.1681
1050, 57, 264, 177.087, 78.2449
1051, 57, 264, 176.934, 78.3216
1052, 57, 264, 176.561, 78.3985
1053, 57, 264, 176.146, 78.4752
1054, 57, 264, 175.772, 78.5517
1055, 57, 264, 175.399, 78.6285
1056, 57, 264, 175.662, 78.7072
1057, 57, 264, 175.509, 78.7845
1058, 57, 264, 175.305, 78.8644
1059, 57, 264, 174.89, 78.9622
1060, 57, 264, 174.737, 79.0551
1061, 57, 264, 174.322, 79.1408
1062, 57, 264, 174.117, 79.2182
1063, 57, 264, 173.913, 79.2956
1064, 57, 263, 174.154, 79.3728
1065, 57, 263, 174.376, 79.4498
1066, 57, 263, 174.223, 79.5269
1067, 57, 263, 174.07, 79.6038
1068, 57, 263, 173.917, 79.6806
1069, 57, 263, 173.764, 79.7572
1070, 57, 263, 173.611, 79.8341
1071, 57, 262, 173.853, 79.9109
1072, 57, 262, 173.648, 80.0036
1073, 57, 262, 173.495, 80.083
1074, 57, 262, 173.291, 80.1765
1075, 57, 262, 173.138, 80.2561
1076, 57, 262, 172.985, 80.3364
1077, 57, 262, 172.832, 80.4135
1078, 57, 262, 172.679, 80.4908
1079, 57, 262, 172.526, 80.5675
1080, 57, 262, 172.373, 80.6445
1081, 57, 262, 172.22, 80.7215
1082, 57, 262, 172.067, 80.8013
1083, 57, 262, 171.914, 80.9463
1084, 57, 262, 171.71, 81.0731
1085, 57, 262, 171.557, 81.2064
1086, 57, 262, 171.352, 81.3392
1087, 57, 262, 171.199, 81.4697
1088, 57, 262, 171.046, 81.5935
1089, 57, 261, 171.288, 81.707
1090, 57, 261, 171.083, 81.8249
1091, 57, 261, 170.93, 81.9479
1092, 57, 261, 170.777, 82.0613
1093, 57, 260, 171.019, 82.1497
1094, 57, 260, 170.814, 82.233
1095, 57, 260, 170.661, 82.3104
1096, 57, 260, 170.508, 82.3877
1097, 57, 259, 170.749, 82.4647
1098, 57, 259, 170.545, 82.5422
1099, 57, 259, 170.392, 82.6199
1100, 57, 259, 170.239, 82.6973
1101, 57, 259, 170.086, 82.7742
1102, 57, 259, 170.002, 82.8512
1103, 57, 259, 169.849, 82.9278
1104, 57, 259, 169.476, 83.0046
1105, 57, 259, 169.102, 83.0814
1106, 57, 259, 168.729, 83.1588
1107, 57, 259, 168.244, 83.236
1108, 57, 258, 169.592, 83.3294
1109, 57, 258, 169.218, 83.4071
1110, 57, 258, 168.845, 83.4845
1111, 57, 258, 168.675, 83.5629
1112, 57, 258, 168.038, 83.6404
1113, 57, 258, 167.665, 83.7177
1114, 57, 258, 167.46, 83.7949
1115, 57, 258, 167.086, 83.8722
1116, 57, 258, 166.713, 83.9497
1117, 57, 258, 166.56, 84.0266
1118, 57, 258, 166.186, 84.1039
1119, 57, 258, 165.813, 84.1809
1120, 57, 258, 165.643, 84.2577
1121, 57, 258, 165.49, 84.3352
1122, 57, 258, 165.337, 84.4122
1123, 57, 258, 165.133, 84.4894
1124, 57, 258, 164.718, 84.5665
1125, 57, 257, 164.959, 84.6436
1126, 57, 257, 164.754, 84.7213
1127, 57, 257, 164.339, 84.7991
1128, 57, 257, 164.135, 84.8767
1129, 57, 257, 163.72, 84.9541
1130, 57, 257, 163.55, 85.0316
1131, 57, 257, 163.397, 85.1118
1132, 57, 257, 163.244, 85.1911
1133, 57, 257, 163.091, 85.2686
1134, 57, 257, 163.007, 85.346
1135, 57, 257, 162.923, 85.4233
1136, 57, 257, 162.77, 85.5007
1137, 57, 257, 162.397, 85.5781
1138, 57, 257, 161.819, 85.6576
1139, 57, 257, 161.445, 85.7357
1140, 57, 257, 161.072, 85.8329
1141, 57, 257, 160.587, 85.9112
1142, 57, 257, 160.213, 85.9886
1143, 57, 257, 159.798, 86.0659
1144, 57, 257, 159.645, 86.143
1145, 57, 257, 159.492, 86.2205
1146, 57, 257, 159.077, 86.2978
1147, 57, 257, 158.704, 86.375
1148, 57, 257, 158.219, 86.4526
1149, 57, 256, 158.572, 86.5299
1150, 57, 256, 158.087, 86.6074
1151, 57, 256, 157.934, 86.6985
1152, 57, 256, 157.781, 86.7766
1153, 57, 256, 157.628, 86.8541
1154, 57, 256, 157.475, 86.9315
1155, 57, 256, 157.364, 87.0097
1156, 57, 256, 157.281, 87.0899
1157, 57, 256, 157.17, 87.173
1158, 57, 256, 157.017, 87.2504
1159, 57, 256, 156.864, 87.3278
1160, 57, 256, 156.694, 87.4051
1161, 57, 256, 156.541, 87.4826
1162, 57, 256, 156.389, 87.5598
1163, 57, 256, 156.278, 87.6719
1164, 57, 256, 156.194, 87.7661
1165, 57, 256, 156.11, 87.8583
1166, 57, 256, 156.027, 87.9899
1167, 57, 255, 156.268, 88.0863
1168, 57, 255, 156.063, 88.1679
1169, 57, 255, 155.98, 88.2463
1170, 57, 255, 155.927, 88.3241
1171, 57, 255, 155.868, 88.419
1172, 57, 255, 155.771, 88.4979
1173, 57, 255, 155.687, 88.5759
1174, 57, 255, 155.594, 88.6536
1175, 57, 255, 155.51, 88.7314
1176, 57, 255, 155.451, 88.8094
1177, 57, 255, 155.398, 88.8865
1178, 57, 255, 155.314, 88.9656
1179, 57, 255, 155.161, 89.0434
1180, 58, 255, 155.159, 89.2545
1181, 59, 255, 155.157, 89.441
1182, 60, 255, 155.155, 89.6471
1183, 61, 255, 155.152, 89.8418
1184, 62, 255, 155.15, 90.0534
1185, 63, 255, 155.148, 90.258
1186, 64, 255, 155.147, 90.4668
1187, 65, 255, 155.145, 90.6812
1188, 66, 255, 155.143, 90.9
1189, 67, 255, 155.141, 91.1249
1190, 68, 255, 155.14, 91.3548
1191, 69, 255, 155.138, 91.5905
1192, 70, 255, 155.137, 91.8316
1193, 71, 255, 155.135, 92.0789
1194, 72, 255, 155.134, 92.3328
1195, 73, 255, 155.132, 92.5923
1196, 73, 255, 155.102, 92.8581
1197, 73, 255, 155.043, 92.9362
1198, 73, 255, 154.99, 93.0136
1199, 73, 255, 154.96, 93.2798
1200, 73, 255, 154.916, 93.3696
1201, 73, 255, 154.832, 93.4474
1202, 73, 255, 154.662, 93.5253
1203, 73, 255, 154.825, 93.6039
1204, 73, 254, 155.015, 93.6816
1205, 73, 254, 154.904, 93.7594
1206, 73, 254, 154.734, 93.8371
1207, 73, 254, 154.624, 93.9145
1208, 73, 254, 154.54, 93.992
1209, 73, 254, 154.487, 94.0689
1210, 73, 254, 154.434, 94.1462
1211, 74, 254, 154.433, 94.4131
1212, 75, 254, 154.432, 94.6869
1213, 76, 254, 154.43, 94.9693
1214, 77, 254, 154.429, 95.2595
1215, 78, 254, 154.428, 95.5582
1216, 79, 254, 154.427, 95.8669
1217, 80, 254, 154.426, 96.2608
1218, 81, 254, 154.424, 96.6629
1219, 82, 254, 154.423, 97.0019
1220, 83, 254, 154.422, 97.345
1221, 84, 254, 154.421, 97.6963
1222, 85, 254, 154.42, 98.0556
1223, 86, 254, 154.419, 98.4234
1224, 87, 254, 154.418, 98.7994
1225, 88, 254, 154.418, 99.1837
1226, 89, 254, 154.417, 99.5883
1227, 89, 254, 154.395, 100.004
1228, 89, 254, 154.342, 100.084
1229, 89, 254, 154.172, 100.162
1230, 89, 254, 154.062, 100.24
1231, 89, 254, 153.965, 100.318
1232, 89, 254, 153.881, 100.396
1233, 89, 254, 153.814, 100.473
1234, 89, 254, 153.747, 100.551
1235, 89, 254, 153.636, 100.629
1236, 89, 254, 153.592, 100.706
1237, 89, 254, 153.482, 100.784
1238, 89, 254, 153.414, 100.861
1239, 89, 254, 153.361, 100.938
1240, 89, 254, 153.295, 101.016
1241, 89, 254, 153.242, 101.093
1242, 89, 254, 153.183, 101.171
1243, 89, 254, 153.13, 101.248
1244, 89, 254, 153.089, 101.326
1245, 89, 253, 153.238, 101.403
1246, 89, 253, 153.194, 101.481
1247, 89, 253, 153.15, 101.558
1248, 89, 253, 153.119, 101.636
1249, 89, 253, 153.066, 101.714
1250, 89, 253, 152.983, 101.792
1251, 89, 253, 152.899, 101.869
1252, 89, 253, 152.831, 101.947
1253, 89, 253, 152.778, 102.025
1254, 89, 253, 152.725, 102.103
1255, 89, 253, 152.642, 102.18
1256, 89, 253, 152.558, 102.257
1257, 89, 253, 152.465, 102.335
1258, 89, 253, 152.397, 102.412
1259, 89, 253, 152.33, 102.49
1260, 89, 253, 152.286, 102.568
1261, 89, 253, 152.219, 102.647
1262, 89, 253, 152.135, 102.727
1263, 89, 253, 152.051, 102.805
1264, 89, 253, 151.94, 102.883
1265, 89, 253, 151.857, 102.96
1266, 89, 253, 151.773, 103.038
1267, 89, 253, 151.689, 103.115
1268, 89, 252, 151.879, 103.194
1269, 89, 252, 151.768, 103.272
1270, 89, 252, 151.684, 103.386
1271, 89, 251, 151.874, 103.47
1272, 89, 251, 151.764, 103.566
1273, 89, 251, 151.68, 103.645
1274, 89, 251, 151.596, 103.723
1275, 89, 251, 151.486, 103.8
1276, 89, 251, 151.402, 103.878
1277, 89, 251, 151.393, 103.955
1278, 89, 251, 151.309, 104.032
1279, 89, 251, 151.225, 104.11
1280, 89, 251, 151.141, 104.187
1281, 89, 251, 151.057, 104.266
1282, 89, 250, 151.247, 104.345
1283, 89, 250, 151.137, 104.423
1284, 89, 250, 151.026, 104.501
1285, 89, 250, 150.942, 104.578
1286, 89, 250, 150.858, 104.656
1287, 89, 250, 150.775, 104.734
1288, 89, 250, 150.691, 104.811
1289, 89, 250, 150.58, 104.89
1290, 89, 250, 150.41, 104.968
1291, 89, 250, 150.3, 105.046
1292, 89, 250, 150.147, 105.124
1293, 89, 250, 149.994, 105.201
1294, 89, 250, 149.824, 105.278
1295, 89, 250, 149.671, 105.359
1296, 89, 250, 149.518, 105.437
1297, 89, 250, 149.314, 105.515
1298, 89, 250, 149.144, 105.593
1299, 89, 250, 148.991, 105.67
1300, 89, 250, 148.838, 105.748
1301, 89, 250, 148.685, 105.825
1302, 89, 250, 148.515, 105.913
1303, 89, 250, 148.345, 105.991
1304, 89, 250, 148.192, 106.069
1305, 89, 250, 148.039, 106.146
1306, 89, 250, 147.886, 106.224
1307, 89, 250, 147.733, 106.301
1308, 89, 250, 147.581, 106.379
1309, 89, 250, 147.47, 106.457
1310, 89, 250, 147.386, 106.534
1311, 89, 250, 146.749, 106.613
1312, 89, 249, 146.991, 106.705
1313, 89, 249, 146.786, 106.784
1314, 89, 249, 146.633, 106.861
1315, 89, 249, 146.549, 106.938
1316, 89, 249, 146.439, 107.016
1317, 89, 249, 146.355, 107.093
1318, 89, 249, 146.202, 107.171
1319, 89, 249, 146.049, 107.263
1320, 89, 249, 145.965, 107.342
1321, 89, 249, 145.882, 107.419
1322, 89, 249, 145.798, 107.497
1323, 89, 249, 145.714, 107.575
1324, 89, 249, 145.63, 107.652
1325, 89, 249, 145.577, 107.729
1326, 89, 249, 145.493, 107.807
1327, 89, 249, 145.34, 107.885
1328, 89, 249, 145.187, 107.963
1329, 89, 249, 145.035, 108.04
1330, 89, 249, 144.661, 108.117
1331, 89, 249, 144.456, 108.194
1332, 89, 249, 144.373, 108.272
1333, 89, 249, 144.22, 108.349
1334, 89, 248, 144.461, 108.427
1335, 89, 248, 144.257, 108.505
1336, 89, 248, 144.104, 108.583
1337, 89, 248, 143.934, 108.66
1338, 89, 247, 144.175, 108.737
1339, 89, 247, 143.971, 108.815
1340, 89, 247, 143.818, 108.892
1341, 89, 247, 143.613, 108.97
1342, 89, 247, 143.46, 109.059
1343, 90, 247, 143.446, 109.145
1344, 91, 247, 143.434, 109.23
1345, 92, 247, 143.424, 109.318
1346, 93, 247, 143.415, 109.407
1347, 94, 247, 143.408, 109.497
1348, 95, 247, 143.401, 109.589
1349, 96, 247, 143.396, 109.684
1350, 96, 246, 143.585, 109.782
1351, 96, 246, 143.475, 109.88
1352, 96, 246, 143.305, 109.958
1353, 96, 246, 143.152, 110.046
1354, 96, 246, 142.947, 110.124
1355, 96, 246, 142.794, 110.202
1356, 96, 246, 142.625, 110.28
1357, 96, 246, 142.455, 110.358
1358, 96, 246, 142.302, 110.435
1359, 96, 246, 142.149, 110.519
1360, 96, 246, 141.944, 110.598
1361, 96, 246, 141.86, 110.675
1362, 96, 246, 141.777, 110.773
1363, 96, 246, 141.607, 110.85
1364, 96, 245, 141.848, 110.927
1365, 96, 245, 142.07, 111.005
1366, 96, 245, 141.807, 111.083
1367, 96, 245, 141.723, 111.181
1368, 96, 245, 141.57, 111.259
1369, 96, 245, 141.417, 111.34
1370, 96, 245, 141.264, 111.418
1371, 96, 245, 141.059, 111.496
1372, 96, 245, 140.949, 111.574
1373, 96, 245, 140.779, 111.652
1374, 96, 245, 140.626, 111.73
1375, 96, 245, 140.253, 111.808
1376, 96, 245, 139.837, 111.885
1377, 96, 245, 139.464, 111.964
1378, 96, 245, 139.259, 112.056
1379, 96, 245, 139.106, 112.159
1380, 96, 245, 138.937, 112.271
1381, 96, 245, 138.784, 112.363
1382, 96, 245, 138.673, 112.487
1383, 96, 245, 138.589, 112.592
1384, 96, 245, 138.385, 112.671
1385, 96, 245, 138.011, 112.749
1386, 96, 245, 137.858, 112.827
1387, 96, 245, 137.688, 112.905
1388, 96, 245, 137.535, 112.983
1389, 96, 245, 137.383, 113.062
1390, 96, 245, 137.299, 113.14
1391, 96, 245, 137.129, 113.22
1392, 96, 245, 136.976, 113.298
1393, 96, 245, 136.602, 113.391
1394, 96, 245, 136.449, 113.47
1395, 96, 245, 136.245, 113.549
1396, 96, 245, 136.092, 113.627
1397, 96, 245, 135.922, 113.705
1398, 96, 245, 135.769, 113.784
1399, 96, 245, 135.616, 113.862
1400, 96, 245, 135.463, 113.941
1401, 96, 245, 135.293, 114.02
1402, 96, 245, 135.183, 114.099
1403, 96, 245, 135.03, 114.177
1404, 96, 245, 134.615, 114.256
1405, 96, 245, 134.41, 114.333
1406, 96, 245, 134.257, 114.411
1407, 96, 245, 134.104, 114.489
1408, 96, 245, 133.934, 114.567
1409, 96, 245, 133.851, 114.645
1410, 96, 245, 133.74, 114.723
1411, 96, 245, 133.656, 114.801
1412, 96, 245, 133.503, 114.879
1413, 96, 245, 133.351, 114.957
1414, 96, 245, 133.24, 115.035
1415, 96, 245, 133.156, 115.113
1416, 96, 245, 133.319, 115.191
1417, 96, 245, 133.235, 115.269
1418, 96, 245, 133.152, 115.347
1419, 96, 245, 133.041, 115.425
1420, 96, 245, 132.957, 115.504
1421, 97, 245, 132.952, 115.602
1422, 98, 245, 132.948, 115.702
1423, 98, 245, 132.881, 115.807
1424, 98, 245, 132.787, 115.885
1425, 98, 245, 132.704, 115.963
1426, 98, 245, 132.593, 116.042
1427, 98, 244, 132.783, 116.121
1428, 98, 244, 132.672, 116.201
1429, 98, 244, 132.579, 116.28
1430, 98, 244, 132.486, 116.359
1431, 98, 243, 132.676, 116.437
1432, 98, 243, 132.565, 116.515
1433, 98, 243, 132.482, 116.593
1434, 98, 243, 132.371, 116.681
1435, 98, 243, 132.318, 116.759
1436, 99, 243, 132.314, 116.863
1437, 100, 243, 132.31, 116.988
1438, 101, 243, 132.307, 117.099
1439, 102, 243, 132.304, 117.214
1440, 103, 243, 132.301, 117.334
1441, 104, 243, 132.299, 117.458
1442, 104, 243, 132.255, 117.587
1443, 104, 243, 132.196, 117.666
1444, 104, 242, 132.359, 117.744
1445, 104, 242, 132.292, 117.822
1446, 104, 242, 132.224, 117.907
1447, 104, 242, 132.131, 117.986
1448, 104, 242, 132.064, 118.064
1449, 104, 242, 132.186, 118.143
1450, 104, 242, 132.142, 118.222
1451, 104, 242, 131.991, 118.3
1452, 105, 242, 131.989, 118.429
1453, 105, 242, 131.936, 118.564
1454, 105, 242, 132.028, 118.643
1455, 105, 242, 131.975, 118.722
1456, 105, 242, 131.892, 118.799
1457, 105, 242, 131.722, 118.893
1458, 105, 242, 131.569, 118.974
1459, 105, 242, 131.399, 119.052
1460, 105, 242, 131.246, 119.13
1461, 105, 242, 131.093, 119.208
1462, 105, 242, 130.94, 119.287
1463, 105, 242, 130.847, 119.365
1464, 105, 242, 130.763, 119.443
1465, 105, 242, 130.679, 119.521
1466, 105, 242, 130.62, 119.6
1467, 105, 242, 130.523, 119.678
1468, 105, 242, 130.47, 119.814
1469, 105, 242, 130.387, 119.893
1470, 105, 242, 130.303, 119.972
1471, 105, 242, 130.15, 120.072
1472, 105, 242, 129.98, 120.151
1473, 105, 242, 129.827, 120.229
1474, 105, 242, 129.716, 120.307
1475, 105, 242, 129.633, 120.385
1476, 105, 242, 129.549, 120.463
1477, 105, 242, 129.379, 120.542
1478, 105, 242, 129.268, 120.619
1479, 105, 241, 129.458, 120.697
1480, 105, 241, 129.348, 120.775
1481, 105, 241, 129.512, 120.853
1482, 105, 241, 129.459, 120.932
1483, 105, 241, 129.375, 121.01
1484, 105, 241, 129.111, 121.088
1485, 105, 241, 128.941, 121.165
1486, 105, 241, 128.858, 121.243
1487, 105, 241, 128.774, 121.321
1488, 105, 241, 128.621, 121.405
1489, 105, 241, 128.247, 121.484
1490, 105, 241, 127.762, 121.565
1491, 105, 241, 127.389, 121.644
1492, 105, 241, 127.336, 121.722
1493, 105, 241, 127.252, 121.8
1494, 105, 241, 127.168, 121.878
1495, 105, 241, 127.084, 121.955
1496, 105, 241, 127.001, 122.033
1497, 105, 241, 126.89, 122.111
1498, 105, 241, 126.72, 122.189
1499, 105, 241, 126.636, 122.267
1500, 105, 241, 126.553, 122.353
1501, 105, 241, 126.469, 122.432
1502, 105, 240, 126.632, 122.51
1503, 105, 240, 126.565, 122.587
1504, 105, 240, 126.481, 122.666
1505, 105, 240, 126.397, 122.744
1506, 105, 240, 126.313, 122.822
1507, 105, 240, 126.229, 122.906
1508, 105, 240, 126.146, 122.984
1509, 105, 240, 125.993, 123.063
1510, 105, 240, 125.823, 123.143
1511, 105, 240, 125.712, 123.232
1512, 105, 239, 125.953, 123.322
1513, 105, 239, 125.749, 123.412
1514, 105, 239, 125.596, 123.491
1515, 105, 239, 125.486, 123.57
1516, 105, 239, 125.375, 123.648
1517, 105, 239, 125.205, 123.726
1518, 105, 239, 125.095, 123.805
1519, 105, 239, 125.011, 123.883
1520, 105, 239, 124.927, 123.97
1521, 105, 239, 124.86, 124.061
1522, 105, 239, 124.776, 124.155
1523, 105, 239, 124.692, 124.235
1524, 105, 239, 124.855, 124.314
1525, 105, 239, 124.745, 124.393
1526, 105, 239, 124.634, 124.472
1527, 105, 239, 124.55, 124.551
1528, 105, 239, 124.467, 124.63
1529, 105, 239, 124.383, 124.708
1530, 105, 239, 124.299, 124.786
1531, 105, 239, 124.215, 124.864
1532, 105, 239, 124.062, 124.943
1533, 105, 239, 123.892, 125.021
1534, 105, 239, 123.739, 125.106
1535, 105, 239, 123.586, 125.193
1536, 105, 239, 123.503, 125.273
1537, 105, 239, 123.392, 125.352
1538, 105, 239, 123.222, 125.43
1539, 105, 239, 123.069, 125.509
1540, 105, 239, 122.899, 125.587
1541, 105, 239, 122.729, 125.665
1542, 105, 239, 122.466, 125.744
1543, 105, 239, 122.355, 125.822
1544, 105, 239, 122.262, 125.9
1545, 105, 239, 122.179, 125.978
1546, 105, 239, 122.095, 126.056
1547, 105, 239, 121.984, 126.134
1548, 105, 239, 121.9, 126.212
1549, 105, 239, 121.817, 126.29
1550, 105, 238, 122.006, 126.368
1551, 105, 238, 121.896, 126.446
1552, 105, 238, 121.803, 126.524
1553, 105, 238, 121.719, 126.602
1554, 105, 237, 121.909, 126.694
1555, 105, 237, 121.798, 126.773
1556, 105, 237, 121.714, 126.852
1557, 105, 237, 121.604, 126.947
1558, 105, 237, 121.34, 127.027
1559, 105, 237, 121.257, 127.105
1560, 105, 237, 121.173, 127.184
1561, 105, 237, 121.106, 127.264
1562, 105, 237, 121.038, 127.343
1563, 105, 237, 120.954, 127.422
1564, 105, 236, 121.144, 127.514
1565, 105, 236, 121.034, 127.593
1566, 105, 236, 120.95, 127.671
1567, 105, 236, 120.866, 127.749
1568, 105, 236, 120.799, 127.827
1569, 105, 236, 120.755, 127.906
1570, 105, 236, 120.711, 127.985
1571, 105, 236, 120.658, 128.063
1572, 105, 236, 120.59, 128.142
1573, 105, 236, 120.506, 128.236
1574, 105, 235, 120.696, 128.317
1575, 105, 235, 120.586, 128.397
1576, 105, 235, 120.493, 128.475
1577, 105, 235, 120.409, 128.553
1578, 105, 235, 120.325, 128.631
1579, 105, 235, 120.258, 128.71
1580, 105, 235, 120.213, 128.788
1581, 105, 235, 120.169, 128.866
1582, 105, 235, 120.102, 128.949
1583, 105, 235, 120.009, 129.031
1584, 105, 235, 119.956, 129.119
1585, 105, 235, 119.863, 129.198
1586, 105, 235, 119.795, 129.276
1587, 105, 235, 119.742, 129.355
1588, 105, 235, 119.689, 129.448
1589, 105, 235, 119.645, 129.528
1590, 105, 235, 119.592, 129.606
1591, 105, 235, 119.499, 129.685
1592, 105, 235, 119.432, 129.763
1593, 105, 235, 119.388, 129.841
1594, 105, 235, 119.335, 129.919
1595, 105, 235, 119.267, 130.006
1596, 105, 235, 119.214, 130.086
1597, 105, 235, 119.147, 130.164
1598, 105, 235, 119.094, 130.242
1599, 105, 235, 119.041, 130.319
1600, 105, 235, 118.982, 130.397
1601, 105, 235, 118.929, 130.475
1602, 105, 235, 118.876, 130.553
1603, 105, 235, 118.792, 130.631
1604, 105, 235, 118.725, 130.711
1605, 105, 235, 118.681, 130.789
1606, 105, 235, 118.651, 130.868
1607, 105, 235, 118.614, 130.947
1608, 105, 235, 118.574, 131.024
1609, 105, 235, 118.537, 131.103
1610, 105, 235, 118.5, 131.181
1611, 105, 235, 118.46, 131.259
1612, 105, 235, 118.412, 131.337
1613, 105, 235, 118.375, 131.416
1614, 105, 235, 118.322, 131.494
1615, 105, 235, 118.281, 131.572
1616, 105, 235, 118.245, 131.651
1617, 105, 235, 118.223, 132.074
1618, 105, 235, 118.17, 132.155
1619, 105, 235, 118.293, 132.234
1620, 105, 235, 118.249, 132.313
1621, 105, 235, 118.205, 132.392
1622, 105, 235, 118.152, 132.471
1623, 105, 235, 118.099, 132.549
1624, 105, 235, 118.031, 132.627
1625, 105, 235, 117.972, 132.705
1626, 105, 235, 117.919, 132.782
1627, 105, 235, 117.875, 132.861
1628, 105, 235, 117.839, 132.939
1629, 105, 235, 117.78, 133.017
1630, 105, 235, 117.75, 133.096
1631, 105, 235, 117.706, 133.174
1632, 105, 235, 117.653, 133.252
1633, 105, 235, 117.569, 133.342
1634, 106, 235, 117.568, 133.75
1635, 107, 235, 117.567, 134.164
1636, 108, 235, 117.566, 134.586
1637, 109, 235, 117.565, 135.018
1638, 110, 235, 117.565, 135.46
1639, 111, 235, 117.564, 135.913
1640, 112, 235, 117.563, 136.375
1641, 113, 235, 117.562, 136.854
1642, 114, 235, 117.562, 137.336
1643, 115, 235, 117.561, 137.838
1644, 116, 235, 117.56, 138.357
1645, 117, 235, 117.56, 138.886
1646, 118, 235, 117.559, 139.454
1647, 119, 235, 117.558, 140.018
1648, 120, 235, 117.558, 140.582
1649, 121, 235, 117.557, 141.155
1650, 122, 235, 117.556, 141.737
1651, 123, 235, 117.556, 142.33
1652, 123, 235, 117.54, 142.935
1653, 123, 235, 117.504, 143.014
1654, 123, 235, 117.411, 143.092
1655, 123, 234, 117.6, 143.171
1656, 123, 234, 117.49, 143.254
1657, 123, 234, 117.075, 143.342
1658, 123, 234, 116.87, 143.421
1659, 123, 234, 116.777, 143.5
1660, 123, 234, 116.71, 143.578
1661, 123, 234, 116.557, 143.656
1662, 123, 234, 116.387, 143.735
1663, 123, 234, 116.277, 143.813
1664, 123, 234, 116.224, 143.891
1665, 123, 233, 116.413, 143.97
1666, 123, 233, 116.303, 144.049
1667, 123, 232, 116.544, 144.127
1668, 123, 232, 116.34, 144.206
1669, 123, 232, 116.324, 144.812
1670, 123, 232, 116.294, 144.891
1671, 123, 232, 116.264, 144.969
1672, 123, 232, 116.211, 145.048
1673, 123, 232, 116.158, 145.128
1674, 123, 232, 116.007, 145.206
1675, 123, 231, 116.196, 145.284
1676, 123, 231, 116.086, 145.363
1677, 123, 231, 116.042, 145.441
1678, 123, 231, 115.989, 145.519
1679, 123, 231, 115.936, 145.598
1680, 123, 231, 115.852, 145.676
1681, 123, 231, 115.768, 145.755
1682, 123, 231, 115.598, 145.832
1683, 123, 231, 115.514, 145.91
1684, 123, 231, 115.421, 145.988
1685, 123, 231, 115.354, 146.067
1686, 123, 231, 115.287, 146.146
1687, 123, 231, 115.219, 146.225
1688, 123, 231, 115.126, 146.303
1689, 123, 231, 115.059, 146.381
1690, 123, 231, 115.015, 146.459
1691, 123, 231, 114.971, 146.537
1692, 123, 231, 114.918, 146.616
1693, 123, 231, 114.873, 146.706
1694, 123, 231, 114.82, 146.785
1695, 123, 231, 114.753, 146.867
1696, 123, 231, 114.7, 146.945
1697, 123, 231, 114.656, 147.023
1698, 123, 231, 114.603, 147.101
1699, 123, 231, 114.559, 147.179
1700, 123, 231, 114.522, 147.257
1701, 123, 231, 114.469, 147.335
1702, 123, 231, 114.402, 147.414
1703, 123, 231, 114.349, 147.493
1704, 123, 230, 116.565, 147.571
1705, 123, 230, 116.412, 147.649
1706, 123, 230, 116.259, 147.741
1707, 123, 230, 115.886, 147.819
1708, 123, 230, 115.733, 147.896
1709, 123, 230, 115.58, 147.975
1710, 123, 230, 115.375, 148.053
1711, 123, 230, 115.171, 148.131
1712, 123, 230, 114.966, 148.228
1713, 123, 230, 114.813, 148.307
1714, 123, 230, 114.643, 148.414
1715, 123, 230, 114.49, 148.493
1716, 123, 230, 114.337, 148.571
1717, 123, 229, 114.579, 148.649
1718, 123, 229, 114.374, 148.728
1719, 123, 229, 114.17, 148.808
1720, 123, 229, 114.017, 148.886
1721, 123, 229, 113.864, 148.966
1722, 123, 229, 113.694, 149.045
1723, 123, 228, 113.935, 149.124
1724, 123, 228, 113.731, 149.202
1725, 123, 228, 113.578, 149.28
1726, 123, 228, 113.494, 149.358
1727, 123, 228, 113.341, 149.437
1728, 123, 228, 113.188, 149.515
1729, 123, 228, 113.018, 149.594
1730, 123, 228, 112.865, 149.672
1731, 123, 227, 113.107, 149.75
1732, 123, 227, 112.902, 149.829
1733, 123, 227, 112.749, 149.908
1734, 123, 226, 112.99, 149.998
1735, 123, 226, 112.786, 150.078
1736, 123, 226, 112.675, 150.173
1737, 123, 226, 112.522, 150.252
1738, 123, 226, 112.37, 150.331
1739, 123, 226, 112.2, 150.409
1740, 123, 226, 112.047, 150.489
1741, 123, 226, 111.894, 150.567
1742, 123, 226, 111.741, 150.646
1743, 123, 225, 111.982, 150.724
1744, 123, 225, 111.778, 150.802
1745, 123, 225, 111.684, 150.88
1746, 123, 225, 111.601, 150.958
1747, 123, 225, 111.49, 151.05
1748, 123, 225, 111.397, 151.13
1749, 123, 225, 111.313, 151.208
1750, 123, 225, 111.229, 151.287
1751, 123, 225, 111.119, 151.366
1752, 123, 225, 111.035, 151.444
1753, 123, 225, 110.882, 151.523
1754, 123, 225, 110.678, 151.601
1755, 123, 225, 110.473, 151.68
1756, 123, 225, 110.1, 151.758
1757, 123, 225, 109.947, 151.836
1758, 123, 225, 109.854, 151.914
1759, 123, 225, 110.034, 151.993
1760, 123, 225, 109.981, 152.071
1761, 123, 225, 109.304, 152.151
1762, 123, 225, 109.151, 152.229
1763, 123, 225, 108.981, 152.307
1764, 123, 225, 108.828, 152.385
1765, 123, 225, 108.624, 152.464
1766, 123, 225, 108.419, 152.543
1767, 123, 225, 108.266, 152.621
1768, 123, 225, 108.113, 152.701
1769, 123, 225, 107.909, 152.78
1770, 123, 225, 107.798, 152.86
1771, 123, 225, 107.745, 152.938
1772, 123, 225, 107.692, 153.017
1773, 123, 225, 107.639, 153.095
1774, 123, 225, 107.586, 153.174
1775, 123, 225, 107.542, 153.253
1776, 123, 224, 107.705, 153.345
1777, 123, 224, 107.638, 153.424
1778, 123, 224, 107.585, 153.503
1779, 123, 224, 107.541, 153.581
1780, 123, 224, 107.444, 153.66
1781, 123, 224, 107.407, 153.738
1782, 124, 224, 107.406, 154.347
1783, 125, 224, 107.406, 154.967
1784, 126, 224, 107.405, 155.599
1785, 127, 224, 107.405, 156.243
1786, 128, 224, 107.404, 156.922
1787, 129, 224, 107.404, 157.593
1788, 130, 224, 107.403, 158.275
1789, 131, 224, 107.403, 158.969
1790, 132, 224, 107.402, 159.686
1791, 133, 224, 107.402, 160.421
1792, 134, 224, 107.401, 161.158
1793, 135, 224, 107.401, 161.908
1794, 136, 224, 107.4, 162.672
1795, 137, 224, 107.4, 163.458
1796, 138, 224, 107.399, 164.25
1797, 139, 224, 107.399, 165.074
1798, 140, 224, 107.398, 165.929
1799, 141, 224, 107.398, 166.805
1800, 142, 224, 107.398, 167.703
1801, 143, 224, 107.397, 168.611
1802, 143, 224, 107.386, 169.535
1803, 143, 224, 107.338, 169.614
1804, 143, 224, 107.307, 169.692
1805, 143, 224, 107.24, 169.771
1806, 143, 224, 107.2, 169.849
1807, 143, 224, 107.163, 169.928
1808, 143, 224, 107.142, 170.022
1809, 143, 224, 107.105, 170.101
1810, 143, 224, 107.052, 170.189
1811, 143, 224, 106.999, 170.276
1812, 143, 224, 106.969, 170.357
1813, 143, 224, 106.932, 170.436
1814, 143, 224, 106.896, 170.514
1815, 143, 224, 106.859, 170.593
1816, 143, 224, 106.818, 170.671
1817, 143, 224, 106.782, 170.751
1818, 143, 224, 106.745, 170.829
1819, 143, 224, 106.678, 170.908
1820, 143, 224, 106.656, 170.986
1821, 143, 224, 106.627, 171.067
1822, 143, 224, 106.6, 171.146
1823, 143, 224, 106.57, 171.225
1824, 143, 224, 106.543, 171.304
1825, 143, 223, 106.685, 171.383
1826, 143, 223, 106.654, 171.479
1827, 143, 223, 106.625, 171.558
1828, 143, 223, 106.589, 171.637
1829, 143, 223, 106.562, 171.716
1830, 143, 223, 106.525, 171.795
1831, 143, 223, 106.496, 171.873
1832, 143, 222, 106.637, 171.952
1833, 143, 222, 106.607, 172.031
1834, 143, 222, 106.595, 172.955
1835, 143, 222, 106.559, 173.034
1836, 143, 222, 106.629, 173.114
1837, 143, 222, 106.562, 173.193
1838, 143, 222, 106.525, 173.271
1839, 143, 222, 106.432, 173.359
1840, 143, 222, 106.365, 173.438
1841, 143, 222, 106.195, 173.517
1842, 143, 222, 106.084, 173.596
1843, 143, 222, 106.017, 173.675
1844, 143, 222, 105.996, 173.753
1845, 144, 222, 105.995, 174.678
1846, 145, 222, 105.995, 175.614
1847, 146, 222, 105.995, 176.559
1848, 147, 222, 105.994, 177.535
1849, 148, 222, 105.994, 178.522
1850, 149, 222, 105.993, 179.538
1851, 150, 222, 105.993, 180.571
1852, 151, 222, 105.993, 181.613
1853, 152, 222, 105.992, 182.675
1854, 153, 222, 105.992, 183.754
1855, 154, 222, 105.992, 184.836
1856, 155, 222, 105.991, 185.94
1857, 156, 222, 105.991, 187.073
1858, 157, 222, 105.991, 188.242
1859, 158, 222, 105.99, 189.491
1860, 159, 222, 105.99, 190.724
1861, 160, 222, 105.99, 191.965
1862, 161, 222, 105.989, 193.22
1863, 162, 222, 105.989, 194.51
1864, 163, 222, 105.989, 195.829
1865, 164, 222, 105.988, 197.171
1866, 165, 222, 105.988, 198.518
1867, 165, 222, 105.98, 199.891
1868, 165, 222, 105.953, 199.973
1869, 165, 222, 105.909, 200.063
1870, 165, 222, 105.799, 200.142
1871, 165, 222, 105.79, 201.504
1872, 165, 222, 105.769, 201.584
1873, 165, 222, 105.732, 201.663
1874, 165, 222, 105.706, 201.742
1875, 166, 222, 105.705, 203.105
1876, 167, 222, 105.705, 204.504
1877, 168, 222, 105.705, 205.917
1878, 169, 222, 105.704, 207.351
1879, 170, 222, 105.704, 208.791
1880, 171, 222, 105.704, 210.282
1881, 172, 222, 105.704, 211.786
1882, 173, 222, 105.703, 213.328
1883, 174, 222, 105.703, 214.9
1884, 175, 222, 105.703, 216.497
1885, 176, 222, 105.703, 218.124
1886, 177, 222, 105.702, 219.748
1887, 178, 222, 105.702, 221.396
1888, 179, 222, 105.702, 223.069
1889, 180, 222, 105.702, 224.81
1890, 181, 222, 105.701, 226.573
1891, 182, 222, 105.701, 228.381
1892, 183, 222, 105.701, 230.233
1893, 184, 222, 105.701, 232.107
1894, 185, 222, 105.7, 233.987
1895, 186, 222, 105.7, 236.131
1896, 187, 222, 105.7, 238.071
1897, 187, 222, 105.694, 240.088
1898, 187, 222, 105.731, 240.175
1899, 187, 222, 105.696, 240.257
1900, 187, 222, 105.674, 240.337
1901, 187, 222, 105.63, 240.418
1902, 187, 222, 105.6, 240.499
1903, 187, 222, 105.574, 240.579
1904, 187, 222, 105.558, 240.66
1905, 187, 222, 105.531, 240.74
1906, 187, 222, 105.501, 240.821
1907, 187, 222, 105.465, 240.903
1908, 187, 222, 105.424, 240.983
1909, 187, 222, 105.387, 241.062
1910, 187, 222, 105.334, 241.142
1911, 187, 222, 105.298, 241.222
1912, 187, 222, 105.245, 241.302
1913, 187, 222, 105.192, 241.384
1914, 187, 222, 105.148, 241.465
1915, 187, 222, 105.111, 241.545
1916, 187, 222, 105.058, 241.625
1917, 187, 222, 104.991, 241.705
1918, 187, 222, 104.938, 241.785
1919, 187, 222, 104.87, 241.865
1920, 187, 222, 104.803, 241.946
1921, 187, 222, 104.719, 242.026
1922, 187, 222, 104.635, 242.106
1923, 187, 222, 104.525, 242.186
1924, 187, 222, 104.441, 242.266
1925, 187, 222, 104.357, 242.346
1926, 187, 222, 104.274, 242.426
1927, 187, 222, 104.19, 242.507
1928, 187, 222, 104.122, 242.588
1929, 187, 222, 104.078, 242.668
1930, 187, 222, 103.774, 242.748
1931, 187, 222, 103.664, 242.829
1932, 187, 222, 103.571, 242.91
1933, 187, 221, 103.76, 242.99
1934, 187, 221, 103.65, 243.07
1935, 187, 221, 103.566, 243.149
1936, 187, 221, 103.482, 243.229
1937, 187, 221, 103.389, 243.308
1938, 187, 221, 103.296, 243.395
1939, 187, 220, 103.486, 243.475
1940, 187, 220, 103.375, 243.555
1941, 187, 219, 103.565, 243.635
1942, 187, 219, 103.455, 243.715
1943, 187, 219, 103.402, 243.795
1944, 187, 219, 103.357, 243.875
1945, 187, 219, 103.299, 243.955
1946, 187, 219, 103.246, 244.036
1947, 187, 219, 103.178, 244.115
1948, 187, 219, 103.111, 244.194
1949, 187, 219, 103.044, 244.274
1950, 187, 219, 102.991, 244.353
1951, 187, 219, 102.897, 244.432
1952, 187, 219, 102.814, 244.511
1953, 187, 219, 102.721, 244.59
1954, 187, 219, 102.627, 244.669
1955, 187, 219, 102.476, 244.767
1956, 187, 219, 102.409, 244.847
1957, 187, 219, 102.372, 244.927
1958, 187, 219, 102.319, 245.006
1959, 187, 219, 102.266, 245.085
1960, 187, 219, 102.213, 245.165
1961, 187, 219, 102.169, 245.244
1962, 187, 219, 102.116, 245.323
1963, 187, 219, 102.063, 245.402
1964, 187, 219, 101.996, 245.482
1965, 187, 219, 102.16, 245.562
1966, 187, 219, 102.116, 245.641
1967, 187, 219, 101.965, 245.721
1968, 187, 219, 101.881, 245.8
1969, 187, 219, 101.828, 245.881
1970, 187, 219, 101.76, 245.961
1971, 187, 219, 101.716, 246.041
1972, 187, 219, 101.676, 246.12
1973, 187, 219, 101.639, 246.201
1974, 187, 219, 101.732, 246.281
1975, 187, 219, 101.688, 246.361
1976, 187, 219, 101.651, 246.439
1977, 187, 218, 101.814, 246.52
1978, 187, 218, 101.747, 246.6
1979, 187, 218, 101.679, 246.689
1980, 187, 218, 101.586, 246.769
1981, 187, 218, 101.533, 246.848
1982, 187, 218, 101.48, 246.928
1983, 187, 218, 101.427, 247.007
1984, 187, 217, 101.59, 247.086
1985, 187, 217, 101.523, 247.165
1986, 187, 217, 101.47, 247.244
1987, 187, 217, 101.426, 247.323
1988, 187, 217, 101.382, 247.403
1989, 187, 217, 101.338, 247.482
1990, 187, 217, 101.279, 247.577
1991, 187, 217, 101.242, 247.659
1992, 187, 217, 101.183, 247.739
1993, 187, 217, 101.003, 247.818
1994, 187, 217, 100.95, 247.898
1995, 187, 217, 100.896, 247.978
1996, 187, 217, 100.852, 248.057
1997, 187, 217, 100.794, 248.135
1998, 187, 217, 100.757, 248.214
1999, 187, 217, 100.698, 248.293
2000, 187, 217, 100.668, 248.372
2001, 187, 217, 100.638, 248.451
2002, 187, 217, 100.585, 248.53
2003, 187, 217, 100.548, 248.609
2004, 187, 217, 100.511, 248.688
2005, 187, 217, 100.458, 248.768
2006, 187, 217, 100.428, 248.847
2007, 187, 217, 100.401, 248.925
2008, 187, 217, 100.361, 249.004
2009, 187, 217, 100.339, 249.083
2010, 187, 217, 100.309, 249.184
2011, 187, 217, 100.273, 249.28
2012, 187, 217, 100.229, 249.37
2013, 187, 217, 100.202, 249.449
2014, 187, 217, 100.254, 249.528
2015, 187, 217, 100.227, 249.608
2016, 187, 216, 100.368, 249.687
2017, 187, 216, 100.338, 249.767
2018, 187, 216, 100.308, 249.846
2019, 187, 216, 100.281, 249.924
2020, 187, 216, 100.255, 250.014
2021, 187, 216, 100.202, 250.094
2022, 187, 216, 100.165, 250.174
2023, 187, 216, 100.235, 250.283
2024, 187, 216, 100.205, 250.37
2025, 187, 216, 100.168, 250.45
2026, 187, 215, 100.331, 250.53
2027, 187, 215, 100.264, 250.61
2028, 187, 215, 100.242, 250.69
2029, 187, 215, 100.206, 250.785
2030, 187, 215, 100.153, 250.903
2031, 187, 215, 100.1, 251.022
2032, 187, 215, 100.047, 251.138
2033, 187, 214, 100.21, 251.231
2034, 187, 214, 100.143, 251.316
2035, 187, 214, 100.112, 251.41
2036, 187, 214, 100.182, 251.491
2037, 187, 214, 100.146, 251.571
2038, 187, 213, 100.309, 251.652
2039, 187, 213, 100.241, 251.803
2040, 187, 213, 100.205, 251.897
2041, 187, 212, 100.354, 251.983
2042, 187, 212, 100.309, 252.063
2043, 187, 212, 100.265, 252.144
2044, 187, 212, 100.239, 252.224
2045, 187, 212, 100.212, 252.303
2046, 187, 212, 100.164, 252.384
2047, 187, 212, 100.127, 252.464
2048, 187, 212, 100.09, 252.544
2049, 187, 212, 100.142, 252.66
2050, 187, 212, 100.121, 252.742
2051, 187, 212, 100.1, 252.823
2052, 187, 212, 100.064, 252.902
2053, 187, 212, 100.041, 252.982
2054, 187, 212, 100.021, 253.062
2055, 187, 212, 100, 253.142
2056, 187, 212, 99.9735, 253.223
2057, 187, 212, 99.9467, 253.302
2058, 187, 212, 99.9165, 253.396
2059, 187, 212, 99.8867, 253.475
2060, 187, 212, 99.86, 253.555
2061, 187, 212, 99.8234, 253.635
2062, 187, 212, 99.7868, 253.714
2063, 187, 212, 99.7502, 253.794
2064, 187, 212, 99.6829, 253.874
2065, 187, 212, 99.5898, 253.954
2066, 187, 212, 99.5224, 254.034
2067, 187, 212, 99.4694, 254.114
2068, 187, 212, 99.5918, 254.194
2069, 187, 212, 99.5477, 254.274
2070, 187, 212, 99.4947, 254.355
2071, 187, 212, 99.4016, 254.435
2072, 187, 212, 99.3178, 254.515
2073, 187, 212, 99.234, 254.596
2074, 187, 212, 99.1667, 254.676
2075, 187, 212, 99.1078, 254.755
2076, 187, 212, 99.0548, 254.835
2077, 187, 212, 98.9874, 254.915
2078, 187, 212, 98.9344, 254.994
2079, 187, 212, 98.8903, 255.074
2080, 187, 211, 99.0534, 255.154
2081, 187, 211, 99.1758, 255.236
2082, 187, 211, 99.0787, 255.316
2083, 187, 211, 99.0346, 255.396
2084, 187, 211, 98.9905, 255.478
2085, 187, 211, 98.9539, 255.557
2086, 187, 211, 98.9237, 255.637
2087, 187, 211, 98.7428, 255.717
2088, 187, 211, 98.659, 255.797
2089, 187, 211, 98.6288, 255.878
2090, 187, 211, 98.602, 255.957
2091, 187, 211, 98.4822, 256.037
2092, 187, 211, 98.4149, 256.117
2093, 187, 211, 98.3619, 256.198
2094, 187, 210, 98.5249, 256.278
2095, 187, 210, 98.4576, 256.359
2096, 187, 210, 98.4045, 256.439
2097, 187, 210, 98.3605, 256.519
2098, 187, 210, 98.3239, 256.598
2099, 187, 210, 97.9901, 256.69
2100, 187, 209, 98.2314, 256.77
2101, 187, 209, 98.0269, 256.85
2102, 187, 209, 97.8233, 256.93
2103, 187, 209, 97.7128, 257.01
2104, 187, 209, 97.6762, 257.09
2105, 187, 209, 97.6232, 257.17
2106, 187, 209, 97.5394, 257.25
2107, 187, 208, 97.7807, 257.33
2108, 187, 208, 97.5762, 257.41
2109, 187, 208, 97.4924, 257.49
2110, 187, 208, 97.6554, 257.572
2111, 187, 208, 97.8184, 257.652
2112, 187, 208, 97.708, 257.731
2113, 187, 208, 97.555, 257.811
2114, 187, 208, 97.4712, 257.892
2115, 187, 208, 97.3874, 257.996
2116, 187, 207, 97.5772, 258.077
2117, 187, 207, 97.7402, 258.157
2118, 187, 207, 97.6564, 258.237
2119, 187, 207, 97.5726, 258.317
2120, 187, 207, 97.4888, 258.397
2121, 187, 207, 97.3359, 258.477
2122, 187, 207, 97.1829, 258.557
2123, 187, 207, 97.03, 258.636
2124, 187, 207, 96.8601, 258.716
2125, 187, 206, 97.1014, 258.796
2126, 187, 206, 96.8969, 258.876
2127, 187, 206, 96.7439, 258.956
2128, 187, 206, 96.591, 259.036
2129, 187, 205, 96.754, 259.116
2130, 187, 205, 96.6867, 259.196
2131, 187, 205, 96.6029, 259.286
2132, 187, 205, 96.7659, 259.369
2133, 187, 205, 96.929, 259.449
2134, 187, 205, 96.8452, 259.53
2135, 187, 205, 96.7521, 259.61
2136, 187, 205, 96.6683, 259.69
2137, 187, 205, 96.6009, 259.771
2138, 187, 205, 96.5171, 259.851
2139, 187, 205, 96.4066, 259.932
2140, 187, 205, 96.2367, 260.024
2141, 187, 205, 96.1262, 260.109
2142, 187, 205, 95.9751, 260.189
2143, 187, 205, 95.8913, 260.269
2144, 187, 205, 95.7982, 260.349
2145, 187, 205, 95.7144, 260.428
2146, 187, 205, 95.6306, 260.508
2147, 187, 205, 95.5201, 260.589
2148, 187, 205, 95.4096, 260.669
2149, 187, 205, 95.2566, 260.751
2150, 187, 205, 95.0521, 260.831
2151, 187, 205, 94.8822, 260.91
2152, 187, 205, 94.7292, 260.99
2153, 187, 205, 94.5763, 261.07
2154, 187, 205, 94.4234, 261.149
2155, 187, 205, 94.2704, 261.229
2156, 187, 205, 94.1866, 261.309
2157, 187, 205, 94.0761, 261.389
2158, 187, 205, 93.9923, 261.468
2159, 187, 205, 93.9085, 261.548
2160, 187, 205, 93.8644, 261.628
2161, 187, 205, 93.7807, 261.707
2162, 187, 205, 93.6277, 261.787
2163, 187, 205, 93.4748, 261.867
2164, 187, 205, 93.3643, 261.948
2165, 187, 205, 93.2969, 262.028
2166, 187, 205, 93.2131, 262.108
2167, 187, 205, 93.1293, 262.188
2168, 187, 205, 93.0362, 262.268
2169, 187, 205, 92.9524, 262.348
2170, 187, 205, 92.8686, 262.427
2171, 187, 205, 92.7848, 262.507
2172, 187, 205, 92.6319, 262.587
2173, 187, 205, 92.479, 262.667
2174, 187, 205, 92.3685, 262.747
2175, 187, 205, 92.3096, 262.826
2176, 187, 205, 92.2566, 262.906
2177, 187, 205, 92.1892, 262.986
2178, 187, 205, 92.1303, 263.065
2179, 187, 204, 92.2934, 263.145
2180, 187, 204, 92.226, 263.226
2181, 187, 204, 92.173, 263.306
2182, 187, 204, 92.0219, 263.398
2183, 187, 204, 92.1145, 263.478
2184, 187, 204, 92.0704, 263.558
2185, 187, 204, 92.0264, 263.638
2186, 187, 204, 91.9734, 263.718
2187, 187, 204, 91.8896, 263.797
2188, 187, 204, 91.7791, 263.88
2189, 187, 204, 91.6686, 263.96
2190, 187, 204, 91.5156, 264.04
2191, 187, 204, 91.4051, 264.12
2192, 187, 204, 91.3378, 264.2
2193, 187, 204, 91.3012, 264.28
2194, 187, 204, 91.2482, 264.361
2195, 187, 204, 91.1644, 264.441
2196, 187, 204, 91.0713, 264.521
2197, 187, 204, 91.004, 264.602
2198, 187, 204, 90.9108, 264.681
2199, 187, 204, 90.8435, 264.761
2200, 187, 204, 90.7905, 264.843
2201, 187, 204, 90.6974, 264.923
2202, 187, 203, 90.8871, 265.004
2203, 187, 203, 90.7766, 265.084
2204, 187, 203, 90.6835, 265.164
2205, 187, 203, 90.5997, 265.244
2206, 187, 203, 90.5159, 265.324
2207, 187, 203, 90.4228, 265.404
2208, 187, 203, 90.339, 265.485
2209, 187, 203, 90.4614, 265.565
2210, 187, 203, 90.5838, 265.646
2211, 187, 203, 90.5249, 265.726
2212, 187, 203, 90.4719, 265.807
2213, 187, 203, 90.3788, 265.887
2214, 187, 203, 90.3114, 265.966
2215, 187, 203, 90.4041, 266.047
2216, 187, 203, 90.3511, 266.127
2217, 187, 203, 90.2837, 266.208
2218, 187, 203, 90.2307, 266.287
2219, 187, 203, 90.1376, 266.367
2220, 187, 203, 90.0538, 266.448
2221, 187, 202, 90.2952, 266.528
2222, 187, 202, 90.0906, 266.609
2223, 187, 202, 89.9377, 266.7
2224, 187, 202, 89.8272, 266.78
2225, 187, 202, 89.7341, 266.86
2226, 187, 202, 89.6503, 266.94
2227, 187, 202, 89.4974, 267.02
2228, 188, 202, 89.4952, 267.157
2229, 189, 202, 89.4932, 267.299
2230, 190, 202, 89.4914, 267.454
2231, 191, 202, 89.4897, 267.607
2232, 192, 202, 89.4881, 267.764
2233, 193, 202, 89.4866, 267.928
2234, 194, 202, 89.4852, 268.097
2235, 194, 202, 89.4549, 268.272
2236, 194, 202, 89.4109, 268.362
2237, 194, 202, 89.352, 268.462
2238, 194, 202, 89.2931, 268.559
2239, 194, 202, 89.196, 268.654
2240, 194, 202, 89.143, 268.778
2241, 194, 202, 89.0756, 268.869
2242, 194, 202, 89.0083, 268.99
2243, 194, 202, 88.9409, 269.101
2244, 194, 202, 88.9107, 269.183
2245, 194, 202, 88.8805, 269.264
2246, 194, 202, 88.8137, 269.345
2247, 194, 202, 88.7469, 269.425
2248, 194, 201, 88.8956, 269.506
2249, 194, 201, 88.8515, 269.588
2250, 195, 201, 88.8502, 269.765
2251, 196, 201, 88.8489, 269.948
2252, 197, 201, 88.8477, 270.152
2253, 197, 201, 88.8112, 270.36
2254, 197, 201, 88.7444, 270.443
2255, 197, 201, 88.7078, 270.644
2256, 197, 201, 88.6637, 270.724
2257, 197, 201, 88.6196, 270.805
2258, 197, 201, 88.5666, 270.885
2259, 197, 201, 88.4561, 270.967
2260, 197, 201, 88.3032, 271.047
2261, 197, 201, 88.2101, 271.127
2262, 197, 201, 88.1263, 271.207
2263, 197, 201, 87.9733, 271.291
2264, 197, 201, 87.8895, 271.371
2265, 197, 201, 87.779, 271.451
2266, 197, 201, 87.6952, 271.532
2267, 197, 201, 87.6114, 271.612
2268, 197, 201, 87.5441, 271.693
2269, 197, 201, 87.4911, 271.773
2270, 197, 201, 87.4381, 271.853
2271, 197, 201, 87.3851, 271.935
2272, 197, 201, 87.341, 272.015
2273, 197, 201, 87.2821, 272.095
2274, 197, 201, 87.2153, 272.175
2275, 197, 201, 87.0344, 272.257
2276, 197, 200, 87.1974, 272.337
2277, 197, 200, 87.3198, 272.417
2278, 197, 200, 87.2668, 272.497
2279, 197, 200, 87.147, 272.577
2280, 197, 200, 87.0499, 272.658
2281, 198, 200, 87.0488, 272.859
2282, 199, 200, 87.0478, 273.068
2283, 200, 200, 87.0468, 273.287
2284, 201, 200, 87.0458, 273.525
2285, 202, 200, 87.0449, 273.76
2286, 202, 200, 87.0235, 274.004
2287, 202, 200, 86.9933, 274.085
2288, 203, 200, 86.9924, 274.328
2289, 204, 200, 86.9916, 274.582
2290, 205, 200, 86.9908, 274.843
2291, 206, 200, 86.9901, 275.117
2292, 207, 200, 86.9894, 275.42
2293, 208, 200, 86.9887, 275.728
2294, 209, 200, 86.988, 276.047
2295, 209, 200, 86.9613, 276.374
2296, 209, 200, 86.9247, 276.454
2297, 209, 200, 86.8717, 276.534
2298, 209, 200, 86.7786, 276.614
2299, 209, 200, 86.6948, 276.707
2300, 209, 200, 86.611, 276.788
2301, 209, 200, 86.5521, 276.868
2302, 209, 200, 86.4991, 276.948
2303, 209, 200, 86.4461, 277.028
2304, 209, 200, 86.4054, 277.109
2305, 209, 200, 86.3573, 277.19
2306, 209, 200, 86.3167, 277.27
2307, 209, 200, 86.276, 277.351
2308, 209, 200, 86.2546, 277.432
2309, 209, 200, 86.2065, 277.532
2310, 209, 200, 86.1797, 277.859
2311, 209, 200, 86.1495, 277.94
2312, 209, 200, 86.1054, 278.022
2313, 209, 200, 86.0648, 278.103
2314, 209, 200, 86.0282, 278.185
2315, 209, 200, 85.9693, 278.274
2316, 209, 200, 85.9163, 278.355
2317, 209, 200, 85.8192, 278.436
2318, 209, 200, 85.7826, 278.517
2319, 209, 200, 85.7296, 278.598
2320, 209, 200, 85.6458, 278.678
2321, 209, 200, 85.5928, 278.758
2322, 209, 200, 85.4417, 278.839
2323, 209, 200, 85.3486, 278.919
2324, 209, 200, 85.2955, 278.999
2325, 209, 200, 85.2425, 279.08
2326, 209, 200, 85.1494, 279.167
2327, 209, 200, 85.0656, 279.251
2328, 209, 200, 84.8957, 279.332
2329, 209, 200, 84.7428, 279.413
2330, 209, 200, 84.5729, 279.493
2331, 209, 200, 84.4199, 279.574
2332, 209, 200, 84.25, 279.654
2333, 209, 200, 84.0801, 279.734
2334, 209, 200, 83.9271, 279.814
2335, 209, 200, 83.7742, 279.894
2336, 209, 200, 83.6637, 279.989
2337, 209, 200, 83.5799, 280.071
2338, 209, 200, 83.7429, 280.152
2339, 209, 200, 83.6498, 280.232
2340, 209, 200, 83.566, 280.312
2341, 209, 200, 83.4822, 280.392
2342, 209, 200, 83.3984, 280.473
2343, 209, 200, 83.3146, 280.553
2344, 209, 200, 83.2308, 280.633
2345, 209, 200, 83.1203, 280.714
2346, 209, 200, 83.0673, 280.794
2347, 209, 200, 82.9742, 280.875
2348, 209, 200, 82.9069, 280.956
2349, 209, 200, 82.8138, 281.036
2350, 209, 200, 82.7464, 281.116
2351, 209, 200, 82.7023, 281.197
2352, 209, 200, 82.6493, 281.277
2353, 209, 200, 82.5963, 281.357
2354, 209, 200, 82.529, 281.438
2355, 209, 200, 82.3591, 281.519
2356, 209, 200, 82.2486, 281.599
2357, 209, 200, 82.0786, 281.679
2358, 209, 200, 81.9681, 281.76
2359, 209, 200, 81.7982, 281.839
2360, 209, 200, 81.7051, 281.922
2361, 209, 200, 81.6213, 282.032
2362, 209, 199, 81.811, 282.113
2363, 209, 199, 81.7005, 282.194
2364, 209, 199, 81.6168, 282.274
2365, 209, 199, 81.5579, 282.355
2366, 209, 199, 81.224, 282.435
2367, 209, 199, 81.1402, 282.515
2368, 209, 199, 80.9891, 282.597
2369, 209, 199, 80.9053, 282.677
2370, 209, 199, 80.8122, 282.757
2371, 209, 199, 80.7284, 282.838
2372, 209, 199, 80.6446, 282.918
2373, 209, 199, 80.4934, 282.998
2374, 209, 199, 80.4632, 283.079
2375, 209, 199, 80.4102, 283.171
2376, 209, 199, 80.3572, 283.252
2377, 209, 199, 80.2983, 283.345
2378, 209, 199, 80.2453, 283.427
2379, 209, 199, 80.1482, 283.508
2380, 209, 199, 80.1041, 283.589
2381, 209, 199, 80.007, 283.67
2382, 209, 199, 79.954, 283.75
2383, 209, 199, 79.8702, 283.831
2384, 209, 199, 79.7864, 283.912
2385, 209, 199, 79.7191, 283.993
2386, 209, 199, 79.6889, 284.073
2387, 209, 199, 79.6586, 284.154
2388, 209, 198, 79.8073, 284.234
2389, 209, 198, 79.7633, 284.315
2390, 209, 198, 79.733, 284.395
2391, 209, 198, 79.7028, 284.476
2392, 209, 198, 79.636, 284.557
2393, 209, 198, 79.583, 284.638
2394, 209, 198, 79.5241, 284.718
2395, 209, 198, 79.4711, 284.798
2396, 209, 198, 79.4181, 284.878
2397, 209, 198, 79.3507, 284.959
2398, 209, 198, 79.2576, 285.04
2399, 209, 198, 79.1903, 285.12
2400, 209, 198, 79.1065, 285.2
2401, 209, 198, 78.996, 285.282
2402, 209, 198, 78.9029, 285.362
2403, 209, 198, 78.8191, 285.442
2404, 209, 198, 78.7353, 285.522
2405, 209, 198, 78.6422, 285.602
2406, 209, 197, 78.8319, 285.682
2407, 209, 197, 78.7214, 285.765
2408, 209, 197, 78.6283, 285.846
2409, 209, 197, 78.5352, 285.927
2410, 209, 197, 78.4514, 286.007
2411, 209, 197, 78.3676, 286.087
2412, 209, 197, 78.49, 286.168
2413, 209, 197, 78.3389, 286.249
2414, 209, 197, 78.2715, 286.329
2415, 209, 197, 78.2185, 286.41
2416, 209, 197, 78.1744, 286.491
2417, 209, 197, 78.1214, 286.572
2418, 209, 197, 78.0684, 286.663
2419, 209, 197, 78.0318, 286.744
2420, 209, 196, 78.1805, 286.825
2421, 209, 196, 78.1364, 286.906
2422, 209, 195, 78.2851, 286.986
2423, 209, 195, 78.2411, 287.066
2424, 209, 195, 78.2045, 287.146
2425, 209, 195, 78.1604, 287.228
2426, 209, 195, 78.139, 287.308
2427, 209, 195, 78.1088, 287.389
2428, 209, 195, 78.0722, 287.47
2429, 209, 195, 78.0192, 287.55
2430, 209, 194, 78.1679, 287.631
2431, 209, 194, 78.1238, 287.715
2432, 209, 194, 78.0936, 287.796
2433, 209, 194, 78.057, 287.878
2434, 209, 194, 78.004, 287.958
2435, 209, 194, 77.9738, 288.039
2436, 209, 194, 77.9297, 288.12
2437, 209, 194, 77.8629, 288.201
2438, 209, 194, 77.8188, 288.282
2439, 209, 194, 77.699, 288.363
2440, 209, 194, 77.6401, 288.443
2441, 209, 194, 77.6099, 288.524
2442, 209, 194, 77.5796, 288.621
2443, 209, 194, 77.5431, 288.718
2444, 209, 194, 77.499, 288.799
2445, 209, 194, 77.4687, 288.88
2446, 209, 194, 77.442, 288.961
2447, 209, 194, 77.4054, 289.042
2448, 209, 194, 77.3688, 289.123
2449, 209, 194, 77.3386, 289.204
2450, 209, 194, 77.302, 289.285
2451, 209, 194, 77.2806, 289.366
2452, 209, 194, 77.2602, 289.447
2453, 209, 194, 77.2304, 289.528
2454, 209, 194, 77.215, 289.609
2455, 209, 194, 77.1923, 289.689
2456, 209, 194, 77.1718, 289.769
2457, 209, 194, 77.1564, 289.85
2458, 209, 194, 77.1451, 289.931
2459, 209, 194, 77.1339, 290.022
2460, 209, 194, 77.1111, 290.105
2461, 209, 194, 77.0907, 290.186
2462, 209, 194, 77.068, 290.267
2463, 209, 194, 77.0406, 290.348
2464, 209, 194, 77.0201, 290.429
2465, 209, 194, 76.9934, 290.511
2466, 209, 194, 76.9706, 290.591
2467, 209, 194, 76.9502, 290.672
2468, 209, 194, 76.9061, 290.754
2469, 209, 194, 76.8787, 290.835
2470, 209, 194, 76.8726, 292.787
2471, 209, 194, 76.8459, 292.868
2472, 209, 194, 76.7785, 292.949
2473, 209, 194, 76.7196, 293.031
2474, 209, 194, 76.6225, 293.112
2475, 209, 194, 76.5552, 293.193
2476, 209, 194, 76.5398, 293.274
2477, 209, 194, 76.513, 293.365
2478, 209, 194, 76.4916, 293.446
2479, 209, 193, 76.6328, 293.527
2480, 209, 193, 76.6026, 293.608
2481, 209, 193, 76.5723, 293.689
2482, 209, 193, 76.5421, 293.782
2483, 209, 193, 76.612, 293.863
2484, 209, 193, 76.5452, 293.945
2485, 209, 193, 76.5012, 294.026
2486, 209, 192, 76.6909, 294.108
2487, 209, 192, 76.5804, 294.191
2488, 209, 192, 76.5363, 294.272
2489, 209, 192, 76.4957, 294.353
2490, 209, 192, 76.4743, 294.434
2491, 209, 192, 76.4377, 294.516
2492, 209, 192, 76.4011, 294.596
2493, 209, 192, 76.3645, 294.678
2494, 209, 192, 76.3378, 294.759
2495, 209, 192, 76.3164, 294.84
2496, 209, 192, 76.4099, 294.921
2497, 209, 192, 76.3618, 295.003
2498, 209, 192, 76.3463, 295.084
2499, 209, 192, 76.3196, 295.165
2500, 209, 192, 76.2893, 295.246
2501, 209, 192, 76.2626, 295.327
2502, 209, 192, 76.226, 295.408
2503, 209, 192, 76.173, 295.491
2504, 209, 192, 76.12, 295.573
2505, 209, 192, 76.0526, 295.654
2506, 209, 192, 75.9996, 295.736
2507, 209, 192, 75.9555, 295.817
2508, 209, 192, 75.9025, 295.899
2509, 209, 192, 75.866, 295.98
2510, 209, 192, 75.8071, 296.061
2511, 209, 192, 75.71, 296.142
2512, 209, 191, 75.873, 296.223
2513, 209, 191, 75.8057, 296.305
2514, 209, 191, 75.7754, 296.394
2515, 209, 191, 75.7389, 296.475
2516, 209, 191, 75.8315, 296.558
2517, 209, 191, 75.7785, 296.64
2518, 209, 191, 75.7344, 296.732
2519, 209, 191, 75.6755, 296.813
2520, 209, 191, 75.6453, 296.895
2521, 209, 191, 75.6155, 296.976
2522, 209, 191, 75.5888, 297.057
2523, 209, 191, 75.522, 297.139
2524, 209, 191, 75.469, 297.223
2525, 209, 191, 75.4101, 297.313
2526, 209, 191, 75.3571, 297.394
2527, 209, 191, 75.313, 297.476
2528, 209, 191, 75.2764, 297.559
2529, 209, 191, 75.2234, 297.641
2530, 209, 191, 75.1566, 297.722
2531, 209, 191, 75.1159, 297.803
2532, 209, 191, 75.0794, 297.901
2533, 209, 191, 75.0491, 297.983
2534, 209, 191, 75.0126, 298.064
2535, 209, 191, 74.976, 298.147
2536, 209, 191, 74.9458, 298.228
2537, 209, 191, 74.9092, 298.309
2538, 209, 191, 74.8685, 298.389
2539, 209, 191, 74.8418, 298.47
2540, 209, 191, 74.8011, 298.551
2541, 209, 191, 74.7797, 298.633
2542, 209, 191, 74.75, 298.714
2543, 209, 191, 74.7346, 298.796
2544, 209, 191, 74.7132, 298.877
2545, 209, 191, 74.6864, 298.957
2546, 209, 191, 74.6596, 299.039
2547, 209, 191, 74.6329, 299.12
2548, 209, 191, 74.5963, 299.2
2549, 209, 190, 74.745, 299.281
2550, 209, 190, 74.7009, 299.363
2551, 209, 190, 74.6643, 299.453
2552, 209, 190, 74.6202, 299.535
2553, 209, 190, 74.5837, 299.615
2554, 209, 189, 74.7467, 299.696
2555, 209, 189, 74.6794, 299.778
2556, 209, 189, 74.5823, 299.859
2557, 209, 189, 74.5382, 299.94
2558, 209, 189, 74.5079, 300.03
2559, 209, 188, 74.6566, 300.112
2560, 209, 188, 74.6126, 300.194
2561, 209, 188, 74.576, 300.276
2562, 209, 188, 74.6459, 300.358
2563, 209, 188, 74.6093, 300.44
2564, 209, 188, 74.5791, 300.522
2565, 209, 187, 74.7278, 300.603
2566, 209, 187, 74.6837, 300.684
2567, 209, 187, 74.6471, 300.766
2568, 209, 187, 74.7398, 300.848
2569, 209, 187, 74.7095, 300.93
2570, 209, 187, 74.673, 301.011
2571, 209, 187, 74.62, 301.093
2572, 209, 187, 74.5834, 301.174
2573, 209, 187, 74.5532, 301.256
2574, 209, 187, 74.5318, 301.337
2575, 209, 187, 74.5104, 301.419
2576, 209, 187, 74.489, 301.5
2577, 209, 187, 74.4623, 301.581
2578, 209, 187, 74.4355, 301.663
2579, 209, 187, 74.4201, 301.744
2580, 209, 187, 74.3933, 301.825
2581, 209, 187, 74.4453, 301.907
2582, 209, 187, 74.4239, 301.988
2583, 209, 187, 74.3833, 302.069
2584, 209, 187, 74.3619, 302.151
2585, 209, 187, 74.3137, 302.247
2586, 209, 187, 74.2983, 302.367
2587, 209, 187, 74.2502, 302.461
2588, 209, 187, 74.2288, 302.584
2589, 209, 187, 74.202, 302.674
2590, 209, 187, 74.1718, 302.804
2591, 209, 187, 74.1605, 302.925
2592, 209, 187, 74.1451, 303.02
2593, 209, 187, 74.1153, 303.101
2594, 209, 187, 74.0949, 303.182
2595, 209, 187, 74.0651, 303.264
2596, 209, 187, 74.0497, 303.36
2597, 209, 187, 74.0138, 303.443
2598, 209, 187, 73.9984, 303.525
2599, 209, 187, 74.0944, 303.608
2600, 209, 187, 74.0831, 303.689
2601, 209, 187, 74.0677, 303.772
2602, 209, 187, 74.0473, 303.869
2603, 209, 187, 74.036, 303.951
2604, 209, 187, 74.0155, 304.031
2605, 209, 187, 73.979, 304.113
2606, 209, 187, 73.9522, 304.194
2607, 209, 187, 73.9308, 304.276
2608, 209, 187, 73.904, 304.358
2609, 209, 187, 73.8738, 304.44
2610, 209, 187, 73.847, 304.521
2611, 209, 187, 73.8257, 304.603
2612, 209, 187, 73.7775, 304.684
2613, 209, 187, 73.7294, 304.766
2614, 209, 187, 73.7181, 304.847
2615, 209, 187, 73.7068, 304.929
2616, 209, 187, 73.6841, 305.01
2617, 209, 187, 73.7511, 305.091
2618, 209, 187, 73.6765, 305.173
2619, 209, 187, 73.6324, 305.254
2620, 209, 187, 73.612, 305.335
2621, 210, 187, 73.6118, 307.299
2622, 211, 187, 73.6115, 309.282
2623, 212, 187, 73.6113, 311.318
2624, 213, 187, 73.6111, 313.366
2625, 214, 187, 73.6109, 315.444
2626, 215, 187, 73.6107, 317.547
2627, 216, 187, 73.6105, 319.803
2628, 217, 187, 73.6103, 321.965
2629, 218, 187, 73.6101, 324.153
2630, 219, 187, 73.6099, 326.369
2631, 220, 187, 73.6097, 328.594
2632, 221, 187, 73.6095, 331.734
2633, 222, 187, 73.6094, 335.418
2634, 223, 187, 73.6092, 339.167
2635, 224, 187, 73.609, 342.891
2636, 225, 187, 73.6088, 346.708
2637, 226, 187, 73.6086, 350.501
2638, 227, 187, 73.6084, 354.402
2639, 228, 187, 73.6083, 358.28
2640, 229, 187, 73.6081, 362.277
2641, 230, 187, 73.6079, 366.315
2642, 231, 187, 73.6078, 370.508
2643, 232, 187, 73.6076, 374.703
2644, 233, 187, 73.6074, 378.858
2645, 234, 187, 73.6073, 383.12
2646, 235, 187, 73.6071, 387.428
2647, 235, 187, 73.6027, 391.856
2648, 235, 187, 73.5753, 391.942
2649, 235, 187, 73.5599, 392.024
2650, 235, 186, 73.7229, 392.106
2651, 235, 186, 73.6556, 392.188
2652, 235, 186, 73.6512, 396.565
2653, 235, 186, 73.6307, 396.662
2654, 235, 186, 73.6039, 396.746
2655, 235, 186, 73.5599, 396.829
2656, 236, 186, 73.5597, 401.225
2657, 237, 186, 73.5595, 405.637
2658, 238, 186, 73.5594, 410.157
2659, 239, 186, 73.5592, 414.66
2660, 240, 186, 73.5591, 419.228
2661, 241, 186, 73.5589, 423.993
2662, 242, 186, 73.5588, 428.737
2663, 243, 186, 73.5586, 433.509
2664, 244, 186, 73.5585, 438.423
2665, 245, 186, 73.5583, 443.376
2666, 246, 186, 73.5582, 448.365
2667, 247, 186, 73.558, 453.402
2668, 248, 186, 73.5579, 458.493
2669, 249, 186, 73.5578, 463.649
2670, 250, 186, 73.5576, 468.867
2671, 251, 186, 73.5575, 474.16
2672, 252, 186, 73.5573, 479.632
2673, 253, 186, 73.5572, 485.051
2674, 254, 186, 73.5571, 490.506
2675, 255, 186, 73.5569, 496.11
2676, 256, 186, 73.5568, 501.708
2677, 257, 186, 73.5567, 507.327
2678, 258, 186, 73.5566, 513.148
2679, 259, 186, 73.5564, 518.961
2680, 260, 186, 73.5563, 524.747
2681, 261, 186, 73.5562, 530.644
2682, 261, 186, 73.5531, 536.604
2683, 261, 186, 73.5351, 536.703
2684, 261, 186, 73.519, 536.786
2685, 261, 186, 73.4601, 536.869
2686, 261, 186, 73.4012, 536.953
2687, 261, 186, 73.371, 537.036
2688, 261, 186, 73.2779, 537.119
2689, 261, 186, 73.2105, 537.202
2690, 261, 186, 73.1803, 537.285
2691, 261, 186, 73.159, 537.368
2692, 261, 186, 73.1559, 543.329
2693, 261, 186, 73.1354, 543.415
2694, 261, 186, 73.0765, 543.499
2695, 261, 186, 73.0463, 543.581
2696, 261, 186, 72.979, 543.664
2697, 261, 186, 72.9487, 543.746
2698, 261, 186, 72.9405, 543.829
2699, 261, 186, 72.9292, 543.911
2700, 261, 186, 72.9113, 543.994
2701, 261, 186, 72.8738, 544.076
2702, 261, 186, 72.8534, 544.159
2703, 261, 186, 72.8451, 544.241
2704, 261, 185, 72.9828, 544.324
2705, 261, 185, 72.9614, 544.407
2706, 261, 185, 72.9347, 544.489
2707, 261, 185, 72.9133, 544.572
2708, 261, 185, 72.8928, 544.654
2709, 261, 184, 73.034, 544.736
2710, 261, 184, 73.0038, 544.818
2711, 261, 184, 72.9824, 544.901
2712, 261, 184, 72.9556, 544.984
2713, 261, 184, 72.9289, 545.066
2714, 261, 184, 72.9075, 545.149
2715, 261, 183, 73.0487, 545.232
2716, 261, 183, 73.0185, 545.314
2717, 261, 183, 72.9917, 545.397
2718, 261, 183, 72.9712, 545.479
2719, 261, 183, 72.9445, 545.561
2720, 261, 183, 72.9142, 545.644
2721, 261, 182, 73.0554, 545.727
2722, 261, 182, 73.0252, 545.809
2723, 261, 182, 72.995, 545.892
2724, 261, 182, 72.9584, 545.974
2725, 261, 182, 72.9054, 546.057
2726, 261, 182, 72.8688, 546.139
2727, 261, 182, 72.8474, 546.222
2728, 261, 182, 72.8108, 546.305
2729, 261, 182, 72.7578, 546.388
2730, 261, 182, 72.7365, 546.471
2731, 261, 182, 72.7097, 546.553
2732, 261, 182, 72.6508, 546.635
2733, 261, 182, 72.5978, 546.727
2734, 261, 182, 72.5389, 546.81
2735, 261, 182, 72.48, 546.892
2736, 261, 182, 72.3829, 546.975
2737, 261, 182, 72.4528, 547.057
2738, 261, 182, 72.5228, 547.14
2739, 261, 182, 72.4821, 547.223
2740, 261, 182, 72.4455, 547.305
2741, 261, 182, 72.4153, 547.389
2742, 261, 182, 72.3747, 547.471
2743, 261, 182, 72.3479, 547.553
2744, 261, 182, 72.4178, 547.636
2745, 261, 182, 72.3772, 547.718
2746, 261, 182, 72.3558, 547.801
2747, 261, 182, 72.3256, 547.884
2748, 261, 182, 72.2774, 547.967
2749, 261, 182, 72.2507, 548.049
2750, 261, 182, 72.1839, 548.131
2751, 261, 182, 72.2774, 548.214
2752, 261, 182, 72.2292, 548.297
2753, 261, 182, 72.2088, 548.379
2754, 261, 182, 72.124, 548.464
2755, 261, 182, 72.0938, 548.547
2756, 261, 182, 72.0572, 548.63
2757, 261, 182, 72.0305, 548.713
2758, 261, 182, 71.9637, 548.796
2759, 261, 182, 71.8968, 548.88
2760, 261, 182, 71.8603, 548.963
2761, 261, 182, 71.83, 549.046
2762, 261, 182, 71.8087, 549.128
2763, 261, 182, 71.7882, 549.211
2764, 261, 182, 71.7668, 549.294
2765, 261, 182, 71.7464, 549.377
2766, 261, 182, 71.7196, 549.461
2767, 261, 182, 71.7895, 549.544
2768, 261, 182, 71.753, 549.627
2769, 261, 182, 71.7164, 549.71
2770, 261, 182, 71.6634, 549.793
2771, 261, 182, 71.6193, 549.877
2772, 261, 182, 71.5827, 549.96
2773, 261, 182, 71.5386, 550.051
2774, 261, 182, 71.5021, 550.135
2775, 261, 182, 71.458, 550.217
2776, 261, 182, 71.4214, 550.301
2777, 261, 182, 71.3848, 550.385
2778, 261, 182, 71.2877, 550.468
2779, 261, 182, 71.2575, 550.551
2780, 261, 182, 71.1907, 550.634
2781, 262, 182, 71.1901, 550.971
2782, 263, 182, 71.1895, 551.315
2783, 263, 182, 71.174, 551.673
2784, 263, 182, 71.1527, 551.757
2785, 264, 182, 71.1521, 552.114
2786, 265, 182, 71.1515, 552.484
2787, 266, 182, 71.151, 552.868
2788, 267, 182, 71.1505, 553.265
2789, 268, 182, 71.15, 553.684
2790, 269, 182, 71.1495, 554.108
2791, 270, 182, 71.149, 554.547
2792, 271, 182, 71.1486, 555
2793, 272, 182, 71.1482, 555.485
2794, 273, 182, 71.1478, 555.987
2795, 273, 182, 71.1365, 556.504
2796, 273, 182, 71.1151, 556.588
2797, 273, 182, 71.067, 556.677
2798, 273, 182, 71.0372, 556.762
2799, 273, 182, 71.0104, 556.845
2800, 273, 182, 70.9802, 556.928
2801, 273, 182, 70.9648, 557.011
2802, 274, 182, 70.9644, 557.526
2803, 274, 182, 70.9439, 558.055
2804, 274, 182, 70.9172, 558.137
2805, 274, 182, 70.8583, 558.22
2806, 274, 182, 70.8053, 558.302
2807, 274, 181, 70.995, 558.384
2808, 274, 181, 70.8845, 558.467
2809, 274, 181, 70.8007, 558.549
2810, 274, 181, 70.7076, 558.633
2811, 274, 181, 70.6238, 558.715
2812, 274, 181, 70.5564, 558.799
2813, 274, 181, 70.5199, 558.881
2814, 274, 181, 70.4525, 558.964
2815, 274, 181, 70.3687, 559.046
2816, 274, 181, 70.3483, 559.577
2817, 274, 181, 70.3117, 559.66
2818, 274, 181, 70.2751, 559.752
2819, 274, 181, 70.2385, 559.836
2820, 274, 181, 70.1797, 559.919
2821, 274, 180, 70.3427, 560.008
2822, 274, 180, 70.2753, 560.092
2823, 274, 180, 70.3868, 560.175
2824, 274, 180, 70.32, 560.257
2825, 274, 180, 70.2793, 560.34
2826, 274, 180, 70.2427, 560.424
2827, 274, 180, 70.2021, 560.517
2828, 274, 179, 70.3508, 560.601
2829, 274, 179, 70.3067, 560.684
2830, 274, 179, 70.2626, 560.767
2831, 274, 179, 70.2324, 560.85
2832, 274, 179, 70.1735, 560.933
2833, 274, 179, 70.1433, 561.016
2834, 274, 179, 70.1026, 561.099
2835, 274, 179, 70.0545, 561.181
2836, 274, 179, 69.9698, 561.264
2837, 274, 179, 69.9484, 561.347
2838, 274, 179, 69.927, 561.429
2839, 274, 179, 69.8789, 561.512
2840, 275, 179, 69.8785, 562.044
2841, 276, 179, 69.8781, 562.597
2842, 277, 179, 69.8777, 563.169
2843, 278, 179, 69.8774, 563.756
2844, 279, 179, 69.877, 564.353
2845, 280, 179, 69.8767, 564.967
2846, 281, 179, 69.8764, 565.63
2847, 282, 179, 69.8761, 566.304
2848, 283, 179, 69.8758, 567.004
2849, 284, 179, 69.8755, 567.727
2850, 284, 179, 69.8672, 568.465
2851, 284, 179, 69.8518, 568.548
2852, 284, 179, 69.822, 568.632
2853, 284, 179, 69.7923, 568.715
2854, 284, 179, 69.7768, 568.798
2855, 284, 179, 69.7471, 568.881
2856, 284, 179, 69.8261, 568.964
2857, 284, 179, 69.7902, 569.048
2858, 285, 179, 69.7899, 569.787
2859, 286, 179, 69.7897, 570.568
2860, 287, 179, 69.7894, 571.36
2861, 288, 179, 69.7891, 572.175
2862, 289, 179, 69.7889, 573.014
2863, 289, 179, 69.7727, 573.886
2864, 289, 178, 69.9105, 573.971
2865, 289, 178, 69.8891, 574.055
2866, 289, 178, 69.8525, 574.139
2867, 289, 178, 69.7936, 574.223
2868, 289, 178, 69.7406, 574.307
2869, 289, 178, 69.6817, 574.39
2870, 289, 178, 69.6287, 574.474
2871, 289, 178, 69.5449, 574.558
2872, 289, 178, 69.5083, 574.642
2873, 289, 178, 69.5458, 574.727
2874, 289, 178, 69.5231, 574.811
2875, 289, 178, 69.5902, 574.895
2876, 289, 178, 69.5628, 574.979
2877, 289, 178, 69.5466, 575.848
2878, 289, 178, 69.5199, 575.932
2879, 289, 178, 69.4758, 576.015
2880, 289, 178, 69.449, 576.1
2881, 289, 178, 69.4222, 576.183
2882, 289, 178, 69.3856, 576.266
2883, 289, 178, 69.3416, 576.35
2884, 289, 178, 69.2578, 576.433
2885, 289, 178, 69.2048, 576.517
2886, 289, 178, 69.1374, 576.601
2887, 289, 178, 69.0844, 576.691
2888, 289, 178, 69.0438, 576.775
2889, 289, 178, 69.0072, 576.859
2890, 289, 178, 68.9666, 576.942
2891, 289, 178, 68.93, 577.025
2892, 289, 178, 68.8626, 577.109
2893, 289, 178, 68.8096, 577.192
2894, 289, 178, 68.932, 577.276
2895, 289, 178, 68.8879, 577.36
2896, 289, 178, 68.8473, 577.443
2897, 289, 178, 68.8107, 577.527
2898, 289, 178, 68.7666, 577.611
2899, 289, 178, 68.7301, 577.694
2900, 289, 178, 68.6894, 577.777
2901, 289, 178, 68.6528, 577.859
2902, 289, 177, 68.8015, 577.943
2903, 289, 177, 68.7574, 578.026
2904, 289, 177, 68.6985, 578.109
2905, 289, 177, 68.6455, 578.193
2906, 289, 177, 68.5925, 578.276
2907, 289, 177, 68.556, 578.359
2908, 289, 177, 68.4971, 578.442
2909, 289, 177, 68.4, 578.525
2910, 289, 177, 68.347, 578.608
2911, 289, 177, 68.2881, 578.691
2912, 289, 177, 68.2351, 578.774
2913, 289, 177, 68.138, 578.857
2914, 289, 177, 68.085, 578.94
2915, 289, 177, 68.0261, 579.023
2916, 289, 177, 67.9895, 579.106
2917, 289, 177, 67.9529, 579.189
2918, 289, 177, 68.0456, 579.271
2919, 289, 177, 67.9926, 579.354
2920, 289, 177, 67.8414, 579.437
2921, 289, 177, 67.7576, 579.52
2922, 289, 177, 67.6047, 579.611
2923, 289, 177, 67.5209, 579.694
2924, 289, 176, 67.7622, 579.777
2925, 289, 176, 67.5577, 579.86
2926, 289, 176, 67.4739, 579.942
2927, 289, 176, 67.2703, 580.038
2928, 289, 176, 67.1772, 580.121
2929, 289, 176, 67.1098, 580.205
2930, 289, 176, 67.0167, 580.288
2931, 289, 176, 66.9494, 580.372
2932, 289, 176, 66.8656, 580.455
2933, 289, 175, 67.0553, 580.537
2934, 289, 175, 66.9448, 580.621
2935, 289, 175, 66.8517, 580.704
2936, 289, 175, 66.7928, 580.787
2937, 289, 175, 66.7398, 580.869
2938, 289, 175, 66.6725, 580.952
2939, 289, 175, 66.6284, 581.035
2940, 289, 175, 66.5843, 581.118
2941, 289, 175, 66.5313, 581.201
2942, 289, 175, 66.464, 581.284
2943, 289, 175, 66.411, 581.367
2944, 289, 175, 66.358, 581.45
2945, 289, 175, 66.2991, 581.533
2946, 289, 174, 66.4621, 581.615
2947, 289, 174, 66.3947, 581.698
2948, 289, 174, 66.3417, 581.78
2949, 289, 174, 66.2887, 581.863
2950, 289, 174, 66.2214, 581.946
2951, 289, 174, 66.1625, 582.029
2952, 289, 174, 66.1219, 582.112
2953, 289, 174, 66.0853, 582.194
2954, 289, 174, 66.0412, 582.277
2955, 289, 174, 65.9882, 582.36
2956, 289, 174, 65.9516, 582.454
2957, 289, 174, 65.9214, 582.557
2958, 289, 174, 65.8946, 582.656
2959, 289, 174, 65.8732, 582.747
2960, 289, 174, 65.9107, 582.829
2961, 289, 174, 65.8953, 582.912
2962, 289, 174, 65.8749, 582.994
2963, 289, 174, 65.8535, 583.076
2964, 289, 174, 65.833, 583.158
2965, 289, 174, 65.8218, 583.241
2966, 289, 174, 65.8135, 583.332
2967, 289, 174, 65.8022, 583.416
2968, 289, 174, 65.7868, 583.498
2969, 289, 174, 65.7755, 583.583
2970, 289, 174, 65.7551, 583.665
2971, 289, 174, 65.7283, 583.749
2972, 289, 173, 65.866, 583.831
2973, 289, 173, 65.8447, 583.914
2974, 289, 173, 65.8242, 583.996
2975, 289, 173, 65.8081, 584.079
2976, 289, 173, 65.7926, 584.162
2977, 289, 173, 65.7772, 584.245
2978, 289, 173, 65.7659, 584.328
2979, 289, 173, 65.7301, 584.41
2980, 289, 173, 65.6942, 584.493
2981, 289, 173, 65.6728, 584.577
2982, 289, 173, 65.646, 584.66
2983, 289, 173, 65.6348, 584.744
2984, 289, 173, 65.6265, 584.827
2985, 289, 173, 65.6104, 584.909
2986, 289, 173, 65.5836, 584.993
2987, 289, 173, 65.6626, 585.076
2988, 289, 173, 65.6513, 585.159
2989, 289, 173, 65.6309, 585.242
2990, 289, 173, 65.6041, 585.325
2991, 289, 173, 65.5373, 585.408
2992, 289, 173, 65.5071, 585.491
2993, 289, 173, 65.4857, 585.575
2994, 289, 173, 65.4703, 585.658
2995, 289, 173, 65.4435, 585.741
2996, 289, 173, 65.554, 585.825
2997, 289, 173, 65.5242, 585.908
2998, 289, 173, 65.5088, 585.992
2999, 289, 173, 65.4874, 586.075
