Seed is: 66
Number of samples is: 3000
Simulation name is: Simulation_2TV_10x10.sim
TimeStep, Distraction Rate, Missed States, Model Accuracy, Time (ms)
0, 0, 732, 0, 6e-05
1, 0, 731, 1, 0.064122
2, 0, 731, 0.584963, 0.126551
3, 0, 731, 0.415037, 0.1888
4, 0, 730, 0.182845, 0.250497
5, 0, 729, 1.531, 0.312806
6, 0, 728, 2.2942, 0.374975
7, 0, 727, 3.2942, 0.437945
8, 0, 727, 2.87916, 0.503259
9, 0, 727, 2.70924, 0.566349
10, 0, 726, 3.47244, 0.628057
11, 0, 725, 4.47244, 0.690155
12, 0, 725, 4.0574, 0.752544
13, 0, 725, 3.88747, 0.814261
14, 0, 724, 3.65528, 0.884816
15, 0, 723, 5.00344, 0.968014
16, 0, 722, 5.76664, 1.033
17, 0, 721, 6.52984, 1.09547
18, 0, 721, 6.1563, 1.16
19, 0, 721, 5.78277, 1.22249
20, 0, 721, 5.62984, 1.28458
21, 0, 721, 5.4769, 1.34647
22, 0, 721, 4.99194, 1.40851
23, 0, 721, 4.61841, 1.4701
24, 0, 721, 4.41387, 1.53319
25, 0, 720, 5.17707, 1.59496
26, 0, 719, 5.94026, 1.65695
27, 0, 719, 5.56673, 1.71887
28, 0, 719, 5.1932, 1.78269
29, 0, 719, 5.04026, 1.84446
30, 0, 719, 4.88733, 1.9067
31, 0, 718, 5.88733, 1.96883
32, 0, 718, 5.47229, 2.03066
33, 0, 718, 5.30237, 2.09274
34, 0, 717, 6.06556, 2.1547
35, 0, 717, 5.69203, 2.21667
36, 0, 716, 6.45523, 2.2887
37, 0, 715, 7.45523, 2.35123
38, 0, 715, 7.04019, 2.41356
39, 0, 715, 6.87027, 2.47583
40, 0, 714, 7.63346, 2.53784
41, 0, 713, 8.39666, 2.59985
42, 0, 713, 8.02313, 2.66213
43, 0, 713, 7.64959, 2.72426
44, 0, 713, 7.49666, 2.78954
45, 0, 713, 7.34373, 2.85922
46, 0, 712, 8.10693, 2.93719
47, 0, 712, 7.73339, 3.00041
48, 0, 712, 7.35986, 3.06304
49, 0, 712, 7.20693, 3.12537
50, 0, 712, 7.05399, 3.1874
51, 0, 712, 6.56903, 3.24979
52, 0, 711, 7.33223, 3.31217
53, 0, 710, 8.09542, 3.37448
54, 0, 710, 7.72189, 3.43624
55, 0, 710, 7.34836, 3.49856
56, 0, 710, 7.19542, 3.5606
57, 0, 709, 7.43677, 3.62284
58, 0, 708, 8.19996, 3.69744
59, 0, 707, 8.96316, 3.76222
60, 0, 707, 8.58963, 3.82472
61, 0, 706, 8.9424, 3.88761
62, 0, 706, 8.45743, 3.94992
63, 0, 706, 8.3045, 4.01262
64, 0, 706, 8.09996, 4.07683
65, 0, 705, 8.86316, 4.14202
66, 0, 704, 9.62636, 4.21407
67, 0, 703, 10.3896, 4.27789
68, 0, 703, 10.016, 4.34167
69, 0, 703, 9.64249, 4.40624
70, 0, 703, 9.48955, 4.47027
71, 0, 702, 9.7309, 4.53386
72, 0, 701, 10.4941, 4.59779
73, 0, 700, 11.2573, 4.66369
74, 0, 700, 10.8838, 4.74374
75, 0, 699, 11.2365, 4.82801
76, 0, 699, 10.7516, 4.89273
77, 0, 698, 10.9929, 4.95662
78, 0, 698, 10.7884, 5.03954
79, 0, 698, 10.5838, 5.10473
80, 0, 697, 11.5838, 5.16839
81, 0, 697, 11.1688, 5.23194
82, 0, 697, 10.9989, 5.29527
83, 0, 696, 11.7621, 5.35855
84, 0, 695, 12.5253, 5.42225
85, 0, 694, 13.2885, 5.48584
86, 0, 693, 13.6412, 5.55142
87, 0, 693, 13.1563, 5.61755
88, 0, 693, 12.7827, 5.6812
89, 0, 693, 12.5782, 5.7453
90, 0, 692, 12.8195, 5.80921
91, 0, 691, 13.5827, 5.87279
92, 0, 690, 14.3459, 5.93669
93, 0, 690, 13.9724, 6.00047
94, 0, 690, 13.5989, 6.06647
95, 0, 690, 13.4459, 6.13042
96, 0, 690, 13.293, 6.19444
97, 0, 689, 14.0562, 6.25878
98, 0, 688, 14.8194, 6.32278
99, 0, 687, 14.5872, 6.38694
100, 0, 686, 15.9354, 6.45211
101, 0, 685, 16.2881, 6.51622
102, 0, 685, 15.8032, 6.58063
103, 0, 685, 15.3182, 6.6448
104, 0, 684, 16.0814, 6.70887
105, 0, 683, 16.8446, 6.77416
106, 0, 682, 17.6078, 6.83923
107, 0, 681, 18.371, 6.91311
108, 0, 680, 19.1342, 6.9966
109, 0, 679, 20.1342, 7.0617
110, 0, 679, 19.7191, 7.12596
111, 0, 679, 19.5492, 7.1902
112, 0, 678, 20.3124, 7.25444
113, 0, 678, 19.9389, 7.31882
114, 0, 678, 19.5654, 7.3829
115, 0, 678, 19.4124, 7.44731
116, 0, 678, 19.2595, 7.51142
117, 0, 677, 20.0227, 7.58963
118, 0, 677, 19.6492, 7.65464
119, 0, 677, 19.2756, 7.71906
120, 0, 676, 19.517, 7.78378
121, 0, 676, 19.3124, 7.84847
122, 0, 676, 19.1595, 7.91283
123, 0, 675, 19.9227, 7.98597
124, 0, 675, 19.5492, 8.09557
125, 0, 674, 19.9019, 8.19636
126, 0, 674, 19.417, 8.28592
127, 0, 674, 19.264, 8.37947
128, 0, 674, 19.0595, 8.47467
129, 0, 673, 19.8227, 8.56933
130, 0, 673, 19.4492, 8.66908
131, 0, 672, 19.8019, 8.76983
132, 0, 672, 19.317, 8.8626
133, 0, 672, 19.164, 8.95872
134, 0, 672, 18.9595, 9.03289
135, 0, 671, 19.7227, 9.09853
136, 0, 670, 20.4859, 9.16367
137, 0, 670, 20.1124, 9.22856
138, 0, 670, 19.7388, 9.29319
139, 0, 670, 19.5859, 9.35782
140, 0, 670, 19.433, 9.42249
141, 0, 669, 19.2008, 9.48712
142, 0, 668, 20.5489, 9.5524
143, 0, 667, 21.3121, 9.61718
144, 0, 666, 21.0799, 9.68174
145, 0, 665, 22.4281, 9.74647
146, 0, 664, 23.1913, 9.81123
147, 0, 663, 23.9545, 9.87596
148, 0, 662, 24.9545, 9.94124
149, 0, 662, 24.5394, 10.0058
150, 0, 662, 24.3695, 10.0704
151, 0, 661, 25.1327, 10.1376
152, 0, 661, 24.7592, 10.2274
153, 0, 660, 25.1119, 10.2944
154, 0, 660, 24.627, 10.3598
155, 0, 659, 24.8683, 10.425
156, 0, 659, 24.6638, 10.4899
157, 0, 659, 24.4592, 10.5549
158, 0, 658, 25.2224, 10.6199
159, 0, 658, 24.8489, 10.6851
160, 0, 658, 24.4754, 10.7502
161, 0, 658, 24.3224, 10.8169
162, 0, 658, 24.1695, 10.8945
163, 0, 657, 24.9327, 10.9604
164, 0, 656, 25.6959, 11.0258
165, 0, 656, 25.3224, 11.0908
166, 0, 656, 24.9488, 11.1558
167, 0, 656, 24.7959, 11.2205
168, 0, 655, 25.0372, 11.2854
169, 0, 654, 24.8051, 11.3505
170, 0, 653, 26.1532, 11.4156
171, 0, 652, 26.9164, 11.4823
172, 0, 651, 27.6796, 11.5475
173, 0, 650, 28.4428, 11.613
174, 0, 649, 29.4428, 11.68
175, 0, 649, 29.0278, 11.7451
176, 0, 649, 28.8578, 11.8103
177, 0, 648, 28.6257, 11.8865
178, 0, 647, 29.9738, 11.9523
179, 0, 647, 29.6003, 12.0179
180, 0, 647, 29.1153, 12.0833
181, 0, 646, 29.8785, 12.1505
182, 0, 646, 29.505, 12.2161
183, 0, 646, 29.1314, 12.2817
184, 0, 646, 28.9785, 12.3475
185, 0, 646, 28.8256, 12.413
186, 0, 645, 29.8256, 12.479
187, 0, 645, 29.4105, 12.5452
188, 0, 645, 29.2406, 12.611
189, 0, 644, 30.0038, 12.6764
190, 0, 643, 30.767, 12.7436
191, 0, 642, 31.5302, 12.8092
192, 0, 641, 32.5302, 12.8751
193, 0, 641, 32.1152, 12.9419
194, 0, 641, 31.9452, 13.008
195, 0, 640, 32.7084, 13.0739
196, 0, 640, 32.3349, 13.1397
197, 0, 640, 31.9614, 13.2055
198, 0, 640, 31.8084, 13.2713
199, 0, 640, 31.6555, 13.3398
200, 0, 639, 32.4187, 13.4224
201, 0, 639, 32.0452, 13.4895
202, 0, 639, 31.6716, 13.5555
203, 0, 639, 31.5187, 13.6231
204, 0, 638, 31.7601, 13.6896
205, 0, 637, 31.5279, 13.766
206, 0, 636, 32.876, 13.8331
207, 0, 635, 33.6392, 13.899
208, 0, 634, 34.6392, 13.965
209, 0, 634, 34.2242, 14.0309
210, 0, 634, 34.0543, 14.0965
211, 0, 633, 34.8174, 14.1637
212, 0, 633, 34.4439, 14.2366
213, 0, 632, 34.7967, 14.3055
214, 0, 632, 34.3117, 14.371
215, 0, 632, 34.1588, 14.4365
216, 0, 632, 33.9543, 14.5018
217, 0, 631, 34.7174, 14.5673
218, 0, 630, 35.4806, 14.6328
219, 0, 629, 35.8334, 14.6985
220, 0, 629, 35.3485, 14.7784
221, 0, 629, 34.9749, 14.8464
222, 0, 629, 34.7704, 14.9123
223, 0, 629, 34.6174, 14.9781
224, 0, 628, 35.6174, 15.0432
225, 0, 628, 35.2024, 15.1089
226, 0, 628, 35.0325, 15.1739
227, 0, 627, 35.7957, 15.2398
228, 0, 626, 36.5589, 15.3058
229, 0, 625, 37.3221, 15.3712
230, 0, 625, 36.9485, 15.4369
231, 0, 624, 37.3013, 15.5027
232, 0, 624, 36.8164, 15.5688
233, 0, 624, 36.6634, 15.6359
234, 0, 624, 36.4589, 15.7015
235, 0, 624, 35.9739, 15.7673
236, 0, 624, 35.6004, 15.833
237, 0, 624, 35.3958, 15.8984
238, 0, 624, 35.2429, 15.9636
239, 0, 624, 35.0384, 16.0484
240, 0, 623, 35.8016, 16.1178
241, 0, 622, 36.5648, 16.1837
242, 0, 622, 36.1912, 16.2493
243, 0, 622, 35.8177, 16.315
244, 0, 622, 35.6648, 16.3804
245, 0, 622, 35.5118, 16.4458
246, 0, 621, 36.275, 16.5113
247, 0, 620, 36.0428, 16.5771
248, 0, 619, 37.391, 16.6432
249, 0, 618, 38.1542, 16.709
250, 0, 617, 39.1542, 16.7743
251, 0, 617, 38.7392, 16.8398
252, 0, 617, 38.5692, 16.9055
253, 0, 616, 39.3324, 16.9726
254, 0, 616, 38.9589, 17.0381
255, 0, 616, 38.5854, 17.1144
256, 0, 616, 38.4324, 17.1803
257, 0, 616, 38.2795, 17.2483
258, 0, 615, 39.0427, 17.3143
259, 0, 615, 38.6692, 17.38
260, 0, 615, 38.2956, 17.4455
261, 0, 615, 38.1427, 17.5108
262, 0, 615, 37.9898, 17.5861
263, 0, 614, 38.753, 17.6524
264, 0, 614, 38.3794, 17.7183
265, 0, 613, 39.1426, 17.7872
266, 0, 612, 39.9058, 17.8532
267, 0, 612, 39.5323, 17.9188
268, 0, 612, 39.1588, 17.9847
269, 0, 612, 39.0058, 18.0503
270, 0, 612, 38.8529, 18.1313
271, 0, 612, 38.3679, 18.1979
272, 0, 611, 38.1357, 18.264
273, 0, 610, 39.4839, 18.3302
274, 0, 610, 39.1104, 18.3965
275, 0, 610, 38.6254, 18.4631
276, 0, 610, 38.4725, 18.5292
277, 0, 609, 39.2357, 18.5952
278, 0, 608, 39.9989, 18.6624
279, 0, 608, 39.6253, 18.7292
280, 0, 607, 39.9781, 18.7961
281, 0, 607, 40.2931, 18.8625
282, 0, 607, 39.7151, 18.9288
283, 0, 607, 39.5621, 18.9951
284, 0, 607, 39.7667, 19.0612
285, 0, 606, 40.7667, 19.1306
286, 0, 606, 40.3516, 19.2061
287, 0, 606, 40.1817, 19.2724
288, 0, 606, 40.3447, 19.339
289, 0, 606, 40.2516, 19.4051
290, 0, 606, 39.9476, 19.4718
291, 0, 606, 40.1695, 19.5381
292, 0, 606, 40.0857, 19.6047
293, 0, 605, 40.8489, 19.6843
294, 0, 604, 41.6121, 19.7522
295, 0, 604, 41.2385, 19.8191
296, 0, 604, 40.865, 19.8858
297, 0, 604, 40.7121, 19.9521
298, 0, 604, 40.5591, 20.0184
299, 0, 603, 41.3223, 20.0847
300, 0, 602, 42.0855, 20.151
301, 0, 602, 41.712, 20.2178
302, 0, 602, 41.3385, 20.2843
303, 0, 602, 41.1855, 20.3513
304, 0, 602, 41.0326, 20.4178
305, 0, 602, 40.9488, 20.4844
306, 0, 602, 40.7959, 20.5508
307, 0, 601, 40.5637, 20.6195
308, 0, 600, 41.9118, 20.6862
309, 0, 599, 42.675, 20.7607
310, 0, 598, 43.675, 20.8273
311, 0, 598, 43.26, 20.903
312, 0, 598, 43.0901, 20.97
313, 0, 597, 43.8533, 21.037
314, 0, 597, 43.4797, 21.1039
315, 0, 597, 43.1062, 21.1706
316, 0, 597, 42.9533, 21.2374
317, 0, 597, 42.8003, 21.3041
318, 0, 596, 43.5635, 21.3806
319, 0, 595, 44.3267, 21.4677
320, 0, 594, 45.0899, 21.5358
321, 0, 594, 44.7164, 21.6205
322, 0, 594, 44.3429, 21.6899
323, 0, 594, 44.1899, 21.7568
324, 0, 594, 44.037, 21.8232
325, 0, 594, 43.552, 21.8899
326, 0, 594, 43.1785, 21.9567
327, 0, 594, 42.974, 22.023
328, 0, 594, 42.8902, 22.09
329, 0, 594, 42.7971, 22.1568
330, 0, 594, 42.704, 22.2363
331, 0, 594, 42.6202, 22.304
332, 0, 594, 42.4672, 22.3707
333, 0, 594, 42.3834, 22.4373
334, 0, 593, 43.1466, 22.5046
335, 0, 592, 43.9098, 22.5716
336, 0, 592, 43.5363, 22.6386
337, 0, 592, 43.1628, 22.7055
338, 0, 592, 43.0098, 22.7725
339, 0, 592, 42.8569, 22.8392
340, 0, 592, 42.7731, 22.906
341, 0, 591, 43.7731, 23
342, 0, 591, 43.3581, 23.0932
343, 0, 591, 43.1881, 23.1616
344, 0, 591, 43.095, 23.2285
345, 0, 591, 43.0019, 23.2958
346, 0, 591, 42.9181, 23.3628
347, 0, 590, 43.9181, 23.4316
348, 0, 590, 43.5031, 23.4991
349, 0, 590, 43.3331, 23.572
350, 0, 590, 43.2493, 23.6608
351, 0, 590, 43.1963, 23.7287
352, 0, 590, 43.1032, 23.8078
353, 0, 590, 43.0194, 23.8761
354, 0, 590, 42.9089, 23.9439
355, 0, 589, 43.9089, 24.0109
356, 0, 589, 43.4939, 24.078
357, 0, 589, 43.324, 24.1451
358, 0, 589, 43.2309, 24.2224
359, 0, 589, 43.1471, 24.3022
360, 0, 589, 43.0797, 24.3709
361, 0, 589, 42.9692, 24.4383
362, 0, 588, 43.7324, 24.5069
363, 0, 588, 43.3589, 24.5743
364, 0, 588, 42.9854, 24.6479
365, 0, 588, 42.8324, 24.7572
366, 0, 587, 43.0738, 24.8634
367, 0, 587, 42.5888, 24.9565
368, 0, 586, 43.352, 25.0546
369, 0, 585, 44.1152, 25.1534
370, 0, 585, 43.7417, 25.2507
371, 0, 585, 43.3681, 25.3563
372, 0, 585, 43.2152, 25.4488
373, 0, 585, 43.0623, 25.5479
374, 0, 584, 42.8301, 25.6471
375, 0, 584, 42.7886, 25.7209
376, 0, 583, 44.4933, 25.7887
377, 0, 582, 45.2565, 25.8556
378, 0, 582, 44.8829, 25.9232
379, 0, 582, 44.7991, 25.992
380, 0, 582, 44.7153, 26.0595
381, 0, 582, 44.6315, 26.1268
382, 0, 582, 44.5477, 26.194
383, 0, 582, 44.4639, 26.2613
384, 0, 582, 44.3708, 26.3286
385, 0, 582, 44.287, 26.3957
386, 0, 581, 44.4768, 26.4632
387, 0, 581, 44.3663, 26.5305
388, 0, 581, 44.2825, 26.5977
389, 0, 580, 45.0457, 26.6654
390, 0, 579, 45.8089, 26.7327
391, 0, 579, 45.4353, 26.8002
392, 0, 579, 45.0618, 26.8696
393, 0, 579, 44.9089, 26.9373
394, 0, 579, 44.7559, 27.0045
395, 0, 578, 45.5191, 27.0719
396, 0, 578, 45.1456, 27.1395
397, 0, 578, 44.6606, 27.2071
398, 0, 577, 45.4238, 27.2744
399, 0, 576, 46.187, 27.342
400, 0, 576, 45.8135, 27.4092
401, 0, 576, 45.44, 27.4769
402, 0, 576, 45.287, 27.5619
403, 0, 576, 45.1341, 27.631
404, 0, 575, 46.1341, 27.6991
405, 0, 575, 45.7191, 27.7668
406, 0, 575, 45.5491, 27.8346
407, 0, 574, 46.3123, 27.9041
408, 0, 574, 45.9388, 27.9718
409, 0, 574, 45.5653, 28.0412
410, 0, 574, 45.4123, 28.109
411, 0, 573, 45.6537, 28.1781
412, 0, 573, 45.4491, 28.2456
413, 0, 573, 45.3653, 28.3128
414, 0, 573, 45.2815, 28.3799
415, 0, 572, 46.0447, 28.4469
416, 0, 571, 46.8079, 28.5142
417, 0, 571, 46.4344, 28.5815
418, 0, 571, 46.0609, 28.6486
419, 0, 571, 45.9079, 28.7158
420, 0, 571, 45.755, 28.7841
421, 0, 570, 46.755, 28.8525
422, 0, 570, 46.34, 28.9385
423, 0, 570, 46.17, 29.0099
424, 0, 569, 46.9332, 29.0802
425, 0, 568, 47.6964, 29.148
426, 0, 567, 47.4642, 29.2173
427, 0, 566, 48.8124, 29.2943
428, 0, 566, 48.4389, 29.3628
429, 0, 566, 47.9539, 29.4318
430, 0, 565, 48.7171, 29.4993
431, 0, 565, 48.3436, 29.573
432, 0, 565, 47.97, 29.6488
433, 0, 565, 47.8171, 29.7169
434, 0, 565, 47.6642, 29.7846
435, 0, 565, 47.5804, 29.8525
436, 0, 564, 48.5804, 29.928
437, 0, 564, 48.1653, 29.9959
438, 0, 564, 47.9954, 30.0638
439, 0, 563, 48.9954, 30.1318
440, 0, 563, 48.5804, 30.1998
441, 0, 563, 48.4104, 30.2676
442, 0, 562, 49.1736, 30.3543
443, 0, 561, 50.1736, 30.4235
444, 0, 561, 49.7586, 30.4915
445, 0, 561, 49.5887, 30.5591
446, 0, 560, 50.3519, 30.6267
447, 0, 560, 49.9783, 30.6947
448, 0, 560, 49.6048, 30.7628
449, 0, 560, 49.4519, 30.8307
450, 0, 560, 49.2989, 30.9121
451, 0, 560, 49.2151, 30.9808
452, 0, 559, 48.9829, 31.0488
453, 0, 558, 50.3311, 31.117
454, 0, 557, 51.0943, 31.1875
455, 0, 556, 51.4471, 31.2553
456, 0, 556, 50.9621, 31.3236
457, 0, 555, 51.7253, 31.3918
458, 0, 554, 52.4885, 31.4596
459, 0, 554, 52.115, 31.5273
460, 0, 554, 51.7414, 31.596
461, 0, 554, 51.5885, 31.6662
462, 0, 554, 51.4356, 31.7343
463, 0, 554, 51.3518, 31.8024
464, 0, 553, 52.115, 31.8705
465, 0, 552, 52.8782, 31.9386
466, 0, 552, 52.5046, 32.0082
467, 0, 552, 52.1311, 32.0764
468, 0, 552, 51.9782, 32.1453
469, 0, 552, 51.8252, 32.2133
470, 0, 551, 52.5884, 32.2814
471, 0, 550, 53.3516, 32.3507
472, 0, 550, 53.1471, 32.4237
473, 0, 549, 53.9103, 32.5001
474, 0, 549, 53.5368, 32.5688
475, 0, 549, 53.1632, 32.637
476, 0, 548, 53.4046, 32.7054
477, 0, 548, 53.2, 32.7734
478, 0, 548, 53.0471, 32.8419
479, 0, 547, 52.8149, 32.9102
480, 0, 546, 54.1631, 32.9785
481, 0, 545, 54.9263, 33.0465
482, 0, 544, 54.6941, 33.1147
483, 0, 543, 56.0422, 33.1856
484, 0, 542, 56.8054, 33.255
485, 0, 541, 57.5686, 33.3241
486, 0, 541, 57.1951, 33.3931
487, 0, 541, 56.8215, 33.4621
488, 0, 541, 56.6686, 33.5309
489, 0, 541, 56.5157, 33.6
490, 0, 540, 57.2789, 33.669
491, 0, 539, 57.0467, 33.7381
492, 0, 538, 58.3948, 33.8075
493, 0, 538, 58.0213, 33.8769
494, 0, 538, 57.5364, 33.946
495, 0, 537, 58.2995, 34.0153
496, 0, 536, 59.0627, 34.0842
497, 0, 536, 58.6892, 34.1531
498, 0, 536, 58.3157, 34.2336
499, 0, 536, 58.1627, 34.3035
500, 0, 536, 58.0098, 34.3727
501, 0, 535, 58.773, 34.4416
502, 0, 535, 58.288, 34.5123
503, 0, 535, 57.9145, 34.5814
504, 0, 535, 57.71, 34.6506
505, 0, 534, 58.4732, 34.7197
506, 0, 533, 59.2364, 34.7886
507, 0, 532, 59.9996, 34.8594
508, 0, 531, 59.7674, 34.9286
509, 0, 531, 59.7259, 35
510, 0, 530, 61.4306, 35.0819
511, 0, 529, 62.1938, 35.1551
512, 0, 528, 63.1938, 35.2241
513, 0, 528, 62.7787, 35.2962
514, 0, 528, 62.6088, 35.3656
515, 0, 527, 63.372, 35.4352
516, 0, 527, 62.9985, 35.5046
517, 0, 527, 62.6249, 35.5736
518, 0, 526, 62.8663, 35.6431
519, 0, 526, 62.6617, 35.7128
520, 0, 526, 62.5088, 35.782
521, 0, 525, 63.272, 35.8515
522, 0, 524, 64.0352, 35.9211
523, 0, 524, 63.6617, 35.9904
524, 0, 524, 63.2881, 36.0602
525, 0, 524, 63.1352, 36.1312
526, 0, 524, 62.9823, 36.2054
527, 0, 523, 63.7455, 36.2751
528, 0, 523, 63.3719, 36.3446
529, 0, 523, 62.9984, 36.4139
530, 0, 522, 63.2397, 36.4843
531, 0, 522, 63.0352, 36.5539
532, 0, 522, 62.8823, 36.64
533, 0, 521, 63.6455, 36.7107
534, 0, 520, 64.4087, 36.7809
535, 0, 520, 64.0351, 36.8502
536, 0, 520, 63.6616, 36.9196
537, 0, 519, 63.9029, 36.9889
538, 0, 519, 63.6984, 37.0587
539, 0, 519, 63.5455, 37.128
540, 0, 518, 64.3087, 37.1994
541, 0, 518, 63.9351, 37.2699
542, 0, 518, 63.5616, 37.34
543, 0, 518, 63.4087, 37.4101
544, 0, 517, 63.65, 37.4804
545, 0, 516, 64.4132, 37.5609
546, 0, 515, 65.1764, 37.6315
547, 0, 514, 65.9396, 37.7014
548, 0, 513, 66.7028, 37.7857
549, 0, 512, 67.466, 37.857
550, 0, 511, 68.466, 37.9273
551, 0, 511, 68.051, 37.9972
552, 0, 511, 67.881, 38.084
553, 0, 510, 68.6442, 38.1689
554, 0, 510, 68.2707, 38.2388
555, 0, 510, 67.8972, 38.3087
556, 0, 510, 67.7442, 38.3798
557, 0, 510, 67.5913, 38.4495
558, 0, 509, 68.3545, 38.5193
559, 0, 509, 67.981, 38.589
560, 0, 509, 67.6074, 38.6598
561, 0, 509, 67.4545, 38.73
562, 0, 509, 67.3016, 38.8
563, 0, 508, 68.0648, 38.87
564, 0, 508, 67.6912, 38.9396
565, 0, 507, 68.044, 39.0099
566, 0, 507, 67.559, 39.0808
567, 0, 507, 67.4061, 39.1689
568, 0, 507, 67.2016, 39.2401
569, 0, 506, 67.9648, 39.3102
570, 0, 506, 67.5912, 39.3801
571, 0, 506, 67.2177, 39.4497
572, 0, 505, 67.459, 39.5196
573, 0, 505, 67.2545, 39.5901
574, 0, 505, 67.1016, 39.6599
575, 0, 504, 67.8648, 39.7297
576, 0, 503, 68.628, 39.815
577, 0, 503, 68.2544, 39.8859
578, 0, 503, 67.8809, 39.9575
579, 0, 503, 67.728, 40.0277
580, 0, 503, 67.575, 40.1023
581, 0, 502, 68.3382, 40.1752
582, 0, 502, 67.9647, 40.2545
583, 0, 502, 67.5911, 40.3441
584, 0, 502, 67.4382, 40.4147
585, 0, 502, 67.2853, 40.4857
586, 0, 502, 67.0807, 40.5559
587, 0, 502, 66.9278, 40.6257
588, 0, 501, 67.691, 40.6959
589, 0, 500, 68.4542, 40.7659
590, 0, 500, 68.0807, 40.8366
591, 0, 500, 67.7071, 40.922
592, 0, 499, 67.9485, 40.9927
593, 0, 499, 67.7439, 41.0629
594, 0, 499, 67.591, 41.1329
595, 0, 499, 67.3865, 41.2033
596, 0, 498, 68.3865, 41.2737
597, 0, 498, 67.9714, 41.3646
598, 0, 498, 67.8015, 41.4887
599, 0, 497, 68.5647, 41.5863
600, 0, 497, 68.1912, 41.6908
601, 0, 497, 67.8176, 41.7915
602, 0, 497, 67.6647, 41.8936
603, 0, 497, 67.5118, 41.9968
604, 0, 496, 68.275, 42.1
605, 0, 496, 67.9014, 42.2027
606, 0, 496, 67.5279, 42.3035
607, 0, 495, 67.2957, 42.3957
608, 0, 494, 68.6439, 42.4678
609, 0, 493, 69.4071, 42.5383
610, 0, 492, 70.1703, 42.614
611, 0, 492, 69.7967, 42.6843
612, 0, 492, 69.4232, 42.7561
613, 0, 492, 69.2703, 42.8298
614, 0, 492, 69.1173, 42.9004
615, 0, 492, 69.4324, 42.9714
616, 0, 492, 69.3486, 43.0423
617, 0, 491, 70.1118, 43.1139
618, 0, 490, 70.875, 43.1842
619, 0, 490, 70.5014, 43.2548
620, 0, 490, 70.1279, 43.3284
621, 0, 490, 69.975, 43.399
622, 0, 490, 69.822, 43.4698
623, 0, 489, 70.0118, 43.5405
624, 0, 489, 69.928, 43.6128
625, 0, 488, 70.928, 43.6956
626, 0, 488, 70.5129, 43.7665
627, 0, 488, 70.343, 43.8372
628, 0, 488, 70.2499, 43.9073
629, 0, 488, 70.1661, 43.9793
630, 0, 487, 70.9293, 44.0728
631, 0, 486, 71.6925, 44.1451
632, 0, 486, 71.5396, 44.2306
633, 0, 485, 71.7809, 44.3036
634, 0, 485, 71.5764, 44.3744
635, 0, 485, 71.4926, 44.4458
636, 0, 484, 72.2558, 44.5164
637, 0, 483, 73.019, 44.5884
638, 0, 483, 72.6454, 44.6598
639, 0, 483, 72.2719, 44.7305
640, 0, 483, 72.119, 44.8024
641, 0, 483, 71.966, 44.8735
642, 0, 482, 72.7292, 44.9447
643, 0, 481, 73.4924, 45.0155
644, 0, 480, 74.2556, 45.0866
645, 0, 480, 73.8821, 45.1575
646, 0, 480, 73.5086, 45.2284
647, 0, 480, 73.3556, 45.2993
648, 0, 480, 73.2027, 45.3704
649, 0, 479, 73.9659, 45.4416
650, 0, 478, 74.7291, 45.5141
651, 0, 477, 74.4969, 45.5848
652, 0, 476, 75.845, 45.6559
653, 0, 476, 75.4715, 45.7283
654, 0, 476, 74.9866, 45.7995
655, 0, 475, 75.7498, 45.8714
656, 0, 474, 76.5129, 45.9677
657, 0, 473, 77.2761, 46.0485
658, 0, 473, 76.9026, 46.1202
659, 0, 473, 76.5291, 46.1982
660, 0, 473, 76.3761, 46.2682
661, 0, 473, 76.2232, 46.3391
662, 0, 472, 76.9864, 46.4098
663, 0, 471, 77.9864, 46.4803
664, 0, 471, 77.5714, 46.5519
665, 0, 471, 77.4014, 46.6225
666, 0, 470, 78.1646, 46.6929
667, 0, 469, 79.1646, 46.7631
668, 0, 469, 78.7496, 46.8353
669, 0, 469, 78.5797, 46.906
670, 0, 468, 79.3429, 46.9787
671, 0, 468, 78.8579, 47.0494
672, 0, 468, 78.4844, 47.1202
673, 0, 468, 78.2798, 47.2069
674, 0, 467, 79.043, 47.2943
675, 0, 466, 79.3958, 47.3658
676, 0, 466, 78.9108, 47.4366
677, 0, 465, 79.2636, 47.5074
678, 0, 465, 78.7787, 47.5922
679, 0, 465, 78.5741, 47.6659
680, 0, 465, 78.3696, 47.7368
681, 0, 464, 79.1328, 47.8075
682, 0, 464, 78.7592, 47.8784
683, 0, 464, 78.3857, 47.949
684, 0, 464, 78.2328, 48.02
685, 0, 464, 78.0798, 48.0911
686, 0, 463, 78.843, 48.1619
687, 0, 463, 78.4695, 48.2327
688, 0, 463, 78.096, 48.3037
689, 0, 463, 77.943, 48.3746
690, 0, 463, 77.7901, 48.4454
691, 0, 462, 78.5533, 48.5165
692, 0, 462, 78.1798, 48.5872
693, 0, 462, 77.8062, 48.658
694, 0, 462, 77.6533, 48.7308
695, 0, 462, 77.5004, 48.802
696, 0, 461, 78.2636, 48.8731
697, 0, 461, 77.89, 48.9444
698, 0, 461, 77.5165, 49.0153
699, 0, 461, 77.3636, 49.0862
700, 0, 461, 77.2106, 49.1575
701, 0, 460, 77.9738, 49.2302
702, 0, 459, 78.737, 49.3015
703, 0, 458, 79.5002, 49.3729
704, 0, 458, 79.1267, 49.4438
705, 0, 458, 78.7532, 49.515
706, 0, 458, 78.6002, 49.5874
707, 0, 458, 78.4473, 49.6586
708, 0, 457, 79.2105, 49.7302
709, 0, 457, 78.837, 49.8016
710, 0, 457, 78.4634, 49.8727
711, 0, 457, 78.3105, 49.9439
712, 0, 457, 78.1576, 50.0157
713, 0, 457, 78.0738, 50.0871
714, 0, 456, 78.837, 50.1578
715, 0, 455, 79.6002, 50.232
716, 0, 455, 79.2266, 50.3034
717, 0, 454, 79.5794, 50.3751
718, 0, 454, 79.0944, 50.4466
719, 0, 454, 78.9415, 50.5195
720, 0, 454, 79.1634, 50.5909
721, 0, 453, 79.9266, 50.6623
722, 0, 452, 80.6898, 50.7342
723, 0, 452, 80.3163, 50.8058
724, 0, 451, 80.6691, 50.888
725, 0, 451, 80.9841, 50.9668
726, 0, 451, 80.406, 51.0385
727, 0, 451, 80.2531, 51.11
728, 0, 451, 79.9897, 51.1816
729, 0, 450, 80.7529, 51.2535
730, 0, 449, 81.5161, 51.3257
731, 0, 448, 82.2793, 51.3982
732, 0, 448, 81.9057, 51.4705
733, 0, 448, 81.5322, 51.5424
734, 0, 448, 81.3793, 51.6143
735, 0, 448, 81.2263, 51.6863
736, 0, 447, 81.9895, 51.7582
737, 0, 446, 82.7527, 51.848
738, 0, 446, 82.3792, 51.9217
739, 0, 446, 82.0056, 51.9939
740, 0, 446, 81.8527, 52.0688
741, 0, 446, 81.6998, 52.1408
742, 0, 445, 82.463, 52.2136
743, 0, 444, 83.2262, 52.2861
744, 0, 443, 83.9894, 52.3582
745, 0, 443, 83.6158, 52.4303
746, 0, 443, 83.2423, 52.5026
747, 0, 443, 83.0894, 52.5748
748, 0, 443, 82.9364, 52.6467
749, 0, 442, 83.6996, 52.7191
750, 0, 441, 84.4628, 52.7914
751, 0, 441, 84.0893, 52.8638
752, 0, 441, 83.7158, 52.9357
753, 0, 441, 83.5628, 53.0091
754, 0, 440, 83.8042, 53.0815
755, 0, 439, 84.5674, 53.1537
756, 0, 438, 85.3306, 53.2278
757, 0, 438, 84.957, 53.3006
758, 0, 438, 84.5835, 53.3732
759, 0, 438, 84.4306, 53.448
760, 0, 438, 84.2776, 53.5209
761, 0, 437, 85.2776, 53.5935
762, 0, 437, 84.8626, 53.6666
763, 0, 437, 84.6927, 53.7393
764, 0, 436, 85.4559, 53.8123
765, 0, 435, 86.2191, 53.8851
766, 0, 434, 86.9823, 53.9582
767, 0, 434, 86.6087, 54.0335
768, 0, 434, 86.2352, 54.1069
769, 0, 433, 86.4765, 54.1796
770, 0, 433, 86.272, 54.2642
771, 0, 433, 86.1191, 54.3377
772, 0, 432, 86.8823, 54.4104
773, 0, 432, 86.5087, 54.4831
774, 0, 432, 86.1352, 54.5562
775, 0, 432, 85.9823, 54.6288
776, 0, 432, 85.8293, 54.7017
777, 0, 432, 85.6248, 54.7964
778, 0, 431, 86.6248, 54.8711
779, 0, 431, 86.2098, 54.9442
780, 0, 431, 86.0398, 55.0166
781, 0, 430, 86.803, 55.0894
782, 0, 430, 86.4295, 55.1621
783, 0, 430, 86.056, 55.2348
784, 0, 430, 85.903, 55.3073
785, 0, 430, 85.7501, 55.3799
786, 0, 429, 86.5133, 55.4527
787, 0, 429, 86.1398, 55.5258
788, 0, 428, 86.4925, 55.5993
789, 0, 428, 86.0076, 55.6723
790, 0, 428, 85.8546, 55.747
791, 0, 428, 85.6501, 55.82
792, 0, 427, 86.4133, 55.8932
793, 0, 426, 87.1765, 55.9772
794, 0, 425, 87.9397, 56.0507
795, 0, 425, 87.5662, 56.1239
796, 0, 425, 87.1926, 56.197
797, 0, 425, 87.0397, 56.2706
798, 0, 425, 86.8868, 56.3442
799, 0, 424, 87.65, 56.4175
800, 0, 423, 88.4132, 56.491
801, 0, 423, 88.0396, 56.5651
802, 0, 423, 87.6661, 56.6383
803, 0, 423, 87.5132, 56.7115
804, 0, 423, 87.3602, 56.785
805, 0, 422, 88.1234, 56.8582
806, 0, 422, 87.7499, 56.9575
807, 0, 422, 87.3763, 57.0339
808, 0, 421, 87.6177, 57.1181
809, 0, 421, 87.4132, 57.1921
810, 0, 421, 87.2602, 57.2653
811, 0, 421, 87.1497, 57.3398
812, 0, 420, 87.9129, 57.413
813, 0, 419, 88.6761, 57.4868
814, 0, 418, 89.4393, 57.5706
815, 0, 417, 89.2071, 57.6445
816, 0, 416, 90.5553, 57.7267
817, 0, 416, 90.1817, 57.8006
818, 0, 416, 89.6968, 57.8741
819, 0, 415, 90.46, 57.9471
820, 0, 415, 90.0864, 58.0605
821, 0, 415, 89.7129, 58.1827
822, 0, 415, 89.56, 58.2834
823, 0, 415, 89.407, 58.3836
824, 0, 414, 90.1702, 58.4939
825, 0, 413, 90.9334, 58.6067
826, 0, 413, 90.5599, 58.713
827, 0, 413, 90.1864, 58.8202
828, 0, 413, 90.0334, 58.9279
829, 0, 413, 89.8805, 59.0254
830, 0, 412, 89.6483, 59.1326
831, 0, 411, 90.9965, 59.227
832, 0, 411, 90.6229, 59.3104
833, 0, 411, 90.138, 59.3849
834, 0, 411, 89.985, 59.464
835, 0, 410, 90.985, 59.538
836, 0, 410, 90.57, 59.6124
837, 0, 410, 90.4001, 59.708
838, 0, 410, 90.3163, 59.7831
839, 0, 409, 90.0841, 59.8582
840, 0, 408, 91.4323, 59.9322
841, 0, 407, 92.1954, 60.0061
842, 0, 406, 92.9586, 60.0844
843, 0, 405, 93.7218, 60.1581
844, 0, 404, 94.7218, 60.2322
845, 0, 404, 94.3068, 60.3057
846, 0, 404, 94.1369, 60.3789
847, 0, 403, 94.9001, 60.4541
848, 0, 403, 94.5265, 60.5276
849, 0, 403, 94.153, 60.6014
850, 0, 403, 94.0001, 60.6747
851, 0, 403, 93.8471, 60.7485
852, 0, 402, 94.6103, 60.8231
853, 0, 402, 94.2368, 60.9084
854, 0, 401, 94.5896, 60.9981
855, 0, 401, 94.1046, 61.073
856, 0, 400, 94.346, 61.1475
857, 0, 400, 94.1414, 61.2219
858, 0, 400, 93.9369, 61.2962
859, 0, 399, 94.7001, 61.3695
860, 0, 399, 94.3265, 61.4427
861, 0, 399, 93.953, 61.5158
862, 0, 399, 93.8001, 61.5891
863, 0, 399, 93.6471, 61.6625
864, 0, 398, 94.4103, 61.736
865, 0, 397, 95.4103, 61.8095
866, 0, 397, 94.9953, 61.8826
867, 0, 397, 94.8254, 61.9561
868, 0, 397, 94.6724, 62.0291
869, 0, 396, 95.4356, 62.103
870, 0, 395, 96.1988, 62.1764
871, 0, 395, 95.8253, 62.25
872, 0, 395, 95.4518, 62.3235
873, 0, 395, 95.2988, 62.3971
874, 0, 395, 95.1459, 62.4705
875, 0, 394, 96.1459, 62.5443
876, 0, 394, 95.7309, 62.6178
877, 0, 394, 95.5609, 62.6909
878, 0, 394, 95.4771, 62.7645
879, 0, 394, 95.3934, 62.8381
880, 0, 394, 95.0198, 62.9119
881, 0, 394, 94.5349, 62.9854
882, 0, 394, 94.4511, 63.059
883, 0, 394, 94.3673, 63.1324
884, 0, 394, 94.2835, 63.2058
885, 0, 394, 94.1997, 63.2794
886, 0, 394, 94.1159, 63.353
887, 0, 394, 94.0228, 63.4263
888, 0, 394, 93.8182, 63.4996
889, 0, 394, 93.6653, 63.5731
890, 0, 394, 93.5815, 63.6487
891, 0, 394, 93.4977, 63.7264
892, 0, 394, 93.4139, 63.7999
893, 0, 394, 93.3301, 63.8734
894, 0, 393, 93.5198, 63.9472
895, 0, 393, 93.436, 64.0207
896, 0, 392, 93.6258, 64.0943
897, 0, 392, 93.4212, 64.1681
898, 0, 392, 93.6432, 64.2518
899, 0, 391, 93.8329, 64.3259
900, 0, 391, 93.7491, 64.3994
901, 0, 391, 93.5445, 64.4728
902, 0, 391, 93.0596, 64.5466
903, 0, 391, 93.0066, 64.6349
904, 0, 391, 92.9228, 64.7126
905, 0, 390, 93.1125, 64.7864
906, 0, 390, 93.002, 64.862
907, 0, 390, 92.949, 64.9351
908, 0, 390, 92.8652, 65.0088
909, 0, 389, 93.8652, 65.0821
910, 0, 389, 93.4502, 65.1559
911, 0, 389, 93.2803, 65.2295
912, 0, 389, 93.1965, 65.3048
913, 0, 389, 93.1033, 65.4023
914, 0, 389, 93.3253, 65.4892
915, 0, 389, 93.2415, 65.5638
916, 0, 389, 93.131, 65.6528
917, 0, 389, 93.078, 65.7402
918, 0, 389, 92.7044, 65.8137
919, 0, 388, 93.0572, 65.8872
920, 0, 388, 92.5722, 65.961
921, 0, 387, 93.3354, 66.0346
922, 0, 387, 92.9619, 66.1096
923, 0, 387, 92.5884, 66.1846
924, 0, 387, 92.4354, 66.2597
925, 0, 387, 92.2825, 66.3475
926, 0, 387, 92.1987, 66.4225
927, 0, 386, 92.9619, 66.4964
928, 0, 385, 93.7251, 66.5711
929, 0, 385, 93.5722, 66.6449
930, 0, 385, 93.1986, 66.7186
931, 0, 385, 93.1148, 66.7925
932, 0, 385, 92.9619, 66.8661
933, 0, 384, 93.9619, 66.9486
934, 0, 384, 93.5469, 67.0294
935, 0, 384, 93.3769, 67.1032
936, 0, 384, 93.2931, 67.1769
937, 0, 383, 93.061, 67.2507
938, 0, 382, 94.4091, 67.34
939, 0, 382, 94.0356, 67.4154
940, 0, 382, 93.4575, 67.4891
941, 1, 381, 94.4575, 67.5721
942, 2, 381, 94.0425, 67.6466
943, 3, 381, 93.8725, 67.7207
944, 4, 380, 94.8725, 67.7943
945, 5, 380, 94.4575, 67.8683
946, 6, 380, 94.2876, 67.9425
947, 7, 380, 94.1945, 68.0167
948, 8, 380, 94.1014, 68.0908
949, 8, 380, 93.9909, 68.1686
950, 8, 379, 94.7541, 68.2429
951, 8, 378, 95.5173, 68.3166
952, 8, 378, 95.1437, 68.3904
953, 8, 378, 94.7702, 68.4653
954, 8, 378, 94.6173, 68.5392
955, 8, 378, 94.4643, 68.6137
956, 8, 377, 95.2275, 68.6881
957, 8, 376, 95.9907, 68.762
958, 8, 376, 95.6172, 68.8361
959, 8, 375, 95.97, 68.9105
960, 8, 375, 95.485, 68.996
961, 8, 375, 95.3321, 69.0701
962, 8, 375, 95.1275, 69.144
963, 8, 375, 95.0437, 69.2189
964, 8, 375, 94.9599, 69.3115
965, 8, 374, 95.7231, 69.387
966, 8, 373, 96.4863, 69.4633
967, 8, 373, 96.1128, 69.5376
968, 8, 373, 95.7393, 69.6116
969, 8, 372, 95.9806, 69.6889
970, 8, 372, 95.7761, 69.7632
971, 8, 371, 96.0174, 69.8387
972, 8, 371, 95.8129, 69.9131
973, 8, 371, 95.7024, 69.9879
974, 8, 370, 96.4656, 70.0637
975, 8, 370, 96.092, 70.1382
976, 8, 370, 95.7185, 70.2122
977, 8, 370, 95.5656, 70.2861
978, 8, 370, 95.4126, 70.3602
979, 8, 369, 96.1758, 70.4339
980, 8, 369, 96.1085, 70.5083
981, 8, 369, 96.0154, 70.5824
982, 8, 369, 95.9316, 70.6564
983, 8, 368, 96.9316, 70.7305
984, 8, 368, 96.5165, 70.8049
985, 8, 368, 96.3466, 70.8879
986, 8, 368, 96.2535, 70.9627
987, 8, 368, 96.1604, 71.0367
988, 8, 368, 96.0766, 71.1106
989, 8, 368, 96.3916, 71.1922
990, 8, 367, 97.3916, 71.2774
991, 8, 367, 96.9766, 71.354
992, 8, 367, 96.8067, 71.4562
993, 8, 367, 96.2286, 71.533
994, 9, 367, 96.1697, 71.6097
995, 10, 367, 96.1108, 71.6844
996, 10, 367, 95.9579, 71.7584
997, 10, 367, 95.7533, 71.8338
998, 10, 367, 95.3798, 71.9084
999, 10, 367, 95.2693, 71.983
1000, 10, 367, 95.1855, 72.0569
1001, 10, 367, 94.812, 72.1311
1002, 10, 367, 94.7679, 72.2075
1003, 10, 367, 94.6841, 72.2841
1004, 10, 367, 94.6003, 72.3585
1005, 10, 367, 94.5165, 72.4336
1006, 10, 367, 94.4327, 72.5078
1007, 10, 367, 93.8546, 72.5846
1008, 10, 367, 93.7017, 72.6585
1009, 10, 367, 93.4383, 72.7464
1010, 10, 367, 93.3853, 72.8229
1011, 10, 367, 93.3015, 72.8975
1012, 10, 367, 93.2083, 72.9719
1013, 10, 367, 93.0978, 73.0484
1014, 10, 366, 93.2465, 73.1231
1015, 10, 366, 93.2025, 73.2106
1016, 10, 366, 93.1495, 73.2862
1017, 10, 366, 93.0657, 73.3632
1018, 10, 366, 93.0126, 73.4376
1019, 10, 366, 92.9195, 73.5119
1020, 10, 366, 92.8357, 73.5988
1021, 10, 366, 92.7827, 73.6875
1022, 10, 366, 92.7154, 73.7625
1023, 10, 366, 92.6624, 73.8368
1024, 10, 366, 92.5786, 73.9109
1025, 10, 366, 92.4948, 73.9893
1026, 10, 366, 92.2903, 74.0689
1027, 10, 365, 92.5316, 74.1456
1028, 10, 365, 92.4478, 74.2334
1029, 10, 365, 92.364, 74.3094
1030, 10, 365, 92.2709, 74.3892
1031, 10, 365, 92.1871, 74.4665
1032, 10, 365, 92.1341, 74.5432
1033, 10, 365, 92.0236, 74.6177
1034, 10, 365, 91.9706, 74.7263
1035, 10, 365, 91.9176, 74.8537
1036, 10, 365, 91.8338, 74.9759
1037, 10, 365, 91.75, 75.0854
1038, 10, 365, 91.6662, 75.1928
1039, 10, 365, 91.5824, 75.3117
1040, 10, 365, 91.4719, 75.4186
1041, 10, 365, 91.3614, 75.5304
1042, 10, 365, 91.2776, 75.6385
1043, 10, 364, 91.4673, 75.745
1044, 10, 363, 91.6571, 75.8366
1045, 10, 363, 91.5466, 75.9125
1046, 10, 363, 91.4628, 75.9918
1047, 10, 362, 91.6525, 76.0666
1048, 10, 362, 91.5687, 76.1413
1049, 10, 361, 91.7584, 76.2167
1050, 10, 361, 91.6653, 76.293
1051, 10, 361, 91.5815, 76.368
1052, 10, 361, 91.471, 76.4434
1053, 10, 361, 91.2076, 76.5186
1054, 10, 361, 91.0971, 76.5939
1055, 10, 361, 90.9866, 76.6691
1056, 10, 361, 90.9028, 76.7438
1057, 10, 361, 90.819, 76.8192
1058, 10, 361, 90.766, 76.8943
1059, 10, 361, 90.6822, 76.9708
1060, 10, 361, 90.5717, 77.0463
1061, 10, 361, 90.4612, 77.1217
1062, 10, 361, 90.3507, 77.2096
1063, 10, 361, 90.2576, 77.285
1064, 10, 361, 90.1471, 77.3617
1065, 10, 361, 89.8837, 77.4369
1066, 10, 361, 89.7732, 77.5119
1067, 10, 361, 89.6627, 77.6049
1068, 10, 361, 89.5789, 77.6806
1069, 10, 361, 89.4951, 77.7564
1070, 10, 360, 90.2583, 77.832
1071, 10, 359, 91.0215, 77.9083
1072, 10, 359, 90.6479, 77.9841
1073, 10, 359, 90.2744, 78.0594
1074, 10, 359, 90.1215, 78.135
1075, 10, 359, 89.9685, 78.2102
1076, 10, 358, 90.7317, 78.2854
1077, 10, 357, 91.7317, 78.3605
1078, 10, 357, 91.3167, 78.4357
1079, 10, 357, 91.1468, 78.5151
1080, 10, 356, 91.91, 78.5905
1081, 10, 355, 92.6732, 78.6666
1082, 10, 355, 92.2996, 78.7416
1083, 10, 355, 91.9261, 78.8351
1084, 10, 355, 91.7732, 78.9129
1085, 10, 355, 91.6202, 78.9885
1086, 10, 354, 92.3834, 79.0641
1087, 10, 353, 93.3834, 79.1394
1088, 10, 353, 92.9684, 79.2152
1089, 10, 353, 92.7985, 79.2905
1090, 10, 352, 93.5617, 79.3753
1091, 10, 351, 94.3248, 79.4515
1092, 10, 351, 93.9513, 79.527
1093, 10, 351, 93.5778, 79.6028
1094, 10, 351, 93.4248, 79.6915
1095, 10, 351, 93.2719, 79.7684
1096, 10, 350, 94.0351, 79.8442
1097, 10, 349, 95.0351, 79.9197
1098, 10, 349, 94.6201, 79.9954
1099, 10, 349, 94.4502, 80.072
1100, 10, 348, 95.2133, 80.1477
1101, 10, 347, 95.9765, 80.2236
1102, 10, 346, 96.3293, 80.2996
1103, 10, 346, 95.8444, 80.3754
1104, 10, 346, 95.4708, 80.4511
1105, 10, 346, 95.2663, 80.5267
1106, 10, 346, 95.1133, 80.6027
1107, 10, 345, 95.8765, 80.6788
1108, 10, 344, 96.8765, 80.7547
1109, 10, 344, 96.4615, 80.8325
1110, 10, 344, 96.2916, 80.9221
1111, 10, 343, 97.0548, 81.006
1112, 10, 342, 97.818, 81.0824
1113, 10, 342, 97.4444, 81.1587
1114, 10, 342, 97.0709, 81.2348
1115, 10, 342, 96.918, 81.3123
1116, 10, 342, 96.765, 81.3878
1117, 10, 341, 97.765, 81.463
1118, 10, 341, 97.35, 81.5383
1119, 10, 341, 97.1801, 81.6136
1120, 10, 340, 97.9433, 81.6891
1121, 10, 340, 97.5697, 81.7647
1122, 10, 340, 97.1962, 81.8399
1123, 10, 340, 97.0433, 81.915
1124, 10, 340, 96.8903, 81.9899
1125, 10, 339, 97.6535, 82.0652
1126, 10, 338, 98.0063, 82.1407
1127, 10, 338, 98.3214, 82.2164
1128, 10, 337, 99.0845, 82.2922
1129, 10, 337, 98.711, 82.3681
1130, 10, 337, 98.3375, 82.4446
1131, 10, 337, 98.1845, 82.5309
1132, 10, 337, 98.0316, 82.6094
1133, 10, 336, 97.7994, 82.6852
1134, 10, 335, 99.1476, 82.7616
1135, 10, 335, 98.774, 82.8375
1136, 10, 335, 98.2891, 82.9146
1137, 10, 334, 99.2891, 82.9901
1138, 10, 334, 98.874, 83.0658
1139, 10, 334, 98.7041, 83.1411
1140, 10, 333, 98.9455, 83.2166
1141, 10, 333, 98.8617, 83.292
1142, 10, 332, 99.6249, 83.3675
1143, 10, 331, 99.3927, 83.4438
1144, 10, 330, 100.741, 83.5208
1145, 10, 330, 100.367, 83.5965
1146, 10, 330, 99.8823, 83.672
1147, 10, 329, 100.646, 83.7491
1148, 10, 328, 101.409, 83.825
1149, 10, 327, 102.172, 83.9161
1150, 10, 326, 102.525, 83.9933
1151, 10, 326, 102.04, 84.0695
1152, 10, 326, 101.666, 84.1457
1153, 10, 326, 101.462, 84.2313
1154, 10, 326, 101.309, 84.3081
1155, 10, 325, 102.072, 84.3841
1156, 10, 324, 102.835, 84.4601
1157, 10, 323, 103.598, 84.5361
1158, 10, 322, 103.951, 84.6151
1159, 10, 322, 103.466, 84.6915
1160, 10, 322, 103.093, 84.767
1161, 10, 322, 102.888, 84.8431
1162, 10, 322, 102.735, 84.919
1163, 10, 321, 103.498, 84.9947
1164, 10, 320, 104.262, 85.0706
1165, 11, 319, 105.262, 85.1605
1166, 12, 319, 104.846, 85.2376
1167, 13, 319, 104.677, 85.3141
1168, 13, 318, 105.44, 85.39
1169, 13, 317, 106.203, 85.4672
1170, 13, 317, 105.829, 85.5433
1171, 13, 317, 105.456, 85.6193
1172, 13, 317, 105.303, 85.6952
1173, 13, 317, 105.15, 85.7711
1174, 13, 316, 105.913, 85.8471
1175, 13, 315, 106.676, 85.9233
1176, 13, 314, 107.44, 86.0129
1177, 13, 314, 107.066, 86.0898
1178, 13, 314, 106.693, 86.1671
1179, 13, 314, 106.54, 86.2436
1180, 13, 314, 106.387, 86.3196
1181, 13, 313, 107.15, 86.3963
1182, 13, 312, 107.913, 86.4724
1183, 13, 312, 107.54, 86.5518
1184, 13, 312, 107.166, 86.6278
1185, 13, 312, 107.013, 86.7047
1186, 13, 312, 106.86, 86.7811
1187, 13, 311, 107.86, 86.8589
1188, 13, 311, 107.445, 86.9353
1189, 13, 311, 107.275, 87.0113
1190, 13, 310, 108.038, 87.0872
1191, 13, 310, 107.665, 87.1657
1192, 13, 310, 107.291, 87.2421
1193, 13, 310, 107.138, 87.3221
1194, 13, 310, 106.985, 87.3984
1195, 13, 309, 107.749, 87.475
1196, 13, 308, 108.512, 87.5629
1197, 13, 307, 108.28, 87.6498
1198, 13, 306, 109.628, 87.7265
1199, 13, 306, 109.254, 87.8026
1200, 13, 306, 108.769, 87.882
1201, 13, 305, 109.533, 87.9581
1202, 13, 305, 109.159, 88.0355
1203, 13, 305, 108.785, 88.1333
1204, 13, 305, 108.633, 88.2129
1205, 13, 305, 108.48, 88.2898
1206, 14, 305, 108.386, 88.3689
1207, 14, 305, 108.303, 88.4453
1208, 14, 304, 109.303, 88.5234
1209, 14, 304, 108.888, 88.5999
1210, 14, 304, 108.718, 88.6758
1211, 14, 303, 108.486, 88.7521
1212, 14, 302, 109.834, 88.829
1213, 14, 301, 110.834, 88.9147
1214, 14, 301, 110.419, 88.9915
1215, 14, 301, 110.249, 89.068
1216, 14, 300, 111.249, 89.1457
1217, 14, 300, 110.834, 89.2225
1218, 14, 300, 110.664, 89.2994
1219, 14, 299, 111.427, 89.3755
1220, 14, 298, 112.19, 89.4521
1221, 14, 297, 113.19, 89.5288
1222, 14, 297, 112.775, 89.6053
1223, 14, 297, 112.605, 89.6817
1224, 14, 296, 113.368, 89.7696
1225, 14, 296, 112.995, 89.8467
1226, 14, 296, 112.621, 89.9232
1227, 14, 296, 112.468, 89.9997
1228, 14, 296, 112.315, 90.0762
1229, 14, 296, 111.83, 90.153
1230, 14, 296, 111.457, 90.2354
1231, 14, 296, 111.679, 90.3325
1232, 14, 296, 111.595, 90.41
1233, 14, 295, 112.358, 90.4869
1234, 14, 294, 113.121, 90.5638
1235, 14, 293, 113.885, 90.6411
1236, 14, 293, 113.511, 90.718
1237, 14, 293, 113.138, 90.7948
1238, 14, 293, 112.985, 90.8807
1239, 14, 293, 112.832, 90.9609
1240, 14, 292, 113.832, 91.0381
1241, 14, 292, 113.417, 91.1151
1242, 14, 292, 113.247, 91.1916
1243, 14, 291, 114.01, 91.268
1244, 14, 291, 113.636, 91.3779
1245, 14, 291, 113.263, 91.5088
1246, 14, 290, 113.504, 91.6151
1247, 14, 290, 113.3, 91.7251
1248, 14, 290, 113.147, 91.8367
1249, 14, 290, 113.31, 91.9538
1250, 14, 290, 113.217, 92.0732
1251, 14, 290, 113.012, 92.1847
1252, 14, 289, 113.775, 92.2876
1253, 14, 288, 114.539, 92.3654
1254, 14, 288, 114.165, 92.4417
1255, 14, 288, 113.791, 92.5179
1256, 14, 288, 113.639, 92.5939
1257, 14, 288, 113.486, 92.6705
1258, 14, 288, 113.333, 92.7471
1259, 14, 288, 113.222, 92.8237
1260, 14, 288, 113.138, 92.9025
1261, 14, 287, 113.902, 92.9794
1262, 14, 286, 114.665, 93.0566
1263, 14, 285, 115.428, 93.1341
1264, 14, 285, 115.054, 93.2111
1265, 14, 285, 114.681, 93.29
1266, 14, 284, 114.922, 93.3675
1267, 14, 284, 114.718, 93.4451
1268, 14, 284, 114.565, 93.5231
1269, 14, 283, 115.328, 93.6009
1270, 14, 283, 114.954, 93.6786
1271, 14, 283, 114.581, 93.7559
1272, 14, 283, 114.428, 93.8336
1273, 14, 283, 114.275, 93.9222
1274, 14, 283, 114.191, 94.0004
1275, 14, 282, 115.191, 94.0783
1276, 14, 282, 114.776, 94.156
1277, 14, 282, 114.606, 94.2511
1278, 14, 282, 114.496, 94.3292
1279, 14, 281, 115.496, 94.4067
1280, 14, 281, 115.081, 94.4843
1281, 14, 281, 114.911, 94.5708
1282, 14, 280, 115.674, 94.6508
1283, 14, 279, 116.437, 94.7282
1284, 14, 279, 116.064, 94.8055
1285, 14, 279, 115.69, 94.883
1286, 14, 279, 115.537, 94.9607
1287, 14, 279, 115.384, 95.038
1288, 14, 278, 116.384, 95.1158
1289, 14, 278, 115.969, 95.1935
1290, 14, 278, 115.799, 95.2708
1291, 14, 278, 115.716, 95.3486
1292, 14, 278, 115.632, 95.4291
1293, 14, 278, 115.548, 95.5079
1294, 14, 278, 115.455, 95.5849
1295, 14, 277, 115.645, 95.6633
1296, 14, 277, 115.561, 95.7412
1297, 14, 277, 115.477, 95.8192
1298, 14, 277, 115.384, 95.8965
1299, 14, 277, 115.588, 95.9759
1300, 14, 277, 115.505, 96.0564
1301, 14, 277, 115.421, 96.1366
1302, 14, 277, 115.337, 96.2139
1303, 14, 276, 116.337, 96.2932
1304, 14, 276, 115.922, 96.3703
1305, 14, 276, 115.752, 96.4472
1306, 14, 275, 116.515, 96.5242
1307, 14, 275, 116.142, 96.6012
1308, 14, 275, 116.058, 96.6783
1309, 14, 275, 115.974, 96.7551
1310, 14, 275, 115.601, 96.8318
1311, 14, 274, 116.364, 96.9088
1312, 14, 274, 115.99, 96.9858
1313, 14, 273, 116.343, 97.0645
1314, 14, 273, 115.858, 97.1641
1315, 14, 273, 115.705, 97.2428
1316, 14, 273, 115.501, 97.3198
1317, 14, 273, 115.417, 97.3966
1318, 14, 272, 116.18, 97.4737
1319, 14, 271, 116.943, 97.561
1320, 14, 271, 116.57, 97.6391
1321, 14, 271, 116.196, 97.7159
1322, 14, 271, 116.043, 97.793
1323, 14, 271, 115.89, 97.8718
1324, 14, 270, 116.653, 97.9674
1325, 14, 270, 116.28, 98.0456
1326, 14, 270, 115.906, 98.1232
1327, 14, 270, 115.753, 98.2002
1328, 14, 270, 115.6, 98.2776
1329, 14, 269, 116.6, 98.3548
1330, 14, 269, 116.185, 98.4324
1331, 14, 269, 116.016, 98.5091
1332, 14, 269, 115.863, 98.5862
1333, 14, 269, 115.769, 98.6676
1334, 14, 269, 115.565, 98.7451
1335, 14, 269, 115.481, 98.8225
1336, 14, 269, 115.397, 98.8993
1337, 14, 269, 115.244, 98.9761
1338, 14, 269, 114.871, 99.053
1339, 14, 269, 114.787, 99.1305
1340, 14, 269, 114.634, 99.2072
1341, 14, 269, 114.524, 99.2856
1342, 14, 269, 114.471, 99.3644
1343, 14, 269, 114.387, 99.4457
1344, 14, 269, 113.809, 99.5616
1345, 14, 269, 113.435, 99.6401
1346, 14, 269, 113.172, 99.7175
1347, 14, 269, 113.019, 99.7984
1348, 14, 269, 112.935, 99.8771
1349, 14, 269, 112.851, 99.954
1350, 14, 269, 112.741, 100.032
1351, 14, 268, 112.931, 100.109
1352, 14, 268, 112.878, 100.187
1353, 14, 268, 112.81, 100.265
1354, 14, 268, 112.717, 100.343
1355, 14, 268, 112.624, 100.42
1356, 14, 267, 112.814, 100.497
1357, 14, 266, 112.977, 100.574
1358, 14, 266, 112.918, 100.651
1359, 14, 266, 112.859, 100.729
1360, 14, 266, 112.748, 100.805
1361, 14, 266, 112.665, 100.919
1362, 14, 266, 112.581, 101.03
1363, 14, 265, 112.744, 101.137
1364, 14, 265, 112.66, 101.246
1365, 14, 264, 112.823, 101.358
1366, 15, 264, 112.764, 101.455
1367, 15, 264, 112.711, 101.55
1368, 15, 264, 112.627, 101.629
1369, 15, 264, 112.474, 101.706
1370, 15, 264, 112.421, 101.784
1371, 15, 264, 112.27, 101.861
1372, 15, 264, 112.211, 101.938
1373, 15, 264, 112.101, 102.016
1374, 15, 264, 112.034, 102.093
1375, 15, 264, 111.981, 102.171
1376, 15, 264, 111.928, 102.248
1377, 15, 264, 111.875, 102.328
1378, 15, 264, 111.807, 102.408
1379, 15, 264, 111.771, 102.486
1380, 15, 264, 111.703, 102.563
1381, 15, 264, 111.62, 102.64
1382, 15, 264, 111.561, 102.717
1383, 15, 264, 111.508, 102.794
1384, 15, 264, 111.455, 102.872
1385, 15, 264, 111.418, 102.951
1386, 15, 264, 111.325, 103.029
1387, 15, 264, 111.241, 103.106
1388, 15, 264, 111.214, 103.183
1389, 15, 264, 111.161, 103.262
1390, 15, 264, 111.068, 103.34
1391, 15, 264, 110.984, 103.421
1392, 15, 264, 110.901, 103.498
1393, 15, 264, 110.817, 103.576
1394, 15, 264, 110.764, 103.655
1395, 15, 264, 110.671, 103.733
1396, 15, 264, 110.578, 103.818
1397, 15, 264, 110.494, 103.895
1398, 15, 264, 110.435, 103.975
1399, 15, 264, 110.398, 104.053
1400, 15, 264, 110.345, 104.131
1401, 15, 264, 110.262, 104.22
1402, 15, 263, 110.451, 104.303
1403, 15, 263, 110.358, 104.381
1404, 15, 263, 110.248, 104.459
1405, 15, 263, 110.137, 104.538
1406, 15, 263, 110.084, 104.615
1407, 15, 263, 109.991, 104.698
1408, 15, 263, 109.898, 104.8
1409, 15, 263, 109.814, 104.879
1410, 15, 263, 109.977, 104.958
1411, 15, 263, 109.893, 105.036
1412, 15, 263, 109.8, 105.113
1413, 15, 263, 109.649, 105.191
1414, 15, 263, 109.59, 105.272
1415, 15, 263, 109.537, 105.359
1416, 15, 263, 109.453, 105.438
1417, 15, 263, 109.37, 105.516
1418, 15, 263, 109.286, 105.594
1419, 15, 263, 109.202, 105.691
1420, 15, 263, 109.149, 105.771
1421, 15, 263, 109.056, 105.848
1422, 15, 263, 108.851, 105.936
1423, 15, 263, 108.758, 106.014
1424, 15, 263, 108.554, 106.092
1425, 15, 263, 108.717, 106.17
1426, 15, 263, 108.658, 106.261
1427, 15, 263, 108.605, 106.341
1428, 15, 263, 108.521, 106.419
1429, 15, 263, 108.428, 106.497
1430, 15, 263, 108.344, 106.575
1431, 15, 263, 108.26, 106.655
1432, 15, 263, 108.177, 106.733
1433, 15, 263, 108.083, 106.811
1434, 15, 263, 107.973, 106.891
1435, 15, 263, 107.88, 106.994
1436, 15, 263, 107.727, 107.074
1437, 15, 263, 107.634, 107.152
1438, 15, 263, 107.429, 107.229
1439, 15, 263, 107.276, 107.313
1440, 15, 263, 107.166, 107.392
1441, 15, 263, 107.113, 107.47
1442, 15, 263, 106.739, 107.562
1443, 15, 263, 106.366, 107.642
1444, 15, 263, 106.282, 107.721
1445, 15, 263, 106.215, 107.799
1446, 15, 263, 106.01, 107.878
1447, 15, 262, 106.2, 107.957
1448, 15, 262, 106.116, 108.071
1449, 15, 262, 106.032, 108.201
1450, 15, 262, 106.296, 108.314
1451, 15, 262, 106.143, 108.426
1452, 15, 262, 106.032, 108.547
1453, 15, 262, 105.979, 108.665
1454, 15, 262, 105.869, 108.777
1455, 15, 262, 105.785, 108.888
1456, 15, 262, 105.948, 109
1457, 15, 262, 105.837, 109.084
1458, 15, 262, 105.685, 109.163
1459, 15, 262, 105.574, 109.24
1460, 15, 262, 105.464, 109.318
1461, 15, 262, 105.38, 109.396
1462, 15, 262, 105.296, 109.474
1463, 15, 262, 105.185, 109.552
1464, 15, 262, 105.092, 109.63
1465, 15, 262, 105.009, 109.708
1466, 15, 262, 104.925, 109.785
1467, 15, 262, 104.841, 109.863
1468, 15, 262, 104.788, 109.942
1469, 15, 261, 104.978, 110.02
1470, 15, 261, 104.925, 110.098
1471, 15, 261, 104.872, 110.177
1472, 15, 261, 104.819, 110.257
1473, 15, 260, 105.06, 110.335
1474, 15, 260, 104.967, 110.413
1475, 15, 260, 104.9, 110.49
1476, 15, 260, 104.789, 110.568
1477, 15, 260, 105.011, 110.646
1478, 15, 260, 104.952, 110.725
1479, 15, 260, 104.899, 110.803
1480, 15, 260, 104.846, 110.897
1481, 15, 260, 104.787, 110.979
1482, 15, 260, 104.72, 111.057
1483, 15, 260, 104.653, 111.135
1484, 15, 260, 104.585, 111.215
1485, 15, 260, 104.501, 111.295
1486, 15, 260, 104.297, 111.373
1487, 15, 260, 104.229, 111.451
1488, 15, 260, 104.119, 111.529
1489, 15, 260, 103.914, 111.607
1490, 15, 259, 104.104, 111.686
1491, 15, 259, 104.011, 111.763
1492, 15, 259, 103.807, 111.843
1493, 15, 259, 103.754, 111.922
1494, 15, 259, 103.701, 112
1495, 15, 259, 103.496, 112.078
1496, 15, 259, 103.385, 112.156
1497, 15, 258, 103.549, 112.235
1498, 15, 258, 103.496, 112.313
1499, 15, 258, 103.385, 112.392
1500, 15, 258, 103.292, 112.47
1501, 15, 257, 103.482, 112.55
1502, 15, 257, 103.429, 112.628
1503, 15, 257, 103.376, 112.706
1504, 15, 257, 103.323, 112.783
1505, 15, 257, 103.239, 112.862
1506, 15, 257, 103.155, 112.939
1507, 15, 257, 103.004, 113.017
1508, 15, 257, 102.92, 113.094
1509, 15, 257, 102.884, 113.172
1510, 15, 257, 102.8, 113.25
1511, 15, 257, 102.716, 113.327
1512, 15, 257, 102.663, 113.405
1513, 15, 257, 102.579, 113.483
1514, 15, 257, 102.512, 113.56
1515, 15, 256, 102.675, 113.638
1516, 15, 256, 102.607, 113.716
1517, 15, 256, 102.524, 113.794
1518, 15, 255, 102.713, 113.871
1519, 15, 255, 102.56, 113.949
1520, 15, 255, 102.467, 114.03
1521, 15, 255, 102.384, 114.108
1522, 15, 255, 102.3, 114.186
1523, 15, 254, 103.063, 114.285
1524, 15, 253, 103.826, 114.363
1525, 15, 253, 103.453, 114.442
1526, 15, 253, 103.079, 114.52
1527, 15, 253, 102.926, 114.597
1528, 15, 252, 103.167, 114.676
1529, 15, 251, 104.167, 114.754
1530, 15, 251, 103.752, 114.834
1531, 15, 251, 103.583, 114.912
1532, 15, 250, 104.346, 114.991
1533, 15, 249, 105.109, 115.071
1534, 15, 248, 105.872, 115.15
1535, 15, 248, 105.499, 115.228
1536, 15, 248, 105.125, 115.306
1537, 15, 248, 104.972, 115.384
1538, 15, 248, 104.819, 115.462
1539, 15, 247, 105.819, 115.541
1540, 15, 247, 105.404, 115.618
1541, 15, 247, 105.234, 115.696
1542, 15, 246, 105.997, 115.784
1543, 15, 245, 106.761, 115.863
1544, 15, 244, 107.524, 115.95
1545, 15, 244, 107.15, 116.028
1546, 15, 243, 107.503, 116.106
1547, 15, 243, 107.018, 116.186
1548, 15, 243, 106.865, 116.266
1549, 15, 243, 106.661, 116.344
1550, 15, 242, 107.661, 116.422
1551, 15, 242, 107.246, 116.499
1552, 15, 242, 107.076, 116.577
1553, 15, 241, 107.839, 116.655
1554, 15, 240, 108.839, 116.733
1555, 15, 240, 108.424, 116.811
1556, 15, 240, 108.254, 116.889
1557, 15, 239, 109.017, 116.966
1558, 15, 238, 110.017, 117.044
1559, 15, 238, 109.602, 117.122
1560, 15, 238, 109.432, 117.199
1561, 15, 237, 110.432, 117.277
1562, 15, 237, 110.017, 117.355
1563, 15, 237, 109.847, 117.433
1564, 15, 236, 109.615, 117.51
1565, 15, 235, 110.963, 117.598
1566, 15, 235, 110.59, 117.679
1567, 15, 235, 110.105, 117.757
1568, 15, 234, 110.868, 117.834
1569, 15, 234, 110.494, 117.914
1570, 15, 234, 110.121, 117.992
1571, 15, 234, 109.968, 118.07
1572, 15, 234, 109.815, 118.148
1573, 15, 233, 110.578, 118.225
1574, 15, 233, 110.205, 118.304
1575, 15, 232, 110.557, 118.382
1576, 15, 232, 110.072, 118.46
1577, 15, 232, 109.919, 118.537
1578, 15, 232, 109.715, 118.615
1579, 15, 231, 110.478, 118.694
1580, 15, 231, 110.105, 118.802
1581, 15, 231, 109.731, 118.881
1582, 15, 231, 109.578, 118.974
1583, 15, 231, 109.425, 119.053
1584, 15, 230, 110.425, 119.131
1585, 15, 230, 110.01, 119.209
1586, 15, 230, 109.84, 119.287
1587, 15, 230, 109.636, 119.365
1588, 15, 229, 110.399, 119.443
1589, 15, 228, 111.162, 119.536
1590, 15, 227, 111.925, 119.616
1591, 15, 226, 111.693, 119.694
1592, 15, 225, 113.041, 119.774
1593, 15, 225, 112.668, 119.853
1594, 15, 225, 112.183, 119.93
1595, 15, 224, 112.946, 120.008
1596, 15, 224, 112.572, 120.086
1597, 15, 224, 112.199, 120.164
1598, 15, 224, 112.046, 120.258
1599, 15, 224, 111.893, 120.337
1600, 15, 223, 111.661, 120.415
1601, 15, 222, 113.009, 120.494
1602, 15, 222, 112.635, 120.572
1603, 15, 222, 112.15, 120.65
1604, 15, 221, 113.15, 120.728
1605, 15, 221, 112.735, 120.808
1606, 15, 221, 112.566, 120.899
1607, 15, 221, 112.413, 120.978
1608, 15, 221, 112.329, 121.056
1609, 15, 221, 112.176, 121.134
1610, 15, 221, 112.065, 121.213
1611, 15, 221, 111.912, 121.297
1612, 15, 221, 111.819, 121.377
1613, 15, 221, 111.726, 121.48
1614, 15, 221, 111.948, 121.56
1615, 15, 221, 111.864, 121.638
1616, 15, 221, 111.781, 121.716
1617, 15, 221, 111.728, 121.795
1618, 15, 221, 111.644, 121.873
1619, 15, 221, 111.439, 121.95
1620, 15, 221, 111.355, 122.028
1621, 15, 221, 111.151, 122.106
1622, 15, 221, 111.067, 122.184
1623, 15, 221, 110.983, 122.262
1624, 15, 220, 111.173, 122.34
1625, 15, 220, 111.08, 122.418
1626, 15, 220, 110.996, 122.496
1627, 15, 220, 110.912, 122.575
1628, 15, 220, 110.819, 122.653
1629, 15, 220, 110.735, 122.73
1630, 15, 219, 110.925, 122.809
1631, 15, 219, 110.858, 122.887
1632, 15, 219, 110.774, 122.965
1633, 15, 219, 110.681, 123.043
1634, 15, 219, 110.597, 123.121
1635, 15, 219, 110.487, 123.2
1636, 15, 219, 110.376, 123.278
1637, 15, 219, 110.292, 123.356
1638, 15, 219, 110.199, 123.434
1639, 15, 219, 110.106, 123.512
1640, 15, 219, 109.996, 123.604
1641, 15, 219, 109.902, 123.695
1642, 15, 219, 109.819, 123.774
1643, 15, 219, 109.726, 123.852
1644, 15, 219, 109.521, 123.937
1645, 15, 218, 109.711, 124.016
1646, 15, 218, 109.627, 124.094
1647, 15, 218, 109.543, 124.172
1648, 15, 218, 109.459, 124.261
1649, 15, 218, 109.406, 124.341
1650, 15, 218, 109.323, 124.42
1651, 15, 218, 109.264, 124.498
1652, 15, 218, 109.211, 124.577
1653, 15, 218, 109.152, 124.668
1654, 15, 218, 109.084, 124.802
1655, 15, 218, 109.031, 124.917
1656, 15, 218, 108.921, 125.029
1657, 15, 218, 108.854, 125.142
1658, 15, 218, 108.809, 125.254
1659, 15, 218, 108.726, 125.374
1660, 15, 218, 108.615, 125.483
1661, 15, 218, 108.562, 125.599
1662, 15, 218, 108.495, 125.711
1663, 15, 218, 108.436, 125.796
1664, 15, 218, 108.406, 125.874
1665, 15, 218, 108.369, 125.952
1666, 15, 218, 108.316, 126.03
1667, 15, 218, 108.28, 126.108
1668, 15, 218, 108.221, 126.197
1669, 15, 218, 108.425, 126.275
1670, 15, 218, 108.372, 126.373
1671, 15, 218, 108.313, 126.453
1672, 15, 218, 108.277, 126.532
1673, 15, 218, 108.233, 126.625
1674, 15, 218, 108.196, 126.705
1675, 15, 217, 108.359, 126.784
1676, 15, 217, 108.306, 126.862
1677, 15, 217, 108.222, 126.941
1678, 15, 217, 108.138, 127.021
1679, 15, 217, 108.055, 127.1
1680, 15, 217, 107.944, 127.178
1681, 15, 217, 107.885, 127.257
1682, 15, 217, 107.849, 127.336
1683, 15, 217, 107.796, 127.415
1684, 15, 216, 107.985, 127.493
1685, 15, 216, 107.875, 127.586
1686, 15, 216, 107.611, 127.665
1687, 15, 216, 107.575, 127.744
1688, 15, 216, 107.697, 127.824
1689, 15, 216, 107.661, 127.902
1690, 15, 216, 107.634, 127.981
1691, 15, 216, 107.481, 128.059
1692, 15, 216, 107.451, 128.138
1693, 15, 216, 107.392, 128.216
1694, 15, 216, 107.355, 128.294
1695, 15, 215, 107.518, 128.373
1696, 15, 215, 107.465, 128.451
1697, 15, 215, 107.412, 128.532
1698, 15, 215, 107.319, 128.624
1699, 15, 215, 107.226, 128.704
1700, 15, 215, 107.116, 128.784
1701, 15, 215, 107.208, 128.863
1702, 15, 215, 106.945, 128.942
1703, 15, 215, 106.886, 129.02
1704, 15, 215, 106.827, 129.099
1705, 15, 215, 106.774, 129.177
1706, 15, 215, 106.715, 129.256
1707, 15, 215, 106.679, 129.335
1708, 15, 215, 106.638, 129.421
1709, 15, 215, 106.597, 129.519
1710, 15, 215, 106.561, 129.615
1711, 15, 215, 106.45, 129.697
1712, 15, 215, 106.34, 129.79
1713, 15, 215, 106.272, 129.869
1714, 15, 215, 106.232, 129.949
1715, 15, 215, 106.195, 130.027
1716, 15, 215, 106.155, 130.106
1717, 15, 215, 106.087, 130.191
1718, 15, 215, 106.034, 130.285
1719, 15, 215, 105.998, 130.364
1720, 15, 215, 105.971, 130.443
1721, 15, 215, 106.093, 130.521
1722, 15, 215, 106.057, 130.599
1723, 15, 215, 105.946, 130.678
1724, 15, 215, 105.893, 130.756
1725, 15, 215, 105.84, 130.837
1726, 15, 215, 105.963, 130.929
1727, 15, 215, 105.865, 131.015
1728, 15, 215, 105.829, 131.094
1729, 15, 215, 105.745, 131.172
1730, 15, 215, 105.541, 131.251
1731, 15, 215, 105.488, 131.33
1732, 15, 215, 105.435, 131.408
1733, 15, 215, 105.39, 131.487
1734, 15, 215, 105.337, 131.565
1735, 15, 215, 105.254, 131.645
1736, 15, 215, 105.102, 131.732
1737, 15, 215, 105.225, 131.813
1738, 15, 215, 105.172, 131.908
1739, 15, 215, 105.061, 131.999
1740, 15, 215, 104.978, 132.079
1741, 15, 215, 104.884, 132.158
1742, 15, 215, 104.774, 132.236
1743, 15, 215, 104.663, 132.315
1744, 15, 215, 104.605, 132.395
1745, 15, 215, 104.552, 132.474
1746, 15, 215, 104.499, 132.553
1747, 15, 215, 104.431, 132.644
1748, 15, 215, 104.372, 132.723
1749, 15, 215, 104.319, 132.803
1750, 15, 215, 104.482, 132.882
1751, 15, 215, 104.429, 132.97
1752, 15, 215, 104.376, 133.05
1753, 15, 215, 104.323, 133.128
1754, 15, 215, 104.27, 133.207
1755, 15, 215, 104.433, 133.286
1756, 15, 215, 104.366, 133.365
1757, 15, 215, 104.313, 133.451
1758, 15, 215, 104.246, 133.53
1759, 15, 215, 104.193, 133.609
1760, 15, 215, 104.14, 133.688
1761, 15, 215, 104.103, 133.767
1762, 15, 215, 104.044, 133.846
1763, 15, 214, 104.207, 133.925
1764, 15, 214, 104.056, 134.022
1765, 15, 214, 103.946, 134.111
1766, 15, 214, 103.862, 134.19
1767, 15, 214, 103.809, 134.281
1768, 15, 214, 103.725, 134.36
1769, 15, 214, 103.641, 134.44
1770, 15, 214, 103.544, 134.519
1771, 15, 214, 103.477, 134.613
1772, 15, 214, 103.424, 134.694
1773, 15, 214, 103.371, 134.773
1774, 15, 214, 103.318, 134.852
1775, 15, 214, 103.265, 134.93
1776, 15, 214, 103.228, 135.015
1777, 15, 214, 103.175, 135.104
1778, 15, 214, 103.122, 135.193
1779, 15, 214, 103.063, 135.273
1780, 15, 214, 103.027, 135.352
1781, 15, 214, 102.974, 135.432
1782, 15, 214, 102.921, 135.511
1783, 15, 214, 102.868, 135.59
1784, 15, 213, 103.109, 135.668
1785, 15, 213, 103.056, 135.747
1786, 15, 213, 103.178, 135.826
1787, 15, 212, 103.327, 135.905
1788, 15, 212, 103.176, 135.983
1789, 15, 212, 103.117, 136.064
1790, 15, 212, 103.058, 136.143
1791, 15, 212, 103.005, 136.221
1792, 15, 212, 102.946, 136.3
1793, 15, 212, 102.91, 136.379
1794, 15, 212, 102.857, 136.459
1795, 15, 212, 102.816, 136.537
1796, 15, 212, 102.719, 136.616
1797, 15, 212, 102.678, 136.695
1798, 15, 212, 102.638, 136.774
1799, 15, 212, 102.601, 136.853
1800, 15, 212, 102.565, 136.948
1801, 15, 212, 102.481, 137.027
1802, 15, 212, 102.428, 137.107
1803, 15, 212, 102.375, 137.188
1804, 15, 212, 102.291, 137.281
1805, 15, 212, 102.18, 137.361
1806, 15, 212, 102.122, 137.441
1807, 15, 212, 102.069, 137.519
1808, 15, 212, 102.016, 137.619
1809, 15, 212, 101.963, 137.699
1810, 15, 211, 102.152, 137.778
1811, 15, 211, 102.093, 137.857
1812, 15, 211, 102.026, 137.936
1813, 15, 211, 101.989, 138.016
1814, 15, 211, 101.836, 138.114
1815, 15, 211, 102, 138.202
1816, 15, 211, 101.363, 138.281
1817, 15, 211, 101.279, 138.36
1818, 15, 211, 101.168, 138.44
1819, 15, 211, 101.124, 138.518
1820, 15, 211, 101.097, 138.616
1821, 15, 210, 101.287, 138.695
1822, 15, 210, 101.083, 138.774
1823, 15, 210, 100.709, 138.852
1824, 15, 210, 100.599, 138.94
1825, 15, 209, 101.362, 139.019
1826, 15, 208, 102.125, 139.098
1827, 15, 208, 101.751, 139.176
1828, 15, 208, 101.378, 139.255
1829, 15, 208, 101.225, 139.336
1830, 15, 208, 101.072, 139.415
1831, 15, 207, 101.835, 139.493
1832, 15, 207, 101.35, 139.572
1833, 15, 207, 100.977, 139.653
1834, 15, 207, 100.772, 139.734
1835, 15, 207, 100.688, 139.812
1836, 15, 207, 100.605, 139.891
1837, 15, 207, 100.521, 139.97
1838, 15, 207, 100.437, 140.048
1839, 15, 207, 100.353, 140.126
1840, 15, 207, 100.26, 140.214
1841, 15, 207, 100.176, 140.318
1842, 15, 207, 100.092, 140.398
1843, 15, 207, 99.9994, 140.477
1844, 15, 207, 99.9156, 140.556
1845, 15, 207, 99.7627, 140.636
1846, 15, 207, 99.5581, 140.714
1847, 15, 207, 99.254, 140.793
1848, 15, 207, 99.3764, 140.882
1849, 15, 207, 99.2659, 140.962
1850, 15, 207, 99.1821, 141.041
1851, 15, 207, 99.1291, 141.133
1852, 15, 207, 99.1087, 141.212
1853, 15, 207, 99.0116, 141.291
1854, 15, 207, 98.8587, 141.409
1855, 15, 207, 98.7919, 141.537
1856, 15, 207, 98.6389, 141.647
1857, 15, 207, 98.5551, 141.758
1858, 15, 207, 98.4713, 141.872
1859, 15, 207, 98.6933, 141.99
1860, 15, 207, 98.5828, 142.099
1861, 15, 207, 98.4298, 142.204
1862, 15, 207, 98.3768, 142.312
1863, 15, 207, 98.3238, 142.392
1864, 15, 207, 98.24, 142.471
1865, 15, 207, 98.1562, 142.549
1866, 15, 207, 97.8928, 142.627
1867, 15, 207, 97.809, 142.706
1868, 15, 207, 97.6281, 142.785
1869, 15, 207, 97.5751, 142.864
1870, 15, 207, 97.4913, 142.968
1871, 15, 207, 97.4075, 143.047
1872, 15, 207, 97.297, 143.126
1873, 15, 207, 97.2039, 143.205
1874, 15, 207, 97.0934, 143.283
1875, 15, 207, 97.0096, 143.362
1876, 15, 207, 96.7462, 143.441
1877, 15, 207, 96.6873, 143.521
1878, 15, 207, 96.6343, 143.6
1879, 15, 207, 96.5505, 143.679
1880, 15, 207, 96.3993, 143.758
1881, 15, 207, 96.3627, 143.837
1882, 15, 207, 96.3097, 143.916
1883, 15, 207, 96.2259, 143.995
1884, 15, 207, 96.1586, 144.073
1885, 15, 206, 96.3216, 144.152
1886, 15, 206, 96.2378, 144.245
1887, 15, 206, 96.1447, 144.324
1888, 15, 206, 95.9402, 144.403
1889, 15, 206, 95.8564, 144.482
1890, 15, 206, 95.8034, 144.56
1891, 15, 206, 95.7445, 144.639
1892, 15, 206, 95.6915, 144.717
1893, 15, 206, 95.581, 144.796
1894, 15, 206, 95.4972, 144.875
1895, 15, 206, 95.4383, 144.954
1896, 15, 206, 95.3278, 145.033
1897, 15, 206, 95.2173, 145.112
1898, 15, 206, 95.1068, 145.19
1899, 15, 206, 95.0137, 145.269
1900, 15, 206, 94.9032, 145.348
1901, 15, 206, 94.6986, 145.429
1902, 15, 206, 94.6055, 145.508
1903, 15, 206, 94.495, 145.588
1904, 15, 206, 94.442, 145.667
1905, 15, 206, 94.2891, 145.745
1906, 15, 206, 94.2053, 145.825
1907, 15, 206, 94.1215, 145.904
1908, 15, 206, 94.011, 145.983
1909, 15, 206, 93.9272, 146.062
1910, 15, 206, 93.8167, 146.142
1911, 15, 206, 93.7637, 146.221
1912, 15, 206, 93.7107, 146.301
1913, 15, 206, 93.6577, 146.38
1914, 15, 206, 93.5904, 146.475
1915, 15, 206, 93.523, 146.556
1916, 15, 206, 93.4557, 146.635
1917, 15, 206, 93.4027, 146.714
1918, 15, 206, 93.3497, 146.793
1919, 15, 206, 93.2967, 146.872
1920, 15, 206, 93.2436, 146.951
1921, 15, 206, 93.1848, 147.03
1922, 15, 205, 93.3478, 147.109
1923, 15, 205, 93.2804, 147.189
1924, 15, 205, 93.2131, 147.268
1925, 15, 205, 93.1542, 147.347
1926, 15, 205, 93.0869, 147.426
1927, 15, 205, 93.028, 147.505
1928, 15, 205, 92.9175, 147.596
1929, 15, 205, 92.8645, 147.676
1930, 15, 205, 92.7807, 147.755
1931, 15, 205, 92.6969, 147.834
1932, 15, 205, 92.6038, 147.913
1933, 15, 205, 92.52, 147.992
1934, 15, 205, 92.4834, 148.071
1935, 15, 205, 92.4304, 148.15
1936, 15, 205, 92.3373, 148.229
1937, 15, 205, 92.2442, 148.309
1938, 15, 205, 92.1604, 148.391
1939, 15, 205, 92.1015, 148.47
1940, 15, 204, 92.2502, 148.549
1941, 15, 204, 92.1972, 148.628
1942, 15, 204, 92.1442, 148.707
1943, 15, 204, 92.0912, 148.786
1944, 15, 204, 92.0323, 148.865
1945, 15, 204, 91.9485, 148.944
1946, 15, 204, 91.8955, 149.023
1947, 15, 204, 91.8425, 149.102
1948, 15, 204, 91.7836, 149.181
1949, 15, 204, 91.7247, 149.26
1950, 15, 204, 91.6573, 149.34
1951, 15, 204, 91.6043, 149.419
1952, 15, 204, 91.5602, 149.498
1953, 15, 204, 91.5072, 149.577
1954, 15, 204, 91.4542, 149.656
1955, 15, 203, 91.6173, 149.735
1956, 15, 203, 91.5807, 149.814
1957, 15, 203, 91.5277, 149.893
1958, 15, 203, 91.4603, 149.972
1959, 15, 203, 91.4238, 150.051
1960, 15, 203, 91.3872, 150.131
1961, 15, 203, 91.5096, 150.21
1962, 15, 203, 91.473, 150.289
1963, 15, 203, 91.42, 150.369
1964, 15, 203, 91.3526, 150.448
1965, 15, 203, 91.3161, 150.527
1966, 15, 203, 91.2795, 150.606
1967, 15, 203, 91.2388, 150.685
1968, 15, 203, 91.1948, 150.765
1969, 15, 203, 91.1507, 150.845
1970, 15, 203, 91.11, 150.94
1971, 15, 203, 91.0659, 151.022
1972, 15, 203, 90.9986, 151.101
1973, 15, 203, 90.9718, 151.18
1974, 15, 203, 90.9277, 151.259
1975, 15, 202, 91.0908, 151.338
1976, 15, 202, 91.0319, 151.418
1977, 15, 202, 90.973, 151.496
1978, 15, 202, 90.9057, 151.575
1979, 15, 202, 90.7952, 151.653
1980, 15, 202, 90.7114, 151.731
1981, 15, 202, 90.6276, 151.81
1982, 15, 202, 90.7202, 151.888
1983, 15, 202, 90.6672, 151.966
1984, 15, 202, 90.637, 152.045
1985, 15, 202, 90.5963, 152.124
1986, 15, 202, 90.5557, 152.202
1987, 15, 202, 90.4889, 152.281
1988, 15, 202, 90.43, 152.36
1989, 15, 202, 90.3626, 152.439
1990, 15, 202, 90.2788, 152.524
1991, 15, 202, 90.2382, 152.619
1992, 15, 202, 90.1941, 152.699
1993, 15, 202, 90.1352, 152.778
1994, 15, 202, 90.2576, 152.857
1995, 15, 202, 90.217, 152.935
1996, 15, 202, 90.2008, 153.014
1997, 15, 202, 90.1527, 153.093
1998, 15, 202, 90.0997, 153.172
1999, 15, 201, 90.2627, 153.25
2000, 15, 201, 90.2261, 153.331
2001, 15, 201, 90.1588, 153.41
2002, 15, 201, 90.1058, 153.489
2003, 15, 200, 90.2955, 153.568
2004, 15, 200, 90.2117, 153.646
2005, 15, 200, 90.1444, 153.725
2006, 15, 200, 90.0914, 153.803
2007, 15, 200, 90.024, 153.882
2008, 15, 200, 89.971, 153.961
2009, 15, 200, 89.9408, 154.04
2010, 15, 200, 89.9278, 154.118
2011, 15, 200, 89.844, 154.197
2012, 15, 199, 90.007, 154.286
2013, 15, 199, 89.9232, 154.367
2014, 15, 199, 89.8127, 154.446
2015, 15, 199, 89.6318, 154.525
2016, 15, 199, 89.5959, 154.604
2017, 15, 199, 89.5429, 154.685
2018, 15, 199, 89.4899, 154.788
2019, 15, 199, 89.431, 154.869
2020, 15, 199, 89.3869, 154.948
2021, 15, 199, 89.3504, 155.027
2022, 15, 199, 89.3138, 155.106
2023, 15, 199, 89.2608, 155.184
2024, 15, 199, 89.1096, 155.263
2025, 15, 199, 89.0423, 155.342
2026, 15, 199, 89.0057, 155.421
2027, 15, 199, 88.979, 155.5
2028, 15, 199, 88.9383, 155.578
2029, 15, 199, 88.8853, 155.657
2030, 15, 199, 88.8447, 155.736
2031, 15, 198, 88.9934, 155.815
2032, 15, 198, 88.9568, 155.894
2033, 15, 198, 88.9202, 155.973
2034, 15, 198, 88.8796, 156.052
2035, 15, 198, 88.8389, 156.13
2036, 15, 198, 88.7948, 156.209
2037, 15, 198, 88.7646, 156.287
2038, 15, 198, 88.8573, 156.366
2039, 15, 198, 88.8132, 156.445
2040, 15, 198, 88.7864, 156.523
2041, 15, 198, 88.7498, 156.602
2042, 15, 198, 88.7132, 156.683
2043, 15, 198, 88.6835, 156.762
2044, 15, 198, 88.6567, 156.84
2045, 15, 198, 88.6201, 156.932
2046, 15, 198, 88.5899, 157.023
2047, 15, 198, 88.5458, 157.101
2048, 15, 197, 88.6945, 157.18
2049, 15, 197, 88.6539, 157.298
2050, 15, 197, 88.6173, 157.388
2051, 15, 197, 88.5643, 157.469
2052, 15, 197, 88.5277, 157.558
2053, 15, 197, 88.4836, 157.638
2054, 15, 197, 88.3865, 157.716
2055, 15, 197, 88.35, 157.798
2056, 15, 197, 88.3059, 157.877
2057, 15, 197, 88.2529, 157.958
2058, 15, 197, 88.1017, 158.086
2059, 15, 197, 88.0428, 158.206
2060, 15, 197, 87.9898, 158.318
2061, 15, 197, 87.9457, 158.431
2062, 15, 197, 87.8784, 158.543
2063, 15, 197, 87.8254, 158.659
2064, 15, 197, 87.7986, 158.749
2065, 15, 197, 87.7456, 158.84
2066, 15, 197, 87.6926, 158.954
2067, 15, 197, 87.6337, 159.034
2068, 15, 197, 87.5896, 159.113
2069, 15, 197, 87.5366, 159.192
2070, 15, 197, 87.4261, 159.271
2071, 15, 197, 87.3731, 159.35
2072, 15, 197, 87.3201, 159.429
2073, 15, 197, 87.2671, 159.512
2074, 15, 197, 87.1473, 159.611
2075, 15, 197, 86.9962, 159.691
2076, 15, 197, 86.9659, 159.77
2077, 15, 197, 86.9294, 159.849
2078, 15, 197, 86.8323, 159.927
2079, 15, 197, 86.7793, 160.005
2080, 15, 197, 86.6955, 160.084
2081, 15, 197, 86.6281, 160.193
2082, 15, 197, 86.5692, 160.279
2083, 15, 197, 86.5103, 160.359
2084, 15, 197, 86.4738, 160.438
2085, 15, 197, 86.4372, 160.516
2086, 15, 197, 86.3965, 160.595
2087, 15, 197, 86.3559, 160.673
2088, 15, 197, 86.3029, 160.752
2089, 15, 197, 86.2663, 160.831
2090, 15, 197, 86.2297, 160.92
2091, 15, 197, 86.1891, 160.999
2092, 15, 197, 86.145, 161.078
2093, 15, 197, 86.1182, 161.157
2094, 15, 197, 86.0776, 161.238
2095, 15, 197, 86.041, 161.319
2096, 15, 197, 86.0004, 161.398
2097, 15, 197, 85.9702, 161.478
2098, 15, 197, 85.9295, 161.557
2099, 15, 197, 85.8993, 161.635
2100, 15, 197, 85.8319, 161.714
2101, 15, 197, 85.7646, 161.792
2102, 15, 197, 85.7205, 161.871
2103, 15, 197, 85.8429, 161.949
2104, 15, 197, 85.8063, 162.028
2105, 15, 197, 85.739, 162.106
2106, 15, 197, 85.5878, 162.185
2107, 15, 197, 85.5438, 162.263
2108, 15, 197, 85.5072, 162.341
2109, 15, 197, 85.4483, 162.422
2110, 15, 197, 85.4117, 162.501
2111, 15, 197, 85.3587, 162.596
2112, 15, 197, 85.2998, 162.676
2113, 15, 197, 85.2557, 162.756
2114, 15, 197, 85.1884, 162.835
2115, 15, 196, 85.3514, 162.915
2116, 15, 196, 85.2841, 162.994
2117, 15, 196, 85.2475, 163.073
2118, 15, 196, 85.1802, 163.152
2119, 15, 196, 85.0697, 163.231
2120, 15, 196, 85.0331, 163.31
2121, 15, 196, 84.9965, 163.389
2122, 15, 196, 84.792, 163.468
2123, 15, 196, 84.739, 163.547
2124, 15, 196, 84.6716, 163.626
2125, 15, 196, 84.6186, 163.717
2126, 15, 196, 84.5656, 163.796
2127, 15, 196, 84.4983, 163.876
2128, 15, 196, 84.4394, 163.955
2129, 15, 196, 84.1353, 164.035
2130, 15, 196, 84.0764, 164.13
2131, 15, 196, 84.0175, 164.219
2132, 15, 196, 83.9337, 164.299
2133, 15, 196, 83.8971, 164.386
2134, 15, 196, 83.8606, 164.465
2135, 15, 196, 83.6797, 164.544
2136, 15, 196, 83.6267, 164.624
2137, 15, 196, 83.5901, 164.702
2138, 15, 196, 83.5494, 164.781
2139, 15, 196, 83.5088, 164.86
2140, 15, 196, 83.4722, 164.939
2141, 15, 196, 83.4454, 165.018
2142, 15, 196, 83.3924, 165.097
2143, 15, 196, 83.3518, 165.176
2144, 15, 196, 83.2988, 165.255
2145, 15, 196, 83.2783, 165.334
2146, 15, 196, 83.2418, 165.412
2147, 16, 196, 83.2011, 165.492
2148, 16, 196, 83.157, 165.571
2149, 16, 196, 83.1164, 165.65
2150, 16, 196, 83.0798, 165.737
2151, 16, 196, 83.0432, 165.816
2152, 16, 196, 83.0165, 165.895
2153, 16, 196, 82.9799, 165.974
2154, 16, 196, 82.8828, 166.053
2155, 16, 196, 82.7857, 166.133
2156, 16, 196, 82.7184, 166.215
2157, 16, 196, 82.6777, 166.294
2158, 16, 196, 82.651, 166.373
2159, 16, 196, 82.598, 166.454
2160, 16, 196, 82.5614, 166.534
2161, 16, 196, 82.5248, 166.614
2162, 16, 196, 82.4882, 166.693
2163, 16, 196, 82.3777, 166.772
2164, 16, 196, 82.2266, 166.852
2165, 16, 196, 82.19, 166.931
2166, 16, 196, 82.137, 167.011
2167, 16, 196, 82.1068, 167.093
2168, 16, 196, 82.0097, 167.173
2169, 16, 196, 81.9423, 167.252
2170, 16, 196, 81.8834, 167.332
2171, 16, 195, 82.0321, 167.412
2172, 16, 195, 81.9791, 167.491
2173, 16, 195, 81.9426, 167.58
2174, 16, 195, 81.8985, 167.66
2175, 16, 195, 81.8578, 167.74
2176, 16, 195, 81.8212, 167.819
2177, 16, 195, 81.7847, 167.905
2178, 16, 195, 81.7173, 167.984
2179, 16, 195, 81.6505, 168.079
2180, 16, 195, 81.6064, 168.16
2181, 16, 195, 81.5534, 168.24
2182, 16, 195, 81.5128, 168.32
2183, 16, 195, 81.4687, 168.402
2184, 16, 195, 81.4281, 168.482
2185, 16, 195, 81.4013, 168.562
2186, 16, 195, 81.3711, 168.641
2187, 16, 195, 81.2606, 168.721
2188, 16, 195, 81.224, 168.801
2189, 16, 195, 81.1874, 168.88
2190, 16, 195, 81.1344, 168.963
2191, 16, 195, 81.0814, 169.042
2192, 16, 195, 81.0141, 169.122
2193, 16, 195, 80.97, 169.201
2194, 16, 195, 80.917, 169.29
2195, 16, 195, 80.8804, 169.37
2196, 16, 195, 80.813, 169.449
2197, 16, 195, 80.7863, 169.529
2198, 16, 195, 80.7189, 169.609
2199, 16, 195, 80.6748, 169.689
2200, 16, 195, 80.6308, 169.768
2201, 16, 195, 80.547, 169.847
2202, 16, 195, 80.5104, 169.93
2203, 16, 195, 80.4663, 170.01
2204, 16, 194, 80.6293, 170.089
2205, 16, 194, 80.562, 170.168
2206, 16, 194, 80.5254, 170.248
2207, 16, 194, 80.3743, 170.328
2208, 16, 193, 80.5373, 170.407
2209, 16, 193, 80.47, 170.49
2210, 16, 193, 80.4026, 170.571
2211, 16, 193, 80.362, 170.651
2212, 16, 193, 80.2946, 170.731
2213, 16, 193, 80.2581, 170.811
2214, 16, 193, 80.1907, 170.902
2215, 16, 193, 80.1377, 170.983
2216, 16, 193, 80.0539, 171.063
2217, 16, 193, 79.9434, 171.143
2218, 16, 193, 79.8761, 171.223
2219, 16, 193, 80.0391, 171.304
2220, 16, 193, 79.995, 171.393
2221, 16, 193, 79.9112, 171.496
2222, 16, 193, 79.8523, 171.577
2223, 16, 193, 79.7934, 171.657
2224, 16, 193, 79.7568, 171.754
2225, 16, 193, 79.7038, 171.835
2226, 16, 193, 79.4404, 171.915
2227, 16, 193, 79.3815, 171.995
2228, 16, 193, 79.3285, 172.096
2229, 16, 193, 79.2755, 172.176
2230, 16, 193, 79.2225, 172.256
2231, 16, 193, 79.1923, 172.336
2232, 16, 193, 79.1393, 172.423
2233, 16, 193, 78.9881, 172.504
2234, 16, 193, 78.9516, 172.583
2235, 16, 193, 78.8927, 172.662
2236, 16, 192, 79.0557, 172.742
2237, 16, 192, 78.9884, 172.833
2238, 16, 192, 79.1514, 172.913
2239, 16, 192, 79.0984, 172.992
2240, 16, 192, 79.0543, 173.071
2241, 16, 192, 78.9954, 173.151
2242, 16, 192, 78.9424, 173.23
2243, 16, 192, 78.8894, 173.309
2244, 16, 192, 78.7383, 173.395
2245, 16, 192, 78.6545, 173.475
2246, 16, 192, 78.7886, 173.554
2247, 16, 192, 78.752, 173.66
2248, 16, 192, 78.6931, 173.74
2249, 16, 192, 78.6342, 173.819
2250, 16, 192, 78.5669, 173.899
2251, 16, 192, 78.4831, 173.978
2252, 16, 192, 78.4301, 174.057
2253, 16, 192, 78.3771, 174.139
2254, 16, 192, 78.2666, 174.232
2255, 16, 192, 78.2136, 174.312
2256, 16, 192, 78.1695, 174.391
2257, 16, 192, 78.1106, 174.471
2258, 16, 192, 78.0576, 174.55
2259, 16, 192, 78.0046, 174.629
2260, 16, 192, 77.968, 174.749
2261, 16, 192, 77.8575, 174.876
2262, 16, 192, 77.747, 174.988
2263, 16, 192, 77.6365, 175.099
2264, 16, 192, 77.5527, 175.216
2265, 16, 192, 77.4556, 175.334
2266, 16, 191, 77.6187, 175.428
2267, 16, 191, 77.5657, 175.526
2268, 16, 191, 77.5068, 175.637
2269, 16, 191, 77.4702, 175.718
2270, 16, 191, 77.4172, 175.799
2271, 16, 191, 77.3498, 175.878
2272, 16, 191, 77.2825, 175.958
2273, 16, 191, 77.2295, 176.037
2274, 16, 191, 77.1929, 176.116
2275, 16, 191, 77.1399, 176.195
2276, 16, 191, 77.0869, 176.274
2277, 16, 191, 76.8235, 176.356
2278, 16, 191, 76.7646, 176.435
2279, 16, 191, 76.7116, 176.514
2280, 16, 191, 76.6848, 176.593
2281, 16, 191, 76.6318, 176.672
2282, 16, 191, 76.5645, 176.752
2283, 16, 191, 76.4971, 176.831
2284, 16, 190, 76.6458, 176.91
2285, 16, 190, 76.7157, 176.99
2286, 16, 189, 76.8644, 177.071
2287, 16, 189, 76.7133, 177.15
2288, 16, 189, 76.6767, 177.23
2289, 16, 189, 76.6326, 177.31
2290, 16, 189, 76.6059, 177.389
2291, 16, 189, 76.5693, 177.472
2292, 16, 189, 76.5104, 177.566
2293, 16, 189, 76.4515, 177.648
2294, 16, 189, 76.3841, 177.728
2295, 16, 189, 76.3476, 177.808
2296, 16, 189, 76.3069, 177.887
2297, 16, 189, 76.2663, 177.966
2298, 16, 189, 76.2395, 178.045
2299, 16, 189, 76.1989, 178.124
2300, 16, 188, 76.3476, 178.205
2301, 16, 188, 76.3208, 178.286
2302, 16, 188, 76.4134, 178.365
2303, 16, 188, 76.3837, 178.445
2304, 16, 188, 76.3539, 178.526
2305, 16, 187, 76.4917, 178.605
2306, 16, 187, 76.4249, 178.684
2307, 16, 187, 76.3842, 178.764
2308, 16, 187, 76.3312, 178.844
2309, 17, 187, 76.2906, 178.924
2310, 18, 187, 76.2499, 179.004
2311, 18, 187, 76.2286, 179.083
2312, 18, 187, 76.2018, 179.163
2313, 18, 187, 76.1344, 179.242
2314, 18, 187, 76.0979, 179.321
2315, 19, 187, 76.0681, 179.402
2316, 20, 187, 76.0384, 179.491
2317, 20, 187, 76.0229, 179.575
2318, 20, 186, 76.1641, 179.655
2319, 20, 186, 76.1344, 179.74
2320, 20, 186, 76.1139, 179.825
2321, 20, 186, 76.0935, 179.916
2322, 20, 186, 76.0097, 179.996
2323, 20, 186, 75.9829, 180.076
2324, 20, 186, 75.8858, 180.156
2325, 21, 186, 75.8631, 180.237
2326, 22, 186, 75.8404, 180.318
2327, 22, 186, 75.8199, 180.397
2328, 22, 186, 75.7759, 180.478
2329, 22, 186, 75.7393, 180.558
2330, 22, 186, 75.6422, 180.638
2331, 22, 186, 75.5892, 180.718
2332, 22, 186, 75.4787, 180.799
2333, 22, 186, 75.4346, 180.891
2334, 22, 186, 75.398, 180.972
2335, 22, 186, 75.3307, 181.052
2336, 22, 186, 75.3039, 181.132
2337, 22, 186, 75.2673, 181.212
2338, 22, 186, 75.2232, 181.291
2339, 22, 186, 75.1867, 181.371
2340, 22, 186, 75.1199, 181.452
2341, 22, 186, 75.0931, 181.532
2342, 22, 186, 75.0401, 181.612
2343, 22, 186, 74.9296, 181.693
2344, 22, 186, 74.8622, 181.773
2345, 22, 186, 74.8257, 181.853
2346, 22, 186, 74.7989, 181.934
2347, 22, 186, 74.7582, 182.015
2348, 22, 186, 74.7217, 182.095
2349, 22, 186, 74.681, 182.183
2350, 22, 186, 74.6444, 182.263
2351, 22, 185, 74.8075, 182.355
2352, 22, 185, 74.7807, 182.435
2353, 22, 185, 74.7539, 182.525
2354, 22, 185, 74.7133, 182.605
2355, 22, 185, 74.646, 182.694
2356, 22, 185, 74.5929, 182.794
2357, 22, 185, 74.5256, 182.875
2358, 22, 185, 74.4583, 182.956
2359, 22, 185, 74.5509, 183.051
2360, 22, 185, 74.5143, 183.134
2361, 22, 185, 74.4737, 183.216
2362, 22, 185, 74.433, 183.298
2363, 22, 185, 74.4028, 183.378
2364, 22, 185, 74.3731, 183.458
2365, 22, 185, 74.3463, 183.538
2366, 22, 185, 74.3097, 183.618
2367, 22, 185, 74.2691, 183.698
2368, 22, 185, 74.2423, 183.778
2369, 22, 185, 74.2126, 183.86
2370, 22, 185, 74.1828, 183.94
2371, 22, 185, 74.156, 184.02
2372, 22, 185, 74.0362, 184.1
2373, 22, 184, 74.1849, 184.18
2374, 22, 184, 74.1319, 184.271
2375, 22, 184, 74.0953, 184.353
2376, 22, 184, 74.0547, 184.434
2377, 22, 184, 74.0245, 184.515
2378, 22, 184, 73.9947, 184.595
2379, 22, 184, 73.968, 184.674
2380, 22, 184, 73.9006, 184.754
2381, 22, 184, 73.8333, 184.834
2382, 22, 184, 73.7967, 184.914
2383, 22, 184, 73.756, 184.993
2384, 22, 184, 73.7293, 185.073
2385, 22, 184, 73.6852, 185.152
2386, 22, 184, 73.5881, 185.232
2387, 22, 184, 73.5515, 185.326
2388, 22, 183, 73.7002, 185.406
2389, 22, 183, 73.6561, 185.487
2390, 22, 183, 73.6196, 185.567
2391, 22, 183, 73.583, 185.647
2392, 22, 182, 73.7317, 185.727
2393, 22, 182, 73.6876, 185.807
2394, 22, 182, 73.6346, 185.887
2395, 22, 182, 73.4834, 185.967
2396, 22, 182, 73.4166, 186.047
2397, 22, 182, 73.3195, 186.127
2398, 22, 182, 73.2928, 186.207
2399, 22, 182, 73.226, 186.287
2400, 22, 182, 73.173, 186.367
2401, 22, 182, 73.1462, 186.447
2402, 22, 182, 73.1021, 186.527
2403, 22, 182, 73.0348, 186.607
2404, 22, 182, 72.9982, 186.687
2405, 22, 182, 72.9616, 186.77
2406, 22, 182, 72.9175, 186.85
2407, 22, 181, 73.0662, 186.961
2408, 22, 181, 73.0394, 187.043
2409, 22, 181, 73.0092, 187.123
2410, 22, 181, 72.9824, 187.203
2411, 22, 181, 72.9384, 187.295
2412, 22, 181, 72.9081, 187.377
2413, 22, 181, 72.8715, 187.458
2414, 22, 181, 72.835, 187.553
2415, 22, 181, 72.7943, 187.634
2416, 22, 181, 72.7502, 187.715
2417, 22, 181, 72.6829, 187.806
2418, 22, 181, 72.6463, 187.887
2419, 22, 181, 72.6249, 187.967
2420, 22, 180, 72.7736, 188.048
2421, 22, 180, 72.7371, 188.151
2422, 22, 180, 72.6964, 188.232
2423, 22, 180, 72.6558, 188.312
2424, 22, 180, 72.629, 188.393
2425, 22, 180, 72.5924, 188.49
2426, 22, 180, 72.4953, 188.571
2427, 22, 180, 72.4656, 188.652
2428, 22, 180, 72.4388, 188.732
2429, 22, 180, 72.4091, 188.816
2430, 22, 180, 72.3793, 188.897
2431, 22, 180, 72.3589, 188.977
2432, 22, 180, 72.3286, 189.058
2433, 22, 180, 72.288, 189.138
2434, 22, 180, 72.2612, 189.219
2435, 22, 180, 72.2247, 189.299
2436, 22, 180, 72.1949, 189.379
2437, 22, 180, 72.1508, 189.46
2438, 22, 180, 72.1211, 189.541
2439, 22, 180, 72.0997, 189.624
2440, 22, 180, 72.0792, 189.706
2441, 22, 180, 72.0124, 189.788
2442, 22, 179, 72.1755, 189.868
2443, 22, 179, 72.1452, 189.949
2444, 22, 179, 72.0922, 190.029
2445, 22, 179, 72.0392, 190.116
2446, 22, 179, 71.9952, 190.198
2447, 22, 179, 71.9511, 190.304
2448, 22, 179, 71.8837, 190.402
2449, 22, 179, 71.8471, 190.484
2450, 22, 179, 71.8106, 190.565
2451, 22, 179, 71.7803, 190.654
2452, 22, 179, 71.7363, 190.738
2453, 22, 179, 71.6922, 190.818
2454, 22, 179, 71.541, 190.909
2455, 22, 179, 71.488, 190.99
2456, 22, 179, 71.4578, 191.076
2457, 22, 179, 71.4212, 191.159
2458, 22, 179, 71.391, 191.24
2459, 22, 179, 71.3469, 191.328
2460, 22, 179, 71.3172, 191.467
2461, 22, 179, 71.269, 191.588
2462, 22, 179, 71.3914, 191.704
2463, 22, 179, 71.37, 191.819
2464, 22, 179, 71.3432, 191.934
2465, 22, 179, 71.3026, 192.04
2466, 22, 179, 71.2758, 192.122
2467, 22, 179, 71.2491, 192.229
2468, 22, 179, 71.1386, 192.333
2469, 22, 179, 71.1181, 192.415
2470, 22, 179, 71.0879, 192.497
2471, 22, 179, 71.222, 192.579
2472, 22, 179, 71.2113, 192.66
2473, 22, 179, 71.1747, 192.741
2474, 22, 179, 71.1217, 192.822
2475, 22, 179, 71.0543, 192.903
2476, 22, 179, 71.0013, 192.984
2477, 22, 179, 70.9483, 193.064
2478, 22, 179, 70.881, 193.146
2479, 22, 179, 70.8403, 193.227
2480, 22, 179, 70.8038, 193.308
2481, 22, 179, 70.7672, 193.389
2482, 22, 179, 70.6998, 193.47
2483, 22, 179, 70.6028, 193.551
2484, 22, 179, 70.5057, 193.631
2485, 22, 179, 70.4527, 193.712
2486, 22, 179, 70.4161, 193.793
2487, 22, 179, 70.3795, 193.874
2488, 22, 179, 70.3127, 193.955
2489, 22, 178, 70.4614, 194.036
2490, 22, 178, 70.4346, 194.116
2491, 22, 178, 70.398, 194.197
2492, 22, 178, 70.354, 194.296
2493, 22, 178, 70.3237, 194.377
2494, 22, 178, 70.297, 194.457
2495, 22, 178, 70.2563, 194.548
2496, 22, 178, 70.2122, 194.63
2497, 22, 178, 70.1756, 194.711
2498, 22, 177, 70.3243, 194.792
2499, 22, 177, 70.2878, 194.873
2500, 22, 177, 70.2673, 194.955
2501, 22, 176, 70.4085, 195.036
2502, 22, 176, 70.3644, 195.119
2503, 22, 176, 70.3347, 195.2
2504, 22, 176, 70.3079, 195.282
2505, 22, 176, 70.2232, 195.363
2506, 22, 176, 70.1964, 195.443
2507, 22, 176, 70.1667, 195.524
2508, 22, 176, 70.1453, 195.605
2509, 22, 176, 70.1087, 195.686
2510, 22, 176, 70.0414, 195.768
2511, 22, 176, 69.9215, 195.849
2512, 22, 176, 70.0142, 195.93
2513, 22, 176, 69.9776, 196.011
2514, 22, 176, 69.9335, 196.092
2515, 22, 176, 69.9038, 196.173
2516, 22, 176, 70.0262, 196.254
2517, 22, 176, 70.0048, 196.335
2518, 22, 176, 69.975, 196.434
2519, 22, 176, 69.966, 196.516
2520, 22, 176, 69.9386, 196.597
2521, 22, 176, 69.8856, 196.678
2522, 22, 176, 69.8188, 196.759
2523, 22, 176, 69.7822, 196.841
2524, 22, 176, 69.7416, 196.922
2525, 22, 176, 69.705, 197.004
2526, 22, 176, 69.6609, 197.086
2527, 22, 176, 69.6243, 197.167
2528, 22, 175, 69.773, 197.248
2529, 22, 175, 69.6625, 197.329
2530, 22, 175, 69.6357, 197.41
2531, 22, 175, 69.6055, 197.493
2532, 22, 174, 69.7467, 197.587
2533, 22, 174, 69.717, 197.668
2534, 22, 174, 69.6956, 197.75
2535, 22, 174, 69.659, 197.831
2536, 22, 174, 69.6149, 197.912
2537, 22, 174, 69.5708, 197.993
2538, 22, 174, 69.504, 198.074
2539, 22, 174, 69.4069, 198.155
2540, 22, 174, 69.3865, 198.236
2541, 22, 174, 69.3597, 198.317
2542, 22, 174, 69.3329, 198.398
2543, 22, 173, 69.4816, 198.48
2544, 22, 173, 69.4549, 198.562
2545, 22, 173, 69.4281, 198.643
2546, 22, 173, 69.3983, 198.724
2547, 22, 173, 69.3681, 198.805
2548, 22, 173, 69.438, 198.885
2549, 22, 173, 69.3712, 198.966
2550, 22, 172, 69.5199, 199.047
2551, 22, 172, 69.4932, 199.128
2552, 22, 172, 69.4664, 199.208
2553, 22, 172, 69.4503, 199.294
2554, 22, 172, 69.4289, 199.375
2555, 22, 172, 69.3991, 199.471
2556, 22, 172, 69.3787, 199.553
2557, 22, 172, 69.3346, 199.633
2558, 22, 172, 69.2905, 199.725
2559, 22, 172, 69.2637, 199.805
2560, 22, 172, 69.2335, 199.886
2561, 22, 172, 69.2033, 199.967
2562, 22, 172, 69.2959, 200.048
2563, 22, 172, 69.2692, 200.128
2564, 22, 172, 69.2389, 200.209
2565, 22, 172, 69.2087, 200.293
2566, 22, 172, 69.1873, 200.374
2567, 22, 172, 69.1669, 200.464
2568, 22, 172, 69.1228, 200.545
2569, 22, 172, 69.0862, 200.636
2570, 22, 172, 69.0658, 200.717
2571, 22, 172, 69.0453, 200.798
2572, 22, 172, 69.0087, 200.889
2573, 22, 172, 68.9722, 200.971
2574, 22, 172, 68.9192, 201.052
2575, 22, 172, 68.871, 201.132
2576, 22, 172, 68.8413, 201.213
2577, 22, 172, 68.7972, 201.294
2578, 22, 172, 68.7704, 201.376
2579, 22, 172, 68.749, 201.457
2580, 22, 172, 68.7124, 201.538
2581, 22, 172, 68.6827, 201.619
2582, 22, 172, 68.6673, 201.7
2583, 22, 172, 68.6375, 201.784
2584, 22, 172, 68.6078, 201.866
2585, 22, 172, 68.5719, 201.947
2586, 22, 171, 68.7206, 202.028
2587, 22, 171, 68.6992, 202.109
2588, 22, 171, 68.6626, 202.19
2589, 22, 171, 68.6399, 202.27
2590, 22, 171, 68.6097, 202.351
2591, 22, 171, 68.5731, 202.432
2592, 22, 171, 68.5518, 202.512
2593, 22, 171, 68.525, 202.592
2594, 22, 171, 68.4982, 202.675
2595, 22, 171, 68.4715, 202.755
2596, 22, 171, 68.4412, 202.836
2597, 22, 171, 68.4251, 202.917
2598, 22, 171, 68.3983, 202.998
2599, 22, 171, 68.331, 203.078
2600, 22, 171, 68.3083, 203.159
2601, 22, 171, 68.2921, 203.241
2602, 22, 171, 68.2708, 203.321
2603, 22, 171, 68.2553, 203.402
2604, 22, 171, 68.2349, 203.483
2605, 22, 171, 68.1867, 203.564
2606, 22, 171, 68.1427, 203.645
2607, 22, 171, 68.1124, 203.726
2608, 22, 171, 68.092, 203.807
2609, 22, 171, 68.1295, 203.888
2610, 22, 171, 68.2255, 203.969
2611, 22, 171, 68.2028, 204.068
2612, 22, 171, 68.1669, 204.159
2613, 22, 171, 68.1464, 204.246
2614, 22, 171, 68.1167, 204.327
2615, 22, 171, 68.0869, 204.408
2616, 22, 171, 68.0665, 204.49
2617, 22, 171, 68.0438, 204.572
2618, 22, 171, 68.0276, 204.653
2619, 22, 171, 68.0009, 204.743
2620, 22, 171, 67.9706, 204.842
2621, 22, 171, 67.9479, 204.924
2622, 22, 171, 67.9252, 205.005
2623, 22, 171, 67.9048, 205.086
2624, 22, 171, 67.8886, 205.167
2625, 22, 171, 67.8589, 205.248
2626, 22, 171, 67.8287, 205.33
2627, 22, 171, 67.7618, 205.411
2628, 22, 171, 67.7391, 205.493
2629, 22, 171, 67.7187, 205.574
2630, 22, 171, 67.696, 205.656
2631, 22, 171, 67.6829, 205.737
2632, 22, 171, 67.6527, 205.821
2633, 22, 171, 67.6322, 205.911
2634, 22, 171, 67.6025, 205.992
2635, 22, 171, 67.5727, 206.086
2636, 22, 171, 67.5425, 206.167
2637, 22, 171, 67.5128, 206.248
2638, 22, 171, 67.486, 206.33
2639, 22, 171, 67.4655, 206.413
2640, 22, 171, 67.4428, 206.494
2641, 22, 171, 67.4214, 206.576
2642, 22, 171, 67.3733, 206.657
2643, 22, 171, 67.3519, 206.747
2644, 22, 171, 67.3315, 206.846
2645, 22, 171, 67.3012, 206.928
2646, 22, 171, 67.2833, 207.009
2647, 22, 171, 67.2672, 207.099
2648, 22, 171, 67.2458, 207.181
2649, 22, 171, 67.2833, 207.262
2650, 22, 171, 67.3353, 207.344
2651, 22, 171, 67.3139, 207.425
2652, 22, 170, 67.4514, 207.507
2653, 22, 170, 67.4353, 207.603
2654, 22, 170, 67.4079, 207.692
2655, 22, 170, 67.3865, 207.774
2656, 22, 170, 67.3598, 207.891
2657, 22, 170, 67.3436, 208.024
2658, 22, 170, 67.3169, 208.141
2659, 22, 170, 67.4283, 208.256
2660, 22, 170, 67.4015, 208.374
2661, 22, 170, 67.3649, 208.496
2662, 22, 170, 67.3352, 208.587
2663, 22, 170, 67.3198, 208.694
2664, 22, 170, 67.2984, 208.799
2665, 22, 169, 67.4361, 208.882
2666, 22, 169, 67.339, 208.964
2667, 22, 169, 67.3765, 209.045
2668, 22, 169, 67.3324, 209.127
2669, 22, 169, 67.2884, 209.209
2670, 22, 169, 67.2679, 209.302
2671, 22, 169, 67.2475, 209.414
2672, 22, 168, 67.3886, 209.498
2673, 22, 168, 67.3213, 209.58
2674, 22, 168, 67.2807, 209.662
2675, 22, 168, 67.2539, 209.744
2676, 22, 168, 67.2098, 209.826
2677, 22, 167, 67.3585, 209.908
2678, 22, 167, 67.4511, 209.989
2679, 22, 167, 67.4146, 210.071
2680, 22, 167, 67.3616, 210.161
2681, 22, 167, 67.2645, 210.243
2682, 22, 167, 67.2238, 210.325
2683, 22, 167, 67.1873, 210.407
2684, 22, 167, 67.1466, 210.489
2685, 22, 167, 67.1025, 210.571
2686, 22, 167, 67.0659, 210.653
2687, 23, 167, 67.0362, 210.735
2688, 23, 167, 67.0094, 210.818
2689, 23, 167, 66.9653, 210.913
2690, 23, 167, 66.9288, 210.995
2691, 23, 166, 67.0775, 211.079
2692, 23, 166, 67.0101, 211.161
2693, 23, 166, 66.9695, 211.243
2694, 23, 166, 66.9288, 211.325
2695, 23, 166, 67.0215, 211.407
2696, 23, 166, 66.9774, 211.488
2697, 23, 166, 66.9368, 211.57
2698, 23, 166, 66.8694, 211.652
2699, 23, 166, 66.8021, 211.734
2700, 23, 166, 66.7655, 211.816
2701, 23, 166, 66.7289, 211.898
2702, 23, 165, 66.8776, 211.988
2703, 23, 165, 66.837, 212.069
2704, 23, 165, 66.8102, 212.151
2705, 23, 165, 66.7131, 212.232
2706, 23, 165, 66.6834, 212.314
2707, 23, 165, 66.6393, 212.396
2708, 23, 165, 66.6095, 212.478
2709, 23, 164, 66.7507, 212.56
2710, 23, 164, 66.7303, 212.641
2711, 23, 164, 66.7, 212.723
2712, 23, 164, 66.6733, 212.804
2713, 23, 164, 66.6528, 212.886
2714, 23, 164, 66.7455, 212.967
2715, 23, 163, 66.8866, 213.048
2716, 23, 162, 67.0278, 213.13
2717, 23, 162, 67.0011, 213.231
2718, 23, 162, 66.9743, 213.314
2719, 23, 162, 66.9075, 213.396
2720, 23, 162, 66.8709, 213.477
2721, 23, 161, 67.0121, 213.559
2722, 23, 161, 66.9453, 213.64
2723, 23, 161, 66.9012, 213.722
2724, 23, 161, 66.8744, 213.804
2725, 23, 161, 66.8447, 213.885
2726, 23, 160, 66.9859, 213.967
2727, 23, 160, 66.9418, 214.049
2728, 23, 160, 66.912, 214.131
2729, 23, 160, 66.8823, 214.228
2730, 23, 160, 66.8521, 214.31
2731, 23, 160, 66.8218, 214.392
2732, 23, 160, 66.755, 214.474
2733, 23, 160, 66.7248, 214.556
2734, 23, 160, 66.695, 214.653
2735, 23, 160, 66.6648, 214.737
2736, 23, 160, 66.6487, 214.818
2737, 23, 160, 66.6185, 214.9
2738, 23, 160, 66.508, 214.982
2739, 23, 160, 66.5779, 215.064
2740, 23, 160, 66.5574, 215.146
2741, 23, 160, 66.5307, 215.228
2742, 23, 159, 66.6675, 215.309
2743, 24, 159, 66.6447, 215.393
2744, 24, 159, 66.5966, 215.475
2745, 24, 159, 66.4768, 215.557
2746, 24, 159, 66.45, 215.639
2747, 24, 159, 66.4232, 215.721
2748, 24, 159, 66.3874, 215.803
2749, 24, 159, 66.3606, 215.884
2750, 24, 159, 66.3304, 215.966
2751, 24, 159, 66.3006, 216.048
2752, 24, 159, 66.2738, 216.129
2753, 24, 159, 66.2464, 216.211
2754, 24, 159, 66.1617, 216.292
2755, 24, 159, 66.1087, 216.374
2756, 24, 159, 66.0461, 216.465
2757, 24, 159, 66.0163, 216.548
2758, 24, 159, 65.9866, 216.629
2759, 24, 159, 65.9661, 216.71
2760, 24, 159, 65.9457, 216.792
2761, 24, 159, 65.9189, 216.873
2762, 24, 159, 65.8921, 216.955
2763, 24, 158, 66.0408, 217.037
2764, 24, 158, 66.0111, 217.128
2765, 24, 158, 65.9906, 217.21
2766, 24, 158, 65.954, 217.292
2767, 24, 158, 65.91, 217.374
2768, 24, 158, 65.8659, 217.455
2769, 24, 158, 65.8445, 217.547
2770, 24, 158, 65.8004, 217.629
2771, 24, 158, 65.7843, 217.711
2772, 24, 158, 65.7477, 217.792
2773, 24, 158, 65.7273, 217.874
2774, 24, 158, 65.7005, 217.955
2775, 24, 158, 65.6598, 218.036
2776, 24, 158, 65.6233, 218.118
2777, 24, 158, 65.5792, 218.199
2778, 24, 158, 65.5524, 218.281
2779, 24, 158, 65.532, 218.363
2780, 24, 158, 65.5052, 218.445
2781, 24, 158, 65.4847, 218.528
2782, 24, 158, 65.4482, 218.609
2783, 24, 158, 65.4041, 218.691
2784, 24, 158, 65.3193, 218.772
2785, 24, 158, 65.2926, 218.853
2786, 24, 158, 65.1728, 218.934
2787, 24, 158, 65.0757, 219.027
2788, 24, 158, 65.0391, 219.109
2789, 24, 158, 64.942, 219.19
2790, 24, 158, 64.8979, 219.271
2791, 24, 158, 64.8677, 219.353
2792, 24, 158, 64.8311, 219.44
2793, 24, 158, 64.68, 219.523
2794, 24, 158, 64.6126, 219.605
2795, 24, 158, 64.5824, 219.688
2796, 24, 158, 64.5556, 219.77
2797, 24, 158, 64.5115, 219.853
2798, 24, 158, 64.4813, 219.935
2799, 24, 158, 64.4407, 220.017
2800, 24, 158, 64.4193, 220.1
2801, 24, 158, 64.5119, 220.183
2802, 24, 158, 64.4713, 220.265
2803, 24, 158, 64.4445, 220.356
2804, 24, 158, 64.3964, 220.438
2805, 24, 158, 64.329, 220.52
2806, 24, 158, 64.2988, 220.602
2807, 24, 158, 64.232, 220.684
2808, 24, 158, 64.1954, 220.766
2809, 24, 158, 64.1588, 220.848
2810, 24, 158, 64.3227, 220.937
2811, 24, 158, 64.2821, 221.02
2812, 24, 158, 64.2455, 221.119
2813, 24, 158, 64.2049, 221.202
2814, 24, 158, 64.1375, 221.308
2815, 24, 158, 64.0707, 221.392
2816, 24, 158, 64.0177, 221.474
2817, 24, 158, 63.9736, 221.556
2818, 24, 158, 63.9255, 221.64
2819, 24, 158, 63.9041, 221.722
2820, 24, 158, 63.8739, 221.804
2821, 24, 158, 63.8298, 221.885
2822, 24, 158, 63.7932, 221.967
2823, 24, 158, 63.763, 222.049
2824, 24, 158, 63.7264, 222.132
2825, 24, 158, 63.6293, 222.213
2826, 24, 158, 63.562, 222.295
2827, 24, 158, 63.4108, 222.376
2828, 24, 158, 63.3435, 222.458
2829, 24, 158, 63.4549, 222.54
2830, 24, 158, 63.4282, 222.621
2831, 24, 158, 63.3979, 222.703
2832, 24, 158, 63.3682, 222.784
2833, 24, 158, 63.2711, 222.866
2834, 24, 158, 63.2443, 222.972
2835, 24, 158, 63.2002, 223.075
2836, 24, 157, 63.3489, 223.172
2837, 24, 157, 63.3123, 223.28
2838, 24, 157, 63.2153, 223.416
2839, 24, 157, 63.1479, 223.552
2840, 24, 156, 63.2891, 223.671
2841, 24, 156, 63.245, 223.771
2842, 24, 156, 63.2153, 223.854
2843, 24, 156, 63.1885, 223.937
2844, 24, 156, 63.1587, 224.019
2845, 24, 156, 63.1285, 224.106
2846, 24, 156, 63.2212, 224.189
2847, 24, 156, 63.1771, 224.289
2848, 24, 156, 63.2885, 224.372
2849, 24, 156, 63.2617, 224.454
2850, 24, 156, 63.2413, 224.537
2851, 24, 156, 63.2145, 224.62
2852, 24, 156, 63.1877, 224.715
2853, 24, 156, 63.161, 224.846
2854, 24, 156, 63.1312, 224.973
2855, 24, 156, 63.1108, 225.088
2856, 24, 156, 63.081, 225.203
2857, 24, 156, 63.0369, 225.32
2858, 24, 156, 63.0156, 225.441
2859, 24, 156, 62.9888, 225.557
2860, 24, 156, 62.962, 225.652
2861, 24, 156, 62.8952, 225.766
2862, 24, 156, 62.7981, 225.851
2863, 24, 156, 62.7615, 225.935
2864, 24, 156, 62.725, 226.017
2865, 24, 156, 62.7045, 226.1
2866, 24, 156, 62.6679, 226.182
2867, 24, 156, 62.6239, 226.264
2868, 24, 156, 62.5798, 226.347
2869, 24, 156, 62.5495, 226.429
2870, 24, 156, 62.5228, 226.512
2871, 24, 156, 62.4862, 226.595
2872, 24, 155, 62.6274, 226.678
2873, 24, 154, 62.7686, 226.762
2874, 24, 153, 62.9063, 226.845
2875, 24, 153, 62.9762, 226.928
2876, 24, 153, 62.946, 227.011
2877, 24, 153, 62.9101, 227.095
2878, 24, 153, 62.866, 227.178
2879, 24, 153, 62.7987, 227.261
2880, 24, 153, 62.7685, 227.344
2881, 24, 153, 62.7417, 227.426
2882, 24, 153, 62.6976, 227.509
2883, 24, 153, 62.6005, 227.609
2884, 24, 153, 62.5564, 227.692
2885, 24, 153, 62.535, 227.775
2886, 24, 153, 62.5048, 227.858
2887, 24, 153, 62.4844, 227.941
2888, 24, 153, 62.463, 228.024
2889, 24, 153, 62.4362, 228.107
2890, 24, 153, 62.4094, 228.19
2891, 24, 153, 62.2286, 228.273
2892, 24, 153, 62.192, 228.357
2893, 24, 153, 62.1622, 228.442
2894, 24, 153, 62.1355, 228.526
2895, 24, 153, 62.1141, 228.61
2896, 24, 153, 62.0987, 228.693
2897, 24, 153, 62.0782, 228.776
2898, 24, 153, 61.7741, 228.859
2899, 24, 153, 61.758, 228.942
2900, 24, 153, 61.7366, 229.025
2901, 24, 153, 61.7069, 229.107
2902, 24, 153, 61.8004, 229.189
2903, 24, 153, 61.7843, 229.272
2904, 24, 153, 61.7402, 229.382
2905, 24, 153, 61.7197, 229.466
2906, 24, 153, 61.7043, 229.551
2907, 24, 153, 61.6816, 229.639
2908, 24, 153, 61.6685, 229.723
2909, 24, 153, 61.6388, 229.805
2910, 24, 153, 61.6183, 229.888
2911, 24, 153, 61.5702, 229.985
2912, 24, 153, 61.5434, 230.068
2913, 24, 153, 61.5321, 230.151
2914, 24, 153, 61.516, 230.234
2915, 24, 152, 61.6528, 230.317
2916, 24, 152, 61.6087, 230.4
2917, 24, 152, 61.5785, 230.482
2918, 24, 152, 61.5571, 230.566
2919, 24, 152, 61.5344, 230.648
2920, 24, 152, 61.5183, 230.73
2921, 24, 152, 61.4955, 230.812
2922, 24, 152, 61.4728, 230.905
2923, 24, 152, 61.4369, 230.987
2924, 24, 152, 61.4142, 231.07
2925, 24, 152, 61.4012, 231.152
2926, 24, 152, 61.3785, 231.234
2927, 24, 152, 61.358, 231.316
2928, 24, 152, 61.3278, 231.398
2929, 24, 152, 61.298, 231.488
2930, 24, 152, 61.2683, 231.57
2931, 24, 152, 61.2242, 231.651
2932, 24, 152, 61.1395, 231.733
2933, 24, 152, 61.1127, 231.815
2934, 24, 152, 61.0859, 231.897
2935, 24, 152, 61.0705, 231.985
2936, 24, 152, 61.0501, 232.086
2937, 24, 152, 61.0296, 232.184
2938, 24, 152, 61.0092, 232.268
2939, 24, 152, 60.993, 232.35
2940, 24, 152, 61.1045, 232.432
2941, 24, 152, 61.0515, 232.514
2942, 25, 152, 61.0335, 232.599
2943, 26, 152, 61.0156, 232.682
2944, 26, 152, 61.0311, 232.769
2945, 26, 152, 61.018, 232.858
2946, 26, 152, 60.9512, 232.94
2947, 26, 152, 60.9405, 233.021
2948, 26, 152, 60.9131, 233.102
2949, 26, 152, 60.8828, 233.183
2950, 26, 152, 60.8614, 233.266
2951, 26, 152, 60.8401, 233.37
2952, 26, 152, 60.8133, 233.454
2953, 26, 152, 60.7831, 233.538
2954, 26, 152, 60.7626, 233.62
2955, 26, 152, 60.6958, 233.702
2956, 26, 151, 60.837, 233.785
2957, 26, 151, 60.8004, 233.867
2958, 26, 151, 60.78, 233.949
2959, 26, 151, 60.7497, 234.031
2960, 26, 151, 60.72, 234.113
2961, 26, 151, 60.6759, 234.197
2962, 26, 151, 60.6278, 234.294
2963, 26, 150, 60.769, 234.376
2964, 26, 150, 60.7485, 234.458
2965, 26, 150, 60.7119, 234.541
2966, 26, 150, 60.6958, 234.623
2967, 26, 150, 60.6592, 234.706
2968, 26, 150, 60.5919, 234.788
2969, 26, 150, 60.5478, 234.87
2970, 26, 150, 60.5037, 234.952
2971, 26, 150, 60.4769, 235.034
2972, 26, 150, 60.5696, 235.117
2973, 26, 150, 60.5428, 235.199
2974, 26, 150, 60.5948, 235.281
2975, 26, 150, 60.5646, 235.373
2976, 26, 150, 60.5344, 235.456
2977, 26, 150, 60.5139, 235.541
2978, 26, 150, 60.4925, 235.632
2979, 26, 150, 60.4623, 235.714
2980, 26, 150, 60.4469, 235.797
2981, 26, 150, 60.4166, 235.879
2982, 26, 150, 60.3962, 235.961
2983, 26, 150, 60.5076, 236.044
2984, 26, 150, 60.4595, 236.138
2985, 26, 150, 60.4154, 236.252
2986, 26, 150, 60.4853, 236.346
2987, 26, 150, 60.4412, 236.429
2988, 26, 150, 60.3744, 236.512
2989, 26, 150, 60.3378, 236.595
2990, 26, 150, 60.2531, 236.679
2991, 26, 150, 60.209, 236.762
2992, 26, 150, 60.1823, 236.845
2993, 26, 150, 60.1382, 236.927
2994, 26, 150, 60.1016, 237.009
2995, 26, 149, 60.2393, 237.092
2996, 26, 149, 60.2034, 237.179
2997, 26, 149, 60.183, 237.292
2998, 26, 149, 60.1532, 237.376
2999, 26, 149, 60.1328, 237.458
