Seed is: 70
Number of samples is: 3000
Simulation name is: Simulation_2TV_10x10.sim
TimeStep, Distraction Rate, Missed States, Model Accuracy, Time (ms)
0, 0, 732, 0, 9.1e-05
1, 0, 731, 1, 0.068331
2, 0, 731, 0.584963, 0.131982
3, 0, 731, 0.415037, 0.194301
4, 0, 730, 1.17823, 0.256579
5, 0, 729, 1.94143, 0.319128
6, 0, 729, 1.5679, 0.381517
7, 0, 728, 1.92067, 0.444066
8, 0, 728, 1.43571, 0.506375
9, 0, 728, 1.28277, 0.570176
10, 0, 728, 1.07823, 0.632445
11, 0, 727, 2.07823, 0.694814
12, 0, 727, 1.6632, 0.757183
13, 0, 727, 1.49327, 0.837055
14, 0, 726, 1.26108, 0.900716
15, 0, 725, 2.60924, 0.963405
16, 0, 724, 3.60924, 1.02745
17, 0, 724, 3.1942, 1.09062
18, 0, 724, 3.02428, 1.15461
19, 0, 723, 2.79208, 1.217
20, 0, 722, 4.14024, 1.3024
21, 0, 721, 4.90344, 1.36576
22, 0, 720, 5.66664, 1.42813
23, 0, 720, 5.98168, 1.4966
24, 0, 720, 5.88857, 1.55908
25, 0, 720, 5.79546, 1.62151
26, 0, 720, 5.71166, 1.68419
27, 0, 719, 6.47486, 1.7481
28, 0, 718, 7.23805, 1.836
29, 0, 717, 7.59082, 1.90994
30, 0, 717, 7.10586, 1.97321
31, 0, 717, 6.73233, 2.04474
32, 0, 717, 6.52779, 2.11218
33, 0, 716, 6.76913, 2.1755
34, 0, 715, 6.53694, 2.23789
35, 0, 714, 7.8851, 2.30068
36, 0, 713, 8.64829, 2.36508
37, 0, 712, 9.64829, 2.42833
38, 0, 712, 9.23326, 2.49544
39, 0, 712, 9.06333, 2.55866
40, 0, 711, 9.82653, 2.63555
41, 0, 710, 9.59433, 2.69913
42, 0, 709, 10.9425, 2.76217
43, 0, 709, 10.569, 2.82489
44, 0, 709, 10.1954, 2.88793
45, 0, 709, 10.1424, 2.95219
46, 0, 708, 11.1424, 3.01529
47, 0, 708, 10.7274, 3.07862
48, 0, 708, 10.5575, 3.14136
49, 0, 707, 11.3207, 3.20454
50, 0, 707, 11.1677, 3.27957
51, 0, 706, 11.9309, 3.35604
52, 0, 705, 12.9309, 3.4305
53, 0, 705, 12.5159, 3.50467
54, 0, 705, 12.346, 3.58886
55, 0, 704, 13.1092, 3.6537
56, 0, 703, 13.8724, 3.72948
57, 0, 703, 13.4988, 3.79382
58, 0, 703, 13.1253, 3.85722
59, 0, 703, 12.9724, 3.92075
60, 0, 703, 12.8194, 3.98429
61, 0, 702, 13.5826, 4.05698
62, 0, 702, 13.2091, 4.12467
63, 0, 702, 12.8356, 4.18809
64, 0, 702, 12.6826, 4.25169
65, 0, 702, 12.5297, 4.31945
66, 0, 702, 12.0447, 4.38358
67, 0, 701, 12.8079, 4.44735
68, 0, 701, 12.323, 4.51085
69, 0, 701, 11.9494, 4.57427
70, 0, 701, 11.7449, 4.6373
71, 0, 700, 12.5081, 4.7007
72, 0, 700, 12.1346, 4.76427
73, 0, 699, 12.4873, 4.82761
74, 0, 699, 12.0024, 4.89352
75, 0, 699, 11.8494, 4.95811
76, 0, 699, 11.6449, 5.02224
77, 0, 699, 11.5611, 5.08627
78, 0, 698, 12.3243, 5.15017
79, 0, 697, 13.0875, 5.22074
80, 0, 696, 13.8507, 5.28532
81, 0, 696, 13.4771, 5.34977
82, 0, 696, 13.1036, 5.4139
83, 0, 696, 12.9507, 5.4781
84, 0, 696, 12.7977, 5.54491
85, 0, 695, 12.5656, 5.61172
86, 0, 694, 13.9137, 5.67619
87, 0, 694, 13.5402, 5.74033
88, 0, 694, 13.0552, 5.80561
89, 0, 694, 12.9023, 5.87008
90, 0, 693, 13.6655, 5.95087
91, 0, 692, 14.4287, 6.01682
92, 0, 692, 14.0551, 6.08121
93, 0, 692, 13.6816, 6.14618
94, 0, 692, 13.5287, 6.21107
95, 0, 692, 13.3757, 6.28466
96, 0, 691, 14.1389, 6.34972
97, 0, 690, 14.4917, 6.41434
98, 0, 690, 14.0068, 6.47937
99, 0, 690, 13.6332, 6.54409
100, 0, 690, 13.4287, 6.60885
101, 0, 690, 13.2757, 6.67352
102, 0, 690, 12.7908, 6.73974
103, 0, 690, 12.4173, 6.81674
104, 0, 690, 12.2127, 6.88193
105, 0, 689, 12.9759, 6.9465
106, 0, 688, 13.7391, 7.01156
107, 0, 687, 14.0919, 7.07639
108, 0, 687, 14.4069, 7.14401
109, 0, 686, 15.4069, 7.20928
110, 0, 686, 14.9919, 7.27361
111, 0, 686, 14.822, 7.33793
112, 0, 685, 15.5851, 7.40288
113, 0, 684, 16.3483, 7.46688
114, 0, 683, 17.1115, 7.53134
115, 0, 682, 17.4643, 7.59629
116, 0, 682, 16.9794, 7.66122
117, 0, 682, 16.6058, 7.72567
118, 0, 682, 16.4013, 7.79011
119, 0, 682, 16.2483, 7.85605
120, 0, 681, 17.0115, 7.92061
121, 0, 680, 17.3643, 7.98748
122, 0, 680, 16.8794, 8.05179
123, 0, 680, 16.5058, 8.11628
124, 0, 680, 16.3013, 8.18088
125, 0, 680, 16.1483, 8.24553
126, 0, 680, 16.4118, 8.31242
127, 0, 680, 16.2588, 8.37691
128, 0, 680, 16.0543, 8.44107
129, 0, 680, 15.9612, 8.50624
130, 0, 680, 15.8507, 8.57067
131, 0, 680, 15.7576, 8.63628
132, 0, 680, 15.6471, 8.70105
133, 0, 679, 16.4103, 8.76792
134, 0, 678, 17.1735, 8.83303
135, 0, 677, 17.9367, 8.89946
136, 0, 677, 17.5631, 8.96427
137, 0, 677, 17.1896, 9.02909
138, 0, 677, 17.0367, 9.09382
139, 0, 677, 16.8837, 9.15875
140, 0, 676, 17.6469, 9.22373
141, 0, 676, 17.2734, 9.29864
142, 0, 676, 16.8999, 9.36383
143, 0, 676, 16.7469, 9.42865
144, 0, 676, 16.594, 9.49565
145, 0, 676, 16.5102, 9.56287
146, 0, 675, 16.278, 9.62823
147, 0, 674, 17.6262, 9.69356
148, 0, 673, 18.3894, 9.75833
149, 0, 672, 19.1526, 9.82377
150, 0, 672, 18.779, 9.8904
151, 0, 672, 18.4055, 9.95542
152, 0, 672, 18.2526, 10.0278
153, 0, 672, 18.0996, 10.0929
154, 0, 671, 17.8675, 10.158
155, 0, 670, 19.2156, 10.2234
156, 0, 670, 18.7306, 10.2888
157, 0, 669, 19.4938, 10.3537
158, 0, 668, 20.257, 10.4365
159, 0, 667, 21.0202, 10.5025
160, 0, 666, 21.7834, 10.5681
161, 0, 665, 22.7834, 10.6335
162, 0, 665, 22.3684, 10.7003
163, 0, 665, 22.1985, 10.7658
164, 0, 664, 22.9617, 10.8311
165, 0, 664, 22.5881, 10.8962
166, 0, 664, 22.2146, 10.9615
167, 0, 664, 22.0617, 11.0273
168, 0, 663, 22.303, 11.0926
169, 0, 662, 23.0662, 11.1577
170, 0, 661, 23.8294, 11.2225
171, 0, 661, 23.4559, 11.2875
172, 0, 661, 23.0823, 11.3544
173, 0, 661, 22.9294, 11.4194
174, 0, 661, 22.7765, 11.4847
175, 0, 660, 23.5397, 11.5499
176, 0, 659, 24.5397, 11.6155
177, 0, 659, 24.1246, 11.6822
178, 0, 659, 23.9547, 11.7476
179, 0, 658, 24.7179, 11.813
180, 0, 657, 25.4811, 11.8789
181, 0, 657, 25.1076, 11.9445
182, 0, 656, 25.4603, 12.0102
183, 0, 656, 24.9754, 12.0766
184, 0, 656, 24.8224, 12.1424
185, 0, 656, 25.0444, 12.2087
186, 0, 655, 25.8076, 12.2904
187, 0, 654, 26.5708, 12.3568
188, 0, 654, 26.1972, 12.4225
189, 0, 654, 25.8237, 12.4888
190, 0, 653, 26.065, 12.5545
191, 0, 653, 26.287, 12.634
192, 0, 652, 27.0502, 12.7002
193, 0, 651, 27.8134, 12.7662
194, 0, 651, 27.4398, 12.8318
195, 0, 651, 27.0663, 12.8973
196, 0, 651, 26.9134, 12.9629
197, 0, 651, 26.7604, 13.029
198, 0, 650, 26.5282, 13.0949
199, 0, 649, 27.8764, 13.1609
200, 0, 649, 27.5029, 13.2284
201, 0, 649, 27.0179, 13.2944
202, 0, 648, 27.7811, 13.3689
203, 0, 647, 28.5443, 13.4604
204, 0, 647, 28.1708, 13.539
205, 0, 647, 27.7972, 13.6051
206, 0, 647, 27.6443, 13.673
207, 0, 647, 27.4914, 13.7391
208, 0, 646, 28.2546, 13.8268
209, 0, 646, 27.881, 13.8973
210, 0, 646, 27.5075, 13.977
211, 0, 645, 27.7488, 14.0436
212, 0, 645, 27.5443, 14.1096
213, 0, 645, 27.3914, 14.1752
214, 0, 645, 27.3076, 14.2409
215, 0, 644, 28.0708, 14.3067
216, 0, 643, 28.834, 14.3721
217, 0, 642, 29.1867, 14.4384
218, 0, 642, 28.7018, 14.5043
219, 0, 642, 28.3282, 14.5701
220, 0, 642, 28.1237, 14.636
221, 0, 642, 27.9708, 14.7015
222, 0, 641, 28.734, 14.7672
223, 0, 640, 29.4972, 14.8329
224, 0, 639, 30.2604, 14.9012
225, 0, 639, 29.8868, 14.9671
226, 0, 639, 29.5133, 15.033
227, 0, 639, 29.3604, 15.099
228, 0, 638, 29.6017, 15.1652
229, 0, 637, 30.3649, 15.2412
230, 0, 636, 31.1281, 15.3078
231, 0, 636, 30.7546, 15.3738
232, 0, 635, 31.1073, 15.4403
233, 0, 635, 30.6224, 15.5084
234, 0, 635, 30.4694, 15.5942
235, 0, 635, 30.2649, 15.6776
236, 0, 634, 31.0281, 15.7562
237, 0, 633, 30.7959, 15.8229
238, 0, 632, 32.1441, 15.8892
239, 0, 632, 31.7705, 15.9731
240, 0, 632, 31.6774, 16.04
241, 0, 632, 31.5669, 16.1065
242, 0, 632, 31.4564, 16.1746
243, 0, 631, 32.2196, 16.241
244, 0, 630, 31.9874, 16.3074
245, 0, 629, 33.3356, 16.3748
246, 0, 629, 32.8506, 16.4579
247, 0, 629, 33.1657, 16.5265
248, 0, 628, 33.9289, 16.5937
249, 0, 627, 34.692, 16.66
250, 0, 626, 35.4552, 16.7265
251, 0, 625, 36.2184, 16.7928
252, 0, 624, 36.9816, 16.8594
253, 0, 623, 37.9816, 16.926
254, 0, 623, 37.5666, 16.9934
255, 0, 623, 37.3967, 17.0602
256, 0, 622, 38.1599, 17.1265
257, 0, 622, 37.7863, 17.1953
258, 0, 622, 37.4128, 17.2623
259, 0, 622, 37.2599, 17.329
260, 0, 622, 37.1069, 17.3952
261, 0, 621, 37.8701, 17.462
262, 0, 621, 37.4966, 17.5285
263, 0, 621, 37.1231, 17.6083
264, 0, 621, 36.9701, 17.6763
265, 0, 621, 36.8172, 17.744
266, 0, 620, 37.5804, 17.812
267, 0, 620, 37.2069, 17.8789
268, 0, 620, 36.8333, 17.947
269, 0, 620, 36.6804, 18.0133
270, 0, 620, 36.5275, 18.0795
271, 0, 619, 37.2907, 18.1458
272, 0, 619, 36.9171, 18.212
273, 0, 619, 36.5436, 18.2781
274, 0, 619, 36.3907, 18.3444
275, 0, 619, 36.2377, 18.4107
276, 0, 618, 37.0009, 18.4774
277, 0, 617, 37.7641, 18.5442
278, 0, 617, 37.3906, 18.6108
279, 0, 617, 37.0171, 18.6771
280, 0, 617, 36.8641, 18.7452
281, 0, 617, 36.7112, 18.812
282, 0, 616, 37.4744, 18.8789
283, 0, 615, 38.2376, 18.946
284, 0, 614, 39.0008, 19.0126
285, 0, 613, 39.764, 19.0792
286, 0, 612, 40.5272, 19.1459
287, 0, 611, 41.5272, 19.2129
288, 0, 611, 41.1121, 19.288
289, 0, 611, 40.9422, 19.3548
290, 0, 610, 41.7054, 19.4214
291, 0, 610, 41.3319, 19.4878
292, 0, 609, 41.6847, 19.5548
293, 0, 609, 41.1997, 19.6221
294, 0, 609, 41.0468, 19.6884
295, 0, 609, 40.8422, 19.7553
296, 0, 608, 41.6054, 19.8221
297, 0, 608, 41.2319, 19.8882
298, 0, 608, 40.8584, 19.9549
299, 0, 608, 40.7054, 20.0227
300, 0, 608, 40.5525, 20.0896
301, 0, 607, 41.3157, 20.1561
302, 0, 607, 40.9422, 20.2224
303, 0, 607, 40.5686, 20.2894
304, 0, 607, 40.4157, 20.3573
305, 0, 607, 40.2628, 20.4244
306, 0, 606, 41.0259, 20.4909
307, 0, 606, 40.6524, 20.5576
308, 0, 606, 40.2789, 20.6491
309, 0, 606, 40.1259, 20.7168
310, 0, 606, 39.973, 20.7839
311, 0, 605, 40.7362, 20.8541
312, 0, 604, 41.4994, 20.9215
313, 0, 604, 41.1259, 21.0028
314, 0, 603, 41.4786, 21.0711
315, 0, 603, 40.9937, 21.1387
316, 0, 603, 40.8408, 21.2081
317, 0, 603, 40.6362, 21.2751
318, 0, 602, 41.3994, 21.3531
319, 0, 601, 42.1626, 21.4207
320, 0, 600, 42.9258, 21.4878
321, 0, 599, 43.689, 21.5573
322, 0, 598, 44.4522, 21.6245
323, 0, 597, 45.4522, 21.6913
324, 0, 597, 45.0372, 21.7585
325, 0, 597, 44.8672, 21.8255
326, 0, 596, 45.6304, 21.8953
327, 0, 596, 45.2569, 21.9625
328, 0, 596, 44.8834, 22.03
329, 0, 595, 45.1247, 22.0972
330, 0, 595, 44.9202, 22.1649
331, 0, 595, 44.7672, 22.2324
332, 0, 594, 45.5304, 22.3001
333, 0, 594, 45.1569, 22.3689
334, 0, 594, 44.7834, 22.4363
335, 0, 594, 44.6304, 22.5036
336, 0, 594, 44.4775, 22.5709
337, 0, 593, 45.4775, 22.6521
338, 0, 593, 45.0625, 22.7201
339, 0, 593, 44.8925, 22.7873
340, 0, 592, 45.6557, 22.8546
341, 0, 591, 45.4235, 22.9249
342, 0, 591, 45.382, 23.0075
343, 0, 590, 47.0867, 23.076
344, 0, 589, 47.8499, 23.1436
345, 0, 588, 48.8499, 23.2122
346, 0, 588, 48.4349, 23.28
347, 0, 588, 48.265, 23.3474
348, 0, 587, 49.0282, 23.4153
349, 0, 586, 49.3809, 23.4828
350, 0, 586, 48.896, 23.5506
351, 0, 586, 48.5224, 23.619
352, 0, 586, 48.3179, 23.687
353, 0, 586, 48.165, 23.7548
354, 0, 585, 48.9282, 23.823
355, 0, 584, 49.6914, 23.893
356, 0, 583, 50.4546, 23.961
357, 0, 583, 50.081, 24.0284
358, 0, 583, 49.7075, 24.0965
359, 0, 583, 49.5546, 24.1639
360, 0, 583, 49.4016, 24.2313
361, 0, 582, 50.1648, 24.2996
362, 0, 581, 50.928, 24.3672
363, 0, 580, 51.6912, 24.4348
364, 0, 579, 52.6912, 24.5174
365, 0, 579, 52.2762, 24.5876
366, 0, 579, 52.1063, 24.6557
367, 0, 578, 52.8695, 24.724
368, 0, 578, 52.4959, 24.7934
369, 0, 578, 52.1224, 24.8613
370, 0, 578, 51.9695, 24.931
371, 0, 577, 52.2108, 25.001
372, 0, 576, 53.2108, 25.0693
373, 0, 576, 52.7958, 25.1376
374, 0, 576, 52.6258, 25.2059
375, 0, 575, 53.389, 25.2747
376, 0, 574, 54.1522, 25.3432
377, 0, 573, 54.505, 25.4118
378, 0, 573, 54.02, 25.4805
379, 0, 573, 53.6465, 25.5487
380, 0, 573, 53.442, 25.6174
381, 0, 573, 53.289, 25.686
382, 0, 573, 53.0845, 25.7548
383, 0, 572, 53.8477, 25.8233
384, 0, 572, 53.4742, 25.8921
385, 0, 572, 53.1006, 25.9711
386, 0, 572, 52.9477, 26.041
387, 0, 572, 52.7948, 26.1096
388, 0, 571, 52.5626, 26.1782
389, 0, 570, 53.9107, 26.2469
390, 0, 569, 54.6739, 26.3156
391, 0, 568, 55.6739, 26.3847
392, 0, 568, 55.2589, 26.4682
393, 0, 568, 55.089, 26.5408
394, 0, 567, 55.8522, 26.613
395, 0, 567, 55.4786, 26.6822
396, 0, 567, 55.1051, 26.7533
397, 0, 567, 54.9522, 26.8219
398, 0, 567, 54.7992, 26.8906
399, 0, 566, 55.5624, 26.9593
400, 0, 566, 55.1889, 27.0278
401, 0, 566, 54.8154, 27.0963
402, 0, 566, 54.6624, 27.1653
403, 0, 566, 54.5095, 27.2356
404, 0, 565, 55.2727, 27.3045
405, 0, 564, 56.0359, 27.3731
406, 0, 564, 55.6624, 27.4441
407, 0, 564, 55.2888, 27.5131
408, 0, 564, 55.1359, 27.5818
409, 0, 564, 54.983, 27.6518
410, 0, 564, 54.8992, 27.7206
411, 0, 563, 55.6624, 27.7898
412, 0, 563, 55.2888, 27.8607
413, 0, 563, 55.205, 27.9311
414, 0, 562, 55.9682, 28
415, 0, 561, 56.7314, 28.0689
416, 0, 561, 56.3579, 28.1379
417, 0, 561, 55.9843, 28.2068
418, 0, 560, 56.2257, 28.2765
419, 0, 560, 56.0212, 28.3463
420, 0, 560, 55.8682, 28.4153
421, 0, 559, 56.6314, 28.4843
422, 0, 559, 56.2579, 28.5535
423, 0, 559, 55.7729, 28.6243
424, 0, 558, 55.5407, 28.6939
425, 0, 557, 56.8889, 28.7834
426, 0, 556, 57.6521, 28.8535
427, 0, 555, 58.6521, 28.9228
428, 0, 555, 58.237, 28.9923
429, 0, 555, 58.0671, 29.0637
430, 0, 554, 58.8303, 29.1328
431, 0, 554, 58.4568, 29.202
432, 0, 554, 58.0833, 29.2809
433, 0, 554, 57.9303, 29.3519
434, 0, 553, 58.1717, 29.4214
435, 0, 553, 57.9671, 29.4912
436, 0, 553, 57.8833, 29.5613
437, 0, 553, 57.3984, 29.6307
438, 0, 553, 57.0248, 29.7
439, 0, 553, 56.8203, 29.7692
440, 0, 552, 57.5835, 29.8384
441, 0, 551, 58.3467, 29.9182
442, 0, 550, 58.6995, 29.9895
443, 0, 550, 59.0145, 30.0594
444, 0, 549, 60.0145, 30.1289
445, 0, 549, 59.5995, 30.1983
446, 0, 549, 59.4295, 30.2678
447, 0, 548, 60.1927, 30.3372
448, 0, 547, 60.9559, 30.4071
449, 0, 546, 61.7191, 30.4766
450, 0, 546, 61.3456, 30.5462
451, 0, 546, 60.9721, 30.6221
452, 0, 546, 60.8191, 30.7269
453, 0, 546, 60.6662, 30.8299
454, 0, 545, 61.4294, 30.9005
455, 0, 545, 61.0559, 30.9702
456, 0, 545, 60.6823, 31.0422
457, 0, 544, 60.9237, 31.1117
458, 0, 544, 60.7191, 31.2018
459, 0, 544, 60.5662, 31.2724
460, 0, 544, 59.9881, 31.3424
461, 0, 543, 60.3409, 31.4142
462, 0, 543, 59.8559, 31.4847
463, 0, 543, 59.5925, 31.578
464, 0, 542, 60.5925, 31.6651
465, 0, 542, 60.1775, 31.7354
466, 0, 542, 60.0075, 31.8061
467, 0, 541, 61.0075, 31.8762
468, 0, 541, 60.5925, 31.9459
469, 0, 541, 60.4226, 32.0153
470, 0, 540, 61.1858, 32.0859
471, 0, 539, 62.1858, 32.1574
472, 0, 539, 61.7707, 32.2276
473, 0, 539, 61.6008, 32.2974
474, 0, 538, 62.364, 32.3669
475, 0, 538, 61.9905, 32.4372
476, 0, 538, 61.6169, 32.5077
477, 0, 538, 61.464, 32.5789
478, 0, 538, 61.3111, 32.666
479, 0, 538, 61.533, 32.7362
480, 0, 538, 61.4492, 32.8158
481, 0, 537, 62.2124, 32.8927
482, 0, 536, 62.9756, 32.9734
483, 0, 536, 62.6021, 33.0468
484, 0, 536, 62.2285, 33.1162
485, 0, 536, 62.1447, 33.1856
486, 0, 536, 62.0609, 33.2546
487, 0, 536, 61.9771, 33.325
488, 0, 535, 62.9771, 33.394
489, 0, 535, 62.5621, 33.463
490, 0, 535, 62.3922, 33.5326
491, 0, 534, 63.1554, 33.6021
492, 0, 533, 63.9186, 33.6718
493, 0, 533, 63.545, 33.7412
494, 0, 533, 63.1715, 33.8108
495, 0, 533, 63.0186, 33.8802
496, 0, 532, 63.2599, 33.95
497, 0, 531, 64.0231, 34.02
498, 0, 531, 63.6496, 34.0892
499, 0, 531, 63.276, 34.1608
500, 0, 531, 63.1231, 34.23
501, 0, 531, 62.9702, 34.2991
502, 0, 531, 62.8864, 34.37
503, 0, 531, 62.6818, 34.4396
504, 0, 531, 62.598, 34.5092
505, 0, 531, 62.5049, 34.5814
506, 0, 531, 62.4118, 34.6514
507, 0, 531, 62.3013, 34.721
508, 0, 530, 63.0645, 34.7907
509, 0, 529, 63.8277, 34.8608
510, 0, 529, 63.4542, 34.9301
511, 0, 529, 63.0806, 35.0003
512, 0, 529, 62.9277, 35.0697
513, 0, 529, 62.7748, 35.1424
514, 0, 529, 62.691, 35.2124
515, 0, 528, 63.4542, 35.2824
516, 0, 527, 64.2174, 35.3522
517, 0, 527, 63.8438, 35.4218
518, 0, 527, 63.4703, 35.4915
519, 0, 527, 63.3174, 35.5615
520, 0, 527, 63.1644, 35.631
521, 0, 527, 63.0806, 35.7008
522, 0, 526, 63.8438, 35.7917
523, 0, 525, 64.607, 35.8626
524, 0, 525, 64.2335, 35.943
525, 0, 525, 63.86, 36.0137
526, 0, 525, 63.707, 36.0833
527, 0, 525, 63.5541, 36.1531
528, 0, 525, 63.4703, 36.2228
529, 0, 524, 64.4703, 36.2924
530, 0, 524, 64.0553, 36.3619
531, 0, 524, 63.8853, 36.4318
532, 0, 524, 63.7922, 36.5012
533, 0, 524, 63.6991, 36.5707
534, 0, 524, 63.6153, 36.6417
535, 0, 523, 63.3831, 36.7118
536, 0, 522, 64.7313, 36.782
537, 0, 521, 65.4945, 36.8521
538, 0, 520, 66.2577, 36.9218
539, 0, 520, 65.8841, 36.9916
540, 0, 520, 65.5106, 37.0612
541, 0, 520, 65.3577, 37.1306
542, 0, 520, 65.2048, 37.207
543, 0, 519, 65.9679, 37.2771
544, 0, 518, 66.9679, 37.3469
545, 0, 518, 66.5529, 37.4194
546, 0, 518, 66.383, 37.4893
547, 0, 518, 65.898, 37.5588
548, 0, 518, 65.5245, 37.6285
549, 0, 518, 65.32, 37.6982
550, 0, 518, 65.2362, 37.7678
551, 0, 518, 65.1257, 37.8379
552, 0, 518, 65.0325, 37.9242
553, 0, 518, 64.9487, 37.9953
554, 0, 518, 64.8649, 38.0655
555, 0, 518, 64.7811, 38.1357
556, 0, 517, 64.549, 38.2055
557, 0, 516, 65.8971, 38.2762
558, 0, 515, 66.6603, 38.3491
559, 0, 515, 66.1754, 38.4194
560, 0, 515, 65.8018, 38.4892
561, 0, 515, 65.5973, 38.5589
562, 0, 514, 66.5973, 38.6291
563, 0, 514, 66.1822, 38.699
564, 0, 514, 66.0123, 38.7695
565, 0, 514, 65.9285, 38.8391
566, 0, 514, 65.8447, 38.9094
567, 0, 514, 65.7917, 38.9796
568, 0, 514, 65.6986, 39.0512
569, 0, 514, 65.6148, 39.1215
570, 0, 514, 65.5217, 39.192
571, 0, 513, 65.763, 39.274
572, 0, 513, 65.6792, 39.3449
573, 0, 512, 66.4424, 39.4151
574, 0, 511, 67.2056, 39.4852
575, 0, 510, 67.9688, 39.5565
576, 0, 510, 67.8159, 39.6268
577, 0, 510, 67.4424, 39.697
578, 0, 510, 67.3586, 39.7675
579, 0, 509, 68.1218, 39.8377
580, 0, 508, 68.885, 39.9081
581, 0, 508, 68.5114, 39.978
582, 0, 508, 68.1379, 40.0479
583, 0, 508, 67.985, 40.1176
584, 0, 508, 67.832, 40.1886
585, 0, 507, 68.5952, 40.2593
586, 0, 507, 68.2217, 40.3296
587, 0, 507, 67.8482, 40.4002
588, 0, 507, 67.6952, 40.474
589, 0, 507, 67.5423, 40.544
590, 0, 506, 68.3055, 40.6147
591, 0, 506, 67.932, 40.6857
592, 0, 506, 67.5584, 40.756
593, 0, 506, 67.4055, 40.8263
594, 0, 506, 67.2526, 40.8981
595, 0, 505, 68.2526, 40.9685
596, 0, 505, 67.8375, 41.0388
597, 0, 505, 67.6676, 41.1088
598, 0, 504, 67.8573, 41.1794
599, 0, 504, 67.7735, 41.2649
600, 0, 504, 67.6897, 41.3357
601, 0, 504, 67.6059, 41.4059
602, 0, 504, 67.453, 41.476
603, 0, 504, 67.3425, 41.5463
604, 0, 504, 67.2587, 41.6167
605, 0, 504, 67.1656, 41.6903
606, 0, 504, 67.0551, 41.7607
607, 0, 504, 66.9713, 41.8313
608, 0, 504, 66.8875, 41.9017
609, 0, 504, 66.8037, 41.9752
610, 0, 504, 66.6508, 42.0453
611, 0, 503, 67.414, 42.1157
612, 0, 503, 67.0404, 42.1884
613, 0, 503, 66.6669, 42.2589
614, 0, 503, 66.514, 42.3448
615, 0, 503, 66.361, 42.4154
616, 0, 503, 66.2772, 42.4858
617, 0, 502, 67.0404, 42.5563
618, 0, 501, 67.8036, 42.6362
619, 0, 501, 67.4301, 42.7068
620, 0, 500, 67.7829, 42.7775
621, 0, 500, 67.2979, 42.8479
622, 0, 500, 67.145, 42.9183
623, 0, 500, 66.9404, 42.9968
624, 0, 499, 67.7036, 43.0672
625, 0, 499, 67.3301, 43.144
626, 0, 499, 66.9566, 43.2236
627, 0, 499, 66.8036, 43.2941
628, 0, 499, 66.6507, 43.3649
629, 0, 498, 67.4139, 43.4358
630, 0, 498, 67.0404, 43.5062
631, 0, 498, 66.6668, 43.5766
632, 0, 498, 66.5139, 43.6467
633, 0, 498, 66.361, 43.7171
634, 0, 497, 67.1242, 43.7878
635, 0, 496, 67.4769, 43.8582
636, 0, 496, 66.992, 43.9458
637, 0, 496, 66.6184, 44.0175
638, 0, 496, 66.4139, 44.0881
639, 0, 496, 66.261, 44.1598
640, 0, 495, 67.0242, 44.231
641, 0, 495, 66.6506, 44.3153
642, 0, 495, 66.2771, 44.3862
643, 0, 495, 66.1242, 44.4609
644, 0, 495, 65.9712, 44.5392
645, 0, 494, 66.7344, 44.6101
646, 0, 494, 66.3609, 44.681
647, 0, 494, 65.9874, 44.7519
648, 0, 494, 65.8344, 44.8241
649, 0, 494, 65.6815, 44.8947
650, 0, 493, 66.4447, 44.9655
651, 0, 492, 67.2079, 45.0364
652, 0, 491, 67.9711, 45.1071
653, 0, 491, 67.5975, 45.1784
654, 0, 491, 67.224, 45.2496
655, 0, 491, 67.0711, 45.3206
656, 0, 491, 66.9181, 45.3915
657, 0, 490, 67.6813, 45.4636
658, 0, 490, 67.3078, 45.5345
659, 0, 490, 66.9343, 45.6055
660, 0, 490, 66.7813, 45.6766
661, 0, 490, 66.6284, 45.7481
662, 0, 490, 66.5446, 45.8191
663, 0, 490, 66.4608, 45.8902
664, 0, 489, 66.8136, 45.9714
665, 0, 489, 67.1286, 46.0433
666, 0, 488, 67.8918, 46.1148
667, 0, 487, 68.655, 46.1888
668, 0, 486, 68.4228, 46.2602
669, 0, 485, 69.771, 46.3328
670, 0, 485, 69.3975, 46.4043
671, 0, 485, 68.9125, 46.4752
672, 0, 484, 69.6757, 46.5465
673, 0, 484, 69.3022, 46.626
674, 0, 484, 68.9286, 46.6978
675, 0, 484, 68.7757, 46.769
676, 0, 484, 68.6228, 46.8399
677, 0, 484, 68.8862, 46.9112
678, 0, 484, 68.6816, 46.9824
679, 0, 484, 68.6286, 47.0533
680, 0, 484, 68.5448, 47.1248
681, 0, 483, 69.308, 47.1958
682, 0, 482, 70.0712, 47.2736
683, 0, 481, 70.8344, 47.3699
684, 0, 481, 70.4609, 47.4589
685, 0, 481, 70.0874, 47.5311
686, 0, 480, 70.3287, 47.6024
687, 0, 480, 70.1242, 47.6738
688, 0, 480, 69.9712, 47.7454
689, 0, 479, 70.7344, 47.8163
690, 0, 479, 70.3609, 47.8877
691, 0, 479, 69.9874, 47.9605
692, 0, 479, 69.8344, 48.0324
693, 0, 479, 69.6815, 48.1041
694, 0, 478, 69.9228, 48.2058
695, 0, 478, 69.839, 48.2823
696, 0, 477, 70.6022, 48.3549
697, 0, 476, 70.3701, 48.4267
698, 0, 475, 71.7182, 48.5132
699, 0, 474, 72.4814, 48.5861
700, 0, 473, 73.2446, 48.6624
701, 0, 473, 73.0917, 48.7346
702, 0, 473, 72.7181, 48.8068
703, 1, 472, 73.7181, 48.8792
704, 2, 472, 73.3031, 48.9514
705, 3, 472, 73.1332, 49.0238
706, 4, 471, 74.1332, 49.0956
707, 5, 471, 73.7181, 49.1676
708, 6, 471, 73.5482, 49.2398
709, 7, 471, 73.4551, 49.3242
710, 8, 471, 73.362, 49.3966
711, 8, 471, 73.2782, 49.4687
712, 8, 471, 72.9047, 49.5408
713, 8, 470, 73.6679, 49.6128
714, 8, 470, 73.4633, 49.6849
715, 8, 470, 73.4103, 49.7572
716, 8, 470, 73.3265, 49.8289
717, 8, 470, 73.2427, 49.9005
718, 8, 469, 74.0059, 49.9725
719, 8, 469, 73.9221, 50.0449
720, 8, 468, 73.6899, 50.1274
721, 8, 467, 75.0381, 50.2001
722, 8, 466, 75.8013, 50.272
723, 8, 465, 76.5645, 50.3458
724, 8, 465, 76.4807, 50.4186
725, 8, 464, 77.4807, 50.4918
726, 8, 464, 77.0656, 50.5636
727, 8, 464, 76.8957, 50.6362
728, 8, 464, 76.6323, 50.7085
729, 8, 463, 77.3955, 50.781
730, 8, 463, 77.022, 50.8552
731, 8, 463, 76.6484, 50.9276
732, 8, 463, 76.4955, 50.9993
733, 8, 463, 76.3426, 51.0715
734, 8, 462, 77.1058, 51.1435
735, 8, 462, 76.7322, 51.2158
736, 8, 462, 76.3587, 51.2881
737, 8, 462, 76.2058, 51.3602
738, 8, 462, 76.0528, 51.4326
739, 8, 461, 76.816, 51.5048
740, 8, 460, 77.5792, 51.5798
741, 8, 459, 78.3424, 51.6527
742, 8, 458, 78.6952, 51.725
743, 8, 458, 78.2102, 51.7971
744, 8, 458, 77.8367, 51.8702
745, 8, 458, 78.0586, 51.9421
746, 8, 457, 78.8218, 52.02
747, 8, 457, 78.4483, 52.0929
748, 8, 456, 78.801, 52.1655
749, 8, 456, 78.3161, 52.2377
750, 8, 456, 78.1631, 52.31
751, 8, 456, 77.9586, 52.3823
752, 8, 456, 78.1216, 52.4546
753, 8, 456, 78.0378, 52.5267
754, 8, 455, 79.0378, 52.6078
755, 8, 455, 78.6228, 52.6835
756, 8, 455, 78.4529, 52.7559
757, 8, 455, 78.1895, 52.829
758, 8, 455, 78.0365, 52.9093
759, 8, 455, 77.5516, 52.9827
760, 8, 455, 77.178, 53.0564
761, 8, 455, 76.9735, 53.1304
762, 8, 454, 77.7367, 53.2046
763, 8, 453, 78.4999, 53.2775
764, 8, 453, 78.1263, 53.3494
765, 8, 453, 77.7528, 53.4212
766, 8, 453, 77.5999, 53.4932
767, 8, 453, 77.4469, 53.5644
768, 8, 452, 78.4469, 53.6368
769, 8, 452, 78.0319, 53.7088
770, 8, 452, 77.862, 53.7805
771, 8, 452, 77.7782, 53.8525
772, 8, 451, 78.5414, 53.9248
773, 8, 450, 78.3092, 53.9964
774, 8, 449, 79.6574, 54.0683
775, 8, 449, 79.2838, 54.1495
776, 8, 449, 78.7989, 54.2217
777, 8, 448, 79.7989, 54.2938
778, 8, 448, 79.3838, 54.3722
779, 8, 448, 79.2139, 54.4445
780, 8, 448, 79.061, 54.516
781, 8, 447, 79.3023, 54.5879
782, 8, 447, 79.2185, 54.6614
783, 8, 447, 79.1347, 54.7337
784, 8, 446, 79.3244, 54.8063
785, 8, 446, 79.2406, 54.8787
786, 8, 446, 79.0361, 54.9507
787, 8, 445, 78.8039, 55.0229
788, 8, 444, 80.1521, 55.0953
789, 8, 443, 80.9153, 55.1681
790, 8, 442, 81.6785, 55.2405
791, 8, 441, 82.4417, 55.3129
792, 8, 440, 83.2049, 55.3854
793, 8, 440, 82.8313, 55.4579
794, 8, 440, 82.4578, 55.5523
795, 8, 440, 82.3049, 55.6265
796, 8, 440, 82.1519, 55.6992
797, 8, 439, 81.9197, 55.7844
798, 8, 438, 83.2679, 55.8583
799, 8, 437, 84.0311, 55.9412
800, 8, 436, 84.7943, 56.0147
801, 8, 436, 84.4208, 56.0954
802, 8, 435, 84.7735, 56.1685
803, 8, 435, 84.2886, 56.2412
804, 8, 435, 84.1356, 56.3174
805, 8, 435, 83.9311, 56.3903
806, 8, 434, 84.6943, 56.4632
807, 8, 433, 85.4575, 56.5362
808, 8, 433, 85.084, 56.6089
809, 8, 433, 84.7104, 56.6816
810, 8, 433, 84.5575, 56.7557
811, 8, 433, 84.4046, 56.8383
812, 8, 432, 85.4046, 56.9188
813, 8, 432, 84.9895, 56.9922
814, 8, 432, 84.8196, 57.0649
815, 8, 431, 85.5828, 57.1378
816, 8, 430, 86.346, 57.2109
817, 8, 430, 85.9724, 57.2835
818, 8, 430, 85.5989, 57.3732
819, 8, 430, 85.446, 57.4472
820, 8, 430, 85.2931, 57.5205
821, 8, 429, 85.0609, 57.5933
822, 8, 428, 86.409, 57.6663
823, 8, 427, 87.1722, 57.7392
824, 8, 426, 87.9354, 57.813
825, 8, 426, 87.5619, 57.886
826, 8, 426, 87.1883, 57.9591
827, 8, 426, 87.0354, 58.0354
828, 8, 426, 86.8825, 58.1104
829, 8, 425, 87.6457, 58.1844
830, 8, 425, 87.1607, 58.2581
831, 8, 425, 86.7872, 58.3317
832, 8, 425, 87.0091, 58.4078
833, 8, 425, 86.5241, 58.4809
834, 8, 425, 86.1506, 58.5546
835, 8, 425, 85.9461, 58.6277
836, 8, 424, 86.7093, 58.7015
837, 8, 423, 87.4725, 58.7746
838, 8, 422, 88.2357, 58.8484
839, 8, 422, 87.8621, 58.9221
840, 8, 422, 87.4886, 58.9953
841, 8, 421, 87.7299, 59.0691
842, 8, 421, 87.5254, 59.1427
843, 8, 421, 87.3725, 59.2188
844, 8, 420, 88.1357, 59.3017
845, 8, 420, 87.7621, 59.3757
846, 8, 420, 87.3886, 59.4492
847, 8, 420, 87.2357, 59.5229
848, 8, 420, 87.0827, 59.5961
849, 8, 420, 86.9989, 59.6693
850, 8, 419, 87.7621, 59.7438
851, 8, 418, 88.5253, 59.828
852, 8, 418, 88.1518, 59.9015
853, 8, 418, 87.7783, 59.9753
854, 8, 417, 88.0196, 60.0491
855, 8, 417, 87.8151, 60.1231
856, 8, 417, 87.6621, 60.1969
857, 8, 416, 88.4253, 60.2708
858, 8, 415, 89.1885, 60.3448
859, 8, 414, 89.9517, 60.4187
860, 8, 414, 89.5782, 60.4934
861, 8, 414, 89.2047, 60.5676
862, 8, 414, 89.0517, 60.6536
863, 8, 414, 88.8988, 60.7283
864, 8, 413, 89.662, 60.8036
865, 8, 412, 90.4252, 60.8775
866, 8, 411, 91.1884, 60.9511
867, 8, 411, 90.8148, 61.0249
868, 8, 411, 90.4413, 61.099
869, 8, 411, 90.2884, 61.1731
870, 8, 411, 90.1355, 61.2486
871, 8, 410, 90.8986, 61.3227
872, 8, 409, 91.6618, 61.3968
873, 8, 408, 91.4297, 61.4709
874, 8, 407, 92.7778, 61.5473
875, 8, 407, 92.4043, 61.6245
876, 8, 407, 91.9193, 61.6985
877, 8, 406, 92.9193, 61.7729
878, 8, 406, 92.5043, 61.8471
879, 8, 406, 92.3344, 61.9208
880, 8, 405, 93.0976, 61.9948
881, 8, 405, 92.724, 62.0686
882, 8, 404, 93.0768, 62.1424
883, 8, 404, 92.5918, 62.2163
884, 8, 404, 92.4389, 62.2902
885, 8, 404, 92.2344, 62.3642
886, 8, 403, 92.9976, 62.4382
887, 8, 403, 92.624, 62.5123
888, 8, 403, 92.2505, 62.5866
889, 8, 403, 92.0976, 62.6707
890, 8, 403, 91.9446, 62.7459
891, 8, 402, 92.7078, 62.8202
892, 8, 402, 92.3343, 62.9021
893, 8, 402, 91.9607, 62.9779
894, 8, 402, 91.8078, 63.0521
895, 8, 402, 91.6549, 63.126
896, 8, 401, 92.4181, 63.2089
897, 8, 400, 93.1813, 63.3134
898, 8, 399, 93.9445, 63.4239
899, 8, 398, 94.2972, 63.5171
900, 8, 398, 94.6123, 63.5926
901, 8, 397, 95.3755, 63.667
902, 8, 397, 95.0019, 63.7509
903, 8, 397, 94.6284, 63.8418
904, 8, 397, 94.4755, 63.9331
905, 8, 397, 94.3225, 64.0085
906, 8, 397, 94.2387, 64.0826
907, 8, 397, 94.1549, 64.1568
908, 8, 396, 94.9181, 64.2327
909, 8, 395, 95.6813, 64.3068
910, 8, 395, 95.3078, 64.381
911, 8, 395, 94.9343, 64.4563
912, 8, 395, 94.7813, 64.5335
913, 8, 395, 94.6284, 64.608
914, 8, 394, 95.3916, 64.6824
915, 8, 393, 96.1548, 64.7569
916, 8, 392, 96.918, 64.8313
917, 8, 392, 96.5445, 64.9061
918, 8, 392, 96.1709, 64.9816
919, 8, 392, 96.018, 65.0564
920, 8, 392, 95.8651, 65.1313
921, 8, 391, 95.6329, 65.206
922, 8, 390, 96.981, 65.2809
923, 8, 389, 97.7442, 65.3564
924, 8, 388, 98.5074, 65.4313
925, 8, 387, 98.8602, 65.5062
926, 8, 387, 98.3752, 65.5814
927, 8, 387, 98.0017, 65.6561
928, 8, 387, 97.7972, 65.7352
929, 8, 387, 97.6442, 65.8106
930, 8, 386, 98.6442, 65.8857
931, 8, 386, 98.2292, 65.9737
932, 8, 386, 98.0593, 66.0493
933, 8, 385, 98.8225, 66.1355
934, 8, 384, 99.5857, 66.2148
935, 8, 384, 99.2121, 66.2899
936, 8, 384, 98.8386, 66.3647
937, 8, 384, 98.6857, 66.4396
938, 8, 384, 98.5327, 66.5145
939, 8, 383, 99.2959, 66.5926
940, 8, 382, 100.059, 66.6681
941, 8, 381, 100.822, 66.7432
942, 8, 381, 100.449, 66.8181
943, 8, 380, 100.802, 66.9001
944, 8, 380, 100.317, 66.9758
945, 8, 380, 100.164, 67.0586
946, 8, 380, 99.9591, 67.1347
947, 8, 379, 100.722, 67.2119
948, 8, 379, 100.349, 67.287
949, 8, 378, 100.702, 67.3638
950, 8, 378, 100.217, 67.4391
951, 8, 378, 100.064, 67.5143
952, 8, 378, 99.8591, 67.5893
953, 8, 378, 99.7753, 67.6644
954, 8, 377, 100.775, 67.7397
955, 8, 377, 100.36, 67.8147
956, 8, 377, 100.19, 67.8902
957, 8, 376, 100.954, 67.9655
958, 8, 375, 101.954, 68.042
959, 8, 375, 101.539, 68.1172
960, 8, 375, 101.369, 68.1921
961, 8, 374, 102.132, 68.2665
962, 8, 373, 103.132, 68.3408
963, 8, 373, 102.717, 68.4154
964, 8, 373, 102.547, 68.4899
965, 8, 372, 103.547, 68.5644
966, 8, 372, 103.132, 68.639
967, 8, 372, 102.962, 68.7136
968, 8, 371, 103.725, 68.7881
969, 8, 371, 103.352, 68.8669
970, 8, 371, 102.978, 68.9419
971, 8, 371, 102.825, 69.0217
972, 8, 371, 102.672, 69.0963
973, 8, 370, 102.44, 69.1709
974, 8, 369, 103.788, 69.2484
975, 8, 369, 103.415, 69.332
976, 8, 369, 103.73, 69.4073
977, 8, 369, 103.152, 69.4822
978, 8, 368, 103.915, 69.5569
979, 8, 367, 104.915, 69.6317
980, 8, 367, 104.5, 69.7068
981, 8, 367, 104.33, 69.7818
982, 8, 366, 105.093, 69.8565
983, 8, 366, 104.719, 69.9316
984, 8, 366, 104.346, 70.0066
985, 8, 366, 104.193, 70.0811
986, 8, 366, 104.04, 70.1559
987, 8, 366, 103.887, 70.2305
988, 8, 366, 103.803, 70.3066
989, 8, 366, 103.71, 70.3814
990, 8, 366, 103.617, 70.4561
991, 8, 366, 103.533, 70.5312
992, 8, 366, 103.44, 70.6063
993, 8, 366, 103.356, 70.6812
994, 8, 366, 102.871, 70.7579
995, 8, 366, 102.498, 70.8327
996, 8, 366, 102.72, 70.9124
997, 8, 366, 102.636, 70.987
998, 8, 366, 102.373, 71.0693
999, 8, 366, 102.289, 71.1459
1000, 8, 365, 103.052, 71.2206
1001, 8, 364, 103.815, 71.2957
1002, 8, 364, 103.442, 71.37
1003, 8, 363, 104.442, 71.4444
1004, 8, 363, 104.027, 71.5197
1005, 8, 363, 103.857, 71.5942
1006, 8, 363, 103.279, 71.669
1007, 8, 362, 104.042, 71.744
1008, 8, 362, 103.668, 71.8192
1009, 8, 362, 103.295, 71.8944
1010, 8, 362, 103.142, 71.9693
1011, 8, 362, 102.989, 72.0453
1012, 8, 362, 102.905, 72.1196
1013, 8, 361, 103.668, 72.1937
1014, 8, 360, 104.431, 72.2683
1015, 8, 359, 104.784, 72.3608
1016, 8, 359, 104.299, 72.4367
1017, 8, 359, 103.926, 72.5118
1018, 8, 359, 104.148, 72.586
1019, 8, 358, 105.148, 72.7409
1020, 8, 358, 104.733, 72.8161
1021, 8, 358, 104.563, 72.891
1022, 8, 358, 104.299, 72.9658
1023, 8, 358, 104.146, 73.0423
1024, 8, 358, 104.063, 73.1174
1025, 8, 357, 105.063, 73.1968
1026, 8, 357, 104.648, 73.2727
1027, 8, 357, 104.478, 73.348
1028, 8, 356, 105.241, 73.4233
1029, 8, 356, 104.867, 73.4983
1030, 8, 356, 104.494, 73.5734
1031, 8, 356, 104.341, 73.6484
1032, 8, 356, 104.188, 73.7257
1033, 8, 356, 104.104, 73.8013
1034, 8, 355, 105.104, 73.8768
1035, 8, 355, 104.689, 73.9702
1036, 8, 355, 104.519, 74.0466
1037, 8, 355, 104.426, 74.1238
1038, 8, 355, 104.333, 74.1989
1039, 8, 355, 104.28, 74.2739
1040, 8, 355, 104.127, 74.3502
1041, 8, 355, 104.034, 74.4255
1042, 8, 355, 103.95, 74.5167
1043, 8, 354, 104.95, 74.5945
1044, 8, 354, 104.535, 74.6698
1045, 8, 354, 104.365, 74.7448
1046, 8, 354, 104.255, 74.8199
1047, 8, 354, 103.991, 74.895
1048, 8, 354, 103.898, 74.9707
1049, 8, 354, 103.747, 75.0462
1050, 8, 354, 103.663, 75.121
1051, 8, 354, 103.57, 75.2134
1052, 8, 354, 103.733, 75.2908
1053, 8, 354, 103.68, 75.3676
1054, 8, 354, 103.596, 75.4429
1055, 8, 354, 103.512, 75.5199
1056, 8, 354, 103.419, 75.5951
1057, 8, 354, 103.335, 75.6708
1058, 8, 353, 103.525, 75.7463
1059, 8, 353, 103.441, 75.8214
1060, 8, 353, 103.358, 75.8966
1061, 8, 352, 103.547, 75.982
1062, 8, 352, 103.437, 76.0603
1063, 8, 352, 103.353, 76.1362
1064, 8, 352, 103.3, 76.2118
1065, 8, 352, 103.263, 76.2871
1066, 8, 352, 103.18, 76.3629
1067, 8, 352, 103.127, 76.4385
1068, 8, 352, 103.034, 76.514
1069, 8, 352, 102.95, 76.5896
1070, 8, 352, 102.857, 76.665
1071, 8, 352, 102.706, 76.7574
1072, 8, 352, 102.622, 76.8341
1073, 8, 352, 102.538, 76.9098
1074, 8, 352, 102.485, 76.9855
1075, 8, 352, 102.332, 77.061
1076, 8, 352, 102.248, 77.1366
1077, 8, 352, 101.763, 77.2125
1078, 8, 352, 101.39, 77.2884
1079, 8, 352, 101.185, 77.3644
1080, 8, 352, 101.101, 77.4401
1081, 8, 352, 100.948, 77.5158
1082, 8, 352, 100.796, 77.594
1083, 8, 352, 100.532, 77.67
1084, 8, 352, 100.439, 77.7455
1085, 8, 352, 100.328, 77.8213
1086, 8, 352, 100.245, 77.8967
1087, 8, 352, 100.04, 77.9726
1088, 8, 352, 99.947, 78.0499
1089, 8, 352, 99.8632, 78.1257
1090, 8, 352, 99.7103, 78.2012
1091, 8, 352, 99.6265, 78.2767
1092, 8, 352, 99.5427, 78.3524
1093, 8, 352, 99.4589, 78.4296
1094, 8, 351, 99.6486, 78.5077
1095, 8, 351, 99.5648, 78.5835
1096, 8, 351, 99.481, 78.6594
1097, 8, 351, 99.2765, 78.7352
1098, 8, 350, 99.4662, 78.8108
1099, 8, 349, 99.6293, 78.8865
1100, 8, 349, 99.5188, 78.964
1101, 8, 349, 99.2553, 79.0418
1102, 8, 349, 99.1715, 79.118
1103, 8, 349, 99.0877, 79.1942
1104, 8, 349, 98.9348, 79.2845
1105, 8, 349, 98.8243, 79.3616
1106, 8, 348, 99.014, 79.44
1107, 8, 347, 99.1771, 79.5163
1108, 8, 347, 99.0933, 79.5925
1109, 8, 347, 99.0403, 79.6686
1110, 8, 347, 98.9298, 79.7451
1111, 8, 347, 98.846, 79.8215
1112, 8, 347, 98.7355, 79.8978
1113, 8, 347, 98.6424, 79.9754
1114, 8, 347, 98.5586, 80.0532
1115, 8, 346, 99.3218, 80.1287
1116, 8, 345, 100.085, 80.2043
1117, 8, 344, 99.8528, 80.2799
1118, 8, 343, 101.201, 80.3555
1119, 8, 343, 100.827, 80.4478
1120, 8, 343, 100.342, 80.5317
1121, 8, 342, 101.106, 80.6211
1122, 8, 341, 102.106, 80.6973
1123, 8, 341, 101.691, 80.7734
1124, 8, 341, 101.521, 80.8494
1125, 8, 340, 102.284, 80.9269
1126, 8, 339, 103.284, 81.0031
1127, 8, 339, 102.869, 81.0787
1128, 8, 339, 102.699, 81.1543
1129, 8, 338, 103.462, 81.2302
1130, 8, 338, 103.089, 81.3061
1131, 8, 338, 102.715, 81.3822
1132, 8, 338, 102.562, 81.4583
1133, 8, 338, 102.409, 81.5373
1134, 8, 338, 102.325, 81.6136
1135, 8, 337, 103.089, 81.6991
1136, 8, 337, 102.715, 81.8048
1137, 8, 337, 102.341, 81.9028
1138, 8, 337, 102.189, 81.9829
1139, 8, 337, 102.036, 82.0588
1140, 8, 336, 102.799, 82.1348
1141, 8, 336, 102.425, 82.211
1142, 8, 336, 102.052, 82.2873
1143, 8, 336, 101.899, 82.3647
1144, 8, 336, 101.746, 82.4412
1145, 8, 335, 102.509, 82.5176
1146, 8, 335, 102.136, 82.6041
1147, 8, 334, 102.488, 82.6813
1148, 8, 334, 102.003, 82.7577
1149, 8, 334, 101.85, 82.8336
1150, 8, 334, 101.646, 82.9102
1151, 8, 333, 102.409, 82.9865
1152, 8, 333, 102.356, 83.0627
1153, 8, 333, 102.272, 83.1388
1154, 8, 333, 102.162, 83.2154
1155, 8, 333, 102.078, 83.2918
1156, 8, 333, 101.5, 83.3681
1157, 8, 333, 101.126, 83.4447
1158, 8, 333, 100.489, 83.5386
1159, 8, 333, 100.285, 83.6166
1160, 8, 333, 100.021, 83.6947
1161, 8, 333, 99.9376, 83.7709
1162, 8, 333, 99.7847, 83.8479
1163, 8, 332, 100.548, 83.9257
1164, 8, 331, 101.311, 84.0176
1165, 8, 331, 100.938, 84.0965
1166, 8, 331, 100.564, 84.1726
1167, 8, 331, 100.411, 84.2485
1168, 8, 331, 100.258, 84.3253
1169, 8, 330, 101.021, 84.4011
1170, 8, 329, 102.021, 84.4772
1171, 8, 329, 101.606, 84.5533
1172, 8, 329, 101.436, 84.6295
1173, 8, 328, 102.2, 84.7055
1174, 8, 327, 102.963, 84.7817
1175, 8, 327, 102.589, 84.8578
1176, 8, 326, 102.942, 84.9342
1177, 8, 326, 102.457, 85.0105
1178, 8, 326, 102.304, 85.0864
1179, 8, 326, 102.1, 85.1641
1180, 8, 325, 102.863, 85.2406
1181, 8, 324, 103.863, 85.3165
1182, 8, 324, 103.448, 85.3938
1183, 8, 324, 103.278, 85.4742
1184, 8, 323, 104.041, 85.5513
1185, 8, 322, 104.804, 85.6374
1186, 8, 322, 104.431, 85.7144
1187, 8, 321, 104.783, 85.7931
1188, 8, 321, 104.299, 85.8693
1189, 8, 321, 104.146, 85.9567
1190, 8, 321, 103.941, 86.0333
1191, 8, 320, 104.704, 86.1112
1192, 8, 319, 105.704, 86.1872
1193, 8, 319, 105.289, 86.2629
1194, 8, 319, 105.119, 86.3389
1195, 8, 318, 105.882, 86.415
1196, 8, 317, 106.646, 86.491
1197, 8, 317, 106.272, 86.5675
1198, 8, 317, 105.899, 86.6433
1199, 8, 317, 105.746, 86.7195
1200, 8, 317, 105.593, 86.7969
1201, 8, 316, 106.356, 86.8739
1202, 8, 315, 107.356, 86.9501
1203, 8, 315, 106.941, 87.0263
1204, 8, 315, 106.771, 87.1024
1205, 8, 314, 107.534, 87.1787
1206, 8, 313, 108.297, 87.2551
1207, 8, 313, 107.924, 87.3314
1208, 8, 313, 107.55, 87.4079
1209, 8, 313, 107.397, 87.4846
1210, 8, 313, 107.244, 87.5613
1211, 8, 312, 108.244, 87.6388
1212, 8, 312, 107.829, 87.7179
1213, 8, 312, 107.659, 87.7946
1214, 8, 311, 108.423, 87.8729
1215, 8, 311, 108.049, 87.95
1216, 8, 311, 107.676, 88.0271
1217, 8, 311, 107.523, 88.1035
1218, 8, 311, 107.37, 88.1816
1219, 8, 310, 108.133, 88.2756
1220, 8, 309, 108.486, 88.3535
1221, 8, 309, 108.001, 88.4301
1222, 8, 309, 107.627, 88.5071
1223, 8, 309, 107.423, 88.5836
1224, 8, 308, 107.664, 88.6645
1225, 8, 308, 107.459, 88.7452
1226, 8, 307, 108.223, 88.8229
1227, 8, 307, 107.849, 88.8995
1228, 8, 307, 107.476, 88.9808
1229, 8, 307, 107.323, 89.0573
1230, 8, 307, 107.17, 89.1339
1231, 8, 306, 107.933, 89.2105
1232, 8, 306, 107.559, 89.2958
1233, 8, 306, 107.186, 89.3727
1234, 8, 306, 107.033, 89.4492
1235, 8, 306, 106.88, 89.527
1236, 8, 305, 107.88, 89.6057
1237, 8, 305, 107.465, 89.6837
1238, 8, 305, 107.295, 89.7606
1239, 8, 305, 107.211, 89.8373
1240, 8, 304, 107.974, 89.9145
1241, 8, 303, 107.742, 89.9988
1242, 8, 302, 109.09, 90.0784
1243, 8, 301, 109.443, 90.1554
1244, 8, 301, 108.958, 90.2328
1245, 8, 301, 108.473, 90.31
1246, 8, 300, 109.236, 90.3871
1247, 8, 299, 110, 90.4643
1248, 8, 298, 110.763, 90.5417
1249, 8, 298, 110.389, 90.6188
1250, 8, 298, 110.016, 90.696
1251, 8, 298, 109.863, 90.7729
1252, 8, 297, 110.104, 90.8499
1253, 8, 296, 109.872, 90.9269
1254, 8, 295, 111.22, 91.004
1255, 8, 294, 110.988, 91.088
1256, 8, 293, 112.336, 91.1723
1257, 8, 292, 113.099, 91.2526
1258, 8, 291, 113.863, 91.3301
1259, 8, 290, 114.626, 91.4072
1260, 8, 290, 114.252, 91.4848
1261, 8, 290, 113.879, 91.562
1262, 8, 290, 113.726, 91.6393
1263, 8, 290, 113.573, 91.7163
1264, 8, 289, 114.336, 91.7941
1265, 8, 288, 115.099, 91.8713
1266, 8, 288, 114.726, 91.9486
1267, 8, 288, 114.352, 92.0259
1268, 8, 288, 114.199, 92.1035
1269, 8, 288, 114.046, 92.1812
1270, 8, 287, 114.809, 92.2585
1271, 9, 286, 115.809, 92.3359
1272, 10, 286, 115.394, 92.4132
1273, 11, 286, 115.224, 92.4916
1274, 11, 285, 115.988, 92.569
1275, 11, 284, 116.751, 92.6577
1276, 11, 283, 117.104, 92.7356
1277, 11, 283, 116.619, 92.8131
1278, 11, 283, 116.245, 92.8909
1279, 11, 283, 116.467, 92.9847
1280, 11, 282, 117.23, 93.0638
1281, 11, 281, 117.993, 93.1417
1282, 11, 280, 117.761, 93.221
1283, 11, 279, 119.109, 93.299
1284, 11, 279, 118.736, 93.3779
1285, 11, 279, 118.251, 93.4558
1286, 11, 278, 119.014, 93.5335
1287, 11, 277, 119.777, 93.611
1288, 11, 277, 119.404, 93.6886
1289, 11, 277, 119.03, 93.7703
1290, 11, 277, 118.877, 93.8479
1291, 11, 277, 118.724, 93.926
1292, 11, 276, 119.724, 94.0047
1293, 11, 276, 119.309, 94.0824
1294, 11, 276, 119.139, 94.16
1295, 11, 275, 119.903, 94.2376
1296, 11, 275, 119.529, 94.3155
1297, 11, 275, 119.156, 94.393
1298, 11, 275, 119.003, 94.4703
1299, 11, 275, 118.85, 94.5477
1300, 11, 274, 119.613, 94.6255
1301, 11, 274, 119.239, 94.7202
1302, 11, 274, 118.866, 94.7989
1303, 11, 274, 118.713, 94.8771
1304, 11, 274, 118.56, 94.9549
1305, 11, 273, 119.323, 95.0328
1306, 11, 273, 118.95, 95.1106
1307, 11, 273, 118.576, 95.1885
1308, 11, 273, 118.423, 95.2658
1309, 11, 273, 118.27, 95.3435
1310, 11, 272, 119.033, 95.4212
1311, 11, 271, 118.801, 95.499
1312, 11, 270, 120.149, 95.5766
1313, 11, 269, 120.913, 95.6667
1314, 11, 268, 121.676, 95.7552
1315, 11, 267, 122.029, 95.8333
1316, 11, 267, 121.544, 95.9118
1317, 11, 267, 121.17, 95.9961
1318, 11, 267, 120.966, 96.0757
1319, 11, 267, 120.813, 96.1556
1320, 11, 267, 120.328, 96.2339
1321, 11, 266, 121.328, 96.3121
1322, 11, 266, 120.913, 96.3911
1323, 11, 266, 120.743, 96.4695
1324, 11, 265, 121.506, 96.5476
1325, 11, 264, 122.506, 96.6261
1326, 11, 264, 122.091, 96.7043
1327, 11, 264, 121.921, 96.783
1328, 11, 263, 122.684, 96.8619
1329, 11, 263, 122.531, 96.9401
1330, 11, 263, 122.268, 97.0212
1331, 11, 262, 123.268, 97.1215
1332, 11, 262, 122.853, 97.2149
1333, 11, 262, 122.683, 97.2983
1334, 11, 261, 123.446, 97.3765
1335, 11, 260, 124.446, 97.4541
1336, 11, 260, 124.031, 97.5317
1337, 11, 260, 123.861, 97.6096
1338, 11, 259, 124.861, 97.6871
1339, 11, 259, 124.446, 97.7647
1340, 11, 259, 124.276, 97.8432
1341, 11, 258, 125.039, 97.9211
1342, 11, 258, 124.666, 97.9986
1343, 11, 258, 124.292, 98.0904
1344, 11, 258, 124.139, 98.1706
1345, 11, 258, 123.986, 98.2569
1346, 11, 257, 124.75, 98.3512
1347, 11, 257, 124.376, 98.4308
1348, 11, 256, 124.729, 98.5117
1349, 11, 256, 124.244, 98.5897
1350, 11, 256, 124.091, 98.6716
1351, 11, 256, 124.313, 98.7991
1352, 11, 256, 124.229, 98.8806
1353, 11, 256, 124.136, 98.959
1354, 11, 256, 124.043, 99.0374
1355, 11, 256, 123.959, 99.1155
1356, 11, 256, 123.806, 99.1937
1357, 11, 255, 124.806, 99.2837
1358, 11, 255, 124.391, 99.3724
1359, 11, 255, 124.221, 99.4511
1360, 11, 254, 124.984, 99.5296
1361, 11, 253, 125.747, 99.6226
1362, 12, 253, 125.654, 99.7021
1363, 12, 253, 125.571, 99.7804
1364, 12, 253, 125.487, 99.8587
1365, 12, 253, 125.403, 99.9369
1366, 12, 253, 125.607, 100.015
1367, 12, 253, 125.514, 100.094
1368, 12, 253, 125.431, 100.172
1369, 12, 253, 125.347, 100.252
1370, 12, 253, 125.263, 100.332
1371, 12, 252, 126.026, 100.411
1372, 12, 252, 125.653, 100.489
1373, 12, 252, 125.502, 100.568
1374, 12, 252, 125.197, 100.648
1375, 12, 251, 125.961, 100.734
1376, 12, 251, 125.587, 100.813
1377, 12, 251, 125.214, 100.891
1378, 12, 251, 125.061, 100.97
1379, 12, 251, 124.908, 101.048
1380, 12, 250, 125.671, 101.127
1381, 12, 250, 125.297, 101.205
1382, 12, 249, 126.297, 101.283
1383, 12, 249, 125.882, 101.36
1384, 12, 249, 125.712, 101.438
1385, 12, 249, 125.227, 101.516
1386, 12, 248, 126.227, 101.593
1387, 12, 248, 125.812, 101.672
1388, 12, 248, 125.642, 101.749
1389, 12, 247, 126.406, 101.829
1390, 12, 246, 126.758, 101.908
1391, 12, 246, 126.273, 101.986
1392, 12, 246, 125.9, 102.064
1393, 12, 246, 125.695, 102.142
1394, 12, 246, 125.542, 102.22
1395, 12, 246, 125.432, 102.298
1396, 12, 245, 126.432, 102.376
1397, 12, 245, 126.017, 102.453
1398, 12, 245, 125.847, 102.533
1399, 12, 245, 125.754, 102.624
1400, 12, 245, 125.661, 102.703
1401, 12, 245, 125.508, 102.781
1402, 12, 245, 125.415, 102.86
1403, 12, 245, 125.637, 102.957
1404, 12, 245, 125.432, 103.036
1405, 12, 245, 125.348, 103.114
1406, 12, 245, 125.663, 103.192
1407, 12, 244, 125.853, 103.27
1408, 12, 244, 125.76, 103.348
1409, 12, 244, 125.693, 103.425
1410, 12, 244, 125.64, 103.514
1411, 12, 244, 125.062, 103.613
1412, 12, 244, 124.857, 103.691
1413, 12, 243, 125.62, 103.769
1414, 12, 243, 125.247, 103.847
1415, 12, 242, 126.01, 103.925
1416, 12, 242, 125.636, 104.002
1417, 12, 242, 125.263, 104.082
1418, 12, 241, 125.504, 104.16
1419, 12, 241, 125.3, 104.239
1420, 12, 241, 125.147, 104.317
1421, 12, 241, 125.036, 104.396
1422, 12, 240, 125.799, 104.474
1423, 12, 239, 126.563, 104.553
1424, 12, 239, 126.189, 104.631
1425, 12, 238, 126.542, 104.709
1426, 12, 238, 126.057, 104.788
1427, 12, 238, 125.904, 104.867
1428, 12, 238, 125.699, 104.945
1429, 12, 237, 125.889, 105.027
1430, 12, 236, 126.652, 105.106
1431, 12, 236, 126.279, 105.184
1432, 12, 236, 125.905, 105.263
1433, 12, 236, 125.752, 105.344
1434, 12, 236, 125.599, 105.422
1435, 12, 235, 126.599, 105.501
1436, 12, 235, 126.184, 105.582
1437, 12, 235, 126.014, 105.677
1438, 12, 235, 125.81, 105.757
1439, 12, 235, 125.726, 105.836
1440, 12, 235, 125.642, 105.916
1441, 12, 234, 125.832, 106.005
1442, 12, 234, 125.748, 106.084
1443, 13, 234, 125.689, 106.165
1444, 13, 234, 125.636, 106.243
1445, 13, 234, 125.543, 106.325
1446, 13, 234, 125.459, 106.404
1447, 13, 234, 125.406, 106.483
1448, 13, 234, 125.323, 106.561
1449, 13, 234, 125.486, 106.64
1450, 13, 234, 125.281, 106.718
1451, 13, 234, 125.444, 106.798
1452, 13, 234, 125.181, 106.879
1453, 13, 234, 125.07, 106.973
1454, 13, 234, 124.96, 107.052
1455, 13, 234, 124.849, 107.131
1456, 13, 234, 124.765, 107.21
1457, 13, 234, 124.712, 107.288
1458, 13, 234, 124.659, 107.366
1459, 13, 234, 124.506, 107.445
1460, 13, 234, 124.133, 107.528
1461, 13, 234, 124.049, 107.607
1462, 13, 234, 123.896, 107.686
1463, 13, 234, 123.812, 107.764
1464, 13, 234, 123.702, 107.851
1465, 13, 234, 123.618, 107.936
1466, 13, 234, 123.437, 108.015
1467, 13, 234, 123.344, 108.093
1468, 13, 234, 123.26, 108.172
1469, 13, 234, 123.224, 108.25
1470, 13, 234, 123.113, 108.329
1471, 13, 234, 123.02, 108.409
1472, 13, 234, 122.91, 108.488
1473, 13, 234, 122.826, 108.566
1474, 13, 234, 122.742, 108.645
1475, 13, 234, 122.658, 108.723
1476, 13, 234, 122.574, 108.803
1477, 13, 234, 122.481, 108.882
1478, 13, 234, 122.277, 108.962
1479, 13, 234, 122.193, 109.041
1480, 13, 234, 122.109, 109.119
1481, 13, 234, 122.016, 109.197
1482, 13, 234, 121.923, 109.287
1483, 13, 234, 121.839, 109.367
1484, 13, 234, 121.746, 109.445
1485, 13, 234, 121.636, 109.524
1486, 13, 234, 121.552, 109.602
1487, 13, 234, 121.484, 109.681
1488, 13, 233, 121.674, 109.76
1489, 13, 233, 121.564, 109.838
1490, 13, 233, 121.48, 109.917
1491, 13, 233, 121.396, 109.996
1492, 13, 233, 121.303, 110.074
1493, 13, 232, 121.493, 110.156
1494, 13, 232, 121.409, 110.234
1495, 13, 231, 121.599, 110.318
1496, 13, 231, 121.506, 110.396
1497, 13, 231, 121.301, 110.474
1498, 13, 231, 121.217, 110.553
1499, 13, 231, 121.133, 110.632
1500, 13, 231, 121.04, 110.71
1501, 13, 231, 120.956, 110.787
1502, 13, 231, 120.863, 110.866
1503, 13, 230, 121.053, 110.944
1504, 13, 230, 121.216, 111.022
1505, 13, 230, 121.163, 111.1
1506, 13, 230, 121.11, 111.178
1507, 13, 230, 121.026, 111.256
1508, 13, 230, 120.943, 111.334
1509, 13, 230, 120.849, 111.415
1510, 13, 230, 120.766, 111.494
1511, 13, 229, 120.955, 111.574
1512, 13, 229, 121.118, 111.655
1513, 13, 229, 121.035, 111.733
1514, 13, 228, 121.276, 111.812
1515, 13, 228, 121.165, 111.897
1516, 13, 228, 121.112, 111.976
1517, 13, 228, 121.029, 112.054
1518, 13, 228, 120.936, 112.132
1519, 13, 228, 120.842, 112.21
1520, 13, 228, 120.579, 112.289
1521, 13, 228, 120.486, 112.367
1522, 13, 228, 120.335, 112.444
1523, 13, 228, 120.282, 112.522
1524, 13, 228, 120.229, 112.609
1525, 13, 228, 120.145, 112.688
1526, 13, 228, 120.086, 112.766
1527, 13, 228, 120.033, 112.851
1528, 13, 228, 119.974, 112.93
1529, 13, 228, 119.915, 113.007
1530, 13, 228, 119.764, 113.088
1531, 13, 228, 119.56, 113.167
1532, 13, 228, 119.466, 113.245
1533, 13, 228, 119.356, 113.323
1534, 13, 228, 119.245, 113.401
1535, 13, 228, 119.192, 113.48
1536, 13, 228, 119.134, 113.559
1537, 13, 228, 119.297, 113.638
1538, 13, 228, 119.431, 113.715
1539, 13, 228, 119.363, 113.819
1540, 13, 228, 119.253, 113.899
1541, 13, 228, 119.169, 113.977
1542, 13, 228, 118.591, 114.055
1543, 13, 228, 118.481, 114.134
1544, 13, 228, 118.387, 114.213
1545, 13, 228, 118.304, 114.294
1546, 13, 228, 118.22, 114.374
1547, 13, 228, 118.136, 114.452
1548, 13, 228, 118.083, 114.53
1549, 13, 228, 118.03, 114.608
1550, 13, 228, 117.877, 114.686
1551, 13, 228, 117.793, 114.765
1552, 13, 228, 117.7, 114.844
1553, 13, 228, 117.647, 114.922
1554, 13, 228, 117.594, 115
1555, 13, 228, 117.541, 115.078
1556, 13, 228, 117.431, 115.156
1557, 13, 228, 117.378, 115.234
1558, 13, 228, 117.285, 115.312
1559, 13, 228, 117.201, 115.409
1560, 13, 228, 117.117, 115.497
1561, 13, 228, 117.28, 115.577
1562, 13, 228, 117.227, 115.663
1563, 13, 228, 117.143, 115.742
1564, 13, 228, 117.059, 115.82
1565, 13, 228, 116.976, 115.898
1566, 13, 228, 116.923, 115.988
1567, 13, 228, 116.839, 116.078
1568, 13, 228, 116.755, 116.164
1569, 13, 228, 116.671, 116.242
1570, 13, 228, 116.587, 116.32
1571, 13, 228, 116.504, 116.398
1572, 13, 228, 116.445, 116.476
1573, 13, 228, 116.392, 116.554
1574, 13, 228, 116.333, 116.632
1575, 13, 228, 116.222, 116.71
1576, 13, 228, 116.112, 116.789
1577, 13, 228, 116.001, 116.872
1578, 13, 228, 115.948, 116.967
1579, 13, 228, 115.895, 117.047
1580, 13, 228, 115.812, 117.127
1581, 13, 228, 115.759, 117.206
1582, 13, 228, 115.675, 117.285
1583, 13, 228, 115.607, 117.364
1584, 13, 227, 115.77, 117.442
1585, 13, 227, 115.703, 117.521
1586, 13, 227, 115.636, 117.6
1587, 13, 227, 115.583, 117.679
1588, 13, 227, 115.53, 117.757
1589, 13, 227, 115.462, 117.837
1590, 13, 227, 115.379, 117.915
1591, 13, 227, 115.32, 117.996
1592, 13, 227, 115.267, 118.075
1593, 13, 227, 115.208, 118.153
1594, 13, 227, 115.149, 118.232
1595, 13, 227, 115.096, 118.312
1596, 13, 227, 115.037, 118.392
1597, 13, 227, 114.97, 118.471
1598, 13, 227, 114.911, 118.55
1599, 13, 227, 114.858, 118.629
1600, 13, 227, 114.747, 118.707
1601, 13, 227, 114.68, 118.807
1602, 13, 227, 114.627, 118.888
1603, 13, 227, 114.516, 118.967
1604, 13, 227, 114.458, 119.046
1605, 13, 226, 114.621, 119.125
1606, 13, 226, 114.584, 119.206
1607, 13, 226, 114.747, 119.292
1608, 13, 226, 114.71, 119.371
1609, 13, 226, 114.617, 119.452
1610, 13, 226, 114.534, 119.531
1611, 13, 226, 114.475, 119.611
1612, 13, 226, 114.448, 119.69
1613, 13, 226, 114.389, 119.769
1614, 13, 226, 114.278, 119.848
1615, 13, 226, 114.225, 119.926
1616, 13, 226, 114.158, 120.005
1617, 13, 226, 114.048, 120.083
1618, 13, 225, 114.211, 120.164
1619, 13, 225, 114.158, 120.246
1620, 13, 225, 114.006, 120.325
1621, 13, 225, 113.953, 120.404
1622, 13, 225, 113.802, 120.482
1623, 13, 225, 113.719, 120.565
1624, 13, 225, 113.621, 120.653
1625, 13, 225, 113.538, 120.732
1626, 13, 225, 113.454, 120.811
1627, 13, 225, 113.343, 120.89
1628, 13, 225, 113.29, 120.986
1629, 13, 225, 113.237, 121.066
1630, 13, 225, 113.154, 121.145
1631, 13, 225, 113.101, 121.224
1632, 13, 225, 113.048, 121.304
1633, 13, 225, 112.964, 121.387
1634, 13, 225, 112.88, 121.465
1635, 13, 225, 112.796, 121.544
1636, 13, 225, 112.743, 121.623
1637, 13, 225, 112.659, 121.702
1638, 13, 225, 112.606, 121.78
1639, 13, 225, 112.553, 121.862
1640, 13, 225, 112.5, 121.941
1641, 13, 225, 112.347, 122.02
1642, 13, 225, 112.254, 122.099
1643, 13, 225, 112.17, 122.177
1644, 13, 225, 112.117, 122.255
1645, 13, 225, 111.913, 122.334
1646, 13, 225, 112.076, 122.413
1647, 13, 225, 111.992, 122.491
1648, 13, 225, 111.939, 122.572
1649, 13, 225, 111.855, 122.661
1650, 13, 225, 111.745, 122.74
1651, 13, 225, 111.652, 122.82
1652, 13, 225, 111.568, 122.899
1653, 13, 225, 111.531, 122.977
1654, 13, 225, 111.478, 123.056
1655, 13, 225, 111.368, 123.136
1656, 13, 225, 111.309, 123.214
1657, 13, 225, 111.272, 123.292
1658, 13, 225, 111.205, 123.371
1659, 13, 225, 111.152, 123.449
1660, 13, 225, 111.099, 123.527
1661, 13, 225, 111.046, 123.605
1662, 13, 225, 110.962, 123.683
1663, 13, 225, 110.878, 123.762
1664, 13, 225, 110.795, 123.84
1665, 13, 225, 110.711, 123.918
1666, 13, 225, 110.652, 124.009
1667, 13, 225, 110.593, 124.087
1668, 13, 225, 110.549, 124.165
1669, 13, 225, 110.49, 124.243
1670, 13, 225, 110.437, 124.324
1671, 13, 225, 110.37, 124.403
1672, 13, 225, 110.333, 124.481
1673, 13, 225, 110.274, 124.559
1674, 13, 225, 110.221, 124.647
1675, 13, 225, 110.344, 124.728
1676, 13, 225, 110.307, 124.809
1677, 13, 225, 110.248, 124.89
1678, 13, 225, 110.212, 124.968
1679, 13, 225, 110.159, 125.046
1680, 13, 225, 110.106, 125.124
1681, 13, 225, 110.053, 125.202
1682, 13, 225, 110, 125.28
1683, 13, 225, 109.916, 125.359
1684, 13, 225, 109.832, 125.437
1685, 13, 224, 110.022, 125.516
1686, 13, 224, 109.911, 125.594
1687, 13, 224, 109.801, 125.672
1688, 13, 224, 109.717, 125.751
1689, 13, 224, 109.232, 125.829
1690, 13, 224, 109.148, 125.907
1691, 13, 224, 109.064, 125.995
1692, 13, 223, 109.417, 126.074
1693, 13, 223, 108.932, 126.152
1694, 13, 222, 109.285, 126.246
1695, 13, 222, 108.8, 126.325
1696, 13, 221, 109.563, 126.42
1697, 13, 221, 109.078, 126.5
1698, 13, 221, 108.874, 126.579
1699, 13, 220, 109.063, 126.657
1700, 13, 220, 108.859, 126.736
1701, 13, 220, 108.775, 126.814
1702, 13, 220, 108.665, 126.892
1703, 13, 220, 108.46, 126.971
1704, 13, 220, 108.376, 127.062
1705, 13, 220, 108.003, 127.141
1706, 13, 220, 107.798, 127.22
1707, 13, 219, 108.798, 127.298
1708, 13, 219, 108.383, 127.38
1709, 13, 219, 108.213, 127.459
1710, 13, 219, 108.12, 127.537
1711, 13, 219, 108.036, 127.616
1712, 13, 219, 107.983, 127.694
1713, 13, 218, 108.146, 127.774
1714, 13, 218, 108.093, 127.853
1715, 13, 218, 108, 127.931
1716, 13, 218, 107.916, 128.01
1717, 13, 217, 108.106, 128.088
1718, 13, 217, 107.953, 128.166
1719, 13, 217, 107.843, 128.245
1720, 13, 217, 107.75, 128.324
1721, 13, 217, 107.697, 128.402
1722, 13, 217, 107.613, 128.481
1723, 13, 217, 107.835, 128.562
1724, 13, 217, 107.724, 128.641
1725, 13, 217, 107.671, 128.72
1726, 13, 217, 107.561, 128.821
1727, 13, 217, 107.477, 128.901
1728, 13, 217, 107.393, 128.98
1729, 13, 217, 107.309, 129.058
1730, 13, 217, 107.226, 129.137
1731, 13, 217, 106.852, 129.215
1732, 13, 217, 106.799, 129.304
1733, 13, 217, 106.594, 129.383
1734, 13, 217, 106.541, 129.461
1735, 13, 217, 106.458, 129.54
1736, 13, 217, 106.399, 129.618
1737, 13, 217, 106.315, 129.697
1738, 13, 217, 106.204, 129.776
1739, 13, 217, 106.151, 129.854
1740, 13, 217, 106.093, 129.935
1741, 13, 217, 106.025, 130.014
1742, 13, 217, 105.958, 130.092
1743, 13, 217, 105.874, 130.171
1744, 13, 217, 105.764, 130.25
1745, 13, 217, 105.711, 130.328
1746, 13, 217, 105.559, 130.407
1747, 13, 217, 105.449, 130.512
1748, 13, 217, 105.338, 130.606
1749, 13, 217, 105.285, 130.685
1750, 13, 217, 105.022, 130.764
1751, 13, 217, 104.912, 130.842
1752, 13, 217, 104.759, 130.921
1753, 13, 217, 104.648, 130.999
1754, 14, 217, 104.589, 131.078
1755, 15, 217, 104.53, 131.157
1756, 15, 217, 104.494, 131.236
1757, 15, 217, 104.401, 131.328
1758, 15, 217, 104.248, 131.407
1759, 15, 217, 103.874, 131.486
1760, 15, 217, 103.79, 131.564
1761, 15, 216, 104.79, 131.642
1762, 15, 216, 104.375, 131.721
1763, 15, 216, 104.205, 131.799
1764, 15, 216, 104.112, 131.88
1765, 15, 216, 104.019, 131.96
1766, 15, 216, 103.935, 132.038
1767, 15, 216, 103.842, 132.117
1768, 15, 216, 103.689, 132.195
1769, 15, 216, 103.663, 132.276
1770, 15, 216, 103.61, 132.354
1771, 15, 215, 103.851, 132.437
1772, 15, 215, 103.646, 132.539
1773, 15, 215, 103.536, 132.627
1774, 15, 214, 103.685, 132.709
1775, 15, 214, 103.664, 132.788
1776, 15, 214, 103.611, 132.866
1777, 15, 214, 103.518, 132.945
1778, 15, 214, 103.434, 133.025
1779, 15, 214, 103.375, 133.104
1780, 15, 214, 103.339, 133.184
1781, 15, 214, 103.286, 133.262
1782, 15, 214, 103.202, 133.342
1783, 15, 214, 103.149, 133.42
1784, 15, 213, 103.339, 133.498
1785, 15, 213, 103.134, 133.576
1786, 15, 213, 102.981, 133.654
1787, 15, 213, 102.871, 133.733
1788, 15, 213, 102.787, 133.811
1789, 15, 213, 102.703, 133.889
1790, 15, 213, 102.619, 133.967
1791, 15, 213, 102.526, 134.046
1792, 15, 213, 102.322, 134.126
1793, 15, 213, 102.238, 134.205
1794, 15, 213, 102.185, 134.283
1795, 15, 212, 102.375, 134.363
1796, 15, 212, 102.264, 134.441
1797, 15, 212, 102.154, 134.52
1798, 15, 212, 102.101, 134.617
1799, 15, 212, 102.048, 134.701
1800, 15, 212, 101.995, 134.78
1801, 15, 212, 101.911, 134.858
1802, 15, 212, 101.706, 134.937
1803, 15, 212, 101.502, 135.016
1804, 15, 212, 101.434, 135.095
1805, 15, 212, 101.381, 135.176
1806, 15, 212, 101.228, 135.254
1807, 15, 212, 100.591, 135.333
1808, 15, 212, 100.44, 135.412
1809, 15, 212, 100.33, 135.491
1810, 15, 211, 100.493, 135.57
1811, 15, 211, 100.409, 135.649
1812, 15, 211, 100.325, 135.727
1813, 15, 211, 100.215, 135.806
1814, 15, 211, 100.156, 135.884
1815, 15, 211, 100.089, 135.972
1816, 15, 211, 100.005, 136.051
1817, 15, 211, 99.9517, 136.132
1818, 15, 211, 99.8844, 136.211
1819, 15, 211, 99.7739, 136.29
1820, 15, 211, 99.7209, 136.368
1821, 15, 211, 99.6679, 136.447
1822, 15, 211, 99.6148, 136.525
1823, 15, 211, 99.531, 136.604
1824, 15, 211, 99.4205, 136.682
1825, 15, 211, 99.31, 136.761
1826, 15, 211, 99.2735, 136.84
1827, 15, 211, 99.2205, 136.919
1828, 15, 211, 99.3835, 136.997
1829, 15, 211, 99.3305, 137.075
1830, 15, 211, 99.1776, 137.154
1831, 15, 211, 98.5995, 137.233
1832, 15, 211, 98.5406, 137.312
1833, 15, 211, 98.4301, 137.391
1834, 15, 211, 98.3463, 137.469
1835, 15, 211, 98.2933, 137.548
1836, 15, 211, 98.2567, 137.626
1837, 15, 211, 98.1038, 137.704
1838, 16, 211, 98.0631, 137.801
1839, 17, 211, 98.0225, 137.881
1840, 17, 211, 98.0064, 137.96
1841, 17, 211, 97.9698, 138.039
1842, 17, 211, 97.9109, 138.119
1843, 17, 211, 97.852, 138.199
1844, 17, 211, 97.799, 138.278
1845, 17, 211, 97.5356, 138.358
1846, 17, 211, 97.499, 138.437
1847, 17, 211, 97.3479, 138.519
1848, 17, 211, 97.289, 138.598
1849, 17, 211, 97.2524, 138.678
1850, 17, 211, 97.1935, 138.757
1851, 17, 211, 97.1405, 138.836
1852, 17, 211, 97.0875, 138.916
1853, 17, 211, 97.0201, 139.009
1854, 17, 211, 96.9836, 139.089
1855, 17, 211, 96.9306, 139.17
1856, 17, 211, 96.8776, 139.251
1857, 17, 211, 96.8245, 139.341
1858, 17, 211, 96.788, 139.421
1859, 17, 211, 96.6775, 139.5
1860, 17, 211, 96.7701, 139.58
1861, 17, 211, 96.7335, 139.669
1862, 17, 211, 96.6662, 139.749
1863, 17, 211, 96.6296, 139.828
1864, 17, 211, 96.593, 139.907
1865, 17, 211, 96.4825, 139.987
1866, 17, 211, 96.446, 140.066
1867, 17, 211, 96.609, 140.146
1868, 17, 211, 96.556, 140.225
1869, 17, 210, 96.7047, 140.305
1870, 17, 210, 96.6606, 140.384
1871, 17, 210, 96.6338, 140.463
1872, 17, 210, 96.5808, 140.542
1873, 17, 210, 96.5219, 140.622
1874, 17, 210, 96.4778, 140.702
1875, 17, 210, 96.4413, 140.781
1876, 17, 210, 96.3739, 140.862
1877, 17, 210, 96.315, 140.947
1878, 17, 210, 96.2477, 141.028
1879, 17, 210, 96.1803, 141.109
1880, 17, 210, 96.3612, 141.191
1881, 17, 210, 96.3206, 141.272
1882, 17, 210, 96.4132, 141.353
1883, 17, 210, 96.5737, 141.433
1884, 17, 210, 96.5439, 141.514
1885, 17, 210, 96.4771, 141.595
1886, 17, 210, 96.4365, 141.676
1887, 17, 210, 96.3924, 141.757
1888, 17, 210, 96.3251, 141.837
1889, 17, 210, 96.2662, 141.916
1890, 17, 210, 96.2073, 141.997
1891, 17, 209, 96.3485, 142.079
1892, 17, 209, 96.085, 142.16
1893, 17, 209, 96.032, 142.24
1894, 17, 209, 95.9955, 142.319
1895, 17, 209, 95.885, 142.399
1896, 17, 209, 95.8261, 142.481
1897, 17, 209, 95.7731, 142.578
1898, 17, 209, 95.6893, 142.667
1899, 17, 209, 95.6486, 142.746
1900, 17, 209, 95.608, 142.828
1901, 17, 209, 95.5777, 142.909
1902, 17, 209, 95.5412, 142.988
1903, 17, 209, 95.39, 143.068
1904, 17, 209, 95.3494, 143.148
1905, 17, 209, 95.3053, 143.228
1906, 17, 209, 95.1542, 143.308
1907, 17, 209, 95.1135, 143.388
1908, 17, 208, 95.2622, 143.467
1909, 17, 208, 95.1949, 143.547
1910, 17, 208, 95.1583, 143.627
1911, 17, 208, 95.1142, 143.707
1912, 17, 208, 95.0612, 143.791
1913, 17, 208, 95.0344, 143.871
1914, 17, 208, 94.9938, 143.95
1915, 17, 208, 94.967, 144.03
1916, 17, 208, 94.8997, 144.11
1917, 17, 208, 94.8467, 144.191
1918, 17, 208, 94.7793, 144.272
1919, 17, 207, 94.9171, 144.351
1920, 17, 207, 94.8805, 144.43
1921, 17, 207, 94.8275, 144.509
1922, 17, 207, 94.8061, 144.589
1923, 17, 207, 94.7793, 144.669
1924, 17, 207, 94.7525, 144.75
1925, 17, 207, 94.7085, 144.83
1926, 17, 207, 94.6114, 144.909
1927, 17, 207, 94.5673, 144.989
1928, 17, 207, 94.5371, 145.069
1929, 17, 207, 94.5073, 145.149
1930, 17, 207, 94.4771, 145.228
1931, 17, 207, 94.4473, 145.307
1932, 17, 207, 94.4176, 145.386
1933, 17, 207, 94.3205, 145.465
1934, 17, 207, 94.2764, 145.545
1935, 17, 207, 94.2398, 145.625
1936, 17, 207, 94.2033, 145.704
1937, 17, 207, 94.1359, 145.784
1938, 17, 207, 94.0686, 145.864
1939, 17, 207, 94.0245, 145.952
1940, 17, 207, 93.9571, 146.034
1941, 17, 207, 93.8898, 146.113
1942, 17, 207, 93.8309, 146.192
1943, 17, 207, 93.7338, 146.272
1944, 17, 207, 93.65, 146.351
1945, 17, 207, 93.5395, 146.429
1946, 17, 207, 93.3884, 146.51
1947, 17, 207, 93.321, 146.589
1948, 17, 207, 93.2943, 146.669
1949, 17, 207, 93.2105, 146.765
1950, 17, 207, 93.1974, 146.845
1951, 17, 207, 93.1568, 146.924
1952, 17, 207, 93.13, 147.018
1953, 17, 207, 93.0195, 147.098
1954, 17, 207, 93.1419, 147.201
1955, 17, 207, 93.1214, 147.288
1956, 17, 207, 93.0947, 147.378
1957, 17, 207, 93.0109, 147.458
1958, 18, 207, 92.9811, 147.537
1959, 19, 207, 92.9514, 147.617
1960, 19, 207, 92.9211, 147.696
1961, 19, 207, 92.8771, 147.775
1962, 19, 207, 92.8364, 147.854
1963, 19, 207, 92.8096, 147.945
1964, 19, 207, 92.7731, 148.024
1965, 19, 207, 92.729, 148.103
1966, 19, 207, 92.6883, 148.183
1967, 19, 207, 92.5372, 148.261
1968, 19, 207, 92.4966, 148.347
1969, 19, 207, 92.4559, 148.426
1970, 19, 207, 92.4355, 148.505
1971, 19, 207, 92.3687, 148.584
1972, 19, 207, 92.3482, 148.663
1973, 19, 207, 92.3116, 148.742
1974, 19, 207, 92.2751, 148.821
1975, 19, 207, 92.2344, 148.9
1976, 19, 207, 92.1978, 148.979
1977, 19, 207, 92.1305, 149.058
1978, 19, 207, 92.1037, 149.137
1979, 19, 207, 92.0596, 149.216
1980, 19, 207, 92.0066, 149.306
1981, 19, 207, 91.9536, 149.385
1982, 19, 207, 91.8863, 149.464
1983, 19, 207, 91.8333, 149.544
1984, 19, 207, 91.7659, 149.623
1985, 19, 207, 91.6148, 149.703
1986, 19, 206, 91.8045, 149.782
1987, 19, 206, 91.7515, 149.861
1988, 19, 205, 91.9413, 149.94
1989, 19, 205, 91.8883, 150.02
1990, 19, 205, 91.8353, 150.099
1991, 19, 205, 91.7764, 150.18
1992, 19, 205, 91.7234, 150.26
1993, 19, 205, 91.6396, 150.34
1994, 19, 205, 91.5866, 150.422
1995, 19, 205, 91.5028, 150.508
1996, 19, 205, 91.3923, 150.588
1997, 19, 205, 91.2411, 150.666
1998, 19, 205, 91.1306, 150.746
1999, 19, 205, 91.0201, 150.825
2000, 19, 205, 90.9096, 150.904
2001, 19, 205, 90.8258, 150.983
2002, 19, 205, 90.7669, 151.063
2003, 19, 205, 90.6831, 151.143
2004, 19, 204, 90.8462, 151.245
2005, 19, 204, 90.7932, 151.327
2006, 19, 204, 90.642, 151.407
2007, 19, 204, 90.589, 151.487
2008, 19, 204, 90.4785, 151.567
2009, 19, 204, 90.368, 151.646
2010, 19, 204, 90.2842, 151.726
2011, 19, 204, 90.4066, 151.806
2012, 19, 204, 90.3536, 151.885
2013, 19, 204, 90.2431, 151.965
2014, 19, 204, 90.3655, 152.045
2015, 19, 204, 90.2982, 152.125
2016, 19, 204, 90.2616, 152.205
2017, 19, 204, 90.225, 152.285
2018, 19, 204, 89.9209, 152.364
2019, 19, 204, 89.768, 152.445
2020, 19, 204, 89.7006, 152.525
2021, 19, 204, 89.6476, 152.613
2022, 19, 204, 89.6209, 152.693
2023, 19, 204, 89.5679, 152.773
2024, 19, 204, 89.5011, 152.853
2025, 19, 204, 89.4645, 152.933
2026, 19, 204, 89.3971, 153.013
2027, 19, 204, 89.3441, 153.094
2028, 19, 203, 89.5072, 153.191
2029, 19, 203, 89.4398, 153.273
2030, 19, 203, 89.4032, 153.353
2031, 19, 203, 89.3502, 153.432
2032, 19, 203, 89.2829, 153.512
2033, 19, 203, 89.2156, 153.592
2034, 19, 203, 89.1626, 153.672
2035, 19, 203, 89.0114, 153.752
2036, 19, 203, 88.9525, 153.832
2037, 19, 203, 89.1571, 153.913
2038, 19, 203, 89.0466, 153.993
2039, 19, 202, 89.2363, 154.073
2040, 19, 202, 89.1774, 154.153
2041, 19, 202, 89.1185, 154.232
2042, 19, 202, 89.0819, 154.312
2043, 19, 202, 89.023, 154.391
2044, 19, 202, 88.8719, 154.471
2045, 19, 202, 88.8353, 154.551
2046, 19, 202, 88.9577, 154.631
2047, 19, 202, 88.9047, 154.711
2048, 19, 202, 88.7942, 154.79
2049, 19, 202, 88.6431, 154.886
2050, 19, 202, 88.5593, 154.967
2051, 19, 202, 88.4622, 155.046
2052, 19, 202, 88.4033, 155.126
2053, 19, 202, 88.3503, 155.206
2054, 19, 202, 88.2973, 155.286
2055, 19, 202, 88.2443, 155.366
2056, 19, 202, 88.1854, 155.448
2057, 19, 202, 88.1324, 155.528
2058, 19, 202, 88.0735, 155.608
2059, 19, 202, 88.0146, 155.687
2060, 19, 202, 87.9616, 155.767
2061, 19, 202, 87.9027, 155.847
2062, 19, 202, 87.7829, 155.937
2063, 19, 202, 87.7299, 156.018
2064, 19, 202, 87.7031, 156.097
2065, 19, 202, 87.659, 156.194
2066, 19, 202, 87.6149, 156.277
2067, 19, 202, 87.5743, 156.357
2068, 19, 201, 87.7155, 156.436
2069, 19, 201, 87.8379, 156.516
2070, 19, 201, 87.7938, 156.595
2071, 19, 201, 87.7497, 156.675
2072, 19, 201, 87.6967, 156.754
2073, 19, 201, 87.6437, 156.833
2074, 19, 201, 87.6071, 156.912
2075, 19, 201, 87.5541, 157.001
2076, 19, 201, 87.4436, 157.086
2077, 19, 201, 87.3906, 157.166
2078, 19, 201, 87.354, 157.245
2079, 19, 201, 87.2569, 157.325
2080, 19, 201, 87.2163, 157.404
2081, 19, 201, 87.1797, 157.483
2082, 19, 201, 87.1267, 157.562
2083, 20, 201, 87.0861, 157.644
2084, 20, 201, 86.989, 157.723
2085, 20, 201, 86.9524, 157.803
2086, 20, 201, 86.9158, 157.882
2087, 20, 201, 86.8752, 157.962
2088, 20, 201, 86.8386, 158.042
2089, 20, 201, 86.798, 158.122
2090, 20, 201, 86.7573, 158.201
2091, 20, 201, 86.7207, 158.3
2092, 20, 201, 86.6801, 158.38
2093, 20, 201, 86.6435, 158.463
2094, 20, 200, 86.7847, 158.542
2095, 21, 200, 86.755, 158.622
2096, 21, 200, 86.6882, 158.702
2097, 21, 200, 86.6034, 158.795
2098, 21, 200, 86.5504, 158.875
2099, 21, 200, 86.5063, 158.955
2100, 21, 200, 86.3958, 159.034
2101, 21, 200, 86.3593, 159.115
2102, 21, 200, 86.2622, 159.194
2103, 21, 200, 86.1948, 159.281
2104, 21, 200, 86.1542, 159.36
2105, 21, 200, 86.1135, 159.439
2106, 21, 200, 86.0868, 159.524
2107, 21, 200, 86.0461, 159.606
2108, 21, 200, 85.9793, 159.685
2109, 21, 200, 85.9525, 159.764
2110, 21, 199, 86.0937, 159.843
2111, 21, 199, 86.064, 159.922
2112, 21, 199, 86.0372, 160.001
2113, 21, 199, 86.0104, 160.08
2114, 21, 199, 85.9739, 160.159
2115, 21, 199, 85.9436, 160.24
2116, 21, 198, 86.0923, 160.32
2117, 21, 198, 86.0558, 160.4
2118, 21, 198, 86.0353, 160.479
2119, 21, 198, 86.0149, 160.559
2120, 21, 198, 85.9475, 160.638
2121, 21, 198, 85.7946, 160.718
2122, 21, 198, 85.7732, 160.798
2123, 21, 198, 85.7435, 160.877
2124, 21, 198, 85.7167, 160.956
2125, 21, 198, 85.6899, 161.036
2126, 21, 198, 85.6458, 161.116
2127, 21, 198, 85.6017, 161.196
2128, 21, 198, 85.5487, 161.276
2129, 21, 198, 85.4957, 161.356
2130, 21, 198, 85.4119, 161.436
2131, 21, 198, 85.3678, 161.525
2132, 21, 198, 85.3148, 161.605
2133, 21, 198, 85.4075, 161.686
2134, 21, 198, 85.3709, 161.77
2135, 21, 197, 85.5196, 161.85
2136, 21, 197, 85.5035, 161.93
2137, 21, 197, 85.4732, 162.012
2138, 21, 197, 85.4367, 162.092
2139, 21, 197, 85.4064, 162.171
2140, 21, 197, 85.3094, 162.251
2141, 21, 197, 85.242, 162.331
2142, 21, 197, 85.2054, 162.411
2143, 21, 197, 85.1083, 162.49
2144, 21, 197, 85.041, 162.57
2145, 21, 197, 84.988, 162.66
2146, 21, 197, 84.935, 162.742
2147, 21, 197, 84.8512, 162.821
2148, 21, 197, 84.7982, 162.901
2149, 21, 197, 84.7452, 162.982
2150, 21, 197, 84.6922, 163.062
2151, 21, 197, 84.6392, 163.142
2152, 21, 197, 84.5862, 163.222
2153, 21, 197, 84.5332, 163.315
2154, 21, 197, 84.4227, 163.395
2155, 21, 197, 84.3861, 163.475
2156, 21, 197, 84.3272, 163.556
2157, 21, 197, 84.2742, 163.635
2158, 21, 197, 84.2212, 163.715
2159, 21, 197, 84.1623, 163.801
2160, 21, 197, 84.1034, 163.919
2161, 21, 197, 84.0504, 164.001
2162, 21, 197, 83.9915, 164.083
2163, 21, 197, 83.9549, 164.163
2164, 21, 197, 83.8876, 164.244
2165, 21, 197, 83.8346, 164.325
2166, 21, 197, 83.7672, 164.408
2167, 21, 197, 83.7307, 164.489
2168, 21, 197, 83.6776, 164.569
2169, 21, 197, 83.6246, 164.651
2170, 21, 197, 83.5573, 164.732
2171, 21, 197, 83.4984, 164.812
2172, 21, 197, 83.4618, 164.893
2173, 21, 197, 83.4177, 164.973
2174, 21, 196, 83.5808, 165.054
2175, 21, 196, 83.5442, 165.134
2176, 21, 196, 83.4853, 165.214
2177, 21, 196, 83.418, 165.295
2178, 21, 196, 83.3506, 165.375
2179, 21, 196, 83.314, 165.456
2180, 21, 196, 83.2734, 165.552
2181, 21, 196, 83.2466, 165.633
2182, 21, 196, 83.1936, 165.713
2183, 21, 196, 83.1263, 165.794
2184, 21, 195, 83.2893, 165.875
2185, 21, 195, 83.2487, 165.966
2186, 21, 195, 83.208, 166.047
2187, 21, 195, 83.1715, 166.128
2188, 21, 195, 83.0744, 166.209
2189, 21, 195, 83.0378, 166.29
2190, 21, 195, 82.8866, 166.37
2191, 21, 195, 82.8336, 166.45
2192, 21, 195, 82.7231, 166.531
2193, 21, 194, 82.9129, 166.612
2194, 21, 194, 82.854, 166.692
2195, 21, 194, 82.7028, 166.773
2196, 21, 194, 82.6439, 166.857
2197, 21, 194, 82.5469, 166.938
2198, 21, 194, 82.4939, 167.019
2199, 21, 194, 82.4573, 167.102
2200, 21, 194, 82.3984, 167.183
2201, 21, 194, 82.3395, 167.263
2202, 21, 194, 82.2865, 167.344
2203, 21, 194, 82.2499, 167.424
2204, 21, 194, 82.2093, 167.505
2205, 21, 194, 82.1727, 167.586
2206, 21, 193, 82.3214, 167.666
2207, 21, 193, 82.254, 167.747
2208, 21, 193, 82.2175, 167.827
2209, 21, 192, 82.3662, 167.908
2210, 21, 192, 82.3255, 167.988
2211, 21, 192, 82.2987, 168.069
2212, 21, 192, 82.2017, 168.156
2213, 21, 192, 82.1343, 168.237
2214, 21, 192, 82.0937, 168.33
2215, 21, 192, 82.0571, 168.411
2216, 21, 192, 82.0164, 168.492
2217, 21, 192, 81.9634, 168.573
2218, 21, 192, 81.9269, 168.653
2219, 21, 192, 81.9001, 168.734
2220, 21, 192, 81.8635, 168.817
2221, 21, 192, 81.9562, 168.898
2222, 21, 192, 81.8894, 168.978
2223, 21, 192, 81.8626, 169.059
2224, 21, 192, 81.7655, 169.14
2225, 21, 192, 81.7125, 169.221
2226, 21, 192, 81.6595, 169.31
2227, 21, 192, 81.6229, 169.391
2228, 21, 192, 81.564, 169.472
2229, 21, 192, 81.511, 169.552
2230, 21, 192, 81.6452, 169.633
2231, 21, 192, 81.6045, 169.713
2232, 21, 192, 81.5604, 169.794
2233, 21, 192, 81.5239, 169.874
2234, 21, 192, 81.4798, 169.955
2235, 21, 192, 81.4391, 170.035
2236, 21, 192, 81.4025, 170.115
2237, 21, 192, 81.2827, 170.195
2238, 21, 192, 81.2154, 170.278
2239, 21, 192, 81.1049, 170.36
2240, 21, 192, 81.0519, 170.44
2241, 21, 192, 80.9681, 170.521
2242, 21, 192, 80.9007, 170.6
2243, 21, 192, 80.8477, 170.68
2244, 21, 192, 80.8112, 170.76
2245, 21, 192, 80.7438, 170.843
2246, 21, 192, 80.6467, 170.923
2247, 21, 192, 80.5496, 171.004
2248, 21, 192, 80.4823, 171.086
2249, 21, 192, 80.4457, 171.176
2250, 21, 192, 80.3784, 171.256
2251, 21, 192, 80.311, 171.336
2252, 21, 192, 80.258, 171.415
2253, 21, 192, 80.2215, 171.495
2254, 21, 192, 80.1244, 171.576
2255, 21, 192, 80.0878, 171.655
2256, 21, 192, 80.0204, 171.736
2257, 21, 192, 79.9531, 171.816
2258, 21, 192, 79.9165, 171.895
2259, 21, 192, 79.8799, 171.975
2260, 21, 192, 79.8434, 172.055
2261, 21, 192, 79.7904, 172.135
2262, 21, 192, 79.7538, 172.215
2263, 21, 192, 79.7172, 172.303
2264, 21, 192, 79.6806, 172.383
2265, 21, 192, 79.6276, 172.463
2266, 21, 192, 79.5603, 172.543
2267, 21, 192, 79.5162, 172.631
2268, 21, 192, 79.4494, 172.72
2269, 21, 192, 79.4226, 172.8
2270, 21, 192, 79.3785, 172.88
2271, 21, 192, 79.3518, 172.96
2272, 21, 192, 79.325, 173.039
2273, 21, 192, 79.2809, 173.122
2274, 21, 192, 79.2541, 173.202
2275, 21, 192, 79.1703, 173.282
2276, 21, 192, 79.1262, 173.362
2277, 21, 192, 79.0995, 173.453
2278, 21, 192, 78.9186, 173.535
2279, 21, 192, 78.8512, 173.614
2280, 21, 192, 78.7982, 173.694
2281, 21, 192, 78.8917, 173.777
2282, 21, 192, 78.8615, 173.857
2283, 21, 192, 78.8134, 173.937
2284, 21, 192, 78.7866, 174.016
2285, 21, 192, 78.7192, 174.096
2286, 21, 192, 78.6827, 174.178
2287, 21, 192, 78.6153, 174.258
2288, 21, 192, 78.5182, 174.339
2289, 21, 192, 78.4817, 174.419
2290, 21, 192, 78.4376, 174.499
2291, 21, 192, 78.3702, 174.579
2292, 21, 192, 78.3337, 174.659
2293, 21, 192, 78.2663, 174.739
2294, 21, 192, 78.2297, 174.82
2295, 21, 192, 78.1932, 174.9
2296, 21, 192, 78.1566, 174.98
2297, 21, 192, 78.1361, 175.059
2298, 21, 192, 78.1157, 175.139
2299, 21, 192, 78.0791, 175.219
2300, 21, 192, 78.0425, 175.3
2301, 21, 192, 77.9984, 175.38
2302, 21, 192, 77.9619, 175.46
2303, 21, 192, 77.9212, 175.54
2304, 21, 192, 78.0139, 175.619
2305, 21, 192, 77.9773, 175.699
2306, 21, 192, 77.8926, 175.779
2307, 21, 192, 77.8658, 175.86
2308, 21, 192, 77.839, 175.948
2309, 21, 192, 77.8122, 176.028
2310, 21, 192, 77.7682, 176.126
2311, 21, 192, 77.7414, 176.209
2312, 21, 192, 77.7048, 176.29
2313, 21, 192, 77.6746, 176.375
2314, 21, 192, 77.6478, 176.46
2315, 21, 192, 77.621, 176.541
2316, 21, 192, 77.5769, 176.622
2317, 21, 192, 77.5404, 176.703
2318, 21, 192, 77.5038, 176.784
2319, 21, 192, 77.477, 176.864
2320, 21, 192, 77.4097, 176.945
2321, 21, 192, 77.3731, 177.026
2322, 21, 192, 77.4251, 177.107
2323, 21, 192, 77.0686, 177.188
2324, 21, 192, 77.0245, 177.268
2325, 21, 192, 76.9715, 177.349
2326, 21, 192, 76.9126, 177.43
2327, 21, 192, 76.876, 177.511
2328, 21, 192, 76.8394, 177.592
2329, 21, 192, 76.8028, 177.675
2330, 21, 192, 76.736, 177.755
2331, 21, 191, 76.8847, 177.836
2332, 21, 191, 76.8482, 177.917
2333, 21, 191, 76.8116, 178
2334, 21, 191, 76.7278, 178.081
2335, 21, 191, 76.6748, 178.161
2336, 21, 191, 76.5218, 178.242
2337, 21, 191, 76.4853, 178.323
2338, 21, 191, 76.2218, 178.404
2339, 21, 191, 76.3442, 178.485
2340, 21, 191, 76.2912, 178.566
2341, 21, 191, 76.2546, 178.646
2342, 21, 191, 76.1708, 178.727
2343, 21, 191, 76.1178, 178.807
2344, 21, 191, 76.0813, 178.888
2345, 21, 191, 76.0283, 178.969
2346, 21, 191, 75.9753, 179.05
2347, 21, 191, 75.9164, 179.131
2348, 21, 191, 75.849, 179.211
2349, 21, 191, 75.796, 179.301
2350, 21, 191, 75.743, 179.382
2351, 21, 191, 75.6592, 179.465
2352, 21, 191, 75.6003, 179.546
2353, 21, 191, 75.5473, 179.627
2354, 21, 191, 75.3428, 179.707
2355, 21, 191, 75.2754, 179.788
2356, 21, 191, 75.2224, 179.868
2357, 21, 191, 75.1551, 179.949
2358, 21, 191, 75.1185, 180.032
2359, 21, 191, 75.0214, 180.113
2360, 21, 191, 74.9848, 180.194
2361, 21, 191, 74.9483, 180.282
2362, 21, 191, 74.8894, 180.385
2363, 21, 191, 74.8305, 180.467
2364, 21, 191, 74.7939, 180.548
2365, 21, 191, 74.7409, 180.628
2366, 21, 191, 74.6879, 180.709
2367, 21, 191, 74.6349, 180.789
2368, 21, 191, 74.5819, 180.87
2369, 21, 191, 74.5289, 180.951
2370, 21, 191, 74.4615, 181.033
2371, 21, 191, 74.4348, 181.114
2372, 21, 191, 74.3941, 181.195
2373, 21, 191, 74.3535, 181.279
2374, 21, 191, 74.3232, 181.36
2375, 21, 191, 74.2826, 181.441
2376, 21, 190, 74.4313, 181.522
2377, 21, 190, 74.4045, 181.602
2378, 21, 190, 74.3639, 181.683
2379, 21, 190, 74.3273, 181.764
2380, 21, 190, 74.3005, 181.856
2381, 21, 190, 74.2738, 181.937
2382, 21, 190, 74.2208, 182.018
2383, 21, 190, 74.1801, 182.098
2384, 21, 190, 74.1533, 182.179
2385, 21, 189, 74.302, 182.26
2386, 21, 189, 74.2655, 182.341
2387, 21, 189, 74.2125, 182.422
2388, 21, 189, 74.0613, 182.503
2389, 21, 189, 73.9642, 182.584
2390, 21, 189, 73.9112, 182.675
2391, 21, 189, 73.8582, 182.756
2392, 21, 189, 73.8314, 182.837
2393, 21, 189, 73.7784, 182.917
2394, 21, 189, 73.7254, 182.998
2395, 21, 189, 73.6889, 183.08
2396, 21, 189, 73.63, 183.16
2397, 21, 189, 73.5626, 183.241
2398, 21, 189, 73.4953, 183.322
2399, 21, 189, 73.3441, 183.402
2400, 21, 189, 73.2911, 183.483
2401, 21, 189, 73.2238, 183.563
2402, 21, 189, 73.197, 183.644
2403, 21, 189, 73.0459, 183.725
2404, 21, 189, 72.8947, 183.806
2405, 21, 189, 72.8417, 183.887
2406, 21, 189, 72.7828, 183.968
2407, 21, 189, 72.6723, 184.049
2408, 21, 189, 72.6317, 184.13
2409, 21, 189, 72.5951, 184.211
2410, 21, 189, 72.5421, 184.294
2411, 21, 189, 72.498, 184.389
2412, 21, 189, 72.4713, 184.471
2413, 21, 189, 72.4182, 184.551
2414, 21, 189, 72.3776, 184.634
2415, 21, 189, 72.3572, 184.715
2416, 21, 189, 72.3165, 184.795
2417, 21, 189, 72.2961, 184.876
2418, 21, 189, 72.252, 184.956
2419, 21, 189, 72.2154, 185.037
2420, 21, 189, 72.1481, 185.117
2421, 21, 189, 72.104, 185.197
2422, 21, 189, 72.0674, 185.278
2423, 21, 189, 72.0144, 185.358
2424, 21, 189, 71.9778, 185.44
2425, 21, 189, 71.9248, 185.522
2426, 21, 188, 72.066, 185.602
2427, 21, 187, 72.2147, 185.683
2428, 21, 187, 72.1617, 185.763
2429, 21, 187, 72.1251, 185.844
2430, 21, 187, 72.0885, 185.925
2431, 21, 187, 72.0355, 186.014
2432, 21, 187, 71.9682, 186.095
2433, 21, 187, 71.9241, 186.176
2434, 21, 187, 71.8973, 186.257
2435, 21, 187, 71.8532, 186.337
2436, 21, 187, 71.8167, 186.418
2437, 21, 187, 71.6655, 186.499
2438, 21, 187, 71.6066, 186.58
2439, 21, 187, 71.5701, 186.66
2440, 21, 187, 71.5294, 186.741
2441, 21, 187, 71.6636, 186.822
2442, 21, 187, 71.6368, 186.902
2443, 21, 187, 71.6002, 186.983
2444, 21, 187, 71.5636, 187.063
2445, 21, 187, 71.5369, 187.144
2446, 21, 187, 71.5071, 187.225
2447, 21, 187, 71.3873, 187.315
2448, 21, 187, 71.3467, 187.396
2449, 21, 187, 71.3101, 187.477
2450, 21, 187, 71.2735, 187.557
2451, 21, 187, 71.163, 187.638
2452, 21, 187, 71.1264, 187.718
2453, 21, 187, 71.0962, 187.799
2454, 21, 187, 71.0124, 187.879
2455, 21, 187, 70.992, 187.96
2456, 21, 187, 70.9715, 188.041
2457, 21, 187, 70.9274, 188.122
2458, 21, 187, 70.8908, 188.203
2459, 21, 187, 70.8378, 188.284
2460, 21, 187, 70.7407, 188.364
2461, 21, 187, 70.6877, 188.445
2462, 21, 187, 70.6512, 188.525
2463, 21, 187, 70.5982, 188.607
2464, 21, 186, 70.7393, 188.689
2465, 21, 186, 70.6953, 188.769
2466, 21, 186, 70.6587, 188.85
2467, 21, 186, 70.6057, 188.931
2468, 21, 186, 70.5691, 189.012
2469, 21, 186, 70.5285, 189.101
2470, 21, 186, 70.4919, 189.182
2471, 21, 186, 70.4553, 189.271
2472, 21, 186, 70.4285, 189.352
2473, 21, 186, 70.3879, 189.433
2474, 21, 186, 70.3397, 189.514
2475, 21, 186, 70.3032, 189.595
2476, 21, 186, 70.2734, 189.675
2477, 21, 186, 70.2293, 189.757
2478, 21, 185, 70.3705, 189.837
2479, 21, 185, 70.3339, 189.918
2480, 21, 185, 70.2933, 189.999
2481, 21, 185, 70.2728, 190.079
2482, 21, 185, 70.2322, 190.16
2483, 21, 185, 70.1649, 190.24
2484, 21, 185, 70.1242, 190.322
2485, 21, 185, 69.8201, 190.402
2486, 21, 185, 69.7528, 190.483
2487, 21, 184, 69.9015, 190.564
2488, 21, 184, 69.8342, 190.644
2489, 21, 184, 69.7976, 190.733
2490, 21, 184, 69.7308, 190.814
2491, 21, 184, 69.704, 190.894
2492, 21, 184, 69.6599, 190.975
2493, 21, 184, 69.6302, 191.055
2494, 21, 184, 69.5331, 191.136
2495, 21, 184, 69.6257, 191.217
2496, 21, 184, 69.5851, 191.299
2497, 21, 184, 69.5183, 191.38
2498, 21, 184, 69.4817, 191.461
2499, 21, 184, 69.4451, 191.542
2500, 21, 184, 69.4045, 191.623
2501, 21, 184, 69.3679, 191.703
2502, 21, 184, 69.3273, 191.784
2503, 21, 184, 69.2866, 191.865
2504, 21, 184, 69.25, 191.946
2505, 21, 184, 69.2094, 192.029
2506, 21, 184, 69.1653, 192.11
2507, 21, 184, 69.1287, 192.19
2508, 21, 184, 69.0985, 192.271
2509, 21, 184, 69.0683, 192.352
2510, 21, 184, 69.0015, 192.434
2511, 21, 184, 68.9485, 192.515
2512, 21, 184, 68.9182, 192.604
2513, 21, 184, 68.8817, 192.685
2514, 21, 184, 68.8451, 192.765
2515, 21, 184, 68.7921, 192.846
2516, 21, 184, 68.7707, 192.926
2517, 21, 184, 68.741, 193.007
2518, 21, 184, 68.6928, 193.089
2519, 21, 184, 68.666, 193.186
2520, 21, 184, 68.6393, 193.267
2521, 21, 184, 68.5719, 193.348
2522, 21, 184, 68.5417, 193.429
2523, 21, 184, 68.5119, 193.509
2524, 21, 184, 68.4852, 193.593
2525, 21, 184, 68.4554, 193.674
2526, 21, 184, 68.4257, 193.754
2527, 21, 184, 68.3989, 193.835
2528, 21, 184, 68.3692, 193.916
2529, 21, 184, 68.3424, 193.998
2530, 21, 184, 68.3058, 194.092
2531, 21, 184, 68.2844, 194.174
2532, 21, 184, 68.2577, 194.255
2533, 21, 184, 68.2274, 194.336
2534, 21, 184, 68.1915, 194.417
2535, 21, 184, 68.1711, 194.498
2536, 21, 184, 68.1506, 194.579
2537, 21, 184, 68.1066, 194.69
2538, 21, 184, 68.0852, 194.793
2539, 21, 184, 68.0625, 194.888
2540, 21, 184, 68.042, 194.993
2541, 21, 184, 68.0193, 195.122
2542, 21, 184, 67.9966, 195.251
2543, 21, 184, 67.9761, 195.367
2544, 21, 184, 67.9534, 195.47
2545, 21, 183, 68.0911, 195.553
2546, 21, 183, 68.0698, 195.635
2547, 21, 183, 68.043, 195.717
2548, 21, 183, 67.9762, 195.802
2549, 21, 183, 67.9494, 195.884
2550, 21, 183, 67.9013, 195.984
2551, 21, 183, 67.8647, 196.066
2552, 21, 183, 67.8379, 196.149
2553, 21, 183, 67.7711, 196.231
2554, 21, 183, 67.7345, 196.315
2555, 21, 183, 67.6904, 196.401
2556, 21, 183, 67.6464, 196.483
2557, 21, 183, 67.6023, 196.575
2558, 21, 183, 67.5755, 196.657
2559, 21, 183, 67.5453, 196.738
2560, 21, 183, 67.6677, 196.82
2561, 21, 183, 67.7791, 196.902
2562, 21, 183, 67.682, 196.984
2563, 21, 183, 67.5849, 197.066
2564, 21, 183, 67.5181, 197.147
2565, 21, 183, 67.4879, 197.229
2566, 21, 183, 67.4205, 197.338
2567, 21, 183, 67.3938, 197.429
2568, 21, 183, 67.3456, 197.511
2569, 21, 183, 67.3159, 197.596
2570, 21, 183, 67.2677, 197.678
2571, 21, 183, 67.2311, 197.773
2572, 21, 183, 67.1953, 197.855
2573, 21, 183, 67.1655, 197.936
2574, 21, 183, 67.1451, 198.018
2575, 21, 183, 67.0824, 198.1
2576, 21, 183, 67.0597, 198.182
2577, 21, 183, 67.0329, 198.265
2578, 21, 183, 66.9848, 198.348
2579, 21, 182, 67.1216, 198.43
2580, 21, 182, 67.1011, 198.513
2581, 21, 182, 67.0797, 198.595
2582, 21, 182, 67.0495, 198.678
2583, 21, 182, 67.0193, 198.761
2584, 21, 182, 66.9891, 198.882
2585, 21, 182, 66.9588, 198.98
2586, 21, 182, 66.8741, 199.062
2587, 21, 182, 66.83, 199.145
2588, 21, 182, 66.8003, 199.227
2589, 21, 182, 66.7705, 199.325
2590, 21, 182, 66.7501, 199.408
2591, 21, 182, 66.7287, 199.49
2592, 21, 182, 66.8213, 199.573
2593, 21, 182, 66.7986, 199.665
2594, 21, 182, 66.7759, 199.751
2595, 21, 182, 66.7598, 199.833
2596, 21, 182, 66.7371, 199.915
2597, 21, 182, 66.8041, 199.998
2598, 21, 182, 66.7373, 200.081
2599, 21, 182, 66.7168, 200.165
2600, 21, 182, 66.7038, 200.248
2601, 21, 182, 66.6824, 200.334
2602, 21, 182, 66.6383, 200.416
2603, 21, 182, 66.5942, 200.499
2604, 21, 182, 66.5645, 200.583
2605, 21, 182, 66.3836, 200.666
2606, 21, 182, 66.3539, 200.754
2607, 21, 182, 66.3098, 200.837
2608, 21, 182, 66.2884, 200.919
2609, 21, 182, 66.273, 201.001
2610, 21, 182, 66.2502, 201.083
2611, 21, 182, 66.2298, 201.164
2612, 21, 182, 66.2084, 201.246
2613, 21, 182, 66.1787, 201.328
2614, 21, 182, 66.1625, 201.41
2615, 21, 182, 66.1358, 201.494
2616, 21, 182, 66.1055, 201.576
2617, 21, 182, 66.0828, 201.658
2618, 21, 182, 66.0674, 201.741
2619, 21, 182, 66.0447, 201.824
2620, 21, 182, 65.9965, 201.906
2621, 21, 182, 65.9663, 201.988
2622, 21, 182, 65.9395, 202.07
2623, 21, 182, 65.8727, 202.152
2624, 21, 182, 65.8425, 202.234
2625, 21, 182, 65.7751, 202.317
2626, 21, 182, 65.7484, 202.4
2627, 21, 182, 65.7118, 202.481
2628, 21, 182, 65.6677, 202.563
2629, 21, 182, 65.6236, 202.66
2630, 21, 182, 65.5795, 202.741
2631, 21, 182, 65.5591, 202.822
2632, 21, 182, 65.5289, 202.903
2633, 21, 182, 65.409, 202.985
2634, 21, 182, 65.365, 203.066
2635, 21, 182, 65.3347, 203.147
2636, 21, 182, 65.308, 203.228
2637, 21, 182, 65.2777, 203.309
2638, 21, 182, 65.2412, 203.39
2639, 21, 182, 65.1564, 203.472
2640, 21, 182, 65.1297, 203.553
2641, 21, 182, 65.1029, 203.637
2642, 21, 182, 65.0588, 203.725
2643, 21, 182, 65.0147, 203.806
2644, 21, 182, 64.9879, 203.887
2645, 21, 182, 64.9473, 203.969
2646, 21, 182, 64.9032, 204.05
2647, 21, 182, 64.8666, 204.148
2648, 21, 182, 64.8301, 204.23
2649, 21, 182, 64.7935, 204.312
2650, 21, 182, 64.7528, 204.393
2651, 21, 182, 64.7261, 204.473
2652, 21, 182, 64.6854, 204.554
2653, 21, 182, 64.6448, 204.635
2654, 21, 182, 64.618, 204.741
2655, 21, 182, 64.5814, 204.824
2656, 21, 182, 64.5449, 204.905
2657, 21, 182, 64.5008, 204.986
2658, 21, 182, 64.4478, 205.069
2659, 21, 182, 64.418, 205.151
2660, 21, 182, 64.3878, 205.232
2661, 21, 182, 64.361, 205.314
2662, 21, 182, 64.3244, 205.396
2663, 21, 182, 64.2977, 205.477
2664, 21, 182, 64.2611, 205.571
2665, 21, 182, 64.2343, 205.655
2666, 21, 182, 64.2046, 205.736
2667, 21, 182, 64.1841, 205.817
2668, 21, 182, 64.1544, 205.898
2669, 21, 182, 64.1246, 205.998
2670, 21, 182, 64.0978, 206.079
2671, 21, 182, 64.0676, 206.161
2672, 21, 182, 64.0472, 206.243
2673, 21, 182, 64.0204, 206.324
2674, 21, 182, 63.9763, 206.405
2675, 21, 182, 63.9397, 206.487
2676, 21, 182, 63.91, 206.568
2677, 21, 182, 63.8802, 206.649
2678, 21, 182, 63.8589, 206.73
2679, 21, 182, 63.8148, 206.813
2680, 21, 182, 63.7782, 206.912
2681, 21, 182, 63.7114, 206.994
2682, 21, 182, 63.6748, 207.086
2683, 21, 182, 63.6451, 207.171
2684, 21, 182, 63.6246, 207.252
2685, 21, 182, 63.5949, 207.333
2686, 21, 182, 63.5681, 207.414
2687, 21, 182, 63.5477, 207.495
2688, 21, 182, 63.5272, 207.577
2689, 21, 182, 63.4906, 207.658
2690, 21, 182, 63.4639, 207.739
2691, 21, 182, 63.4434, 207.82
2692, 21, 182, 63.3766, 207.901
2693, 21, 182, 63.3469, 207.982
2694, 21, 182, 63.3103, 208.069
2695, 21, 182, 63.2737, 208.165
2696, 21, 182, 63.2371, 208.248
2697, 21, 182, 63.2074, 208.33
2698, 21, 182, 63.1912, 208.411
2699, 21, 182, 63.0942, 208.493
2700, 21, 182, 63.0674, 208.574
2701, 21, 182, 63.0513, 208.655
2702, 21, 182, 63.0245, 208.737
2703, 21, 182, 62.9942, 208.818
2704, 21, 182, 62.9645, 208.899
2705, 21, 182, 62.9484, 208.98
2706, 21, 182, 62.9322, 209.063
2707, 21, 182, 62.9168, 209.144
2708, 21, 182, 62.8866, 209.226
2709, 21, 182, 62.9565, 209.321
2710, 21, 182, 62.9084, 209.404
2711, 21, 182, 62.8816, 209.486
2712, 21, 182, 62.845, 209.567
2713, 21, 182, 62.8289, 209.649
2714, 21, 182, 62.8084, 209.731
2715, 21, 181, 62.9496, 209.813
2716, 21, 181, 62.8525, 209.895
2717, 21, 181, 62.8119, 209.976
2718, 21, 181, 62.7678, 210.058
2719, 21, 181, 62.7312, 210.14
2720, 21, 181, 62.6114, 210.221
2721, 21, 181, 62.5748, 210.305
2722, 21, 181, 62.5342, 210.387
2723, 21, 181, 62.4976, 210.469
2724, 21, 181, 62.4005, 210.569
2725, 21, 181, 62.3034, 210.652
2726, 21, 181, 62.2737, 210.734
2727, 21, 181, 62.2069, 210.816
2728, 21, 181, 62.1222, 210.898
2729, 21, 181, 62.0815, 210.98
2730, 21, 181, 62.0409, 211.061
2731, 21, 181, 62.0141, 211.143
2732, 21, 181, 61.9873, 211.228
2733, 21, 181, 61.9576, 211.311
2734, 21, 181, 61.9278, 211.393
2735, 21, 181, 61.861, 211.476
2736, 21, 181, 61.8313, 211.558
2737, 21, 181, 61.801, 211.64
2738, 21, 181, 61.7743, 211.722
2739, 21, 181, 61.7377, 211.804
2740, 21, 181, 61.6709, 211.887
2741, 21, 181, 61.6343, 211.969
2742, 21, 181, 61.5902, 212.053
2743, 21, 181, 61.5635, 212.135
2744, 21, 181, 61.5269, 212.217
2745, 21, 181, 61.4967, 212.319
2746, 21, 181, 61.4699, 212.404
2747, 21, 181, 61.4072, 212.486
2748, 21, 181, 61.3868, 212.568
2749, 21, 181, 61.36, 212.659
2750, 21, 181, 61.3234, 212.745
2751, 21, 181, 61.2937, 212.827
2752, 21, 181, 61.2732, 212.909
2753, 21, 181, 61.2465, 212.991
2754, 21, 181, 61.2197, 213.073
2755, 21, 181, 61.1831, 213.155
2756, 21, 181, 61.1563, 213.237
2757, 21, 181, 61.1266, 213.319
2758, 21, 181, 61.1061, 213.401
2759, 21, 181, 61.0794, 213.483
2760, 21, 181, 61.0589, 213.6
2761, 21, 181, 61.0223, 213.688
2762, 21, 181, 60.9921, 213.78
2763, 21, 181, 60.9717, 213.862
2764, 21, 181, 60.9351, 213.944
2765, 21, 181, 60.9049, 214.026
2766, 21, 181, 60.8781, 214.119
2767, 21, 181, 60.862, 214.203
2768, 21, 181, 60.8138, 214.285
2769, 21, 181, 60.7934, 214.367
2770, 21, 181, 60.7666, 214.449
2771, 21, 181, 60.7398, 214.531
2772, 21, 181, 60.713, 214.614
2773, 21, 181, 60.6828, 214.699
2774, 21, 181, 60.6601, 214.782
2775, 21, 181, 60.6333, 214.864
2776, 21, 181, 60.6129, 214.946
2777, 21, 181, 60.5998, 215.028
2778, 21, 181, 60.5632, 215.11
2779, 21, 181, 60.5365, 215.192
2780, 21, 181, 60.5203, 215.274
2781, 21, 180, 60.6615, 215.356
2782, 21, 180, 60.6313, 215.438
2783, 21, 180, 60.564, 215.52
2784, 21, 180, 60.5372, 215.602
2785, 21, 180, 60.5145, 215.691
2786, 21, 180, 60.5014, 215.776
2787, 21, 180, 60.4906, 215.858
2788, 21, 180, 60.4702, 215.955
2789, 21, 180, 60.4172, 216.039
2790, 21, 180, 60.3967, 216.121
2791, 21, 180, 60.37, 216.203
2792, 21, 180, 60.3432, 216.285
2793, 21, 180, 60.3218, 216.367
2794, 21, 180, 60.2921, 216.45
2795, 21, 180, 60.2716, 216.534
2796, 21, 180, 60.2449, 216.617
2797, 21, 180, 60.2221, 216.699
2798, 21, 180, 60.2017, 216.781
2799, 21, 180, 60.1812, 216.863
2800, 21, 180, 60.1545, 216.945
2801, 21, 180, 60.1242, 217.027
2802, 21, 180, 60.0712, 217.109
2803, 21, 180, 60.0445, 217.191
2804, 21, 180, 60.0142, 217.273
2805, 21, 180, 59.9938, 217.357
2806, 21, 180, 59.967, 217.439
2807, 21, 180, 59.9373, 217.52
2808, 21, 180, 59.9168, 217.601
2809, 21, 180, 59.8964, 217.682
2810, 21, 180, 59.8661, 217.763
2811, 21, 180, 59.9451, 217.846
2812, 21, 180, 59.9149, 217.927
2813, 21, 180, 59.9669, 218.009
2814, 21, 180, 59.9465, 218.09
2815, 21, 180, 59.9106, 218.172
2816, 21, 180, 59.8892, 218.253
2817, 21, 180, 59.859, 218.334
2818, 21, 180, 59.8149, 218.416
2819, 21, 179, 59.9526, 218.498
2820, 21, 179, 59.9365, 218.579
2821, 21, 179, 59.9161, 218.661
2822, 21, 179, 59.8858, 218.742
2823, 21, 179, 59.8417, 218.824
2824, 21, 179, 59.8052, 218.906
2825, 21, 179, 59.7784, 218.987
2826, 21, 179, 59.7418, 219.069
2827, 21, 179, 59.7116, 219.15
2828, 21, 179, 59.6848, 219.232
2829, 21, 179, 59.6407, 219.325
2830, 21, 179, 59.5739, 219.406
2831, 21, 179, 59.5298, 219.488
2832, 21, 178, 59.671, 219.57
2833, 21, 178, 59.6443, 219.651
2834, 21, 178, 59.5472, 219.732
2835, 21, 178, 59.4798, 219.814
2836, 21, 178, 59.453, 219.895
2837, 21, 178, 59.523, 219.977
2838, 21, 178, 59.4962, 220.058
2839, 21, 178, 59.466, 220.14
2840, 21, 178, 59.4392, 220.222
2841, 21, 178, 59.4124, 220.306
2842, 21, 178, 59.392, 220.388
2843, 21, 178, 59.3622, 220.469
2844, 21, 178, 59.3355, 220.55
2845, 21, 178, 59.3052, 220.649
2846, 21, 178, 59.2384, 220.732
2847, 21, 178, 59.1716, 220.813
2848, 21, 178, 59.1275, 220.896
2849, 21, 178, 59.0602, 220.979
2850, 21, 178, 59.0161, 221.06
2851, 21, 178, 58.9795, 221.142
2852, 21, 178, 58.9429, 221.223
2853, 21, 178, 58.9162, 221.306
2854, 21, 178, 58.8755, 221.387
2855, 21, 178, 58.8087, 221.469
2856, 21, 178, 58.7722, 221.55
2857, 21, 178, 58.7315, 221.632
2858, 21, 178, 58.7047, 221.713
2859, 21, 178, 58.6641, 221.795
2860, 21, 178, 58.6235, 221.876
2861, 21, 178, 58.5869, 221.958
2862, 21, 178, 58.5201, 222.04
2863, 21, 178, 58.4933, 222.121
2864, 21, 178, 58.4492, 222.203
2865, 21, 178, 58.3521, 222.284
2866, 21, 178, 58.3155, 222.366
2867, 21, 178, 58.2749, 222.447
2868, 21, 178, 58.2481, 222.528
2869, 21, 178, 58.2184, 222.617
2870, 21, 178, 58.1916, 222.699
2871, 21, 178, 58.1619, 222.781
2872, 21, 178, 58.1316, 222.862
2873, 21, 178, 58.1112, 222.944
2874, 21, 178, 58.0844, 223.025
2875, 21, 177, 58.2474, 223.108
2876, 21, 177, 58.2313, 223.19
2877, 21, 176, 58.3725, 223.272
2878, 21, 176, 58.3428, 223.353
2879, 21, 175, 58.4805, 223.435
2880, 21, 175, 58.4503, 223.517
2881, 21, 175, 58.4062, 223.599
2882, 21, 175, 58.39, 223.68
2883, 21, 175, 58.3673, 223.762
2884, 21, 175, 58.3512, 223.843
2885, 21, 175, 58.3285, 223.924
2886, 21, 175, 58.3071, 224.006
2887, 21, 175, 58.2403, 224.088
2888, 21, 175, 58.2101, 224.17
2889, 21, 175, 58.1803, 224.259
2890, 21, 175, 58.2502, 224.348
2891, 21, 175, 58.1829, 224.43
2892, 21, 175, 58.1388, 224.511
2893, 21, 175, 58.0947, 224.593
2894, 21, 175, 58.0506, 224.675
2895, 21, 175, 58.0399, 224.756
2896, 21, 175, 58.0237, 224.838
2897, 21, 175, 57.994, 224.921
2898, 21, 175, 57.9642, 225.002
2899, 21, 175, 57.8969, 225.086
2900, 21, 175, 57.8764, 225.168
2901, 21, 175, 57.8399, 225.249
2902, 21, 175, 57.8101, 225.332
2903, 21, 175, 57.713, 225.414
2904, 21, 175, 57.6917, 225.495
2905, 21, 175, 57.6614, 225.577
2906, 21, 175, 57.5941, 225.658
2907, 21, 175, 57.5673, 225.741
2908, 21, 175, 57.5232, 225.823
2909, 21, 175, 57.3017, 225.909
2910, 21, 175, 57.2535, 226.007
2911, 21, 175, 57.3055, 226.089
2912, 21, 175, 57.269, 226.17
2913, 21, 175, 57.1842, 226.252
2914, 21, 174, 57.321, 226.335
2915, 21, 174, 57.2997, 226.416
2916, 21, 173, 57.4484, 226.498
2917, 21, 173, 57.427, 226.58
2918, 21, 173, 57.4065, 226.661
2919, 21, 173, 57.4765, 226.743
2920, 21, 173, 57.461, 226.826
2921, 21, 173, 57.4406, 226.908
2922, 21, 173, 57.4201, 226.989
2923, 21, 173, 57.3934, 227.071
2924, 21, 173, 57.372, 227.152
2925, 21, 173, 57.3506, 227.234
2926, 21, 173, 57.3238, 227.315
2927, 21, 173, 57.3077, 227.397
2928, 21, 173, 57.2775, 227.479
2929, 21, 173, 57.2561, 227.562
2930, 21, 173, 57.208, 227.645
2931, 21, 173, 57.1918, 227.726
2932, 21, 173, 57.1651, 227.808
2933, 21, 173, 57.1383, 227.889
2934, 21, 173, 57.1081, 227.97
2935, 21, 172, 57.2456, 228.053
2936, 21, 172, 57.2294, 228.135
2937, 21, 172, 57.2027, 228.217
2938, 21, 172, 57.1759, 228.298
2939, 21, 172, 57.1132, 228.38
2940, 21, 172, 57.0971, 228.461
2941, 21, 172, 57.0703, 228.544
2942, 21, 172, 57.0499, 228.626
2943, 21, 172, 57.0285, 228.708
2944, 21, 172, 57.0081, 228.792
2945, 21, 172, 56.9853, 228.873
2946, 21, 172, 56.9692, 228.955
2947, 21, 172, 56.9465, 229.039
2948, 21, 172, 56.9238, 229.12
2949, 21, 172, 56.9033, 229.201
2950, 21, 172, 56.9553, 229.29
2951, 21, 172, 56.9349, 229.372
2952, 21, 172, 56.9122, 229.453
2953, 21, 171, 57.0499, 229.534
2954, 21, 171, 57.0338, 229.616
2955, 21, 171, 57.0158, 229.697
2956, 21, 171, 57.0028, 229.779
2957, 21, 171, 56.9867, 229.86
2958, 21, 171, 56.9639, 229.942
2959, 21, 171, 56.9435, 230.023
2960, 21, 171, 56.9256, 230.105
2961, 21, 171, 56.9076, 230.189
2962, 21, 171, 56.8946, 230.273
2963, 21, 171, 56.8792, 230.355
2964, 21, 171, 56.8426, 230.457
2965, 21, 171, 56.8221, 230.552
2966, 21, 171, 56.806, 230.635
2967, 21, 171, 56.7833, 230.717
2968, 21, 171, 56.7672, 230.799
2969, 21, 171, 56.8192, 230.881
2970, 21, 171, 56.7987, 230.962
2971, 21, 171, 56.7719, 231.044
2972, 21, 171, 56.7515, 231.126
2973, 21, 170, 56.8927, 231.208
2974, 21, 170, 56.9302, 231.29
2975, 21, 170, 56.9088, 231.371
2976, 21, 170, 56.8884, 231.468
2977, 21, 170, 56.8616, 231.552
2978, 21, 170, 56.8348, 231.634
2979, 21, 170, 56.8144, 231.717
2980, 21, 169, 56.9521, 231.798
2981, 21, 169, 56.9294, 231.88
2982, 21, 169, 56.9132, 231.963
2983, 21, 169, 56.8905, 232.045
2984, 21, 169, 56.8744, 232.127
2985, 21, 169, 56.8476, 232.214
2986, 21, 169, 56.8174, 232.297
2987, 21, 169, 56.7947, 232.382
2988, 21, 169, 56.7468, 232.467
2989, 21, 169, 56.7264, 232.55
2990, 21, 169, 56.7059, 232.642
2991, 21, 169, 56.6846, 232.724
2992, 21, 169, 56.6641, 232.807
2993, 21, 169, 56.648, 232.889
2994, 21, 169, 56.6266, 232.972
2995, 21, 169, 56.6112, 233.065
2996, 21, 169, 56.6902, 233.148
2997, 21, 168, 56.8314, 233.231
2998, 21, 168, 56.8159, 233.313
2999, 21, 168, 56.7801, 233.396
