Seed is: 83
Number of samples is: 3000
Simulation name is: Simulation_2TV_10x10.sim
TimeStep, Distraction Rate, Missed States, Model Accuracy, Time (ms)
0, 0, 732, 0, 6e-05
1, 0, 731, 1, 0.064643
2, 0, 731, 0.584963, 0.127803
3, 0, 731, 0.415037, 0.190322
4, 0, 730, 1.17823, 0.261949
5, 0, 729, 1.94143, 0.326111
6, 0, 728, 2.2942, 0.389351
7, 0, 728, 1.80924, 0.45177
8, 0, 728, 1.43571, 0.513838
9, 0, 728, 1.23117, 0.576618
10, 0, 728, 1.07823, 0.638766
11, 0, 727, 2.07823, 0.700945
12, 0, 727, 1.6632, 0.762753
13, 0, 727, 1.49327, 0.82462
14, 0, 726, 2.25647, 0.88717
15, 0, 725, 3.25647, 0.952624
16, 0, 725, 2.84143, 1.01508
17, 0, 725, 2.67151, 1.07797
18, 0, 724, 3.4347, 1.14069
19, 0, 723, 4.1979, 1.21111
20, 0, 723, 3.82437, 1.27369
21, 0, 723, 3.45083, 1.33579
22, 0, 723, 3.2979, 1.39871
23, 0, 723, 3.14497, 1.46123
24, 0, 722, 3.90817, 1.52357
25, 0, 722, 3.53463, 1.60131
26, 0, 721, 3.8874, 1.67136
27, 0, 721, 3.40244, 1.73455
28, 0, 721, 3.24951, 1.80594
29, 0, 721, 3.04497, 1.86881
30, 0, 721, 2.95186, 1.93146
31, 0, 721, 2.85875, 1.99405
32, 0, 721, 2.74825, 2.05701
33, 0, 720, 2.51606, 2.11968
34, 0, 719, 3.86422, 2.18251
35, 0, 718, 3.63202, 2.24503
36, 0, 717, 4.98018, 2.30799
37, 0, 716, 5.98018, 2.37092
38, 0, 716, 5.56515, 2.43389
39, 0, 716, 5.39522, 2.49706
40, 0, 715, 6.15842, 2.56005
41, 0, 714, 6.92162, 2.62325
42, 0, 713, 7.68481, 2.68637
43, 0, 713, 7.31128, 2.74925
44, 0, 713, 6.93775, 2.81223
45, 0, 713, 6.78481, 2.87511
46, 0, 713, 6.63188, 2.93776
47, 0, 712, 7.39508, 3.00065
48, 0, 712, 7.02154, 3.06307
49, 0, 712, 6.64801, 3.12608
50, 0, 712, 6.49508, 3.19141
51, 0, 711, 6.73642, 3.25437
52, 0, 710, 7.49962, 3.31745
53, 0, 709, 8.26281, 3.38919
54, 0, 708, 9.26281, 3.45312
55, 0, 708, 8.84778, 3.51624
56, 0, 708, 8.67785, 3.57934
57, 0, 707, 9.44105, 3.64247
58, 0, 707, 9.06751, 3.70575
59, 0, 707, 8.69398, 3.76932
60, 0, 706, 8.93532, 3.83365
61, 0, 706, 9.15725, 3.89724
62, 0, 705, 9.92045, 3.9604
63, 0, 704, 9.68825, 4.02424
64, 0, 703, 11.0364, 4.08751
65, 0, 703, 10.6629, 4.15114
66, 0, 703, 10.9779, 4.21471
67, 0, 702, 11.7411, 4.27831
68, 0, 701, 12.5043, 4.34212
69, 0, 701, 12.1308, 4.40574
70, 0, 701, 11.7572, 4.47271
71, 0, 701, 11.6043, 4.53634
72, 0, 701, 11.4514, 4.59997
73, 0, 700, 12.2146, 4.66344
74, 0, 699, 12.9778, 4.72702
75, 0, 698, 13.741, 4.79064
76, 0, 698, 13.3674, 4.85861
77, 0, 698, 12.9939, 4.93018
78, 0, 698, 12.841, 4.99415
79, 0, 697, 13.0823, 5.05936
80, 0, 696, 12.8501, 5.1243
81, 0, 695, 14.1983, 5.18841
82, 0, 694, 14.9615, 5.25233
83, 0, 693, 14.7293, 5.31694
84, 0, 692, 16.0774, 5.38107
85, 0, 691, 16.8406, 5.44473
86, 0, 690, 17.6038, 5.50847
87, 0, 690, 17.2303, 5.57247
88, 0, 690, 16.8568, 5.65013
89, 0, 690, 16.7038, 5.7153
90, 0, 690, 16.5509, 5.77974
91, 0, 689, 16.3187, 5.84423
92, 0, 688, 17.6669, 5.9088
93, 0, 687, 18.4301, 5.97313
94, 0, 686, 19.4301, 6.04219
95, 0, 686, 19.015, 6.1155
96, 0, 686, 18.8451, 6.17984
97, 0, 685, 19.6083, 6.24418
98, 0, 684, 20.3715, 6.3086
99, 0, 683, 21.1347, 6.37299
100, 0, 682, 21.8979, 6.43719
101, 0, 682, 21.5244, 6.50505
102, 0, 682, 21.1508, 6.56972
103, 0, 681, 21.3922, 6.63401
104, 0, 681, 21.6141, 6.69858
105, 0, 680, 21.3819, 6.76301
106, 0, 679, 22.7301, 6.83002
107, 0, 679, 22.3565, 6.90533
108, 0, 679, 22.6716, 6.97006
109, 0, 678, 23.4348, 7.03423
110, 0, 677, 24.198, 7.09873
111, 0, 676, 24.9612, 7.16319
112, 0, 675, 25.7244, 7.22772
113, 0, 674, 26.7244, 7.30944
114, 0, 674, 26.3093, 7.37491
115, 0, 674, 26.1394, 7.43935
116, 0, 673, 26.9026, 7.50402
117, 0, 673, 26.5291, 7.56837
118, 0, 673, 26.1555, 7.63325
119, 0, 673, 26.0026, 7.69837
120, 0, 673, 25.8497, 7.76323
121, 0, 672, 26.6129, 7.82836
122, 0, 672, 26.2393, 7.89471
123, 0, 672, 25.8658, 7.95965
124, 0, 672, 25.7129, 8.02463
125, 0, 672, 25.5599, 8.08932
126, 0, 671, 26.3231, 8.15422
127, 0, 671, 25.9496, 8.21903
128, 0, 671, 25.5761, 8.29298
129, 0, 671, 25.4231, 8.36163
130, 0, 671, 25.2702, 8.42793
131, 0, 670, 26.0334, 8.49275
132, 0, 669, 26.7966, 8.55749
133, 0, 669, 26.423, 8.6222
134, 0, 669, 26.0495, 8.68721
135, 0, 669, 25.8966, 8.75443
136, 0, 669, 25.7437, 8.8198
137, 0, 668, 26.5068, 8.88741
138, 0, 668, 26.1333, 8.9544
139, 0, 668, 25.7598, 9.01966
140, 0, 668, 25.6068, 9.08491
141, 0, 668, 25.4539, 9.15023
142, 0, 668, 24.8758, 9.2158
143, 0, 668, 24.7229, 9.28093
144, 0, 667, 24.9126, 9.34633
145, 0, 667, 24.6492, 9.4117
146, 0, 667, 24.4963, 9.47684
147, 0, 667, 24.3451, 9.54264
148, 0, 666, 25.1083, 9.61185
149, 0, 665, 25.8715, 9.67739
150, 0, 665, 25.498, 9.74704
151, 0, 665, 25.1245, 9.81268
152, 0, 665, 24.9715, 9.87843
153, 0, 665, 24.8186, 9.96211
154, 0, 664, 25.5818, 10.0294
155, 0, 664, 25.2083, 10.095
156, 0, 664, 24.7233, 10.1606
157, 0, 663, 25.4865, 10.2264
158, 0, 662, 26.2497, 10.2919
159, 0, 662, 25.8762, 10.3577
160, 0, 662, 25.5026, 10.4233
161, 0, 662, 25.3497, 10.4901
162, 0, 662, 25.1968, 10.5558
163, 0, 661, 25.96, 10.6215
164, 0, 661, 25.5864, 10.6875
165, 0, 661, 25.2129, 10.7532
166, 0, 661, 24.7279, 10.8188
167, 0, 661, 24.243, 10.8846
168, 0, 660, 24.4843, 10.9502
169, 0, 659, 25.2475, 11.0163
170, 0, 658, 25.0153, 11.0821
171, 0, 657, 26.3635, 11.1482
172, 0, 657, 25.9899, 11.2141
173, 0, 657, 25.505, 11.2797
174, 0, 656, 26.2682, 11.3456
175, 0, 655, 27.0314, 11.42
176, 0, 654, 27.7946, 11.5025
177, 0, 653, 28.5578, 11.5789
178, 0, 652, 29.321, 11.6459
179, 0, 651, 30.321, 11.7121
180, 0, 651, 29.9059, 11.7783
181, 0, 651, 29.736, 11.8444
182, 0, 650, 30.4992, 11.9104
183, 0, 650, 30.1257, 11.9764
184, 0, 650, 29.7521, 12.0442
185, 0, 650, 29.5992, 12.1105
186, 0, 650, 29.4463, 12.1767
187, 0, 649, 30.2095, 12.2427
188, 0, 649, 29.8359, 12.3088
189, 0, 649, 29.4624, 12.3747
190, 0, 649, 29.3095, 12.4406
191, 0, 649, 29.1565, 12.5064
192, 0, 648, 29.9197, 12.5727
193, 0, 648, 29.5462, 12.6389
194, 0, 648, 29.1727, 12.705
195, 0, 647, 29.414, 12.7714
196, 0, 647, 29.6359, 12.8378
197, 0, 646, 30.3991, 12.9042
198, 0, 646, 30.0256, 12.9706
199, 0, 646, 29.6521, 13.0366
200, 0, 646, 29.4991, 13.1029
201, 0, 646, 29.3462, 13.1691
202, 0, 645, 30.1094, 13.2356
203, 0, 644, 30.8726, 13.3018
204, 0, 644, 30.4991, 13.3681
205, 0, 644, 30.1255, 13.4343
206, 0, 644, 29.9726, 13.5005
207, 0, 644, 29.8197, 13.5678
208, 0, 643, 30.5829, 13.6344
209, 0, 642, 31.3461, 13.7011
210, 0, 641, 32.1092, 13.7689
211, 0, 640, 32.8724, 13.8351
212, 0, 639, 33.6356, 13.901
213, 0, 638, 34.6356, 13.9673
214, 0, 638, 34.2206, 14.0345
215, 0, 638, 34.0507, 14.1003
216, 0, 637, 34.8139, 14.1663
217, 0, 637, 34.4403, 14.2322
218, 0, 637, 34.0668, 14.2981
219, 0, 637, 33.9139, 14.3643
220, 0, 637, 33.7609, 14.4304
221, 0, 636, 34.5241, 14.4968
222, 0, 636, 34.1506, 14.5635
223, 0, 635, 34.5034, 14.63
224, 0, 635, 34.0184, 14.6979
225, 0, 635, 33.8655, 14.7672
226, 0, 635, 33.6609, 14.834
227, 0, 634, 34.4241, 14.9062
228, 0, 634, 34.0506, 14.973
229, 0, 634, 33.6771, 15.0395
230, 0, 634, 33.5241, 15.1057
231, 0, 633, 33.7655, 15.1721
232, 0, 632, 34.5287, 15.2387
233, 0, 631, 35.2919, 15.3051
234, 0, 630, 36.0551, 15.3715
235, 0, 629, 37.0551, 15.4379
236, 0, 629, 36.64, 15.5044
237, 0, 629, 36.4701, 15.5707
238, 0, 628, 37.2333, 15.6374
239, 0, 628, 36.8598, 15.7037
240, 0, 627, 37.2125, 15.7701
241, 0, 627, 37.5276, 15.8431
242, 0, 627, 36.9495, 15.9167
243, 0, 627, 36.7966, 15.9833
244, 0, 627, 36.5331, 16.0514
245, 0, 626, 37.2963, 16.1343
246, 0, 626, 36.9228, 16.2018
247, 0, 626, 36.5493, 16.2685
248, 0, 626, 36.3963, 16.3353
249, 0, 626, 36.2434, 16.402
250, 0, 625, 37.2434, 16.4686
251, 0, 625, 36.8284, 16.5351
252, 0, 625, 36.6584, 16.6021
253, 0, 624, 37.4216, 16.683
254, 0, 623, 38.1848, 16.7505
255, 0, 622, 38.948, 16.8183
256, 0, 621, 39.948, 16.8852
257, 0, 621, 39.533, 16.9534
258, 0, 621, 39.3631, 17.0202
259, 0, 620, 40.1263, 17.087
260, 0, 620, 39.7527, 17.1536
261, 0, 620, 39.3792, 17.2201
262, 0, 620, 39.2263, 17.2868
263, 0, 620, 39.0733, 17.3532
264, 0, 619, 39.8365, 17.42
265, 0, 619, 39.463, 17.4865
266, 0, 619, 39.0895, 17.5541
267, 0, 619, 38.9365, 17.6227
268, 0, 619, 38.7836, 17.7134
269, 0, 618, 39.5468, 17.7811
270, 0, 617, 40.31, 17.8481
271, 0, 616, 40.6628, 17.9153
272, 0, 616, 40.1778, 17.9818
273, 0, 616, 39.8043, 18.0486
274, 0, 616, 39.5997, 18.1157
275, 0, 616, 39.4468, 18.1827
276, 0, 615, 40.21, 18.2569
277, 0, 614, 40.9732, 18.3241
278, 0, 613, 41.7364, 18.3926
279, 0, 612, 42.7364, 18.4593
280, 0, 612, 42.3214, 18.5265
281, 0, 612, 42.1514, 18.5933
282, 0, 611, 42.9146, 18.6602
283, 0, 611, 42.5411, 18.7317
284, 0, 611, 42.1676, 18.8147
285, 0, 611, 42.0146, 18.8824
286, 0, 611, 41.8617, 18.9492
287, 0, 610, 42.6249, 19.0179
288, 0, 609, 42.9777, 19.0856
289, 0, 609, 42.4927, 19.1529
290, 0, 609, 42.1192, 19.2204
291, 0, 609, 41.9146, 19.2883
292, 0, 609, 41.7617, 19.3553
293, 0, 608, 42.5249, 19.4228
294, 0, 607, 43.2881, 19.4902
295, 0, 607, 42.9146, 19.5576
296, 0, 607, 42.541, 19.6248
297, 0, 607, 42.3881, 19.692
298, 0, 607, 42.2352, 19.7612
299, 0, 606, 43.2352, 19.8287
300, 0, 606, 42.8201, 19.8959
301, 0, 606, 42.6502, 19.9631
302, 0, 605, 43.4134, 20.0389
303, 0, 604, 43.7662, 20.1071
304, 0, 604, 44.0812, 20.1746
305, 0, 603, 44.8444, 20.2418
306, 0, 603, 44.4709, 20.309
307, 0, 603, 44.0973, 20.3763
308, 0, 603, 43.9444, 20.4438
309, 0, 603, 43.7915, 20.5113
310, 0, 602, 44.5547, 20.5785
311, 0, 602, 44.1811, 20.6556
312, 0, 602, 43.8076, 20.7233
313, 0, 602, 43.6547, 20.7908
314, 0, 602, 43.5017, 20.8582
315, 0, 601, 44.2649, 20.926
316, 0, 601, 44.112, 20.9936
317, 0, 600, 44.8752, 21.061
318, 0, 599, 45.6384, 21.1287
319, 0, 599, 45.2649, 21.1989
320, 0, 599, 44.8913, 21.283
321, 0, 599, 44.7384, 21.3514
322, 0, 599, 44.5855, 21.4188
323, 0, 598, 45.3487, 21.4861
324, 0, 597, 46.1119, 21.554
325, 0, 597, 45.7383, 21.629
326, 0, 597, 45.3648, 21.7126
327, 0, 597, 45.2119, 21.7809
328, 0, 597, 45.0589, 21.8506
329, 0, 596, 44.8267, 21.9186
330, 0, 595, 46.1749, 21.9864
331, 0, 594, 46.9381, 22.0541
332, 0, 593, 46.7059, 22.1286
333, 0, 593, 46.6644, 22.2114
334, 0, 592, 48.3691, 22.2804
335, 0, 592, 48.2853, 22.3497
336, 0, 591, 49.0485, 22.4272
337, 0, 590, 49.8117, 22.4951
338, 0, 589, 50.8117, 22.5631
339, 0, 589, 50.3966, 22.6309
340, 0, 589, 50.2267, 22.6986
341, 0, 588, 49.9945, 22.7683
342, 0, 587, 51.3427, 22.8368
343, 0, 587, 50.9692, 22.9047
344, 0, 587, 50.4842, 22.9743
345, 0, 586, 51.2474, 23.043
346, 0, 586, 50.8739, 23.1115
347, 0, 585, 51.2266, 23.1802
348, 0, 585, 50.7417, 23.2675
349, 0, 585, 50.5887, 23.3372
350, 0, 585, 50.3842, 23.4059
351, 0, 584, 51.1474, 23.4744
352, 0, 583, 51.9106, 23.5428
353, 0, 583, 51.5371, 23.6142
354, 0, 583, 51.1635, 23.6978
355, 0, 583, 51.0106, 23.7672
356, 0, 583, 50.8577, 23.8355
357, 0, 583, 50.7739, 23.9039
358, 0, 582, 51.5371, 23.9723
359, 0, 581, 52.3003, 24.0404
360, 0, 581, 51.9267, 24.1086
361, 0, 581, 51.5532, 24.1769
362, 0, 581, 51.4003, 24.2453
363, 0, 581, 51.2473, 24.3138
364, 0, 581, 51.1635, 24.3821
365, 0, 580, 51.9267, 24.4505
366, 0, 579, 52.6899, 24.5191
367, 0, 578, 53.4531, 24.5919
368, 0, 577, 54.4531, 24.6604
369, 0, 577, 54.0381, 24.7289
370, 0, 577, 53.8681, 24.7973
371, 0, 576, 54.6313, 24.8656
372, 0, 576, 54.2578, 24.959
373, 0, 576, 53.8843, 25.0286
374, 0, 576, 53.7313, 25.0973
375, 0, 576, 53.5784, 25.1661
376, 0, 575, 54.3416, 25.2346
377, 0, 575, 53.9681, 25.3029
378, 0, 575, 53.5945, 25.375
379, 0, 575, 53.4416, 25.4439
380, 0, 575, 53.2887, 25.5124
381, 0, 574, 54.0519, 25.5811
382, 0, 574, 53.6783, 25.65
383, 0, 574, 53.3048, 25.7186
384, 0, 574, 53.1519, 25.7875
385, 0, 574, 52.9989, 25.856
386, 0, 573, 53.7621, 25.9248
387, 0, 572, 54.5253, 25.9936
388, 0, 572, 54.1518, 26.062
389, 0, 572, 53.7783, 26.1305
390, 0, 571, 54.0196, 26.2162
391, 0, 571, 53.8151, 26.2859
392, 0, 571, 53.6621, 26.3542
393, 0, 571, 53.5783, 26.4246
394, 0, 571, 53.4945, 26.4935
395, 0, 571, 53.4107, 26.5623
396, 0, 571, 53.3176, 26.631
397, 0, 571, 53.2245, 26.6999
398, 0, 571, 53.1407, 26.7688
399, 0, 571, 53.0569, 26.8377
400, 0, 571, 52.9731, 26.9083
401, 0, 571, 52.88, 26.9797
402, 0, 571, 52.7962, 27.0498
403, 0, 571, 52.6433, 27.1186
404, 0, 571, 52.5502, 27.1873
405, 0, 571, 52.3456, 27.2561
406, 0, 571, 52.2618, 27.332
407, 0, 571, 52.178, 27.4007
408, 0, 571, 52.0849, 27.4692
409, 0, 570, 52.2747, 27.5382
410, 0, 570, 52.1235, 27.6079
411, 0, 570, 52.0397, 27.6769
412, 0, 570, 51.9559, 27.7457
413, 0, 570, 51.3779, 27.8144
414, 0, 570, 51.0043, 27.8831
415, 0, 570, 50.7409, 27.9613
416, 0, 570, 50.588, 28.0302
417, 0, 570, 50.5042, 28.099
418, 0, 570, 50.3937, 28.1673
419, 0, 570, 50.3099, 28.2436
420, 0, 570, 50.2569, 28.3126
421, 0, 569, 50.4199, 28.3814
422, 0, 568, 50.5829, 28.4503
423, 0, 568, 50.524, 28.5189
424, 0, 568, 50.471, 28.5875
425, 0, 568, 50.4121, 28.6583
426, 0, 568, 50.3151, 28.7274
427, 0, 568, 50.2313, 28.8013
428, 0, 568, 50.1475, 28.8702
429, 0, 568, 50.037, 28.9391
430, 0, 567, 50.8002, 29.0076
431, 0, 566, 51.5633, 29.0765
432, 0, 566, 51.1898, 29.1451
433, 0, 566, 50.8163, 29.2134
434, 0, 566, 50.6633, 29.2819
435, 0, 566, 50.5104, 29.3507
436, 0, 565, 51.2736, 29.4194
437, 0, 564, 52.0368, 29.4879
438, 0, 563, 52.8, 29.5681
439, 0, 563, 52.4265, 29.639
440, 0, 563, 52.0529, 29.7082
441, 0, 563, 51.9, 29.7768
442, 0, 563, 51.7471, 29.8455
443, 0, 562, 52.7471, 29.9144
444, 0, 562, 52.332, 29.9831
445, 0, 562, 52.1621, 30.066
446, 0, 561, 52.9253, 30.1465
447, 0, 561, 52.5518, 30.2162
448, 0, 561, 52.1782, 30.3022
449, 0, 561, 52.0253, 30.3714
450, 0, 561, 51.8724, 30.4402
451, 0, 560, 52.6356, 30.5102
452, 0, 559, 53.3988, 30.5792
453, 0, 559, 53.0252, 30.648
454, 0, 559, 52.6517, 30.7168
455, 0, 559, 52.4988, 30.7859
456, 0, 559, 52.3458, 30.8551
457, 0, 558, 53.109, 30.9242
458, 0, 557, 53.8722, 30.9933
459, 0, 557, 53.4987, 31.0776
460, 0, 557, 53.1252, 31.1474
461, 0, 557, 52.9722, 31.2165
462, 0, 557, 52.8193, 31.2859
463, 0, 556, 53.5825, 31.3563
464, 0, 555, 54.3457, 31.4257
465, 0, 554, 55.1089, 31.4948
466, 0, 554, 54.7354, 31.57
467, 0, 554, 54.3618, 31.6395
468, 0, 554, 54.2089, 31.7084
469, 0, 553, 54.4502, 31.7793
470, 0, 552, 55.4502, 31.8489
471, 0, 552, 55.0352, 31.9201
472, 0, 552, 54.8653, 31.9894
473, 0, 551, 55.6285, 32.0591
474, 0, 550, 56.3917, 32.1296
475, 0, 549, 57.1549, 32.1994
476, 0, 549, 56.7813, 32.2691
477, 0, 549, 56.4078, 32.3386
478, 0, 549, 56.2549, 32.4081
479, 0, 549, 56.1019, 32.4776
480, 0, 548, 57.1019, 32.5471
481, 0, 548, 56.6869, 32.6168
482, 0, 548, 56.517, 32.6868
483, 0, 547, 57.517, 32.7663
484, 0, 547, 57.1019, 32.8362
485, 0, 547, 56.932, 32.9061
486, 0, 546, 57.6952, 32.9761
487, 0, 546, 57.3217, 33.0459
488, 0, 546, 56.9481, 33.1157
489, 0, 546, 56.7952, 33.196
490, 0, 546, 56.6423, 33.2659
491, 0, 545, 56.4101, 33.3358
492, 0, 545, 56.3686, 33.4057
493, 0, 544, 58.0733, 33.4761
494, 0, 543, 59.0733, 33.5463
495, 0, 543, 58.6582, 33.621
496, 0, 543, 58.4883, 33.691
497, 0, 542, 59.2515, 33.7661
498, 0, 542, 59.047, 33.8364
499, 0, 541, 59.8102, 33.9063
500, 0, 540, 60.8102, 33.9763
501, 0, 540, 60.3951, 34.0464
502, 0, 540, 60.2252, 34.1161
503, 0, 539, 59.993, 34.1879
504, 0, 539, 59.9515, 34.2579
505, 0, 538, 61.6562, 34.3282
506, 0, 538, 61.2827, 34.3997
507, 0, 538, 61.5461, 34.4701
508, 0, 538, 61.453, 34.5555
509, 0, 538, 60.816, 34.6267
510, 0, 537, 61.5792, 34.6968
511, 0, 537, 61.2057, 34.7682
512, 0, 537, 60.8322, 34.8385
513, 0, 537, 60.6792, 34.9197
514, 0, 537, 60.5263, 34.9907
515, 0, 536, 61.2895, 35.0611
516, 0, 535, 62.0527, 35.1335
517, 0, 534, 62.4055, 35.2041
518, 0, 534, 61.9205, 35.275
519, 0, 534, 61.547, 35.3473
520, 0, 534, 61.7689, 35.4177
521, 0, 533, 61.5367, 35.488
522, 0, 533, 61.4952, 35.5584
523, 0, 532, 63.1999, 35.6288
524, 0, 532, 62.8264, 35.6989
525, 0, 532, 62.2483, 35.7694
526, 0, 531, 63.0115, 35.8408
527, 0, 531, 62.638, 35.912
528, 0, 531, 62.2644, 35.9831
529, 0, 531, 62.1115, 36.0529
530, 0, 531, 61.9586, 36.1228
531, 0, 531, 61.8748, 36.1959
532, 0, 531, 61.7218, 36.2661
533, 0, 530, 62.485, 36.3363
534, 0, 529, 63.2482, 36.4231
535, 0, 529, 62.8747, 36.4958
536, 0, 529, 62.5012, 36.5909
537, 0, 529, 62.3482, 36.6621
538, 0, 529, 62.1953, 36.7324
539, 0, 528, 62.9585, 36.8026
540, 0, 527, 63.7217, 36.873
541, 0, 526, 64.4849, 36.9432
542, 0, 526, 64.1113, 37.0129
543, 0, 526, 63.7378, 37.0827
544, 0, 526, 63.5849, 37.1527
545, 0, 526, 63.4319, 37.2228
546, 0, 525, 64.1951, 37.2956
547, 0, 524, 65.1951, 37.3657
548, 0, 524, 64.7801, 37.4357
549, 0, 524, 64.6102, 37.5055
550, 0, 523, 65.3734, 37.5769
551, 0, 522, 65.7261, 37.6475
552, 0, 522, 66.0412, 37.7285
553, 0, 521, 66.8044, 37.7996
554, 0, 521, 66.4309, 37.8701
555, 0, 521, 66.0573, 37.9492
556, 0, 521, 65.9044, 38.0266
557, 0, 521, 65.7515, 38.0964
558, 0, 520, 66.5146, 38.1664
559, 0, 520, 66.1411, 38.2438
560, 0, 520, 65.7676, 38.3141
561, 0, 520, 65.6146, 38.4047
562, 0, 520, 65.4617, 38.4759
563, 0, 519, 66.2249, 38.5468
564, 0, 519, 65.8514, 38.6174
565, 0, 519, 65.4778, 38.6877
566, 0, 519, 65.3249, 38.7579
567, 0, 519, 65.172, 38.8279
568, 0, 518, 65.9352, 38.8978
569, 0, 517, 65.703, 38.9683
570, 0, 516, 67.0511, 39.0389
571, 0, 515, 67.8143, 39.109
572, 0, 514, 68.5775, 39.1795
573, 0, 513, 68.9303, 39.25
574, 0, 513, 68.4453, 39.3237
575, 0, 512, 68.7981, 39.396
576, 0, 512, 68.3132, 39.4667
577, 0, 512, 68.1086, 39.5374
578, 0, 512, 67.9041, 39.6078
579, 0, 512, 67.8203, 39.68
580, 0, 511, 68.5835, 39.7537
581, 0, 510, 69.3467, 39.8266
582, 0, 510, 68.9731, 39.9153
583, 0, 510, 68.5996, 39.9881
584, 0, 510, 68.4467, 40.0592
585, 0, 510, 68.2937, 40.1307
586, 0, 509, 69.2937, 40.2017
587, 0, 509, 68.8787, 40.2739
588, 0, 509, 68.7088, 40.3451
589, 0, 508, 69.472, 40.4159
590, 0, 508, 69.0984, 40.487
591, 0, 507, 69.8616, 40.5577
592, 0, 506, 70.6248, 40.6398
593, 0, 505, 71.388, 40.7198
594, 0, 505, 71.0145, 40.7991
595, 0, 505, 70.641, 40.8704
596, 0, 505, 70.488, 40.9413
597, 0, 505, 70.3351, 41.0124
598, 0, 504, 70.1029, 41.0833
599, 0, 503, 71.4511, 41.1548
600, 0, 503, 71.0775, 41.2436
601, 0, 503, 70.5926, 41.3285
602, 0, 503, 70.4396, 41.4117
603, 0, 502, 71.2028, 41.4847
604, 0, 501, 71.966, 41.5618
605, 0, 500, 72.7292, 41.6337
606, 0, 499, 73.082, 41.7055
607, 0, 499, 72.597, 41.7785
608, 0, 499, 72.2235, 41.85
609, 0, 499, 72.019, 41.9219
610, 0, 499, 71.866, 42.0139
611, 0, 498, 72.6292, 42.0881
612, 0, 497, 73.3924, 42.1602
613, 0, 497, 73.0189, 42.2324
614, 0, 497, 72.6454, 42.304
615, 0, 497, 72.4924, 42.3758
616, 0, 497, 72.3395, 42.4504
617, 0, 496, 73.1027, 42.5227
618, 0, 496, 72.7292, 42.5947
619, 0, 496, 72.3556, 42.6666
620, 0, 496, 72.2027, 42.7396
621, 0, 496, 72.0498, 42.8115
622, 0, 496, 71.966, 42.8835
623, 0, 495, 72.7292, 42.97
624, 0, 494, 72.497, 43.0439
625, 0, 494, 72.4555, 43.1309
626, 0, 493, 74.1602, 43.2104
627, 0, 493, 73.7866, 43.2829
628, 0, 493, 73.2086, 43.3551
629, 0, 492, 73.9718, 43.4274
630, 0, 491, 73.7396, 43.5002
631, 0, 490, 75.0877, 43.5732
632, 0, 489, 75.8509, 43.6456
633, 0, 488, 76.6141, 43.7178
634, 0, 487, 76.9669, 43.7901
635, 0, 487, 76.4819, 43.8631
636, 0, 487, 76.1084, 43.9353
637, 0, 487, 75.9039, 44.0075
638, 0, 486, 76.1452, 44.0799
639, 0, 486, 75.9407, 44.152
640, 0, 486, 75.8302, 44.2245
641, 0, 485, 76.5934, 44.2969
642, 0, 485, 76.2198, 44.3787
643, 0, 485, 75.8463, 44.451
644, 0, 484, 76.0876, 44.5398
645, 0, 484, 76.3096, 44.6131
646, 0, 483, 77.0728, 44.6974
647, 0, 482, 77.8359, 44.7705
648, 0, 481, 78.5991, 44.8427
649, 0, 481, 78.2256, 44.9249
650, 0, 481, 77.8521, 44.9976
651, 0, 481, 77.6991, 45.0699
652, 0, 480, 77.9405, 45.1432
653, 0, 479, 77.7083, 45.2156
654, 0, 478, 79.0565, 45.2883
655, 0, 477, 78.8243, 45.3611
656, 0, 476, 80.1724, 45.4354
657, 0, 475, 80.9356, 45.5265
658, 0, 474, 81.6988, 45.6068
659, 0, 473, 82.462, 45.6796
660, 0, 473, 82.0885, 45.756
661, 0, 473, 81.7149, 45.8308
662, 0, 473, 81.562, 45.903
663, 0, 473, 81.4091, 45.9754
664, 0, 472, 82.1723, 46.0476
665, 0, 472, 81.7987, 46.1238
666, 0, 472, 81.6458, 46.1962
667, 0, 472, 81.2723, 46.2684
668, 0, 471, 82.0355, 46.3408
669, 0, 470, 82.2768, 46.4133
670, 0, 470, 82.0134, 46.4858
671, 0, 470, 81.9296, 46.5583
672, 0, 470, 81.7767, 46.6309
673, 0, 470, 81.4031, 46.703
674, 0, 470, 81.3193, 46.7752
675, 0, 469, 82.0825, 46.8639
676, 0, 468, 82.8457, 46.9374
677, 0, 467, 83.6089, 47.0101
678, 0, 466, 83.3767, 47.0831
679, 0, 466, 83.3352, 47.1554
680, 0, 465, 85.0399, 47.2277
681, 0, 464, 85.8031, 47.3003
682, 0, 463, 86.5663, 47.3726
683, 0, 462, 87.3295, 47.4612
684, 0, 461, 88.3295, 47.5347
685, 0, 461, 87.9145, 47.6087
686, 0, 461, 87.7445, 47.6818
687, 0, 460, 88.5077, 47.7544
688, 0, 460, 88.1342, 47.8422
689, 0, 460, 87.7607, 47.9154
690, 0, 460, 87.6077, 47.9884
691, 0, 460, 87.4548, 48.0609
692, 0, 459, 88.218, 48.1339
693, 0, 458, 88.5708, 48.2192
694, 0, 458, 88.0858, 48.2977
695, 0, 458, 87.7123, 48.3727
696, 0, 458, 87.5077, 48.4538
697, 0, 458, 87.3548, 48.5279
698, 0, 457, 88.118, 48.6005
699, 0, 457, 87.7445, 48.6733
700, 0, 457, 87.3709, 48.7458
701, 0, 457, 87.218, 48.8185
702, 0, 457, 87.0651, 48.8912
703, 0, 456, 87.8283, 48.9655
704, 0, 455, 88.5915, 49.038
705, 0, 455, 88.2179, 49.1104
706, 0, 455, 87.8444, 49.1834
707, 0, 455, 87.6915, 49.2561
708, 0, 455, 87.5385, 49.329
709, 0, 454, 88.3017, 49.4018
710, 0, 454, 87.9282, 49.4746
711, 0, 454, 87.5547, 49.5474
712, 0, 454, 87.4017, 49.6208
713, 0, 454, 87.2488, 49.6934
714, 0, 453, 87.0166, 49.7658
715, 0, 453, 86.9751, 49.8475
716, 0, 452, 88.6798, 49.9203
717, 0, 451, 89.443, 49.9933
718, 0, 450, 90.2062, 50.0662
719, 0, 450, 89.8327, 50.1424
720, 0, 450, 89.4591, 50.2153
721, 0, 450, 89.3062, 50.2883
722, 0, 450, 89.1533, 50.3612
723, 0, 450, 89.0695, 50.4339
724, 0, 450, 88.6959, 50.5067
725, 0, 450, 88.3224, 50.5796
726, 0, 449, 89.0856, 50.6525
727, 0, 448, 89.8488, 50.7255
728, 0, 448, 89.4753, 50.8188
729, 0, 448, 89.1017, 50.8926
730, 0, 448, 88.9488, 50.974
731, 0, 448, 88.7959, 51.0483
732, 0, 447, 89.5591, 51.1211
733, 0, 446, 90.3223, 51.194
734, 0, 445, 91.0855, 51.2667
735, 0, 445, 90.7119, 51.3397
736, 0, 444, 91.0647, 51.4133
737, 0, 444, 90.5797, 51.4879
738, 0, 444, 90.4268, 51.5692
739, 0, 444, 90.2223, 51.6431
740, 0, 443, 91.2223, 51.7163
741, 0, 443, 90.8072, 51.7892
742, 0, 443, 90.6373, 51.8624
743, 0, 442, 91.4005, 51.9355
744, 0, 442, 91.027, 52.0087
745, 0, 442, 90.6534, 52.0818
746, 0, 442, 90.5005, 52.1548
747, 0, 442, 90.3476, 52.2279
748, 0, 441, 91.1108, 52.3013
749, 0, 440, 91.874, 52.3759
750, 0, 440, 91.721, 52.4493
751, 0, 440, 91.3475, 52.5227
752, 0, 440, 91.2637, 52.5959
753, 0, 439, 91.505, 52.6693
754, 0, 439, 91.4212, 52.7421
755, 0, 438, 92.1844, 52.817
756, 0, 437, 91.9522, 52.8909
757, 0, 436, 93.3004, 52.9649
758, 0, 436, 92.9269, 53.0393
759, 0, 436, 92.4419, 53.1135
760, 0, 435, 93.2051, 53.187
761, 0, 434, 93.9683, 53.2607
762, 0, 433, 94.7315, 53.3346
763, 0, 433, 94.358, 53.4082
764, 0, 433, 93.9844, 53.482
765, 0, 433, 93.8315, 53.5576
766, 0, 433, 93.6786, 53.6316
767, 0, 432, 94.4418, 53.7054
768, 0, 431, 95.205, 53.7794
769, 0, 430, 95.9682, 53.8629
770, 0, 429, 96.3209, 53.937
771, 0, 429, 95.836, 54.0187
772, 0, 429, 95.4624, 54.0928
773, 0, 429, 95.2579, 54.1669
774, 0, 429, 95.105, 54.2411
775, 0, 428, 96.105, 54.3311
776, 0, 428, 95.6899, 54.4063
777, 0, 428, 95.52, 54.4803
778, 0, 427, 96.2832, 54.5547
779, 0, 427, 95.9097, 54.645
780, 0, 427, 95.5361, 54.72
781, 0, 426, 95.7775, 54.7967
782, 0, 426, 95.5729, 54.8722
783, 0, 426, 95.42, 54.9539
784, 0, 425, 96.1832, 55.0279
785, 0, 425, 95.8097, 55.1019
786, 0, 425, 95.4361, 55.1759
787, 0, 425, 95.2832, 55.2499
788, 0, 425, 95.1303, 55.3239
789, 0, 424, 95.8935, 55.398
790, 0, 423, 96.6567, 55.4721
791, 0, 422, 97.4198, 55.5463
792, 0, 422, 97.0463, 55.6217
793, 0, 422, 96.6728, 55.696
794, 0, 422, 96.5198, 55.7699
795, 0, 422, 96.3669, 55.844
796, 0, 421, 97.1301, 55.9264
797, 0, 421, 96.7566, 56.0185
798, 0, 421, 96.383, 56.0936
799, 0, 421, 96.2301, 56.1677
800, 0, 421, 96.0772, 56.2418
801, 0, 421, 95.9242, 56.3159
802, 0, 420, 96.9242, 56.3908
803, 0, 420, 96.5092, 56.4646
804, 0, 420, 96.3393, 56.5389
805, 0, 419, 97.1025, 56.6301
806, 0, 418, 98.1025, 56.707
807, 0, 418, 97.6874, 56.7817
808, 0, 418, 97.5175, 56.8562
809, 0, 417, 98.2807, 56.9305
810, 0, 416, 99.2807, 57.0049
811, 0, 416, 98.8657, 57.0837
812, 0, 416, 98.6958, 57.1773
813, 0, 415, 99.6958, 57.2521
814, 0, 415, 99.2807, 57.3262
815, 0, 415, 99.1108, 57.4016
816, 0, 414, 99.874, 57.4758
817, 0, 414, 99.5005, 57.5496
818, 0, 414, 99.1269, 57.6238
819, 0, 413, 99.3683, 57.6984
820, 0, 413, 99.5902, 57.7731
821, 0, 412, 100.353, 57.8487
822, 0, 412, 99.9799, 57.9224
823, 0, 412, 99.6063, 57.9977
824, 0, 412, 99.4534, 58.0713
825, 0, 412, 99.3005, 58.1601
826, 0, 411, 100.064, 58.2478
827, 0, 410, 101.064, 58.3226
828, 0, 410, 100.649, 58.3979
829, 0, 410, 100.479, 58.4718
830, 0, 409, 101.242, 58.5458
831, 0, 409, 100.868, 58.6211
832, 0, 409, 100.495, 58.6956
833, 0, 409, 100.342, 58.7694
834, 0, 409, 100.189, 58.8431
835, 0, 409, 100.105, 58.9169
836, 0, 409, 99.8417, 58.9906
837, 0, 408, 100.083, 59.0641
838, 0, 408, 99.8785, 59.138
839, 0, 408, 99.7854, 59.2114
840, 0, 408, 99.9493, 59.2851
841, 0, 408, 99.8655, 59.3678
842, 0, 408, 99.7817, 59.4419
843, 0, 407, 99.9715, 59.5157
844, 0, 407, 99.9184, 59.5896
845, 0, 407, 99.8079, 59.6637
846, 0, 407, 99.7148, 59.7374
847, 0, 407, 99.8779, 59.8115
848, 0, 406, 100.068, 59.8849
849, 0, 406, 99.9571, 59.959
850, 0, 406, 99.864, 60.0328
851, 0, 406, 99.7802, 60.1064
852, 0, 406, 99.6291, 60.1804
853, 0, 406, 99.536, 60.2542
854, 0, 406, 99.4428, 60.3282
855, 0, 406, 99.359, 60.4024
856, 0, 406, 99.3001, 60.4785
857, 0, 406, 99.2328, 60.5524
858, 0, 406, 99.149, 60.6264
859, 0, 406, 99.0652, 60.7005
860, 0, 406, 98.9814, 60.7746
861, 0, 406, 98.6079, 60.8485
862, 0, 406, 98.4549, 60.9225
863, 0, 406, 98.302, 60.9962
864, 0, 406, 97.817, 61.0699
865, 0, 406, 97.7333, 61.1438
866, 0, 405, 97.923, 61.2179
867, 0, 405, 97.8392, 61.2921
868, 0, 405, 97.7554, 61.3659
869, 0, 405, 97.7024, 61.4399
870, 0, 405, 97.6186, 61.5139
871, 0, 404, 97.3864, 61.5947
872, 0, 403, 98.7346, 61.6687
873, 0, 402, 99.4978, 61.7435
874, 0, 401, 99.8505, 61.8179
875, 0, 401, 99.3656, 61.9228
876, 0, 400, 100.366, 61.9992
877, 0, 400, 99.9505, 62.0734
878, 0, 400, 99.7806, 62.161
879, 0, 400, 99.6968, 62.2354
880, 0, 399, 100.46, 62.3097
881, 0, 398, 101.223, 62.3838
882, 0, 398, 100.85, 62.4578
883, 0, 398, 100.476, 62.5316
884, 0, 398, 100.323, 62.6057
885, 0, 398, 100.17, 62.6799
886, 0, 397, 101.17, 62.7538
887, 0, 397, 100.755, 62.8277
888, 0, 397, 100.585, 62.9032
889, 0, 397, 100.501, 62.977
890, 0, 396, 101.265, 63.0512
891, 0, 395, 102.028, 63.1257
892, 0, 395, 101.654, 63.2159
893, 0, 394, 102.418, 63.2908
894, 0, 393, 103.181, 63.3656
895, 0, 393, 102.807, 63.4401
896, 0, 393, 102.434, 63.5144
897, 0, 393, 102.281, 63.5887
898, 0, 393, 102.128, 63.6627
899, 0, 393, 102.044, 63.7368
900, 0, 393, 101.96, 63.8109
901, 0, 392, 102.723, 63.8871
902, 0, 392, 102.35, 63.9615
903, 0, 392, 101.976, 64.0357
904, 0, 392, 101.823, 64.1099
905, 0, 392, 101.67, 64.184
906, 0, 391, 102.67, 64.2582
907, 0, 391, 102.255, 64.3325
908, 0, 391, 102.086, 64.4066
909, 0, 390, 102.275, 64.4834
910, 0, 390, 102.182, 64.5595
911, 0, 390, 101.604, 64.6338
912, 0, 390, 101.231, 64.7097
913, 0, 390, 100.967, 64.7841
914, 0, 389, 101.73, 64.8736
915, 0, 388, 102.494, 64.9561
916, 0, 388, 102.12, 65.0307
917, 0, 388, 101.746, 65.1052
918, 0, 388, 101.594, 65.1811
919, 0, 388, 101.441, 65.2555
920, 0, 387, 102.441, 65.3297
921, 0, 387, 102.026, 65.404
922, 0, 387, 101.856, 65.4786
923, 0, 387, 101.772, 65.5549
924, 0, 386, 102.535, 65.6293
925, 0, 385, 103.298, 65.7038
926, 0, 385, 102.925, 65.7944
927, 0, 384, 103.688, 65.8697
928, 0, 383, 104.688, 65.9441
929, 0, 383, 104.273, 66.0187
930, 0, 383, 104.103, 66.0935
931, 0, 382, 103.871, 66.168
932, 0, 382, 103.829, 66.2427
933, 0, 381, 105.534, 66.319
934, 0, 381, 105.16, 66.3939
935, 0, 381, 105.424, 66.4685
936, 0, 381, 104.939, 66.5435
937, 0, 381, 104.454, 66.6179
938, 0, 381, 104.361, 66.6922
939, 0, 381, 103.724, 66.7669
940, 0, 380, 103.492, 66.8415
941, 0, 379, 104.84, 66.9165
942, 0, 378, 104.608, 66.9909
943, 0, 377, 105.956, 67.0657
944, 0, 377, 105.582, 67.1403
945, 0, 377, 105.097, 67.2147
946, 0, 377, 104.944, 67.2888
947, 0, 377, 104.74, 67.3631
948, 0, 376, 105.503, 67.4389
949, 0, 376, 105.129, 67.5159
950, 0, 375, 105.482, 67.5904
951, 0, 375, 104.997, 67.6653
952, 0, 375, 104.844, 67.7401
953, 0, 375, 104.64, 67.815
954, 0, 374, 105.64, 67.8925
955, 0, 374, 105.225, 67.9682
956, 0, 374, 105.055, 68.0428
957, 0, 374, 104.962, 68.1348
958, 0, 374, 104.851, 68.2329
959, 0, 373, 105.614, 68.3081
960, 1, 372, 106.614, 68.3827
961, 2, 372, 106.199, 68.4573
962, 3, 372, 106.029, 68.5318
963, 4, 371, 107.029, 68.6061
964, 5, 371, 106.614, 68.6801
965, 6, 371, 106.444, 68.7703
966, 7, 371, 106.351, 68.8455
967, 8, 371, 106.258, 68.9201
968, 8, 371, 106.174, 68.9947
969, 8, 370, 106.938, 69.0689
970, 8, 370, 106.785, 69.1447
971, 8, 369, 107.548, 69.219
972, 8, 369, 107.174, 69.2944
973, 8, 369, 106.801, 69.3692
974, 8, 369, 106.648, 69.4434
975, 8, 369, 106.495, 69.5176
976, 8, 369, 106.29, 69.5918
977, 8, 369, 106.207, 69.6664
978, 8, 369, 106.123, 69.7407
979, 8, 369, 105.638, 69.8151
980, 8, 369, 105.901, 69.9066
981, 8, 369, 105.818, 69.9818
982, 8, 369, 105.734, 70.0561
983, 8, 369, 105.581, 70.1343
984, 8, 368, 105.822, 70.2087
985, 8, 368, 105.738, 70.2833
986, 8, 368, 105.534, 70.358
987, 8, 367, 105.724, 70.4324
988, 8, 367, 105.945, 70.5069
989, 8, 367, 105.741, 70.5816
990, 8, 367, 105.63, 70.6649
991, 8, 367, 105.547, 70.7396
992, 8, 367, 105.463, 70.814
993, 8, 367, 105.379, 70.8885
994, 8, 367, 105.295, 70.9628
995, 8, 367, 105.458, 71.0375
996, 8, 367, 105.374, 71.1118
997, 8, 367, 105.596, 71.1864
998, 8, 367, 105.512, 71.2603
999, 8, 367, 105.459, 71.3346
1000, 8, 367, 105.255, 71.4104
1001, 8, 367, 104.881, 71.485
1002, 8, 367, 104.797, 71.5679
1003, 8, 367, 104.714, 71.6428
1004, 8, 367, 104.63, 71.7351
1005, 8, 367, 104.577, 71.8103
1006, 8, 366, 105.34, 71.8879
1007, 8, 365, 106.103, 71.9629
1008, 8, 365, 105.73, 72.0378
1009, 8, 365, 105.356, 72.1126
1010, 8, 364, 105.597, 72.1882
1011, 8, 364, 105.393, 72.2628
1012, 8, 364, 105.24, 72.3377
1013, 8, 363, 106.003, 72.4124
1014, 8, 362, 106.766, 72.4872
1015, 8, 362, 106.393, 72.568
1016, 8, 362, 106.019, 72.643
1017, 8, 361, 106.261, 72.7178
1018, 8, 361, 106.056, 72.793
1019, 8, 361, 105.903, 72.8679
1020, 8, 360, 105.671, 72.9428
1021, 8, 359, 107.019, 73.0177
1022, 8, 359, 107.334, 73.0958
1023, 8, 359, 106.849, 73.1711
1024, 8, 358, 107.849, 73.2461
1025, 8, 358, 107.434, 73.3247
1026, 8, 358, 107.264, 73.4001
1027, 8, 358, 107.154, 73.4753
1028, 8, 357, 107.917, 73.5502
1029, 8, 357, 107.543, 73.6328
1030, 8, 357, 107.17, 73.7085
1031, 8, 357, 107.017, 73.7833
1032, 8, 357, 106.864, 73.8581
1033, 8, 357, 106.379, 73.933
1034, 8, 357, 106.295, 74.0077
1035, 8, 356, 107.058, 74.0984
1036, 8, 355, 108.058, 74.1744
1037, 8, 355, 107.643, 74.2492
1038, 8, 355, 107.473, 74.3256
1039, 8, 354, 108.237, 74.4009
1040, 8, 354, 107.863, 74.4758
1041, 8, 354, 107.49, 74.5506
1042, 8, 354, 107.337, 74.6286
1043, 8, 354, 107.184, 74.7033
1044, 8, 354, 107.1, 74.7781
1045, 8, 353, 108.1, 74.8528
1046, 8, 353, 107.685, 74.9379
1047, 8, 353, 107.515, 75.0129
1048, 8, 353, 107.422, 75.0878
1049, 8, 353, 107.329, 75.1627
1050, 8, 353, 107.245, 75.2375
1051, 8, 353, 106.76, 75.3124
1052, 8, 353, 106.982, 75.3877
1053, 8, 353, 106.929, 75.4626
1054, 8, 353, 106.836, 75.5374
1055, 8, 353, 106.752, 75.6124
1056, 8, 352, 106.942, 75.6874
1057, 8, 352, 106.364, 75.7625
1058, 8, 352, 106.159, 75.8374
1059, 8, 352, 106.075, 75.9131
1060, 8, 352, 105.982, 75.9877
1061, 8, 352, 105.404, 76.0627
1062, 8, 351, 106.404, 76.1371
1063, 8, 351, 105.989, 76.2121
1064, 8, 351, 105.819, 76.2866
1065, 8, 351, 105.726, 76.3615
1066, 8, 351, 105.522, 76.4366
1067, 8, 351, 105.258, 76.5294
1068, 8, 351, 105.174, 76.6055
1069, 8, 351, 105.064, 76.6809
1070, 8, 351, 104.98, 76.7562
1071, 8, 351, 104.927, 76.8311
1072, 8, 351, 104.868, 76.9058
1073, 8, 351, 104.809, 76.993
1074, 8, 351, 104.756, 77.0689
1075, 8, 351, 104.663, 77.1466
1076, 8, 351, 104.596, 77.2217
1077, 8, 350, 104.785, 77.2965
1078, 8, 350, 104.727, 77.3714
1079, 8, 350, 104.674, 77.4463
1080, 8, 350, 104.615, 77.5213
1081, 8, 350, 104.41, 77.5962
1082, 8, 350, 104.147, 77.6712
1083, 8, 349, 104.336, 77.748
1084, 8, 349, 104.283, 77.823
1085, 8, 349, 104.079, 77.9064
1086, 8, 349, 103.968, 77.9817
1087, 8, 349, 103.858, 78.0566
1088, 8, 349, 103.805, 78.1315
1089, 8, 348, 103.995, 78.208
1090, 8, 348, 103.902, 78.2925
1091, 8, 348, 103.818, 78.3674
1092, 8, 348, 103.734, 78.444
1093, 8, 348, 103.65, 78.519
1094, 8, 348, 103.54, 78.5941
1095, 8, 348, 103.456, 78.6686
1096, 8, 347, 103.646, 78.7437
1097, 8, 347, 103.562, 78.8187
1098, 8, 347, 103.478, 78.8942
1099, 8, 347, 103.394, 78.9715
1100, 8, 347, 103.297, 79.0469
1101, 8, 347, 103.144, 79.1215
1102, 8, 347, 103.06, 79.1963
1103, 8, 347, 102.575, 79.2713
1104, 8, 347, 102.422, 79.3459
1105, 8, 347, 102.339, 79.4209
1106, 8, 347, 102.186, 79.4959
1107, 8, 347, 102.075, 79.571
1108, 8, 347, 101.991, 79.6462
1109, 8, 347, 102.213, 79.721
1110, 8, 347, 102.13, 79.7976
1111, 8, 347, 101.866, 79.873
1112, 8, 347, 101.756, 79.9495
1113, 8, 347, 101.919, 80.0243
1114, 8, 347, 101.882, 80.0993
1115, 8, 347, 101.815, 80.1747
1116, 8, 347, 101.762, 80.2495
1117, 8, 347, 101.609, 80.3243
1118, 8, 347, 101.345, 80.399
1119, 8, 347, 101.192, 80.4738
1120, 8, 347, 101.109, 80.5487
1121, 8, 347, 100.735, 80.6234
1122, 8, 346, 101.498, 80.6981
1123, 8, 345, 102.262, 80.7741
1124, 8, 345, 101.888, 80.8492
1125, 8, 345, 101.514, 80.924
1126, 8, 344, 101.756, 80.9991
1127, 8, 344, 101.551, 81.0741
1128, 8, 343, 101.793, 81.1492
1129, 8, 342, 102.556, 81.2244
1130, 8, 342, 102.182, 81.299
1131, 8, 342, 101.809, 81.3739
1132, 8, 342, 101.656, 81.4491
1133, 8, 342, 101.503, 81.5416
1134, 8, 341, 102.266, 81.6243
1135, 8, 340, 103.266, 81.6995
1136, 8, 340, 102.851, 81.7746
1137, 8, 340, 102.681, 81.8514
1138, 8, 340, 102.418, 81.9271
1139, 8, 339, 103.181, 82.0029
1140, 8, 338, 103.534, 82.0786
1141, 8, 338, 103.049, 82.1541
1142, 8, 338, 102.675, 82.2295
1143, 8, 338, 102.471, 82.3147
1144, 8, 337, 102.712, 82.3909
1145, 8, 336, 103.712, 82.4664
1146, 8, 336, 103.297, 82.5465
1147, 8, 336, 103.127, 82.6221
1148, 8, 336, 102.922, 82.6977
1149, 8, 336, 102.718, 82.7732
1150, 8, 336, 102.344, 82.8489
1151, 8, 336, 102.251, 82.9244
1152, 8, 336, 102.098, 82.9998
1153, 8, 335, 102.288, 83.0756
1154, 8, 335, 102.204, 83.1545
1155, 8, 335, 102, 83.2304
1156, 8, 335, 101.916, 83.3058
1157, 8, 335, 101.763, 83.3815
1158, 8, 335, 101.679, 83.4592
1159, 8, 335, 101.595, 83.535
1160, 8, 335, 101.512, 83.6107
1161, 8, 335, 101.428, 83.6869
1162, 8, 335, 101.124, 83.7627
1163, 8, 335, 101.04, 83.8384
1164, 8, 335, 100.956, 83.914
1165, 8, 335, 100.863, 83.9896
1166, 8, 335, 100.77, 84.0654
1167, 8, 334, 100.96, 84.1412
1168, 8, 334, 100.901, 84.2167
1169, 8, 334, 100.842, 84.2922
1170, 8, 334, 100.731, 84.3678
1171, 8, 334, 100.638, 84.4435
1172, 8, 334, 100.902, 84.5192
1173, 8, 334, 100.791, 84.6128
1174, 8, 334, 100.707, 84.6898
1175, 8, 334, 100.624, 84.7661
1176, 8, 334, 100.53, 84.844
1177, 8, 334, 100.447, 84.9299
1178, 8, 334, 100.363, 85.006
1179, 8, 334, 100.279, 85.0816
1180, 8, 334, 100.169, 85.1577
1181, 8, 334, 100.085, 85.2334
1182, 8, 333, 100.438, 85.3092
1183, 8, 333, 99.9526, 85.3847
1184, 8, 333, 99.4676, 85.461
1185, 8, 333, 99.3838, 85.5366
1186, 8, 333, 99.3308, 85.6122
1187, 8, 333, 99.247, 85.6907
1188, 8, 333, 98.6689, 85.7667
1189, 8, 333, 98.6159, 85.8428
1190, 8, 333, 98.5486, 85.9189
1191, 8, 333, 97.9116, 85.9947
1192, 8, 333, 97.8185, 86.0812
1193, 8, 333, 97.7347, 86.1572
1194, 8, 332, 97.9244, 86.2329
1195, 8, 332, 97.8313, 86.3087
1196, 8, 331, 98.0211, 86.3847
1197, 8, 331, 97.9373, 86.4605
1198, 8, 331, 97.8535, 86.5437
1199, 8, 330, 98.6167, 86.6199
1200, 8, 329, 99.3799, 86.6962
1201, 8, 329, 99.0063, 86.7721
1202, 8, 329, 98.6328, 86.848
1203, 8, 329, 98.4799, 86.924
1204, 8, 328, 98.7212, 87
1205, 8, 327, 99.4844, 87.0761
1206, 8, 326, 100.248, 87.1706
1207, 8, 326, 99.8741, 87.2476
1208, 8, 326, 99.5005, 87.3239
1209, 8, 326, 99.3476, 87.4005
1210, 8, 326, 99.1947, 87.4811
1211, 8, 325, 99.9579, 87.5655
1212, 8, 324, 100.721, 87.6424
1213, 8, 323, 101.721, 87.7192
1214, 8, 323, 101.306, 87.7959
1215, 8, 323, 101.136, 87.8719
1216, 8, 322, 101.899, 87.9508
1217, 8, 321, 102.252, 88.0292
1218, 8, 321, 101.767, 88.1057
1219, 8, 321, 101.394, 88.1831
1220, 8, 321, 101.189, 88.2679
1221, 8, 321, 101.036, 88.3472
1222, 8, 320, 101.799, 88.4248
1223, 8, 319, 101.567, 88.5031
1224, 8, 318, 102.915, 88.5793
1225, 8, 318, 102.542, 88.6553
1226, 8, 318, 102.057, 88.7312
1227, 8, 317, 102.82, 88.8073
1228, 8, 316, 103.583, 88.8848
1229, 8, 315, 104.583, 88.964
1230, 8, 315, 104.168, 89.0403
1231, 8, 315, 103.998, 89.1167
1232, 8, 314, 103.766, 89.1928
1233, 8, 313, 105.114, 89.2695
1234, 8, 313, 104.741, 89.3457
1235, 8, 313, 104.256, 89.4239
1236, 8, 312, 105.019, 89.5172
1237, 8, 311, 105.782, 89.5947
1238, 8, 311, 105.409, 89.6714
1239, 8, 311, 105.035, 89.7477
1240, 8, 311, 104.882, 89.8245
1241, 8, 311, 104.729, 89.9006
1242, 8, 310, 105.492, 89.977
1243, 8, 309, 106.256, 90.0534
1244, 8, 308, 107.256, 90.1299
1245, 8, 308, 106.84, 90.2062
1246, 8, 308, 106.671, 90.2822
1247, 8, 307, 106.438, 90.3585
1248, 8, 306, 107.787, 90.4365
1249, 8, 306, 107.413, 90.5132
1250, 8, 306, 106.928, 90.5893
1251, 8, 305, 107.691, 90.6686
1252, 9, 304, 108.691, 90.7451
1253, 10, 304, 108.276, 90.8233
1254, 11, 304, 108.106, 90.9008
1255, 11, 303, 108.869, 90.9771
1256, 11, 302, 109.633, 91.0538
1257, 11, 302, 109.259, 91.1309
1258, 11, 302, 108.886, 91.2073
1259, 11, 302, 108.733, 91.2839
1260, 11, 302, 108.58, 91.3606
1261, 11, 301, 109.343, 91.437
1262, 11, 300, 110.106, 91.5137
1263, 11, 299, 110.869, 91.6
1264, 11, 298, 111.869, 91.677
1265, 11, 298, 111.454, 91.7536
1266, 11, 298, 111.284, 91.8327
1267, 11, 297, 112.048, 91.918
1268, 11, 297, 111.674, 91.9965
1269, 11, 297, 111.3, 92.0733
1270, 11, 297, 111.148, 92.1502
1271, 11, 296, 111.389, 92.2271
1272, 11, 295, 112.389, 92.3036
1273, 11, 295, 111.974, 92.3802
1274, 11, 295, 111.804, 92.4568
1275, 11, 294, 112.567, 92.5361
1276, 11, 293, 113.33, 92.6136
1277, 11, 293, 112.957, 92.7017
1278, 11, 293, 112.583, 92.783
1279, 11, 293, 112.43, 92.8601
1280, 11, 293, 112.277, 92.9371
1281, 11, 293, 112.073, 93.014
1282, 11, 292, 111.841, 93.0907
1283, 11, 292, 111.799, 93.1675
1284, 11, 292, 111.782, 93.2439
1285, 11, 291, 112.782, 93.3208
1286, 11, 291, 112.367, 93.3996
1287, 11, 291, 112.197, 93.4762
1288, 11, 290, 112.96, 93.5533
1289, 11, 290, 112.587, 93.6302
1290, 11, 289, 112.94, 93.7075
1291, 11, 289, 112.455, 93.7844
1292, 11, 289, 112.081, 93.865
1293, 11, 288, 112.434, 93.9429
1294, 11, 288, 111.949, 94.0204
1295, 11, 288, 111.796, 94.1144
1296, 11, 288, 111.591, 94.193
1297, 11, 288, 111.439, 94.2707
1298, 11, 288, 111.234, 94.3482
1299, 11, 287, 111.997, 94.4254
1300, 11, 287, 111.913, 94.5105
1301, 11, 287, 111.83, 94.5881
1302, 11, 286, 112.593, 94.6671
1303, 11, 285, 113.356, 94.7475
1304, 11, 284, 113.709, 94.8254
1305, 11, 284, 113.224, 94.9122
1306, 11, 284, 112.85, 95.009
1307, 11, 284, 112.646, 95.0877
1308, 11, 284, 112.493, 95.1656
1309, 11, 284, 112.4, 95.2431
1310, 11, 284, 112.289, 95.3207
1311, 11, 283, 113.052, 95.3983
1312, 11, 282, 113.816, 95.4762
1313, 11, 282, 113.442, 95.5536
1314, 11, 282, 113.069, 95.6311
1315, 11, 282, 112.916, 95.7112
1316, 11, 282, 112.763, 95.7887
1317, 11, 282, 112.679, 95.8665
1318, 11, 281, 113.442, 95.9441
1319, 11, 280, 114.205, 96.0215
1320, 11, 280, 113.832, 96.0992
1321, 11, 279, 114.185, 96.1768
1322, 11, 279, 113.7, 96.2549
1323, 11, 279, 113.547, 96.3325
1324, 11, 279, 113.342, 96.41
1325, 11, 279, 113.249, 96.4876
1326, 11, 279, 113.165, 96.5656
1327, 11, 278, 114.165, 96.6434
1328, 11, 278, 113.75, 96.7214
1329, 11, 278, 113.58, 96.7991
1330, 11, 278, 113.496, 96.878
1331, 11, 278, 113.123, 96.9556
1332, 11, 278, 112.749, 97.0334
1333, 11, 278, 112.376, 97.128
1334, 11, 277, 112.729, 97.2079
1335, 11, 277, 112.244, 97.2858
1336, 11, 276, 114.229, 97.3636
1337, 11, 275, 114.992, 97.4414
1338, 11, 274, 115.755, 97.5197
1339, 11, 274, 115.382, 97.5976
1340, 11, 273, 115.734, 97.6757
1341, 11, 273, 115.249, 97.7538
1342, 11, 273, 115.096, 97.8345
1343, 11, 273, 114.892, 97.9427
1344, 11, 272, 115.892, 98.0218
1345, 11, 272, 115.477, 98.0993
1346, 11, 272, 115.307, 98.1767
1347, 11, 271, 116.07, 98.2612
1348, 11, 270, 116.833, 98.3389
1349, 11, 269, 117.597, 98.4167
1350, 11, 268, 118.36, 98.4953
1351, 11, 268, 117.986, 98.5751
1352, 11, 268, 117.613, 98.6528
1353, 11, 268, 117.46, 98.7411
1354, 11, 268, 117.307, 98.8202
1355, 11, 267, 118.07, 98.9172
1356, 11, 267, 117.696, 98.9956
1357, 11, 267, 117.323, 99.0734
1358, 11, 267, 117.17, 99.1553
1359, 11, 267, 117.017, 99.2332
1360, 11, 267, 116.907, 99.3111
1361, 11, 267, 116.533, 99.3886
1362, 11, 267, 116.655, 99.466
1363, 12, 267, 116.562, 99.5436
1364, 12, 267, 116.479, 99.621
1365, 12, 266, 117.479, 99.6988
1366, 12, 266, 117.063, 99.7777
1367, 12, 266, 116.894, 99.8553
1368, 12, 265, 117.657, 99.9334
1369, 12, 264, 118.657, 100.011
1370, 12, 264, 118.242, 100.089
1371, 12, 264, 118.072, 100.166
1372, 12, 263, 119.072, 100.243
1373, 12, 263, 118.657, 100.321
1374, 12, 263, 118.487, 100.402
1375, 12, 262, 118.255, 100.488
1376, 12, 262, 118.213, 100.565
1377, 12, 262, 118.196, 100.644
1378, 12, 262, 118.103, 100.722
1379, 12, 262, 118.01, 100.8
1380, 12, 262, 118.001, 100.878
1381, 12, 262, 117.89, 100.956
1382, 12, 262, 117.797, 101.033
1383, 12, 261, 118.038, 101.111
1384, 12, 261, 117.955, 101.188
1385, 12, 261, 117.896, 101.266
1386, 12, 261, 117.837, 101.343
1387, 12, 260, 120.053, 101.446
1388, 12, 260, 119.679, 101.525
1389, 12, 260, 119.002, 101.61
1390, 12, 259, 118.769, 101.689
1391, 12, 259, 118.728, 101.767
1392, 12, 258, 120.433, 101.845
1393, 12, 257, 121.433, 101.922
1394, 12, 257, 121.018, 102.001
1395, 12, 257, 120.848, 102.079
1396, 12, 256, 121.611, 102.158
1397, 12, 256, 121.518, 102.237
1398, 12, 256, 120.94, 102.317
1399, 12, 256, 120.566, 102.403
1400, 12, 256, 120.303, 102.481
1401, 12, 255, 120.07, 102.559
1402, 12, 254, 121.419, 102.637
1403, 12, 253, 122.182, 102.714
1404, 12, 252, 122.945, 102.792
1405, 12, 252, 122.572, 102.87
1406, 12, 252, 122.198, 102.947
1407, 12, 252, 122.045, 103.025
1408, 12, 252, 121.892, 103.102
1409, 12, 251, 122.892, 103.18
1410, 12, 251, 122.477, 103.258
1411, 12, 251, 122.307, 103.336
1412, 12, 250, 123.07, 103.413
1413, 12, 250, 122.585, 103.491
1414, 12, 250, 122.212, 103.568
1415, 12, 250, 122.007, 103.646
1416, 12, 249, 122.771, 103.724
1417, 12, 248, 123.534, 103.801
1418, 12, 247, 124.297, 103.879
1419, 12, 247, 123.923, 103.956
1420, 12, 247, 123.55, 104.034
1421, 12, 247, 123.397, 104.111
1422, 12, 247, 123.244, 104.189
1423, 12, 246, 124.244, 104.266
1424, 12, 246, 123.829, 104.344
1425, 12, 246, 123.659, 104.421
1426, 12, 245, 124.422, 104.499
1427, 12, 245, 124.049, 104.577
1428, 12, 245, 123.675, 104.654
1429, 12, 245, 123.522, 104.731
1430, 12, 245, 123.369, 104.808
1431, 12, 245, 123.285, 104.912
1432, 12, 244, 124.049, 104.992
1433, 12, 243, 124.812, 105.07
1434, 12, 243, 124.438, 105.15
1435, 12, 243, 124.065, 105.23
1436, 12, 243, 123.912, 105.308
1437, 12, 243, 123.759, 105.386
1438, 12, 242, 124.522, 105.464
1439, 12, 241, 125.285, 105.541
1440, 12, 241, 124.912, 105.619
1441, 12, 241, 124.538, 105.698
1442, 12, 241, 124.385, 105.776
1443, 12, 241, 124.232, 105.853
1444, 12, 241, 124.149, 105.943
1445, 12, 241, 124.065, 106.021
1446, 12, 241, 123.972, 106.099
1447, 12, 241, 123.888, 106.176
1448, 12, 241, 123.804, 106.254
1449, 12, 240, 124.567, 106.332
1450, 12, 240, 124.414, 106.409
1451, 12, 240, 124.041, 106.487
1452, 12, 239, 124.231, 106.564
1453, 12, 238, 124.994, 106.642
1454, 12, 238, 124.841, 106.72
1455, 12, 238, 124.467, 106.797
1456, 12, 238, 124.384, 106.875
1457, 12, 238, 124.231, 106.953
1458, 12, 238, 124.147, 107.031
1459, 12, 237, 125.147, 107.109
1460, 12, 237, 124.732, 107.187
1461, 12, 237, 124.562, 107.264
1462, 12, 237, 124.469, 107.342
1463, 12, 237, 124.385, 107.419
1464, 12, 236, 125.385, 107.501
1465, 12, 236, 124.97, 107.579
1466, 12, 236, 124.8, 107.657
1467, 12, 236, 124.595, 107.735
1468, 12, 236, 124.542, 107.813
1469, 12, 236, 124.459, 107.891
1470, 12, 236, 124.375, 107.968
1471, 12, 235, 125.375, 108.046
1472, 12, 235, 124.96, 108.129
1473, 12, 235, 124.79, 108.206
1474, 12, 235, 124.706, 108.295
1475, 12, 235, 124.653, 108.372
1476, 12, 235, 124.56, 108.45
1477, 12, 235, 124.449, 108.528
1478, 12, 235, 124.356, 108.605
1479, 12, 235, 124.273, 108.683
1480, 12, 235, 124.189, 108.761
1481, 12, 235, 124.078, 108.839
1482, 12, 235, 123.994, 108.917
1483, 12, 235, 123.911, 109.012
1484, 12, 235, 123.827, 109.091
1485, 12, 235, 123.774, 109.168
1486, 12, 235, 123.69, 109.248
1487, 12, 235, 123.606, 109.326
1488, 12, 234, 123.796, 109.404
1489, 12, 233, 123.986, 109.482
1490, 12, 233, 124.149, 109.56
1491, 12, 233, 124.038, 109.638
1492, 12, 233, 123.985, 109.716
1493, 12, 233, 123.901, 109.81
1494, 12, 232, 124.064, 109.889
1495, 12, 232, 123.981, 109.967
1496, 12, 232, 123.897, 110.045
1497, 12, 232, 123.813, 110.123
1498, 12, 232, 123.76, 110.201
1499, 12, 232, 123.723, 110.283
1500, 12, 232, 123.67, 110.362
1501, 12, 231, 123.912, 110.442
1502, 12, 231, 123.801, 110.521
1503, 12, 231, 123.648, 110.599
1504, 12, 230, 124.412, 110.687
1505, 12, 229, 124.653, 110.766
1506, 12, 229, 124.5, 110.844
1507, 12, 229, 124.663, 110.933
1508, 12, 229, 124.596, 111.026
1509, 12, 229, 124.512, 111.107
1510, 12, 228, 124.702, 111.194
1511, 12, 228, 124.618, 111.273
1512, 12, 228, 124.534, 111.351
1513, 12, 228, 124.481, 111.431
1514, 12, 228, 124.276, 111.539
1515, 12, 228, 124.183, 111.63
1516, 12, 228, 123.979, 111.708
1517, 12, 228, 123.895, 111.801
1518, 12, 228, 123.522, 111.882
1519, 12, 228, 123.468, 111.96
1520, 12, 228, 123.316, 112.038
1521, 12, 228, 123.111, 112.117
1522, 12, 228, 123.027, 112.195
1523, 12, 228, 122.93, 112.273
1524, 12, 228, 122.846, 112.351
1525, 12, 228, 122.753, 112.429
1526, 12, 228, 122.116, 112.508
1527, 12, 228, 121.912, 112.586
1528, 12, 228, 121.859, 112.665
1529, 12, 228, 121.706, 112.765
1530, 12, 228, 121.372, 112.844
1531, 12, 228, 121.288, 112.922
1532, 13, 228, 121.229, 113.001
1533, 13, 228, 121.193, 113.08
1534, 13, 228, 121.042, 113.158
1535, 13, 228, 120.931, 113.236
1536, 13, 228, 120.847, 113.314
1537, 13, 228, 120.754, 113.392
1538, 13, 228, 120.661, 113.47
1539, 13, 227, 120.851, 113.548
1540, 13, 227, 120.792, 113.625
1541, 13, 227, 120.733, 113.703
1542, 13, 227, 120.68, 113.782
1543, 13, 227, 120.627, 113.861
1544, 13, 227, 120.59, 113.946
1545, 13, 227, 120.507, 114.025
1546, 13, 227, 120.302, 114.104
1547, 13, 227, 120.098, 114.183
1548, 13, 226, 120.246, 114.264
1549, 13, 226, 120.187, 114.349
1550, 13, 226, 120.12, 114.428
1551, 13, 226, 120.009, 114.507
1552, 13, 226, 119.926, 114.585
1553, 13, 225, 120.115, 114.672
1554, 13, 225, 120.071, 114.752
1555, 13, 225, 120.035, 114.83
1556, 13, 225, 119.882, 114.919
1557, 13, 225, 119.798, 114.999
1558, 13, 225, 119.647, 115.078
1559, 13, 225, 119.594, 115.157
1560, 13, 225, 119.541, 115.236
1561, 13, 225, 119.488, 115.315
1562, 13, 225, 119.337, 115.393
1563, 13, 225, 119.132, 115.472
1564, 13, 225, 118.928, 115.55
1565, 13, 225, 118.844, 115.629
1566, 13, 225, 118.58, 115.708
1567, 13, 225, 118.376, 115.786
1568, 13, 225, 118.292, 115.865
1569, 13, 224, 118.482, 115.945
1570, 13, 224, 118.663, 116.024
1571, 13, 224, 118.458, 116.103
1572, 13, 224, 118.365, 116.182
1573, 13, 224, 118.281, 116.261
1574, 13, 224, 118.197, 116.34
1575, 13, 223, 118.961, 116.419
1576, 13, 222, 119.724, 116.498
1577, 13, 222, 119.35, 116.577
1578, 13, 222, 118.977, 116.657
1579, 13, 222, 118.824, 116.736
1580, 13, 222, 118.671, 116.815
1581, 13, 222, 118.587, 116.894
1582, 13, 222, 118.503, 116.975
1583, 13, 221, 119.267, 117.055
1584, 13, 221, 119.214, 117.134
1585, 13, 221, 118.84, 117.213
1586, 13, 220, 119.603, 117.293
1587, 13, 219, 120.366, 117.372
1588, 13, 218, 121.13, 117.451
1589, 13, 218, 120.756, 117.53
1590, 13, 218, 120.383, 117.609
1591, 13, 218, 120.23, 117.688
1592, 13, 218, 120.077, 117.767
1593, 13, 218, 119.993, 117.847
1594, 13, 217, 120.993, 117.927
1595, 13, 217, 120.578, 118.007
1596, 13, 217, 120.408, 118.087
1597, 13, 217, 120.315, 118.166
1598, 13, 217, 120.222, 118.255
1599, 13, 217, 120.138, 118.366
1600, 13, 217, 119.764, 118.447
1601, 13, 217, 119.728, 118.526
1602, 13, 217, 119.575, 118.608
1603, 13, 217, 119.201, 118.688
1604, 13, 217, 119.118, 118.768
1605, 13, 217, 119.024, 118.85
1606, 13, 217, 118.871, 118.93
1607, 13, 217, 118.778, 119.01
1608, 13, 217, 118.695, 119.09
1609, 14, 217, 118.636, 119.171
1610, 15, 217, 118.577, 119.251
1611, 15, 217, 118.55, 119.331
1612, 15, 217, 118.497, 119.413
1613, 15, 217, 118.444, 119.493
1614, 15, 216, 119.444, 119.572
1615, 15, 216, 119.029, 119.652
1616, 15, 216, 118.859, 119.732
1617, 15, 216, 118.775, 119.811
1618, 15, 216, 118.739, 119.891
1619, 15, 216, 118.586, 119.972
1620, 15, 216, 118.533, 120.053
1621, 15, 216, 118.48, 120.134
1622, 15, 216, 118.369, 120.214
1623, 15, 216, 118.285, 120.294
1624, 15, 216, 118.202, 120.373
1625, 15, 216, 118.149, 120.452
1626, 15, 216, 117.997, 120.532
1627, 15, 216, 117.845, 120.613
1628, 15, 216, 117.734, 120.693
1629, 15, 216, 117.65, 120.774
1630, 15, 216, 117.566, 120.854
1631, 15, 216, 117.456, 120.934
1632, 15, 216, 117.403, 121.015
1633, 15, 216, 117.25, 121.094
1634, 15, 216, 117.166, 121.174
1635, 15, 216, 117.082, 121.254
1636, 15, 216, 117.029, 121.334
1637, 15, 216, 116.976, 121.413
1638, 15, 216, 116.893, 121.493
1639, 15, 216, 116.74, 121.584
1640, 15, 216, 116.687, 121.665
1641, 15, 216, 116.482, 121.744
1642, 15, 216, 116.398, 121.824
1643, 15, 216, 116.345, 121.905
1644, 15, 216, 116.194, 121.984
1645, 15, 216, 116.084, 122.063
1646, 15, 216, 115.991, 122.142
1647, 15, 216, 115.907, 122.221
1648, 15, 216, 115.702, 122.301
1649, 15, 216, 115.618, 122.38
1650, 15, 216, 115.565, 122.459
1651, 15, 216, 115.455, 122.538
1652, 15, 216, 115.344, 122.617
1653, 15, 216, 115.14, 122.697
1654, 15, 216, 114.935, 122.776
1655, 15, 216, 114.852, 122.855
1656, 15, 216, 114.799, 122.934
1657, 15, 216, 114.746, 123.013
1658, 15, 216, 114.693, 123.092
1659, 15, 216, 114.625, 123.171
1660, 15, 216, 114.572, 123.25
1661, 15, 216, 114.519, 123.329
1662, 15, 216, 114.483, 123.438
1663, 15, 216, 114.278, 123.519
1664, 15, 216, 114.127, 123.598
1665, 15, 216, 114.016, 123.678
1666, 15, 216, 113.963, 123.757
1667, 15, 216, 113.927, 123.836
1668, 15, 216, 113.868, 123.916
1669, 15, 216, 113.831, 123.996
1670, 15, 216, 113.772, 124.075
1671, 15, 216, 113.907, 124.153
1672, 15, 216, 113.839, 124.234
1673, 15, 216, 113.786, 124.312
1674, 15, 216, 113.733, 124.391
1675, 15, 216, 113.64, 124.469
1676, 15, 216, 113.587, 124.547
1677, 15, 216, 113.503, 124.626
1678, 15, 215, 113.666, 124.705
1679, 15, 215, 113.515, 124.784
1680, 15, 215, 113.431, 124.877
1681, 15, 215, 113.373, 124.965
1682, 15, 215, 113.336, 125.044
1683, 15, 215, 113.269, 125.123
1684, 15, 215, 113.176, 125.202
1685, 15, 215, 113.092, 125.283
1686, 15, 215, 113.033, 125.362
1687, 15, 215, 112.989, 125.441
1688, 15, 215, 112.93, 125.544
1689, 15, 214, 113.093, 125.626
1690, 15, 214, 113.04, 125.705
1691, 15, 214, 112.987, 125.784
1692, 15, 214, 112.934, 125.863
1693, 15, 214, 112.897, 125.943
1694, 15, 214, 112.871, 126.023
1695, 15, 214, 112.83, 126.107
1696, 15, 214, 112.8, 126.188
1697, 15, 214, 112.759, 126.267
1698, 15, 214, 112.675, 126.36
1699, 15, 214, 112.655, 126.442
1700, 15, 214, 112.618, 126.521
1701, 15, 214, 112.534, 126.6
1702, 15, 214, 112.481, 126.678
1703, 15, 214, 112.398, 126.757
1704, 15, 214, 112.024, 126.836
1705, 16, 214, 111.983, 126.915
1706, 17, 214, 111.943, 126.994
1707, 17, 214, 111.927, 127.074
1708, 17, 214, 111.868, 127.153
1709, 17, 213, 112.016, 127.232
1710, 17, 213, 111.963, 127.311
1711, 17, 213, 111.927, 127.39
1712, 17, 213, 112.061, 127.469
1713, 17, 213, 112.008, 127.548
1714, 17, 213, 111.941, 127.629
1715, 17, 212, 112.089, 127.708
1716, 17, 212, 112.053, 127.797
1717, 17, 212, 112, 127.877
1718, 17, 212, 112.163, 127.956
1719, 17, 212, 112.096, 128.038
1720, 17, 212, 112.012, 128.126
1721, 17, 212, 111.959, 128.205
1722, 17, 212, 111.282, 128.292
1723, 17, 211, 111.523, 128.371
1724, 17, 211, 111.26, 128.45
1725, 17, 211, 111.207, 128.542
1726, 17, 211, 111.002, 128.622
1727, 17, 211, 110.668, 128.717
1728, 17, 211, 110.584, 128.797
1729, 17, 211, 110.501, 128.881
1730, 17, 211, 110.417, 128.96
1731, 17, 211, 110.333, 129.04
1732, 17, 211, 110.24, 129.134
1733, 17, 211, 110.129, 129.213
1734, 17, 211, 110.062, 129.295
1735, 17, 211, 109.857, 129.374
1736, 17, 211, 109.799, 129.452
1737, 17, 211, 109.962, 129.53
1738, 17, 211, 110.125, 129.609
1739, 17, 211, 109.791, 129.687
1740, 17, 211, 109.954, 129.765
1741, 17, 211, 109.69, 129.844
1742, 17, 211, 109.539, 129.922
1743, 17, 211, 109.486, 130
1744, 17, 211, 109.433, 130.098
1745, 17, 211, 109.282, 130.177
1746, 17, 211, 109.198, 130.255
1747, 17, 211, 109.172, 130.333
1748, 17, 211, 109.145, 130.412
1749, 17, 211, 109.077, 130.49
1750, 17, 211, 109.019, 130.568
1751, 17, 211, 108.96, 130.647
1752, 17, 211, 108.907, 130.725
1753, 17, 211, 108.866, 130.804
1754, 17, 211, 108.846, 130.882
1755, 17, 211, 108.805, 130.962
1756, 17, 211, 108.764, 131.041
1757, 17, 211, 108.728, 131.12
1758, 17, 211, 108.684, 131.199
1759, 17, 211, 108.625, 131.278
1760, 17, 211, 108.572, 131.357
1761, 17, 211, 108.519, 131.436
1762, 17, 211, 108.466, 131.515
1763, 17, 211, 108.315, 131.603
1764, 17, 211, 108.204, 131.683
1765, 17, 211, 108.145, 131.764
1766, 17, 211, 108.092, 131.843
1767, 17, 211, 108.039, 131.924
1768, 17, 211, 107.98, 132.005
1769, 17, 211, 108.103, 132.088
1770, 17, 211, 108.05, 132.169
1771, 17, 211, 108.013, 132.249
1772, 17, 211, 107.96, 132.327
1773, 17, 211, 107.907, 132.411
1774, 17, 211, 107.87, 132.493
1775, 17, 211, 107.803, 132.572
1776, 17, 211, 107.767, 132.651
1777, 17, 211, 107.73, 132.731
1778, 17, 211, 107.619, 132.81
1779, 17, 211, 107.416, 132.889
1780, 17, 211, 107.263, 132.968
1781, 17, 211, 107.25, 133.047
1782, 17, 211, 107.22, 133.126
1783, 17, 211, 107.183, 133.205
1784, 17, 211, 107.142, 133.284
1785, 17, 211, 107.106, 133.363
1786, 17, 211, 107.065, 133.442
1787, 17, 211, 107.038, 133.521
1788, 17, 211, 106.941, 133.599
1789, 17, 211, 106.888, 133.679
1790, 17, 211, 106.852, 133.758
1791, 17, 211, 106.825, 133.84
1792, 17, 211, 106.758, 133.919
1793, 18, 211, 106.728, 134
1794, 19, 211, 106.698, 134.08
1795, 19, 211, 106.687, 134.159
1796, 19, 211, 106.666, 134.247
1797, 19, 211, 106.639, 134.327
1798, 19, 211, 106.542, 134.407
1799, 19, 211, 106.483, 134.487
1800, 19, 211, 106.424, 134.568
1801, 19, 211, 106.38, 134.647
1802, 19, 211, 106.344, 134.728
1803, 19, 211, 106.307, 134.808
1804, 19, 211, 106.419, 134.887
1805, 19, 211, 106.392, 134.974
1806, 19, 211, 106.348, 135.053
1807, 19, 211, 106.237, 135.133
1808, 19, 211, 106.197, 135.213
1809, 19, 211, 106.099, 135.293
1810, 19, 211, 106.059, 135.373
1811, 19, 211, 106.032, 135.452
1812, 19, 211, 105.991, 135.532
1813, 19, 211, 105.951, 135.611
1814, 19, 211, 105.921, 135.691
1815, 19, 211, 105.894, 135.771
1816, 19, 211, 105.867, 135.85
1817, 19, 211, 105.83, 135.93
1818, 19, 211, 105.794, 136.009
1819, 19, 211, 105.764, 136.088
1820, 19, 211, 105.737, 136.169
1821, 19, 211, 105.708, 136.248
1822, 19, 211, 105.687, 136.328
1823, 19, 211, 105.62, 136.417
1824, 19, 211, 105.567, 136.498
1825, 19, 211, 105.701, 136.578
1826, 19, 211, 105.55, 136.658
1827, 19, 211, 105.513, 136.738
1828, 19, 211, 105.362, 136.819
1829, 19, 211, 105.309, 136.899
1830, 19, 211, 105.282, 136.978
1831, 19, 211, 105.238, 137.058
1832, 19, 211, 105.118, 137.138
1833, 19, 210, 105.281, 137.218
1834, 19, 210, 105.245, 137.298
1835, 19, 210, 105.161, 137.378
1836, 19, 210, 105.108, 137.458
1837, 19, 210, 105.041, 137.538
1838, 19, 210, 104.957, 137.617
1839, 19, 210, 104.904, 137.697
1840, 19, 210, 104.837, 137.777
1841, 19, 210, 104.784, 137.857
1842, 19, 210, 104.739, 137.937
1843, 19, 210, 104.686, 138.017
1844, 19, 210, 104.65, 138.097
1845, 19, 210, 104.597, 138.176
1846, 19, 209, 104.76, 138.264
1847, 19, 209, 104.707, 138.345
1848, 19, 209, 104.596, 138.424
1849, 19, 209, 104.529, 138.506
1850, 19, 209, 104.476, 138.589
1851, 19, 209, 104.417, 138.669
1852, 19, 208, 104.58, 138.749
1853, 19, 208, 104.527, 138.829
1854, 19, 208, 104.468, 138.909
1855, 19, 208, 104.432, 138.99
1856, 19, 208, 104.279, 139.07
1857, 19, 208, 104.015, 139.151
1858, 19, 208, 103.811, 139.231
1859, 19, 208, 103.758, 139.311
1860, 19, 208, 103.674, 139.39
1861, 19, 208, 103.59, 139.469
1862, 19, 208, 103.506, 139.548
1863, 19, 208, 103.669, 139.627
1864, 19, 208, 103.602, 139.706
1865, 19, 208, 103.558, 139.786
1866, 19, 208, 103.474, 139.865
1867, 19, 207, 103.637, 139.945
1868, 19, 207, 103.584, 140.024
1869, 19, 207, 103.548, 140.103
1870, 19, 207, 103.495, 140.183
1871, 19, 207, 103.442, 140.264
1872, 19, 207, 103.405, 140.343
1873, 19, 207, 103.369, 140.423
1874, 19, 207, 103.342, 140.503
1875, 19, 207, 103.258, 140.583
1876, 19, 207, 103.161, 140.662
1877, 19, 207, 103.124, 140.76
1878, 19, 207, 103.088, 140.841
1879, 19, 207, 103.061, 140.92
1880, 19, 207, 103.024, 141.003
1881, 19, 207, 102.988, 141.098
1882, 19, 207, 102.904, 141.179
1883, 19, 207, 102.82, 141.273
1884, 19, 207, 102.736, 141.353
1885, 19, 207, 102.643, 141.433
1886, 19, 207, 102.439, 141.515
1887, 19, 207, 102.386, 141.602
1888, 19, 207, 102.349, 141.681
1889, 19, 207, 102.29, 141.761
1890, 19, 207, 102.237, 141.84
1891, 19, 207, 102.184, 141.92
1892, 19, 207, 102.125, 142
1893, 19, 207, 101.944, 142.079
1894, 19, 207, 101.834, 142.159
1895, 19, 207, 101.723, 142.238
1896, 19, 207, 101.665, 142.317
1897, 19, 207, 101.554, 142.397
1898, 19, 207, 101.501, 142.478
1899, 19, 207, 101.448, 142.557
1900, 19, 206, 101.611, 142.636
1901, 19, 206, 101.575, 142.73
1902, 19, 206, 101.538, 142.81
1903, 19, 206, 101.494, 142.901
1904, 19, 206, 101.383, 142.98
1905, 19, 206, 101.273, 143.067
1906, 19, 206, 101.009, 143.147
1907, 19, 206, 100.942, 143.226
1908, 19, 206, 100.889, 143.305
1909, 19, 206, 100.853, 143.384
1910, 19, 206, 100.785, 143.464
1911, 19, 206, 100.732, 143.543
1912, 19, 206, 100.581, 143.623
1913, 19, 206, 100.471, 143.702
1914, 19, 206, 100.444, 143.782
1915, 19, 206, 100.391, 143.861
1916, 19, 206, 100.323, 143.941
1917, 19, 206, 100.213, 144.021
1918, 19, 205, 100.362, 144.101
1919, 19, 205, 100.251, 144.181
1920, 19, 205, 100.167, 144.26
1921, 19, 205, 100.057, 144.339
1922, 19, 205, 99.9895, 144.419
1923, 19, 205, 99.9529, 144.498
1924, 19, 205, 99.894, 144.585
1925, 19, 205, 99.7429, 144.68
1926, 19, 205, 99.6755, 144.761
1927, 19, 204, 99.8385, 144.841
1928, 19, 203, 99.9797, 144.933
1929, 19, 203, 99.9391, 145.02
1930, 19, 203, 99.8717, 145.101
1931, 19, 203, 99.8513, 145.18
1932, 19, 203, 99.784, 145.259
1933, 19, 203, 99.7433, 145.339
1934, 19, 203, 99.7067, 145.435
1935, 19, 203, 99.5962, 145.515
1936, 19, 203, 99.4857, 145.595
1937, 19, 203, 99.4492, 145.675
1938, 19, 203, 99.3521, 145.754
1939, 19, 203, 99.2847, 145.834
1940, 19, 203, 99.258, 145.915
1941, 19, 203, 99.2173, 145.998
1942, 19, 203, 99.1905, 146.085
1943, 19, 203, 99.1499, 146.166
1944, 19, 203, 99.1093, 146.248
1945, 19, 203, 99.0825, 146.337
1946, 19, 203, 99.0418, 146.417
1947, 19, 203, 98.9745, 146.497
1948, 19, 203, 98.8234, 146.578
1949, 19, 203, 98.7931, 146.673
1950, 19, 203, 98.749, 146.754
1951, 19, 203, 98.652, 146.834
1952, 19, 203, 98.6252, 146.914
1953, 19, 203, 98.7178, 146.994
1954, 19, 203, 98.6881, 147.073
1955, 19, 203, 98.6667, 147.153
1956, 19, 203, 98.5994, 147.233
1957, 19, 203, 98.5726, 147.312
1958, 19, 203, 98.5196, 147.392
1959, 19, 203, 98.4666, 147.472
1960, 19, 203, 98.4136, 147.552
1961, 19, 202, 98.5623, 147.632
1962, 19, 202, 98.4425, 147.712
1963, 19, 202, 98.3836, 147.792
1964, 19, 202, 98.3247, 147.872
1965, 19, 202, 98.2717, 147.953
1966, 19, 202, 98.1746, 148.033
1967, 19, 202, 98.1339, 148.112
1968, 19, 202, 98.0933, 148.192
1969, 19, 202, 98.026, 148.281
1970, 19, 202, 97.9586, 148.362
1971, 19, 202, 97.922, 148.443
1972, 19, 202, 97.8814, 148.531
1973, 19, 202, 97.8373, 148.611
1974, 19, 202, 97.7932, 148.69
1975, 19, 202, 97.7566, 148.772
1976, 19, 202, 97.7126, 148.852
1977, 19, 202, 97.8052, 148.932
1978, 19, 202, 97.7646, 149.013
1979, 19, 202, 97.6972, 149.092
1980, 19, 201, 97.8459, 149.171
1981, 19, 201, 97.7786, 149.254
1982, 19, 201, 97.742, 149.337
1983, 19, 201, 97.7054, 149.418
1984, 19, 201, 97.6648, 149.498
1985, 19, 201, 97.6282, 149.577
1986, 19, 201, 97.6014, 149.656
1987, 19, 201, 97.5484, 149.735
1988, 19, 201, 97.3973, 149.814
1989, 19, 201, 97.3607, 149.894
1990, 19, 201, 97.3305, 149.972
1991, 19, 201, 97.2637, 150.054
1992, 19, 201, 97.2107, 150.135
1993, 19, 201, 97.1438, 150.216
1994, 19, 201, 97.1073, 150.311
1995, 19, 201, 97.0591, 150.393
1996, 19, 201, 97.0185, 150.472
1997, 19, 201, 96.998, 150.554
1998, 19, 201, 96.9713, 150.633
1999, 19, 201, 96.9445, 150.713
2000, 19, 201, 96.8771, 150.794
2001, 19, 201, 97.0402, 150.874
2002, 19, 201, 96.9872, 150.954
2003, 19, 201, 96.9342, 151.033
2004, 19, 201, 96.8668, 151.113
2005, 19, 201, 96.8227, 151.192
2006, 19, 201, 96.7862, 151.272
2007, 19, 201, 96.7421, 151.351
2008, 19, 201, 96.7055, 151.431
2009, 19, 201, 96.6689, 151.51
2010, 19, 201, 96.6016, 151.597
2011, 19, 201, 96.5178, 151.677
2012, 19, 201, 96.3666, 151.757
2013, 19, 201, 96.2828, 151.837
2014, 19, 201, 96.1317, 151.916
2015, 19, 201, 96.0479, 151.996
2016, 19, 201, 95.9949, 152.076
2017, 19, 201, 95.9419, 152.156
2018, 19, 201, 95.883, 152.235
2019, 19, 201, 95.7725, 152.314
2020, 19, 201, 95.7195, 152.395
2021, 19, 201, 95.6754, 152.478
2022, 19, 201, 95.5243, 152.557
2023, 19, 201, 95.4405, 152.652
2024, 19, 200, 96.4405, 152.733
2025, 19, 200, 96.0254, 152.812
2026, 19, 200, 95.8555, 152.892
2027, 19, 200, 95.7717, 152.972
2028, 19, 199, 96.7717, 153.053
2029, 19, 199, 96.3567, 153.133
2030, 19, 199, 96.1867, 153.216
2031, 19, 199, 96.0936, 153.298
2032, 19, 199, 96.0005, 153.383
2033, 19, 199, 95.9167, 153.477
2034, 19, 199, 95.8236, 153.558
2035, 19, 198, 96.0134, 153.638
2036, 19, 198, 95.9603, 153.727
2037, 19, 198, 95.8766, 153.808
2038, 19, 198, 95.7661, 153.888
2039, 19, 198, 95.7072, 153.968
2040, 19, 198, 95.6483, 154.048
2041, 19, 198, 95.5953, 154.128
2042, 19, 198, 95.5115, 154.208
2043, 19, 198, 95.4277, 154.288
2044, 19, 198, 95.3747, 154.369
2045, 19, 198, 95.5377, 154.449
2046, 19, 198, 95.4847, 154.531
2047, 19, 198, 95.3916, 154.612
2048, 19, 197, 95.5813, 154.691
2049, 19, 197, 95.5283, 154.779
2050, 19, 197, 95.6913, 154.86
2051, 19, 197, 95.6245, 154.949
2052, 19, 197, 95.5715, 155.029
2053, 19, 197, 95.4877, 155.11
2054, 19, 197, 95.4347, 155.19
2055, 19, 197, 95.3416, 155.27
2056, 19, 196, 95.5314, 155.35
2057, 19, 196, 95.4784, 155.43
2058, 19, 196, 95.4418, 155.51
2059, 19, 196, 95.3829, 155.59
2060, 19, 196, 95.3299, 155.67
2061, 19, 196, 95.1787, 155.75
2062, 19, 196, 95.0856, 155.83
2063, 19, 196, 94.9751, 155.915
2064, 19, 195, 95.1649, 155.995
2065, 19, 195, 95.0544, 156.075
2066, 19, 194, 95.2174, 156.155
2067, 19, 194, 95.1336, 156.235
2068, 19, 194, 95.0747, 156.317
2069, 19, 194, 94.9642, 156.397
2070, 19, 194, 94.8804, 156.487
2071, 19, 194, 94.7966, 156.567
2072, 19, 194, 94.6861, 156.648
2073, 19, 194, 94.5756, 156.729
2074, 19, 193, 94.817, 156.809
2075, 19, 193, 94.98, 156.89
2076, 19, 193, 94.927, 156.97
2077, 19, 193, 94.3489, 157.051
2078, 19, 193, 94.2816, 157.131
2079, 19, 193, 94.1711, 157.22
2080, 19, 193, 94.078, 157.301
2081, 19, 193, 93.9942, 157.381
2082, 19, 193, 93.9104, 157.461
2083, 19, 193, 93.8574, 157.541
2084, 19, 193, 93.7469, 157.621
2085, 19, 193, 93.6939, 157.702
2086, 19, 193, 93.6408, 157.791
2087, 19, 193, 93.5735, 157.872
2088, 19, 193, 93.5205, 157.952
2089, 19, 193, 93.4675, 158.032
2090, 19, 193, 93.4145, 158.112
2091, 19, 193, 93.3556, 158.196
2092, 19, 193, 93.0515, 158.283
2093, 19, 193, 92.9926, 158.382
2094, 19, 193, 92.7292, 158.462
2095, 19, 193, 92.6619, 158.544
2096, 19, 193, 92.6089, 158.625
2097, 19, 193, 92.5251, 158.705
2098, 19, 193, 92.4577, 158.785
2099, 19, 193, 92.4047, 158.866
2100, 19, 193, 92.3209, 158.946
2101, 19, 193, 92.14, 159.028
2102, 19, 193, 92.1034, 159.108
2103, 19, 192, 92.2665, 159.189
2104, 19, 192, 92.1991, 159.268
2105, 19, 192, 92.1626, 159.348
2106, 19, 192, 92.126, 159.428
2107, 19, 192, 92.289, 159.523
2108, 19, 192, 92.236, 159.604
2109, 19, 192, 92.0315, 159.684
2110, 19, 192, 91.9344, 159.764
2111, 19, 191, 92.0974, 159.846
2112, 19, 191, 91.9869, 159.926
2113, 19, 191, 91.9031, 160.006
2114, 19, 191, 91.859, 160.085
2115, 19, 190, 92.0488, 160.166
2116, 19, 190, 91.9383, 160.246
2117, 19, 190, 91.9017, 160.326
2118, 19, 190, 91.8428, 160.406
2119, 19, 190, 91.7323, 160.485
2120, 19, 190, 91.5812, 160.565
2121, 19, 190, 91.5138, 160.645
2122, 19, 190, 91.4465, 160.728
2123, 19, 190, 91.3791, 160.824
2124, 19, 190, 91.3425, 160.912
2125, 19, 190, 91.0791, 160.992
2126, 19, 190, 91.0489, 161.073
2127, 19, 190, 90.9959, 161.153
2128, 19, 189, 91.1446, 161.233
2129, 19, 189, 91.1039, 161.313
2130, 19, 189, 91.0674, 161.392
2131, 19, 189, 91.0144, 161.472
2132, 19, 189, 90.947, 161.552
2133, 19, 189, 90.9104, 161.639
2134, 19, 189, 90.8574, 161.719
2135, 19, 189, 90.7985, 161.798
2136, 19, 189, 90.688, 161.898
2137, 19, 189, 90.6291, 161.979
2138, 19, 189, 90.5618, 162.06
2139, 19, 189, 90.5252, 162.14
2140, 19, 189, 90.4722, 162.22
2141, 19, 189, 90.4192, 162.3
2142, 19, 189, 90.3711, 162.38
2143, 19, 189, 90.3443, 162.46
2144, 19, 189, 90.3002, 162.54
2145, 19, 189, 90.2031, 162.62
2146, 19, 189, 90.1442, 162.7
2147, 19, 189, 90.0912, 162.779
2148, 19, 189, 90.0382, 162.859
2149, 19, 189, 89.9709, 162.939
2150, 19, 189, 89.9179, 163.019
2151, 19, 189, 89.8649, 163.098
2152, 19, 189, 89.7975, 163.191
2153, 19, 189, 89.7445, 163.271
2154, 19, 189, 89.6772, 163.35
2155, 19, 189, 89.6098, 163.43
2156, 19, 189, 89.5568, 163.51
2157, 19, 189, 89.5038, 163.589
2158, 19, 189, 89.4365, 163.669
2159, 19, 188, 89.5995, 163.749
2160, 19, 188, 89.5629, 163.829
2161, 19, 188, 89.504, 163.908
2162, 19, 188, 89.451, 163.999
2163, 19, 188, 89.398, 164.08
2164, 19, 188, 89.3539, 164.16
2165, 19, 188, 89.2866, 164.24
2166, 19, 188, 89.2336, 164.32
2167, 19, 188, 89.1806, 164.399
2168, 19, 188, 89.144, 164.48
2169, 19, 188, 89.091, 164.559
2170, 19, 188, 89.038, 164.641
2171, 19, 188, 88.9791, 164.721
2172, 19, 188, 88.9385, 164.8
2173, 19, 187, 89.0872, 164.882
2174, 19, 187, 88.9674, 164.975
2175, 19, 187, 88.9144, 165.07
2176, 19, 187, 88.8778, 165.151
2177, 19, 187, 88.8371, 165.231
2178, 19, 187, 88.8006, 165.312
2179, 19, 187, 88.764, 165.392
2180, 19, 187, 88.7372, 165.473
2181, 19, 187, 88.6401, 165.558
2182, 19, 187, 88.5296, 165.642
2183, 19, 187, 88.4365, 165.722
2184, 19, 187, 88.232, 165.802
2185, 19, 187, 88.1646, 165.883
2186, 19, 187, 88.0117, 165.963
2187, 19, 186, 88.1747, 166.043
2188, 19, 186, 88.3793, 166.123
2189, 19, 186, 88.3352, 166.204
2190, 19, 186, 88.2986, 166.285
2191, 19, 186, 88.2545, 166.374
2192, 19, 186, 88.1956, 166.454
2193, 19, 186, 88.1426, 166.534
2194, 19, 186, 87.9915, 166.614
2195, 19, 186, 87.881, 166.694
2196, 19, 186, 87.828, 166.774
2197, 19, 186, 87.775, 166.854
2198, 19, 186, 87.7447, 166.935
2199, 19, 186, 87.7082, 167.015
2200, 19, 186, 87.5977, 167.095
2201, 19, 186, 87.5447, 167.175
2202, 19, 186, 87.4773, 167.255
2203, 19, 186, 87.3935, 167.335
2204, 19, 186, 87.3405, 167.415
2205, 19, 186, 87.3137, 167.495
2206, 19, 186, 87.2835, 167.575
2207, 19, 186, 87.2429, 167.655
2208, 19, 186, 87.1591, 167.735
2209, 19, 186, 87.0917, 167.833
2210, 19, 186, 87.065, 167.914
2211, 19, 186, 86.9976, 167.995
2212, 19, 186, 86.9495, 168.077
2213, 19, 186, 86.9129, 168.158
2214, 19, 186, 86.8763, 168.245
2215, 19, 186, 86.8233, 168.327
2216, 19, 186, 86.6722, 168.407
2217, 19, 186, 86.3681, 168.486
2218, 19, 186, 86.3007, 168.566
2219, 19, 186, 86.2477, 168.648
2220, 19, 186, 86.2175, 168.729
2221, 19, 186, 86.1586, 168.809
2222, 19, 186, 86.0918, 168.892
2223, 19, 186, 86.0388, 168.973
2224, 19, 186, 85.9858, 169.067
2225, 19, 186, 86.12, 169.147
2226, 19, 186, 86.0531, 169.228
2227, 19, 186, 86.0166, 169.308
2228, 19, 186, 85.9952, 169.389
2229, 19, 186, 85.9422, 169.469
2230, 19, 186, 85.791, 169.55
2231, 19, 186, 85.747, 169.63
2232, 19, 186, 85.7063, 169.711
2233, 19, 186, 85.6622, 169.791
2234, 19, 186, 85.6257, 169.871
2235, 19, 186, 85.5727, 169.951
2236, 19, 186, 85.5053, 170.049
2237, 19, 186, 85.4687, 170.129
2238, 19, 186, 85.4014, 170.209
2239, 19, 186, 85.3573, 170.288
2240, 19, 186, 85.29, 170.368
2241, 19, 186, 85.1929, 170.447
2242, 19, 186, 85.1563, 170.527
2243, 19, 186, 85.1261, 170.606
2244, 19, 186, 85.0731, 170.685
2245, 19, 186, 85.0463, 170.764
2246, 19, 186, 85.0097, 170.852
2247, 19, 186, 85.1024, 170.932
2248, 19, 186, 85.0658, 171.011
2249, 19, 186, 84.9984, 171.09
2250, 19, 186, 84.9395, 171.169
2251, 19, 186, 84.8806, 171.249
2252, 19, 186, 84.8276, 171.327
2253, 19, 186, 84.787, 171.406
2254, 19, 186, 84.7504, 171.485
2255, 19, 186, 84.7138, 171.574
2256, 19, 186, 84.6698, 171.654
2257, 19, 186, 84.6291, 171.734
2258, 19, 186, 84.5885, 171.813
2259, 19, 186, 84.5519, 171.894
2260, 19, 185, 84.7006, 171.974
2261, 19, 185, 84.6599, 172.055
2262, 19, 185, 84.6159, 172.135
2263, 19, 185, 84.5718, 172.216
2264, 19, 185, 84.5352, 172.295
2265, 19, 185, 84.4946, 172.375
2266, 19, 185, 84.6585, 172.471
2267, 19, 185, 84.6226, 172.552
2268, 19, 185, 84.5958, 172.633
2269, 19, 184, 84.737, 172.724
2270, 19, 184, 84.7004, 172.804
2271, 19, 184, 84.6598, 172.906
2272, 19, 184, 84.633, 172.987
2273, 19, 184, 84.5924, 173.069
2274, 19, 184, 84.5517, 173.156
2275, 19, 184, 84.5151, 173.236
2276, 19, 184, 84.4745, 173.316
2277, 19, 184, 84.4379, 173.396
2278, 19, 184, 84.257, 173.476
2279, 19, 184, 84.1897, 173.556
2280, 19, 183, 84.3384, 173.636
2281, 19, 183, 84.3082, 173.717
2282, 19, 183, 84.2641, 173.797
2283, 19, 183, 84.2373, 173.877
2284, 19, 183, 84.2105, 173.957
2285, 19, 183, 84.1838, 174.05
2286, 19, 183, 84.154, 174.13
2287, 19, 183, 84.1336, 174.21
2288, 19, 183, 84.1038, 174.29
2289, 19, 183, 84.0741, 174.37
2290, 19, 183, 84.0473, 174.449
2291, 19, 183, 84.0175, 174.529
2292, 19, 183, 83.9735, 174.624
2293, 19, 183, 83.9066, 174.705
2294, 19, 183, 83.8626, 174.786
2295, 19, 183, 83.7521, 174.866
2296, 19, 183, 83.7114, 174.953
2297, 19, 183, 83.6748, 175.037
2298, 19, 183, 83.6383, 175.118
2299, 19, 183, 83.4871, 175.199
2300, 19, 183, 83.4604, 175.279
2301, 19, 183, 83.3092, 175.361
2302, 19, 183, 83.2651, 175.442
2303, 19, 183, 83.114, 175.523
2304, 19, 183, 83.0926, 175.604
2305, 19, 183, 83.0485, 175.686
2306, 19, 183, 83.0004, 175.779
2307, 19, 183, 82.9701, 175.876
2308, 19, 183, 82.9336, 175.96
2309, 19, 183, 82.897, 176.045
2310, 19, 183, 82.8604, 176.126
2311, 19, 183, 82.8238, 176.208
2312, 19, 183, 82.7649, 176.289
2313, 19, 183, 82.6976, 176.375
2314, 19, 183, 82.6138, 176.457
2315, 19, 183, 82.5608, 176.541
2316, 19, 183, 82.5019, 176.623
2317, 19, 183, 82.4489, 176.704
2318, 19, 183, 82.3651, 176.785
2319, 19, 183, 82.2978, 176.877
2320, 19, 183, 82.2389, 176.96
2321, 19, 183, 82.1284, 177.042
2322, 19, 183, 82.0179, 177.124
2323, 19, 183, 81.9649, 177.205
2324, 19, 183, 81.8811, 177.287
2325, 19, 183, 81.7879, 177.368
2326, 19, 183, 81.6948, 177.449
2327, 19, 183, 81.5843, 177.547
2328, 19, 183, 81.4738, 177.631
2329, 19, 183, 81.2693, 177.723
2330, 19, 183, 81.2163, 177.804
2331, 19, 183, 81.1633, 177.886
2332, 19, 183, 81.1044, 177.967
2333, 19, 183, 81.0514, 178.049
2334, 19, 183, 80.9925, 178.13
2335, 19, 183, 80.9336, 178.215
2336, 19, 183, 80.8663, 178.306
2337, 19, 183, 80.8074, 178.387
2338, 19, 183, 80.7708, 178.485
2339, 19, 183, 80.7342, 178.568
2340, 19, 183, 80.6237, 178.661
2341, 19, 183, 80.5399, 178.744
2342, 19, 183, 80.4958, 178.825
2343, 19, 183, 80.4593, 178.906
2344, 19, 183, 80.4186, 178.988
2345, 19, 183, 80.382, 179.069
2346, 19, 183, 80.3414, 179.15
2347, 19, 183, 80.3007, 179.232
2348, 19, 183, 80.2567, 179.313
2349, 19, 183, 79.9526, 179.395
2350, 19, 183, 79.8937, 179.478
2351, 19, 183, 79.8407, 179.56
2352, 19, 183, 79.9631, 179.642
2353, 19, 183, 79.9224, 179.723
2354, 19, 183, 80.0736, 179.804
2355, 19, 183, 79.9765, 179.886
2356, 19, 182, 80.1395, 179.967
2357, 19, 182, 80.0557, 180.049
2358, 19, 182, 80.0027, 180.132
2359, 19, 181, 80.1658, 180.216
2360, 19, 181, 80.1128, 180.297
2361, 19, 181, 79.9598, 180.379
2362, 19, 181, 79.9009, 180.461
2363, 19, 180, 80.0907, 180.542
2364, 19, 180, 79.9936, 180.639
2365, 19, 180, 79.9262, 180.721
2366, 19, 180, 79.8331, 180.803
2367, 19, 180, 79.6802, 180.884
2368, 19, 180, 79.6213, 180.965
2369, 19, 180, 79.5772, 181.049
2370, 19, 180, 79.5242, 181.143
2371, 19, 180, 79.4404, 181.229
2372, 19, 180, 79.3874, 181.324
2373, 19, 180, 79.2769, 181.406
2374, 19, 180, 79.218, 181.487
2375, 19, 179, 79.3667, 181.585
2376, 19, 179, 79.2829, 181.677
2377, 19, 179, 79.2299, 181.76
2378, 19, 179, 79.1194, 181.843
2379, 19, 178, 79.2824, 181.924
2380, 19, 178, 79.2294, 182.005
2381, 19, 177, 79.3781, 182.086
2382, 19, 177, 79.5005, 182.168
2383, 19, 177, 79.4639, 182.249
2384, 19, 177, 79.5339, 182.33
2385, 19, 177, 79.4501, 182.412
2386, 19, 177, 79.3971, 182.497
2387, 19, 177, 79.3441, 182.578
2388, 19, 177, 79.2767, 182.66
2389, 19, 177, 79.2499, 182.741
2390, 19, 177, 79.1831, 182.822
2391, 19, 177, 79.1425, 182.903
2392, 19, 177, 79.1059, 183.011
2393, 19, 177, 79.0618, 183.094
2394, 19, 177, 79.0351, 183.174
2395, 19, 177, 78.9246, 183.255
2396, 19, 177, 78.8578, 183.335
2397, 19, 177, 78.9801, 183.429
2398, 19, 177, 78.9271, 183.51
2399, 19, 177, 78.8741, 183.591
2400, 19, 177, 78.7771, 183.671
2401, 19, 177, 78.724, 183.756
2402, 19, 177, 78.6938, 183.838
2403, 19, 177, 78.6572, 183.919
2404, 19, 177, 78.627, 184.006
2405, 19, 177, 78.5597, 184.087
2406, 19, 176, 78.7084, 184.167
2407, 19, 176, 78.6677, 184.263
2408, 19, 176, 78.6004, 184.349
2409, 19, 176, 78.5638, 184.43
2410, 19, 176, 78.4533, 184.51
2411, 19, 176, 78.386, 184.592
2412, 19, 176, 78.3271, 184.672
2413, 19, 176, 78.2905, 184.753
2414, 19, 176, 78.2375, 184.836
2415, 19, 176, 78.1845, 184.924
2416, 19, 176, 78.074, 185.005
2417, 19, 176, 77.9635, 185.088
2418, 19, 176, 77.9194, 185.168
2419, 19, 176, 77.8521, 185.248
2420, 19, 176, 77.799, 185.328
2421, 19, 176, 77.7584, 185.408
2422, 19, 176, 77.7143, 185.488
2423, 19, 176, 77.6702, 185.568
2424, 19, 176, 77.6296, 185.648
2425, 19, 176, 77.6028, 185.728
2426, 19, 176, 77.5587, 185.808
2427, 19, 176, 77.532, 185.888
2428, 19, 176, 77.4913, 185.968
2429, 19, 176, 77.4547, 186.049
2430, 19, 176, 77.4182, 186.131
2431, 19, 176, 77.3816, 186.211
2432, 19, 176, 77.2845, 186.291
2433, 19, 176, 77.2172, 186.373
2434, 19, 176, 77.1503, 186.47
2435, 19, 176, 77.1138, 186.551
2436, 19, 176, 77.0772, 186.631
2437, 19, 176, 77.0406, 186.712
2438, 19, 176, 76.9965, 186.797
2439, 19, 176, 76.96, 186.877
2440, 19, 176, 76.8495, 186.957
2441, 19, 176, 76.9718, 187.038
2442, 19, 176, 76.9045, 187.12
2443, 19, 176, 76.8777, 187.2
2444, 19, 176, 76.8412, 187.281
2445, 19, 176, 76.8144, 187.361
2446, 19, 176, 76.7778, 187.442
2447, 19, 176, 76.658, 187.523
2448, 19, 176, 76.7921, 187.604
2449, 19, 176, 76.7481, 187.684
2450, 19, 175, 76.8967, 187.765
2451, 19, 175, 76.8527, 187.845
2452, 19, 175, 76.7997, 187.927
2453, 19, 175, 76.7149, 188.007
2454, 19, 175, 76.6784, 188.087
2455, 19, 175, 76.4975, 188.168
2456, 19, 175, 76.3463, 188.259
2457, 19, 175, 76.3022, 188.34
2458, 19, 175, 76.2755, 188.421
2459, 19, 175, 76.2389, 188.502
2460, 19, 175, 76.2023, 188.591
2461, 19, 175, 76.135, 188.672
2462, 19, 175, 76.2049, 188.753
2463, 19, 175, 76.1078, 188.834
2464, 19, 175, 76.0874, 188.915
2465, 19, 175, 76.0606, 188.996
2466, 19, 175, 76.0338, 189.087
2467, 19, 175, 76.007, 189.185
2468, 19, 175, 75.9664, 189.268
2469, 19, 175, 75.899, 189.351
2470, 19, 175, 75.8723, 189.448
2471, 19, 175, 75.8455, 189.531
2472, 19, 175, 75.8187, 189.616
2473, 19, 175, 75.7746, 189.697
2474, 19, 175, 75.7381, 189.793
2475, 19, 175, 75.694, 189.876
2476, 19, 175, 75.6533, 189.957
2477, 19, 175, 75.6266, 190.04
2478, 19, 175, 75.5859, 190.136
2479, 19, 175, 75.5557, 190.22
2480, 19, 175, 75.5191, 190.302
2481, 19, 175, 75.4518, 190.387
2482, 19, 175, 75.4215, 190.471
2483, 19, 175, 75.4011, 190.552
2484, 19, 175, 75.3714, 190.634
2485, 19, 175, 75.3411, 190.73
2486, 19, 175, 75.3931, 190.812
2487, 19, 175, 75.349, 190.896
2488, 19, 175, 75.3125, 190.978
2489, 19, 175, 75.2595, 191.059
2490, 19, 175, 75.2113, 191.14
2491, 19, 175, 75.1747, 191.222
2492, 19, 175, 75.148, 191.317
2493, 19, 175, 75.1114, 191.399
2494, 19, 175, 75.0707, 191.481
2495, 19, 175, 75.0301, 191.571
2496, 19, 175, 74.9628, 191.653
2497, 19, 175, 74.936, 191.734
2498, 19, 175, 74.9062, 191.815
2499, 19, 175, 74.8765, 191.897
2500, 19, 175, 74.856, 191.978
2501, 19, 174, 74.9938, 192.065
2502, 19, 174, 74.964, 192.147
2503, 19, 173, 75.1052, 192.229
2504, 19, 173, 75.0784, 192.312
2505, 19, 173, 75.0482, 192.409
2506, 19, 173, 75.0268, 192.492
2507, 19, 173, 75.0001, 192.574
2508, 19, 173, 74.9698, 192.656
2509, 19, 173, 74.9257, 192.741
2510, 19, 173, 74.896, 192.823
2511, 19, 173, 74.8658, 192.905
2512, 19, 173, 74.839, 192.987
2513, 19, 173, 74.8122, 193.069
2514, 19, 173, 74.7592, 193.152
2515, 19, 173, 74.7186, 193.234
2516, 19, 173, 74.6081, 193.316
2517, 19, 173, 74.7305, 193.399
2518, 19, 173, 74.5269, 193.481
2519, 19, 173, 74.6493, 193.563
2520, 19, 173, 74.6127, 193.645
2521, 20, 173, 74.572, 193.728
2522, 20, 173, 74.5052, 193.81
2523, 20, 173, 74.3947, 193.892
2524, 20, 173, 74.3466, 193.975
2525, 20, 173, 74.2936, 194.057
2526, 20, 173, 74.1965, 194.139
2527, 20, 173, 74.1558, 194.245
2528, 20, 173, 74.1193, 194.328
2529, 20, 173, 74.0925, 194.41
2530, 20, 173, 74.0657, 194.493
2531, 20, 173, 74.1881, 194.577
2532, 20, 173, 74.1579, 194.66
2533, 20, 173, 74.1311, 194.742
2534, 20, 173, 74.034, 194.824
2535, 20, 172, 74.1971, 194.923
2536, 20, 172, 74.1605, 195.008
2537, 20, 171, 74.3017, 195.108
2538, 20, 171, 74.2812, 195.19
2539, 20, 171, 74.1841, 195.281
2540, 21, 171, 74.1544, 195.367
2541, 21, 171, 74.1178, 195.449
2542, 21, 171, 74.0737, 195.532
2543, 21, 171, 74.0533, 195.614
2544, 21, 171, 74.0265, 195.696
2545, 21, 171, 73.9906, 195.778
2546, 21, 171, 73.954, 195.87
2547, 21, 171, 73.9134, 195.951
2548, 21, 171, 73.8728, 196.033
2549, 21, 171, 73.806, 196.115
2550, 21, 171, 73.7762, 196.197
2551, 21, 171, 73.7494, 196.279
2552, 21, 171, 73.7197, 196.362
2553, 21, 171, 73.6899, 196.444
2554, 21, 171, 73.5522, 196.526
2555, 21, 171, 73.6457, 196.607
2556, 21, 171, 73.616, 196.689
2557, 21, 171, 73.5189, 196.77
2558, 21, 171, 73.4196, 196.852
2559, 21, 171, 73.3992, 196.934
2560, 22, 171, 73.3765, 197.017
2561, 22, 171, 73.3497, 197.102
2562, 22, 171, 73.3283, 197.183
2563, 22, 171, 73.2842, 197.264
2564, 22, 171, 73.2545, 197.355
2565, 22, 171, 73.2243, 197.436
2566, 22, 171, 73.1945, 197.518
2567, 22, 170, 73.3323, 197.599
2568, 22, 170, 73.3055, 197.68
2569, 22, 170, 73.2573, 197.762
2570, 22, 170, 73.2306, 197.843
2571, 22, 170, 73.1865, 197.924
2572, 22, 170, 73.1597, 198.005
2573, 22, 170, 73.1393, 198.086
2574, 22, 170, 73.1095, 198.167
2575, 22, 170, 73.0729, 198.257
2576, 22, 170, 73.0103, 198.338
2577, 22, 170, 72.9835, 198.419
2578, 22, 170, 72.9167, 198.501
2579, 22, 170, 72.8899, 198.59
2580, 22, 170, 72.8533, 198.671
2581, 22, 170, 72.8175, 198.752
2582, 22, 170, 72.797, 198.833
2583, 22, 170, 72.7809, 198.914
2584, 22, 170, 72.7582, 198.995
2585, 22, 170, 72.7377, 199.075
2586, 22, 170, 72.7173, 199.157
2587, 22, 170, 72.687, 199.238
2588, 22, 170, 72.6709, 199.319
2589, 22, 170, 72.6482, 199.4
2590, 22, 170, 72.6003, 199.481
2591, 22, 170, 72.5776, 199.561
2592, 22, 170, 72.5572, 199.642
2593, 22, 170, 72.5418, 199.722
2594, 22, 170, 72.5115, 199.805
2595, 22, 170, 72.4674, 199.885
2596, 22, 170, 72.4461, 199.968
2597, 22, 170, 72.4193, 200.048
2598, 22, 170, 72.3988, 200.129
2599, 22, 170, 72.3834, 200.21
2600, 22, 170, 72.3353, 200.291
2601, 22, 170, 72.305, 200.372
2602, 22, 170, 72.2609, 200.452
2603, 22, 170, 72.2312, 200.532
2604, 22, 170, 72.3011, 200.613
2605, 22, 170, 72.2744, 200.695
2606, 22, 170, 72.2446, 200.776
2607, 22, 169, 72.3858, 200.856
2608, 22, 168, 72.527, 200.945
2609, 22, 168, 72.4911, 201.028
2610, 22, 168, 72.4684, 201.11
2611, 22, 168, 72.4202, 201.192
2612, 22, 168, 72.39, 201.273
2613, 22, 168, 72.2929, 201.37
2614, 22, 168, 72.2661, 201.452
2615, 22, 168, 72.2448, 201.534
2616, 22, 168, 72.178, 201.623
2617, 22, 168, 72.1373, 201.705
2618, 22, 168, 72.1105, 201.786
2619, 22, 168, 72.0699, 201.868
2620, 22, 168, 72.0431, 201.949
2621, 22, 168, 72.0066, 202.03
2622, 22, 168, 71.97, 202.112
2623, 22, 168, 71.9026, 202.193
2624, 22, 168, 71.8724, 202.274
2625, 22, 168, 71.8283, 202.355
2626, 22, 168, 71.7917, 202.437
2627, 22, 168, 71.7552, 202.528
2628, 22, 168, 71.7186, 202.609
2629, 22, 168, 71.682, 202.69
2630, 22, 168, 71.6379, 202.771
2631, 22, 168, 71.5938, 202.852
2632, 22, 168, 71.5497, 202.933
2633, 22, 168, 71.5132, 203.014
2634, 22, 168, 71.4691, 203.096
2635, 22, 167, 71.6103, 203.178
2636, 22, 167, 71.5435, 203.259
2637, 22, 167, 71.4953, 203.341
2638, 22, 167, 71.4656, 203.423
2639, 22, 167, 71.4451, 203.514
2640, 22, 167, 71.4154, 203.595
2641, 22, 167, 71.3886, 203.677
2642, 22, 167, 71.4812, 203.76
2643, 22, 167, 71.451, 203.841
2644, 22, 167, 71.4213, 203.925
2645, 22, 167, 71.391, 204.006
2646, 22, 167, 71.3683, 204.088
2647, 22, 167, 71.3522, 204.169
2648, 22, 167, 71.3254, 204.251
2649, 22, 167, 71.2952, 204.335
2650, 22, 167, 71.1981, 204.416
2651, 22, 167, 71.1679, 204.498
2652, 22, 167, 71.1474, 204.579
2653, 22, 167, 71.1177, 204.662
2654, 22, 167, 71.055, 204.744
2655, 22, 166, 71.1962, 204.829
2656, 22, 166, 71.1758, 204.921
2657, 22, 166, 71.149, 205.004
2658, 22, 166, 71.1124, 205.087
2659, 22, 166, 71.0683, 205.17
2660, 22, 166, 71.0277, 205.252
2661, 22, 166, 70.987, 205.333
2662, 22, 166, 70.943, 205.415
2663, 22, 166, 70.9023, 205.497
2664, 22, 166, 70.8657, 205.579
2665, 22, 166, 70.8292, 205.66
2666, 22, 166, 70.7989, 205.742
2667, 22, 166, 70.7687, 205.824
2668, 22, 166, 70.739, 205.905
2669, 22, 166, 70.8089, 205.987
2670, 22, 166, 70.7821, 206.069
2671, 22, 166, 70.7524, 206.151
2672, 22, 166, 70.7226, 206.234
2673, 22, 165, 70.8638, 206.316
2674, 22, 165, 70.8424, 206.398
2675, 22, 165, 70.7226, 206.48
2676, 22, 165, 70.6958, 206.562
2677, 22, 165, 70.7658, 206.644
2678, 22, 165, 70.7453, 206.726
2679, 22, 165, 70.6482, 206.808
2680, 22, 165, 70.6185, 206.89
2681, 22, 165, 70.6031, 206.972
2682, 22, 165, 70.5665, 207.057
2683, 22, 165, 70.546, 207.139
2684, 22, 165, 70.5193, 207.221
2685, 22, 165, 70.4895, 207.302
2686, 22, 165, 70.4627, 207.384
2687, 22, 165, 70.436, 207.466
2688, 22, 165, 70.3162, 207.547
2689, 22, 165, 70.2894, 207.63
2690, 22, 165, 70.2689, 207.711
2691, 22, 165, 70.2392, 207.793
2692, 22, 165, 70.209, 207.875
2693, 22, 165, 70.1792, 207.956
2694, 22, 165, 70.1495, 208.039
2695, 22, 165, 70.1227, 208.121
2696, 22, 165, 70.0925, 208.202
2697, 22, 165, 70.0657, 208.292
2698, 22, 165, 70.0355, 208.374
2699, 22, 165, 70.0087, 208.456
2700, 22, 165, 69.9785, 208.538
2701, 22, 165, 69.9482, 208.619
2702, 22, 165, 69.9278, 208.701
2703, 22, 165, 69.8837, 208.783
2704, 22, 165, 69.8633, 208.864
2705, 22, 165, 69.8478, 208.946
2706, 22, 165, 69.8264, 209.028
2707, 22, 165, 69.806, 209.118
2708, 22, 165, 69.7833, 209.201
2709, 22, 165, 69.753, 209.285
2710, 22, 165, 69.7326, 209.367
2711, 22, 165, 69.696, 209.448
2712, 22, 165, 69.5989, 209.53
2713, 22, 165, 69.5624, 209.611
2714, 22, 165, 69.5093, 209.693
2715, 22, 165, 69.4826, 209.774
2716, 22, 165, 69.446, 209.856
2717, 22, 165, 69.3787, 209.937
2718, 22, 165, 69.3421, 210.019
2719, 22, 165, 69.298, 210.102
2720, 22, 165, 69.2712, 210.186
2721, 22, 165, 69.2182, 210.27
2722, 22, 165, 69.3524, 210.351
2723, 22, 165, 69.3158, 210.433
2724, 22, 165, 69.289, 210.514
2725, 22, 165, 69.2531, 210.596
2726, 22, 165, 69.2327, 210.677
2727, 22, 165, 69.2122, 210.761
2728, 22, 165, 69.1855, 210.842
2729, 22, 165, 69.1448, 210.923
2730, 22, 165, 69.1082, 211.006
2731, 22, 165, 69.0878, 211.087
2732, 22, 165, 69.0348, 211.169
2733, 22, 165, 68.9942, 211.25
2734, 22, 165, 68.8743, 211.331
2735, 22, 165, 68.8539, 211.412
2736, 22, 165, 68.8271, 211.494
2737, 22, 165, 68.7974, 211.588
2738, 22, 165, 68.7608, 211.68
2739, 22, 165, 68.7306, 211.761
2740, 22, 165, 68.694, 211.842
2741, 22, 165, 68.6574, 211.923
2742, 22, 165, 68.6044, 212.005
2743, 22, 165, 68.5742, 212.086
2744, 22, 165, 68.5301, 212.169
2745, 22, 164, 68.6678, 212.251
2746, 22, 164, 68.6313, 212.335
2747, 22, 164, 68.5639, 212.416
2748, 22, 164, 68.5273, 212.497
2749, 22, 164, 68.5006, 212.579
2750, 22, 164, 68.464, 212.662
2751, 22, 164, 68.4274, 212.745
2752, 22, 164, 68.3908, 212.826
2753, 22, 164, 68.271, 212.908
2754, 22, 164, 68.2344, 212.989
2755, 22, 164, 68.1373, 213.07
2756, 22, 164, 68.116, 213.152
2757, 22, 164, 68.0892, 213.234
2758, 22, 164, 68.0451, 213.316
2759, 22, 164, 68.0085, 213.397
2760, 22, 164, 67.9644, 213.478
2761, 22, 164, 67.9377, 213.559
2762, 22, 164, 67.7999, 213.641
2763, 22, 164, 67.7559, 213.722
2764, 22, 164, 67.7193, 213.803
2765, 22, 164, 67.6222, 213.884
2766, 22, 164, 67.592, 213.965
2767, 22, 164, 67.5479, 214.047
2768, 22, 164, 67.5113, 214.128
2769, 22, 164, 67.4266, 214.209
2770, 22, 164, 67.3592, 214.291
2771, 22, 164, 67.3151, 214.372
2772, 22, 164, 67.2947, 214.453
2773, 22, 164, 67.2742, 214.534
2774, 22, 164, 67.2538, 214.615
2775, 22, 164, 67.187, 214.697
2776, 22, 164, 67.1429, 214.778
2777, 22, 164, 66.9918, 214.858
2778, 22, 164, 66.7882, 214.949
2779, 22, 164, 66.6683, 215.031
2780, 22, 164, 66.6318, 215.112
2781, 22, 164, 66.6113, 215.195
2782, 22, 164, 66.4304, 215.276
2783, 22, 164, 66.3939, 215.357
2784, 22, 164, 66.2968, 215.438
2785, 22, 164, 66.267, 215.519
2786, 22, 164, 66.214, 215.6
2787, 22, 164, 66.1986, 215.681
2788, 22, 164, 66.1781, 215.762
2789, 22, 164, 66.1251, 215.843
2790, 22, 164, 66.0984, 215.924
2791, 22, 164, 66.0716, 216.005
2792, 22, 164, 66.0275, 216.086
2793, 22, 164, 65.9973, 216.166
2794, 22, 164, 65.9705, 216.247
2795, 22, 164, 65.9403, 216.328
2796, 22, 164, 65.9135, 216.412
2797, 22, 164, 65.8462, 216.493
2798, 22, 164, 65.8096, 216.574
2799, 22, 164, 65.7566, 216.655
2800, 22, 164, 65.6595, 216.736
2801, 22, 164, 65.5927, 216.817
2802, 22, 164, 65.5486, 216.913
2803, 22, 164, 65.5218, 217.002
2804, 22, 164, 65.4921, 217.083
2805, 22, 164, 65.4716, 217.166
2806, 22, 164, 65.4419, 217.247
2807, 22, 164, 65.4116, 217.329
2808, 22, 164, 65.3912, 217.41
2809, 22, 164, 65.3698, 217.491
2810, 22, 164, 65.2727, 217.573
2811, 22, 164, 65.2362, 217.656
2812, 22, 164, 65.1996, 217.738
2813, 22, 164, 65.1322, 217.819
2814, 22, 164, 65.1118, 217.9
2815, 22, 163, 65.253, 217.981
2816, 22, 163, 65.2089, 218.062
2817, 22, 162, 65.3466, 218.143
2818, 22, 162, 65.2793, 218.232
2819, 22, 162, 65.2588, 218.314
2820, 22, 162, 65.192, 218.398
2821, 22, 162, 65.1652, 218.48
2822, 22, 162, 65.1385, 218.562
2823, 22, 162, 65.0711, 218.643
2824, 22, 162, 65.0305, 218.724
2825, 22, 162, 65.0037, 218.806
2826, 22, 162, 64.9769, 218.905
2827, 22, 162, 64.9472, 218.987
2828, 22, 162, 64.917, 219.069
2829, 22, 162, 64.8729, 219.15
2830, 22, 162, 64.8524, 219.231
2831, 22, 162, 64.8227, 219.312
2832, 22, 162, 64.738, 219.393
2833, 22, 162, 64.7112, 219.476
2834, 22, 162, 64.6898, 219.574
2835, 22, 162, 64.663, 219.657
2836, 22, 162, 64.6363, 219.738
2837, 22, 162, 64.7289, 219.828
2838, 22, 162, 64.7085, 219.915
2839, 22, 162, 64.6782, 219.996
2840, 22, 162, 64.6515, 220.078
2841, 22, 162, 64.7035, 220.162
2842, 22, 162, 64.6737, 220.244
2843, 22, 162, 64.6296, 220.326
2844, 22, 162, 64.5766, 220.408
2845, 22, 162, 64.5552, 220.49
2846, 22, 162, 64.5187, 220.573
2847, 22, 162, 64.4919, 220.655
2848, 22, 162, 64.4714, 220.737
2849, 22, 162, 64.4501, 220.82
2850, 22, 161, 64.5869, 220.902
2851, 22, 161, 64.5664, 220.984
2852, 22, 161, 64.6364, 221.066
2853, 22, 161, 64.5695, 221.149
2854, 22, 161, 64.5398, 221.23
2855, 22, 161, 64.4957, 221.34
2856, 22, 161, 64.4516, 221.423
2857, 22, 161, 64.415, 221.505
2858, 22, 161, 64.3996, 221.595
2859, 22, 161, 64.3842, 221.678
2860, 22, 161, 64.3401, 221.762
2861, 22, 161, 64.3099, 221.844
2862, 22, 161, 64.274, 221.93
2863, 22, 161, 64.2374, 222.029
2864, 22, 161, 64.2147, 222.113
2865, 22, 161, 64.1666, 222.195
2866, 22, 161, 64.1461, 222.278
2867, 22, 161, 64.0793, 222.369
2868, 22, 161, 64.0427, 222.452
2869, 22, 161, 64.1651, 222.54
2870, 22, 161, 64.1383, 222.63
2871, 22, 161, 64.0977, 222.713
2872, 22, 160, 64.2464, 222.795
2873, 22, 160, 64.2023, 222.877
2874, 22, 160, 64.1657, 222.968
2875, 22, 160, 64.139, 223.064
2876, 22, 160, 64.1024, 223.147
2877, 22, 160, 64.081, 223.23
2878, 22, 160, 64.0444, 223.314
2879, 22, 160, 64.0177, 223.397
2880, 22, 160, 63.9329, 223.478
2881, 22, 160, 63.9032, 223.561
2882, 22, 160, 63.8734, 223.656
2883, 22, 160, 63.8293, 223.74
2884, 22, 160, 63.7991, 223.822
2885, 22, 160, 63.8918, 223.906
2886, 22, 160, 63.8477, 223.988
2887, 22, 160, 63.8036, 224.085
2888, 22, 160, 63.7738, 224.169
2889, 22, 159, 63.9116, 224.251
2890, 22, 159, 63.8675, 224.334
2891, 22, 159, 63.8377, 224.416
2892, 22, 158, 63.9755, 224.498
2893, 22, 158, 63.955, 224.581
2894, 22, 158, 63.9248, 224.664
2895, 22, 158, 63.898, 224.76
2896, 22, 158, 63.8307, 224.843
2897, 22, 158, 63.8039, 224.948
2898, 22, 158, 63.7737, 225.032
2899, 22, 158, 63.7532, 225.131
2900, 22, 158, 63.7328, 225.215
2901, 22, 158, 63.6357, 225.297
2902, 22, 158, 63.5689, 225.379
2903, 22, 158, 63.5248, 225.461
2904, 22, 158, 63.4277, 225.544
2905, 22, 158, 63.3836, 225.626
2906, 22, 158, 63.3355, 225.708
2907, 22, 158, 63.3193, 225.79
2908, 22, 158, 63.3039, 225.873
2909, 22, 157, 63.4451, 225.955
2910, 22, 157, 63.4247, 226.038
2911, 22, 157, 63.4033, 226.12
2912, 22, 157, 63.3735, 226.203
2913, 22, 157, 63.3377, 226.285
2914, 22, 157, 63.3215, 226.367
2915, 22, 157, 63.2948, 226.448
2916, 22, 157, 63.2279, 226.53
2917, 22, 157, 63.2075, 226.614
2918, 22, 157, 63.1709, 226.695
2919, 22, 157, 63.1268, 226.778
2920, 22, 157, 63.0966, 226.86
2921, 22, 157, 63.0669, 226.942
2922, 22, 157, 63.0042, 227.023
2923, 22, 157, 62.9774, 227.104
2924, 22, 157, 62.9293, 227.186
2925, 22, 157, 62.8991, 227.268
2926, 22, 157, 62.8777, 227.35
2927, 22, 157, 62.8623, 227.432
2928, 22, 157, 62.8395, 227.513
2929, 22, 157, 62.8121, 227.595
2930, 22, 157, 62.7894, 227.676
2931, 22, 157, 62.7733, 227.758
2932, 22, 157, 62.7528, 227.841
2933, 22, 157, 62.7261, 227.927
2934, 22, 157, 62.6902, 228.011
2935, 22, 157, 62.6675, 228.093
2936, 22, 157, 62.6447, 228.174
2937, 22, 157, 62.6243, 228.265
2938, 22, 157, 62.5941, 228.348
2939, 22, 157, 62.5727, 228.43
2940, 22, 157, 62.5425, 228.527
2941, 22, 157, 62.5211, 228.611
2942, 22, 156, 62.6579, 228.693
2943, 22, 156, 62.6311, 228.775
2944, 22, 156, 62.587, 228.856
2945, 22, 156, 62.5568, 228.939
2946, 22, 156, 62.5127, 229.021
2947, 22, 156, 62.4966, 229.102
2948, 22, 156, 62.4752, 229.185
2949, 22, 156, 62.4548, 229.267
2950, 22, 156, 62.4066, 229.348
2951, 22, 156, 62.3585, 229.429
2952, 22, 156, 62.3282, 229.511
2953, 22, 156, 62.3055, 229.592
2954, 22, 156, 62.2901, 229.686
2955, 22, 155, 62.4269, 229.769
2956, 22, 155, 62.3601, 229.85
2957, 22, 155, 62.3333, 229.931
2958, 22, 154, 62.4745, 230.014
2959, 22, 154, 62.4591, 230.095
2960, 22, 154, 62.4288, 230.176
2961, 22, 154, 62.4084, 230.273
2962, 22, 154, 62.3816, 230.355
2963, 22, 154, 62.3457, 230.437
2964, 22, 154, 62.3253, 230.522
2965, 22, 154, 62.2985, 230.603
2966, 22, 154, 62.2619, 230.685
2967, 22, 154, 62.2254, 230.766
2968, 22, 154, 62.2092, 230.848
2969, 22, 154, 62.1825, 230.928
2970, 22, 154, 62.1522, 231.01
2971, 22, 154, 62.1361, 231.105
2972, 22, 154, 62.092, 231.187
2973, 22, 154, 62.0652, 231.268
2974, 22, 154, 62.0448, 231.349
2975, 22, 154, 62.0221, 231.43
2976, 22, 154, 62.0007, 231.511
2977, 22, 154, 61.9853, 231.599
2978, 22, 154, 61.974, 231.681
2979, 22, 154, 61.9438, 231.765
2980, 22, 154, 61.9135, 231.847
2981, 22, 154, 61.9005, 231.927
2982, 22, 154, 61.8892, 232.01
2983, 22, 154, 61.859, 232.091
2984, 22, 154, 61.8363, 232.172
2985, 22, 154, 61.806, 232.254
2986, 22, 154, 61.7847, 232.334
2987, 22, 154, 61.7549, 232.415
2988, 22, 154, 61.7252, 232.496
2989, 22, 154, 61.7047, 232.577
2990, 22, 154, 61.6893, 232.658
2991, 22, 154, 61.6666, 232.738
2992, 22, 154, 61.6504, 232.819
2993, 22, 154, 61.6023, 232.9
2994, 22, 154, 61.5755, 232.981
2995, 22, 154, 61.5528, 233.062
2996, 22, 154, 61.5374, 233.143
2997, 22, 154, 61.5147, 233.226
2998, 22, 154, 61.4919, 233.307
2999, 22, 154, 61.4758, 233.388
