Seed is: 99
Number of samples is: 3000
Simulation name is: Simulation_2TV_10x10.sim
TimeStep, Distraction Rate, Missed States, Model Accuracy, Time (ms)
0, 0, 732, 0, 6e-05
1, 0, 731, 1, 0.064052
2, 0, 731, 0.584963, 0.126531
3, 0, 731, 0.415037, 0.188419
4, 0, 730, 1.17823, 0.250537
5, 0, 729, 1.94143, 0.312756
6, 0, 729, 1.5679, 0.374834
7, 0, 729, 1.19436, 0.436662
8, 0, 728, 1.43571, 0.499101
9, 0, 728, 1.23117, 0.56163
10, 0, 728, 1.07823, 0.623468
11, 0, 727, 2.07823, 0.685626
12, 0, 727, 1.6632, 0.747294
13, 0, 727, 1.49327, 0.809382
14, 0, 726, 2.25647, 0.870929
15, 0, 725, 3.25647, 0.932877
16, 0, 725, 2.84143, 0.994845
17, 0, 725, 2.67151, 1.05727
18, 0, 724, 3.4347, 1.12755
19, 0, 723, 4.1979, 1.18979
20, 0, 723, 3.82437, 1.25226
21, 0, 723, 3.45083, 1.31417
22, 0, 723, 3.2979, 1.37629
23, 0, 723, 3.14497, 1.43804
24, 0, 722, 3.90817, 1.50009
25, 0, 721, 4.26094, 1.56234
26, 0, 721, 3.77597, 1.62474
27, 0, 721, 3.40244, 1.68616
28, 0, 721, 3.1979, 1.74807
29, 0, 721, 3.04497, 1.80971
30, 0, 721, 3.208, 1.87169
31, 0, 721, 3.11489, 1.93376
32, 0, 721, 3.02178, 1.99696
33, 0, 721, 3.18482, 2.05908
34, 0, 721, 3.03368, 2.12278
35, 0, 720, 3.79687, 2.1852
36, 0, 719, 4.56007, 2.24739
37, 0, 719, 4.18654, 2.3097
38, 0, 719, 3.813, 2.37346
39, 0, 719, 3.66007, 2.43557
40, 0, 719, 3.50714, 2.49764
41, 0, 718, 4.50714, 2.56033
42, 0, 718, 4.0921, 2.6224
43, 0, 718, 3.92218, 2.68471
44, 0, 717, 4.68537, 2.74722
45, 0, 716, 5.44857, 2.80953
46, 0, 715, 6.21177, 2.87212
47, 0, 715, 5.83823, 2.93422
48, 0, 715, 5.4647, 2.99634
49, 0, 714, 5.70604, 3.05883
50, 0, 714, 5.5015, 3.12394
51, 0, 714, 5.34857, 3.18664
52, 0, 713, 6.11177, 3.24887
53, 0, 713, 5.73823, 3.32381
54, 0, 713, 5.3647, 3.38608
55, 0, 713, 5.21177, 3.44875
56, 0, 712, 5.45311, 3.51133
57, 0, 711, 6.21631, 3.57368
58, 0, 710, 6.9795, 3.63809
59, 0, 709, 7.9795, 3.70248
60, 0, 709, 7.56447, 3.76697
61, 0, 709, 7.39454, 3.83936
62, 0, 708, 8.15774, 3.92316
63, 0, 708, 7.7842, 3.99288
64, 0, 708, 7.41067, 4.06803
65, 0, 708, 7.25774, 4.13578
66, 0, 707, 7.49908, 4.20185
67, 0, 706, 8.26228, 4.26504
68, 0, 705, 9.02547, 4.32813
69, 0, 705, 8.65194, 4.39095
70, 0, 705, 8.27841, 4.46319
71, 0, 705, 8.12547, 4.52598
72, 0, 705, 7.97254, 4.5894
73, 0, 704, 8.73574, 4.65296
74, 0, 703, 9.73574, 4.71604
75, 0, 703, 9.3207, 4.77883
76, 0, 703, 9.15078, 4.84314
77, 0, 702, 8.91858, 4.90795
78, 0, 701, 10.2667, 4.97093
79, 0, 700, 11.0299, 5.03421
80, 0, 699, 11.7931, 5.09738
81, 0, 699, 11.4196, 5.16021
82, 0, 699, 11.0461, 5.23049
83, 0, 699, 10.8931, 5.29352
84, 0, 698, 11.1345, 5.35668
85, 0, 697, 11.8977, 5.43071
86, 0, 696, 12.8977, 5.49364
87, 0, 696, 12.4826, 5.55679
88, 0, 696, 12.3127, 5.61977
89, 0, 695, 13.0759, 5.68262
90, 0, 694, 13.8391, 5.74568
91, 0, 693, 14.1919, 5.80888
92, 0, 693, 13.7069, 5.87249
93, 0, 692, 14.0597, 5.93592
94, 0, 692, 13.5747, 6.00122
95, 0, 692, 13.3702, 6.06455
96, 0, 692, 13.1656, 6.13528
97, 0, 691, 13.9288, 6.1983
98, 0, 691, 13.5553, 6.26239
99, 0, 691, 13.1818, 6.32582
100, 0, 691, 13.0288, 6.38928
101, 0, 691, 12.8759, 6.45307
102, 0, 691, 12.3909, 6.51691
103, 0, 691, 12.0174, 6.58026
104, 0, 691, 11.8129, 6.64386
105, 0, 690, 11.5807, 6.70739
106, 0, 689, 12.9288, 6.77141
107, 0, 688, 13.692, 6.83497
108, 1, 687, 14.692, 6.89892
109, 2, 687, 14.277, 6.96275
110, 3, 687, 14.1071, 7.0264
111, 4, 686, 15.1071, 7.08998
112, 5, 686, 14.692, 7.15337
113, 6, 686, 14.5221, 7.21661
114, 7, 686, 14.429, 7.28026
115, 8, 686, 14.3359, 7.34518
116, 8, 686, 13.8509, 7.4085
117, 8, 686, 13.4774, 7.47183
118, 8, 686, 13.2729, 7.53538
119, 8, 685, 14.0361, 7.59876
120, 8, 684, 14.7993, 7.6624
121, 8, 684, 14.4257, 7.72615
122, 8, 684, 14.0522, 7.79893
123, 8, 684, 13.8993, 7.86228
124, 8, 683, 14.1406, 7.92615
125, 8, 682, 14.9038, 7.98981
126, 8, 681, 15.667, 8.05745
127, 8, 681, 15.2935, 8.12182
128, 8, 681, 14.9199, 8.18543
129, 8, 680, 15.1613, 8.25042
130, 8, 680, 14.9567, 8.31448
131, 8, 679, 15.1981, 8.3785
132, 8, 678, 15.9613, 8.44238
133, 8, 677, 15.7291, 8.50705
134, 8, 676, 17.0772, 8.57258
135, 8, 676, 16.7037, 8.6371
136, 8, 676, 17.0187, 8.70088
137, 8, 675, 17.7819, 8.76477
138, 8, 674, 18.5451, 8.82895
139, 8, 673, 18.8979, 8.89344
140, 8, 673, 18.4129, 8.95921
141, 8, 673, 18.0394, 9.02307
142, 8, 673, 17.8349, 9.08718
143, 8, 673, 17.6819, 9.15123
144, 8, 672, 18.4451, 9.21521
145, 8, 671, 19.2083, 9.28161
146, 8, 670, 19.9715, 9.34777
147, 8, 669, 20.7347, 9.41208
148, 8, 668, 21.4979, 9.47628
149, 8, 667, 22.2611, 9.54201
150, 8, 667, 21.8876, 9.62286
151, 8, 667, 21.514, 9.68794
152, 8, 667, 21.3611, 9.7519
153, 8, 667, 21.2082, 9.81609
154, 8, 666, 21.9714, 9.90207
155, 8, 666, 21.5978, 9.98261
156, 8, 666, 21.2243, 10.0617
157, 8, 666, 21.0714, 10.1348
158, 8, 666, 20.9184, 10.199
159, 8, 665, 20.6863, 10.2634
160, 8, 664, 22.0344, 10.3281
161, 8, 664, 21.6609, 10.3923
162, 8, 664, 21.1759, 10.457
163, 8, 663, 21.9391, 10.5212
164, 8, 663, 21.5656, 10.5858
165, 8, 663, 21.192, 10.6499
166, 8, 663, 21.0391, 10.7142
167, 8, 663, 20.8862, 10.7782
168, 8, 662, 21.6494, 10.8425
169, 8, 661, 22.4126, 10.9068
170, 8, 661, 22.039, 10.9712
171, 8, 661, 21.6655, 11.0355
172, 8, 661, 21.5126, 11.1091
173, 8, 661, 21.3596, 11.1744
174, 8, 660, 22.1228, 11.2394
175, 8, 659, 22.886, 11.3042
176, 8, 658, 23.6492, 11.3686
177, 8, 657, 23.417, 11.4331
178, 8, 656, 24.7652, 11.4976
179, 8, 655, 25.5284, 11.5624
180, 8, 654, 26.2916, 11.6269
181, 8, 654, 25.9181, 11.696
182, 8, 654, 25.5445, 11.7602
183, 8, 654, 25.3916, 11.8249
184, 8, 654, 25.2387, 11.8897
185, 8, 653, 26.0019, 11.9545
186, 8, 653, 25.6283, 12.0192
187, 8, 652, 25.9811, 12.0839
188, 8, 652, 25.4961, 12.1488
189, 8, 652, 25.3432, 12.2139
190, 8, 652, 25.1387, 12.2792
191, 8, 651, 24.9065, 12.3444
192, 8, 650, 26.2546, 12.4095
193, 8, 649, 27.0178, 12.4747
194, 8, 648, 27.781, 12.5397
195, 8, 647, 28.5442, 12.6049
196, 8, 646, 29.3074, 12.6699
197, 8, 645, 30.0706, 12.7349
198, 8, 644, 30.8338, 12.8002
199, 8, 644, 30.4603, 12.8654
200, 8, 644, 30.0867, 12.9309
201, 8, 644, 29.9338, 12.9963
202, 8, 644, 29.7809, 13.0613
203, 8, 643, 30.5441, 13.1266
204, 8, 643, 30.1705, 13.1919
205, 8, 643, 29.797, 13.2587
206, 8, 643, 29.6441, 13.324
207, 8, 643, 29.4911, 13.3891
208, 8, 642, 30.2543, 13.4542
209, 8, 642, 29.8808, 13.5194
210, 8, 642, 29.5073, 13.585
211, 8, 642, 29.3543, 13.6504
212, 8, 642, 29.2014, 13.7159
213, 8, 641, 29.9646, 13.7814
214, 8, 640, 30.7278, 13.8471
215, 8, 640, 30.3543, 13.9123
216, 8, 640, 29.9807, 13.9778
217, 8, 640, 29.8278, 14.0431
218, 8, 640, 29.6749, 14.1082
219, 8, 639, 30.4381, 14.1735
220, 8, 638, 31.2013, 14.2391
221, 8, 637, 31.9645, 14.3048
222, 8, 636, 32.7277, 14.3703
223, 8, 635, 33.4909, 14.443
224, 8, 634, 34.2541, 14.5089
225, 8, 633, 35.2541, 14.5743
226, 8, 633, 34.839, 14.6395
227, 8, 633, 34.6691, 14.7048
228, 8, 632, 35.4323, 14.7702
229, 8, 632, 35.0588, 14.8357
230, 8, 632, 34.6852, 14.9013
231, 8, 632, 34.5323, 14.9668
232, 8, 632, 34.3794, 15.0325
233, 8, 631, 35.1426, 15.0984
234, 8, 631, 34.769, 15.1641
235, 8, 631, 34.3955, 15.2296
236, 8, 631, 34.2426, 15.2954
237, 8, 631, 34.0896, 15.3613
238, 8, 630, 34.8528, 15.4272
239, 8, 630, 34.4793, 15.4956
240, 8, 630, 34.1058, 15.5779
241, 8, 630, 33.9528, 15.6446
242, 8, 630, 33.7999, 15.7106
243, 8, 629, 34.5631, 15.7767
244, 8, 629, 34.1896, 15.8426
245, 8, 629, 33.816, 15.9097
246, 8, 629, 33.6631, 15.9923
247, 8, 629, 33.5102, 16.0627
248, 8, 628, 34.2734, 16.1327
249, 8, 628, 33.8998, 16.2039
250, 8, 628, 33.5263, 16.2716
251, 8, 628, 33.3734, 16.3528
252, 8, 628, 33.2204, 16.4245
253, 8, 627, 33.9836, 16.4935
254, 8, 626, 34.7468, 16.5645
255, 8, 626, 34.3733, 16.631
256, 8, 626, 33.9997, 16.7004
257, 8, 626, 33.8468, 16.7681
258, 8, 626, 33.6939, 16.8345
259, 8, 625, 33.4617, 16.901
260, 8, 625, 33.4202, 16.9674
261, 8, 624, 35.1249, 17.034
262, 8, 623, 35.8881, 17.1006
263, 8, 622, 36.6513, 17.1668
264, 8, 621, 36.4191, 17.2342
265, 8, 620, 37.7672, 17.3011
266, 8, 619, 38.5304, 17.3687
267, 8, 618, 39.2936, 17.4496
268, 8, 617, 40.2936, 17.5163
269, 8, 617, 39.8786, 17.5832
270, 8, 617, 39.7087, 17.65
271, 8, 616, 40.4719, 17.7165
272, 8, 615, 40.8246, 17.794
273, 8, 615, 40.3397, 17.861
274, 8, 615, 39.9662, 17.9276
275, 8, 615, 39.7616, 17.9943
276, 8, 615, 39.6087, 18.0606
277, 8, 614, 40.3719, 18.1273
278, 8, 614, 39.9983, 18.194
279, 8, 614, 39.6248, 18.2605
280, 8, 613, 39.8662, 18.3271
281, 8, 613, 39.6616, 18.3935
282, 8, 613, 39.5087, 18.4599
283, 8, 612, 39.2765, 18.5265
284, 8, 612, 39.235, 18.5932
285, 8, 612, 39.218, 18.6598
286, 8, 611, 39.9812, 18.7266
287, 8, 610, 40.7444, 18.7933
288, 8, 609, 40.5122, 18.8603
289, 8, 608, 41.8604, 18.9267
290, 8, 607, 42.8604, 18.9933
291, 8, 607, 42.4453, 19.0599
292, 8, 607, 42.2754, 19.1265
293, 8, 606, 43.0386, 19.1931
294, 8, 605, 43.8018, 19.2778
295, 8, 605, 43.4282, 19.3494
296, 8, 605, 43.0547, 19.4163
297, 8, 605, 42.9018, 19.4836
298, 8, 605, 42.7489, 19.5505
299, 8, 604, 43.7489, 19.6174
300, 8, 604, 43.3338, 19.6841
301, 8, 604, 43.1639, 19.7508
302, 8, 603, 43.9271, 19.8189
303, 8, 602, 44.6903, 19.8859
304, 8, 601, 44.4581, 19.953
305, 8, 600, 45.8062, 20.034
306, 8, 599, 46.8062, 20.1012
307, 8, 599, 46.3912, 20.1683
308, 8, 599, 46.2213, 20.2353
309, 8, 598, 46.9845, 20.3025
310, 8, 597, 47.7477, 20.3698
311, 8, 597, 47.3741, 20.4369
312, 8, 597, 47.0006, 20.5042
313, 8, 597, 46.8477, 20.5718
314, 8, 597, 46.6947, 20.639
315, 8, 596, 47.4579, 20.7057
316, 8, 595, 48.2211, 20.773
317, 8, 595, 47.8476, 20.8422
318, 8, 594, 48.2004, 20.9109
319, 8, 594, 47.7154, 20.992
320, 8, 594, 47.5625, 21.0603
321, 8, 594, 47.3579, 21.1353
322, 8, 593, 48.1211, 21.2026
323, 8, 592, 48.8843, 21.2699
324, 8, 591, 49.6475, 21.3385
325, 8, 590, 50.6475, 21.4073
326, 8, 590, 50.2325, 21.4747
327, 8, 590, 50.0626, 21.5419
328, 8, 589, 50.8258, 21.6091
329, 8, 589, 50.4522, 21.676
330, 8, 589, 50.0787, 21.7432
331, 8, 589, 49.9258, 21.8103
332, 8, 589, 49.7728, 21.8775
333, 8, 588, 50.536, 21.949
334, 8, 588, 50.1625, 22.0167
335, 8, 588, 49.789, 22.0841
336, 8, 588, 49.636, 22.1516
337, 8, 588, 49.4831, 22.2191
338, 8, 587, 49.2509, 22.2882
339, 8, 586, 50.5991, 22.3558
340, 8, 585, 51.3623, 22.4234
341, 8, 584, 52.3623, 22.4931
342, 8, 584, 51.9472, 22.5618
343, 8, 584, 51.7773, 22.6331
344, 8, 583, 52.5405, 22.7008
345, 8, 583, 52.167, 22.7683
346, 8, 583, 51.7934, 22.8357
347, 8, 583, 51.6405, 22.919
348, 8, 583, 51.4876, 22.9877
349, 8, 582, 52.2508, 23.0555
350, 8, 582, 51.8772, 23.1229
351, 8, 582, 51.5037, 23.1907
352, 8, 582, 51.3508, 23.2583
353, 8, 582, 51.1978, 23.3259
354, 8, 581, 51.961, 23.3936
355, 8, 581, 51.5875, 23.4606
356, 8, 581, 51.214, 23.5281
357, 8, 581, 51.061, 23.596
358, 8, 581, 50.9081, 23.6634
359, 8, 580, 51.6713, 23.7309
360, 8, 579, 52.4345, 23.7986
361, 8, 579, 52.061, 23.8686
362, 8, 579, 51.6874, 23.9359
363, 8, 579, 51.5345, 24.0035
364, 8, 579, 51.3816, 24.0705
365, 8, 579, 51.2978, 24.138
366, 8, 579, 51.214, 24.2058
367, 8, 578, 51.9772, 24.2734
368, 8, 577, 52.7404, 24.341
369, 8, 576, 53.7404, 24.4087
370, 8, 576, 53.3253, 24.4832
371, 8, 576, 53.1554, 24.5508
372, 8, 575, 52.9232, 24.6183
373, 8, 574, 54.2714, 24.6865
374, 8, 574, 53.8978, 24.7542
375, 8, 574, 53.4129, 24.8221
376, 8, 573, 54.1761, 24.8903
377, 8, 573, 53.8025, 24.9581
378, 8, 573, 53.429, 25.0273
379, 8, 573, 53.2761, 25.0948
380, 8, 573, 53.1231, 25.1627
381, 8, 572, 53.8863, 25.2304
382, 8, 571, 54.6495, 25.2981
383, 8, 571, 54.276, 25.3657
384, 8, 571, 53.9025, 25.4336
385, 8, 571, 53.7495, 25.5013
386, 8, 571, 53.5966, 25.5862
387, 8, 571, 53.1116, 25.6555
388, 8, 571, 52.7381, 25.7234
389, 8, 571, 52.5336, 25.7909
390, 8, 570, 53.2968, 25.8588
391, 8, 570, 52.9232, 25.9265
392, 8, 570, 52.7703, 25.9942
393, 8, 570, 52.6865, 26.062
394, 8, 569, 53.6865, 26.1297
395, 8, 569, 53.2715, 26.1973
396, 8, 569, 53.1015, 26.2651
397, 8, 568, 53.8647, 26.333
398, 8, 567, 54.6279, 26.401
399, 8, 567, 54.2544, 26.469
400, 8, 567, 53.8809, 26.5365
401, 8, 567, 53.7279, 26.6068
402, 8, 567, 53.575, 26.6744
403, 8, 567, 53.4912, 26.7421
404, 8, 566, 54.2544, 26.81
405, 8, 566, 53.8809, 26.8779
406, 8, 566, 53.5073, 26.9458
407, 8, 566, 53.3544, 27.0147
408, 8, 566, 53.2015, 27.0824
409, 8, 566, 53.1177, 27.1528
410, 8, 566, 53.0246, 27.2206
411, 8, 566, 52.8716, 27.2885
412, 8, 566, 52.3867, 27.3586
413, 8, 566, 52.3029, 27.4266
414, 8, 565, 53.0661, 27.4959
415, 8, 564, 52.8339, 27.5641
416, 8, 564, 52.7924, 27.6323
417, 8, 563, 54.4971, 27.703
418, 8, 563, 54.1235, 27.7798
419, 8, 563, 53.5455, 27.8484
420, 8, 563, 53.3925, 27.9167
421, 8, 562, 54.1557, 27.9849
422, 8, 561, 54.9189, 28.053
423, 8, 561, 54.5454, 28.121
424, 8, 561, 54.1718, 28.1891
425, 8, 561, 54.0189, 28.257
426, 8, 561, 53.866, 28.3249
427, 8, 561, 53.7822, 28.3931
428, 8, 560, 54.7822, 28.4612
429, 8, 560, 54.3671, 28.5292
430, 8, 560, 54.1972, 28.5974
431, 8, 560, 54.1041, 28.6654
432, 8, 560, 54.011, 28.7335
433, 8, 560, 53.9272, 28.8207
434, 8, 559, 54.6904, 28.8899
435, 8, 558, 55.4536, 28.9583
436, 8, 558, 55.0801, 29.0261
437, 8, 558, 54.7065, 29.0943
438, 8, 558, 54.5536, 29.1626
439, 8, 558, 54.4007, 29.231
440, 8, 557, 55.4007, 29.2993
441, 8, 557, 54.9856, 29.368
442, 8, 557, 54.8157, 29.4366
443, 8, 557, 54.7319, 29.5051
444, 8, 557, 54.6789, 29.574
445, 8, 557, 54.5951, 29.6521
446, 8, 557, 54.4846, 29.7213
447, 8, 557, 54.3915, 29.79
448, 8, 557, 54.3077, 29.8586
449, 8, 557, 54.2239, 29.927
450, 8, 557, 54.1401, 29.9954
451, 8, 556, 55.1401, 30.0639
452, 8, 556, 54.7251, 30.1333
453, 8, 556, 54.5551, 30.2016
454, 8, 556, 54.4713, 30.2701
455, 8, 556, 54.3782, 30.3386
456, 8, 556, 54.2944, 30.4072
457, 8, 556, 54.2013, 30.4755
458, 8, 556, 54.1175, 30.5443
459, 8, 555, 54.8807, 30.6129
460, 8, 554, 54.6485, 30.6813
461, 8, 553, 55.9967, 30.7495
462, 8, 552, 56.3495, 30.8181
463, 8, 552, 55.8645, 30.8871
464, 8, 552, 55.3795, 30.9563
465, 8, 551, 56.1427, 31.0249
466, 8, 551, 55.7692, 31.1015
467, 8, 551, 55.3957, 31.1703
468, 8, 551, 55.2427, 31.239
469, 8, 551, 55.0898, 31.308
470, 8, 550, 56.0898, 31.3766
471, 8, 550, 55.6748, 31.4456
472, 8, 550, 55.5048, 31.514
473, 8, 549, 56.268, 31.5829
474, 8, 548, 57.0312, 31.6516
475, 8, 547, 57.7944, 31.723
476, 8, 546, 57.5622, 31.7919
477, 8, 545, 58.9104, 31.861
478, 8, 544, 59.1001, 31.93
479, 8, 544, 59.007, 31.9988
480, 8, 544, 58.9232, 32.0675
481, 8, 544, 58.8127, 32.1366
482, 8, 544, 58.7289, 32.2054
483, 8, 544, 58.67, 32.2744
484, 8, 544, 58.617, 32.3431
485, 8, 544, 58.5332, 32.4123
486, 8, 544, 58.4494, 32.4811
487, 8, 544, 58.3656, 32.5517
488, 8, 544, 58.2818, 32.6208
489, 8, 544, 58.198, 32.6897
490, 8, 543, 58.3878, 32.7587
491, 8, 543, 58.304, 32.8275
492, 8, 543, 58.251, 32.8966
493, 8, 543, 58.1405, 32.9657
494, 8, 543, 57.9875, 33.0348
495, 8, 543, 57.877, 33.1042
496, 8, 543, 57.824, 33.1773
497, 8, 542, 59.8092, 33.2458
498, 8, 541, 60.5724, 33.3151
499, 8, 540, 61.3355, 33.386
500, 8, 540, 60.962, 33.4551
501, 8, 540, 60.5885, 33.5244
502, 8, 540, 60.4355, 33.5938
503, 8, 539, 60.6769, 33.663
504, 8, 538, 61.4401, 33.7496
505, 8, 537, 61.2079, 33.8198
506, 8, 536, 62.5561, 33.8895
507, 8, 535, 63.3193, 33.9587
508, 8, 534, 64.0824, 34.028
509, 8, 534, 63.7089, 34.0968
510, 8, 534, 63.224, 34.1659
511, 8, 533, 63.9871, 34.2351
512, 8, 532, 64.7503, 34.3047
513, 8, 532, 64.3768, 34.3757
514, 8, 532, 64.0033, 34.4521
515, 8, 532, 63.8503, 34.5217
516, 8, 532, 63.6974, 34.591
517, 8, 531, 64.6974, 34.6605
518, 8, 531, 64.2824, 34.7303
519, 8, 531, 64.1125, 34.7996
520, 8, 530, 64.8756, 34.8689
521, 8, 529, 65.2284, 34.9399
522, 8, 529, 64.7435, 35.01
523, 8, 529, 64.3699, 35.0794
524, 8, 529, 64.1654, 35.149
525, 8, 529, 64.0125, 35.2184
526, 8, 528, 64.7756, 35.2911
527, 8, 527, 65.1284, 35.361
528, 8, 527, 64.6435, 35.4305
529, 8, 527, 64.2699, 35.4996
530, 8, 527, 64.0654, 35.5692
531, 8, 527, 63.9125, 35.6386
532, 8, 526, 63.6803, 35.7083
533, 8, 525, 65.0284, 35.7784
534, 8, 525, 64.6549, 35.8478
535, 8, 525, 64.1699, 35.9171
536, 8, 524, 64.9331, 35.9892
537, 8, 523, 65.2859, 36.0591
538, 8, 523, 64.8009, 36.129
539, 8, 523, 64.4274, 36.1994
540, 8, 523, 64.2229, 36.2692
541, 8, 523, 64.0699, 36.3389
542, 8, 522, 65.0699, 36.4084
543, 8, 522, 64.6549, 36.4802
544, 8, 522, 64.485, 36.5501
545, 8, 522, 64.4012, 36.6199
546, 8, 522, 64.3482, 36.6897
547, 8, 522, 64.255, 36.7595
548, 8, 522, 64.1445, 36.8288
549, 8, 522, 63.9916, 36.8983
550, 8, 522, 63.7871, 36.9683
551, 8, 521, 64.5503, 37.0378
552, 8, 521, 64.1767, 37.1076
553, 8, 521, 63.8032, 37.1774
554, 8, 521, 63.6503, 37.2473
555, 8, 521, 63.4973, 37.3174
556, 8, 520, 64.4973, 37.3875
557, 8, 520, 64.0823, 37.4586
558, 8, 520, 63.9124, 37.5287
559, 8, 519, 64.6756, 37.5987
560, 8, 518, 65.4388, 37.6684
561, 8, 518, 65.0652, 37.7396
562, 8, 518, 64.9547, 37.8292
563, 8, 517, 65.1445, 37.9301
564, 8, 517, 65.0514, 38.0008
565, 8, 517, 64.9676, 38.0706
566, 8, 517, 64.4826, 38.1407
567, 8, 516, 65.2458, 38.2112
568, 8, 516, 64.8723, 38.2809
569, 8, 516, 64.4987, 38.3509
570, 8, 516, 64.3458, 38.421
571, 8, 515, 64.5871, 38.491
572, 8, 515, 64.3826, 38.5607
573, 8, 515, 64.2988, 38.6302
574, 8, 514, 65.062, 38.6995
575, 8, 513, 65.8252, 38.7694
576, 8, 512, 66.5884, 38.8391
577, 8, 512, 66.2149, 38.9092
578, 8, 512, 65.8413, 38.9794
579, 8, 512, 65.6884, 39.0492
580, 8, 512, 65.5355, 39.1235
581, 8, 511, 66.5355, 39.194
582, 8, 511, 66.1204, 39.2657
583, 8, 511, 65.9505, 39.3356
584, 8, 510, 66.7137, 39.4054
585, 8, 509, 67.0665, 39.4755
586, 8, 509, 66.5815, 39.5457
587, 8, 509, 66.208, 39.6157
588, 8, 509, 66.0034, 39.686
589, 8, 509, 65.8505, 39.756
590, 8, 508, 66.6137, 39.8264
591, 8, 507, 67.3769, 39.8962
592, 8, 507, 67.0034, 39.968
593, 8, 507, 66.6298, 40.0382
594, 8, 507, 66.4769, 40.1085
595, 8, 507, 66.324, 40.1784
596, 8, 507, 66.2402, 40.2484
597, 8, 506, 67.0034, 40.3187
598, 8, 505, 67.7666, 40.3888
599, 8, 505, 67.393, 40.459
600, 8, 505, 67.0195, 40.5574
601, 8, 505, 66.8666, 40.6277
602, 8, 504, 67.1079, 40.6982
603, 8, 503, 67.8711, 40.7681
604, 8, 502, 68.6343, 40.8384
605, 8, 502, 68.2608, 40.9084
606, 8, 501, 68.6135, 40.9786
607, 8, 501, 68.1286, 41.0499
608, 8, 501, 67.9756, 41.1293
609, 8, 501, 67.7711, 41.2
610, 8, 501, 67.5666, 41.2706
611, 8, 501, 67.0816, 41.3411
612, 8, 501, 66.4446, 41.4115
613, 8, 501, 66.6666, 41.4818
614, 8, 501, 66.5828, 41.5521
615, 8, 501, 66.499, 41.622
616, 8, 500, 67.2622, 41.6942
617, 8, 499, 68.0254, 41.765
618, 8, 499, 67.6518, 41.8357
619, 8, 499, 67.2783, 41.9141
620, 8, 498, 67.5196, 41.9848
621, 8, 498, 67.3151, 42.0553
622, 8, 498, 67.1622, 42.1256
623, 8, 498, 67.0784, 42.1956
624, 8, 498, 67.0254, 42.2658
625, 8, 498, 66.9149, 42.3358
626, 8, 497, 67.6781, 42.4059
627, 8, 496, 68.4413, 42.4775
628, 8, 496, 68.0677, 42.5666
629, 8, 496, 67.6942, 42.6396
630, 8, 496, 67.5413, 42.7101
631, 8, 496, 67.3883, 42.7912
632, 8, 496, 67.3045, 42.8623
633, 8, 495, 68.3045, 42.9332
634, 8, 495, 67.8895, 43.005
635, 8, 495, 67.7196, 43.1005
636, 8, 494, 68.4828, 43.1722
637, 8, 493, 69.246, 43.2452
638, 8, 493, 68.8724, 43.3157
639, 8, 493, 68.4989, 43.3859
640, 8, 493, 68.346, 43.4569
641, 8, 493, 68.193, 43.5276
642, 8, 493, 68.1092, 43.6259
643, 8, 492, 69.1092, 43.7026
644, 8, 492, 68.6942, 43.7731
645, 8, 492, 68.5243, 43.8435
646, 8, 491, 69.2875, 43.9139
647, 8, 490, 69.6402, 43.9844
648, 8, 490, 69.1553, 44.0549
649, 8, 489, 69.9185, 44.1253
650, 8, 488, 70.6817, 44.1961
651, 8, 488, 70.3081, 44.2664
652, 8, 488, 69.9346, 44.3406
653, 8, 487, 70.1759, 44.4135
654, 8, 487, 69.9714, 44.4926
655, 8, 487, 69.8185, 44.5635
656, 8, 487, 69.3335, 44.6342
657, 8, 486, 70.0967, 44.7045
658, 8, 485, 70.4495, 44.775
659, 8, 485, 69.9645, 44.8457
660, 8, 485, 69.591, 44.9164
661, 8, 485, 69.3864, 44.9869
662, 8, 485, 69.2335, 45.0575
663, 8, 485, 69.123, 45.1282
664, 8, 484, 69.8862, 45.1999
665, 8, 483, 70.6494, 45.2705
666, 8, 483, 70.2759, 45.341
667, 8, 483, 69.9023, 45.4117
668, 8, 482, 70.1437, 45.4828
669, 8, 482, 69.9391, 45.5536
670, 8, 482, 69.7862, 45.6272
671, 8, 482, 69.6757, 45.6977
672, 8, 481, 70.4389, 45.7687
673, 8, 480, 71.2021, 45.8556
674, 8, 480, 70.8286, 45.9355
675, 8, 480, 70.455, 46.0066
676, 8, 480, 70.3021, 46.079
677, 8, 480, 70.1492, 46.1498
678, 8, 480, 70.0654, 46.2208
679, 8, 479, 70.8286, 46.2918
680, 8, 479, 70.455, 46.3626
681, 8, 479, 70.0815, 46.4333
682, 8, 479, 69.9286, 46.5039
683, 8, 479, 69.7756, 46.5745
684, 8, 479, 69.5711, 46.6454
685, 8, 479, 69.4873, 46.7181
686, 8, 479, 69.3942, 46.7889
687, 8, 479, 69.3104, 46.8598
688, 8, 479, 69.2266, 46.931
689, 8, 479, 69.1428, 47.0018
690, 8, 478, 69.906, 47.0725
691, 8, 478, 69.7531, 47.1503
692, 8, 478, 69.5485, 47.2217
693, 8, 478, 69.344, 47.2922
694, 8, 477, 69.6967, 47.3626
695, 8, 477, 69.2118, 47.4333
696, 8, 477, 69.1013, 47.5039
697, 8, 476, 69.8645, 47.5783
698, 8, 475, 70.6277, 47.6597
699, 8, 474, 71.3909, 47.731
700, 8, 474, 71.0173, 47.8099
701, 8, 474, 70.6438, 47.8812
702, 8, 474, 70.4909, 47.9522
703, 8, 474, 70.3379, 48.0235
704, 8, 473, 71.1011, 48.0946
705, 8, 472, 71.8643, 48.1843
706, 8, 472, 71.4908, 48.2562
707, 8, 472, 71.1173, 48.3271
708, 8, 472, 70.9643, 48.3982
709, 8, 472, 70.8114, 48.4691
710, 8, 471, 71.5746, 48.5406
711, 8, 471, 71.2011, 48.6117
712, 8, 471, 70.8275, 48.6827
713, 8, 471, 70.6746, 48.7539
714, 8, 471, 70.5217, 48.825
715, 8, 471, 70.4379, 48.8962
716, 8, 470, 71.2011, 48.9675
717, 8, 469, 70.9689, 49.0387
718, 8, 468, 72.317, 49.1103
719, 8, 468, 71.9435, 49.1817
720, 8, 468, 72.2585, 49.2529
721, 8, 468, 71.6805, 49.34
722, 8, 467, 72.4437, 49.4125
723, 8, 466, 73.2069, 49.4841
724, 8, 465, 73.9701, 49.5564
725, 8, 465, 73.5965, 49.6281
726, 8, 465, 73.223, 49.6997
727, 8, 465, 73.0701, 49.7712
728, 8, 465, 72.9171, 49.8427
729, 8, 464, 73.6803, 49.9143
730, 8, 464, 73.3068, 49.9859
731, 8, 464, 72.9333, 50.0576
732, 8, 464, 72.7803, 50.1291
733, 8, 464, 72.6274, 50.2006
734, 8, 464, 72.4745, 50.2722
735, 8, 464, 72.3907, 50.3438
736, 8, 464, 72.3069, 50.4149
737, 8, 464, 72.2231, 50.4863
738, 8, 463, 73.2231, 50.5577
739, 8, 463, 72.808, 50.644
740, 8, 463, 72.6381, 50.7163
741, 8, 463, 72.5543, 50.8006
742, 8, 462, 73.3175, 50.874
743, 8, 462, 73.2502, 50.9454
744, 8, 462, 73.0972, 51.0166
745, 9, 462, 73.0383, 51.0965
746, 10, 462, 72.9794, 51.1694
747, 10, 462, 72.8956, 51.2409
748, 10, 462, 72.8118, 51.3124
749, 10, 461, 73.8118, 51.3837
750, 10, 461, 73.3968, 51.4552
751, 10, 461, 73.2269, 51.5267
752, 10, 461, 73.1338, 51.5981
753, 10, 461, 73.0407, 51.6698
754, 10, 461, 72.9302, 51.7415
755, 10, 461, 72.5566, 51.8145
756, 10, 461, 72.5036, 51.8858
757, 10, 461, 72.4105, 51.9574
758, 10, 461, 72.3, 52.0298
759, 10, 461, 72.2559, 52.1016
760, 10, 461, 72.2029, 52.1766
761, 10, 461, 71.9984, 52.2479
762, 10, 461, 71.9454, 52.3194
763, 10, 461, 71.8616, 52.3912
764, 10, 460, 72.8616, 52.4792
765, 10, 460, 72.4465, 52.5513
766, 10, 460, 72.2766, 52.6231
767, 10, 460, 72.1928, 52.6941
768, 10, 459, 71.9606, 52.7652
769, 10, 458, 73.3088, 52.837
770, 10, 457, 74.072, 52.9084
771, 10, 456, 74.8352, 52.9802
772, 10, 455, 75.5984, 53.0519
773, 10, 454, 76.3616, 53.1236
774, 10, 453, 77.1248, 53.1967
775, 10, 453, 76.7512, 53.2708
776, 10, 453, 76.3777, 53.349
777, 10, 453, 76.2248, 53.4208
778, 10, 453, 76.0718, 53.4925
779, 10, 452, 76.835, 53.5641
780, 10, 452, 76.4615, 53.6359
781, 10, 452, 76.088, 53.7074
782, 10, 452, 75.935, 53.7791
783, 10, 452, 75.7821, 53.852
784, 10, 451, 76.5453, 53.9239
785, 10, 451, 76.1718, 53.9957
786, 10, 451, 75.7982, 54.0677
787, 10, 451, 75.6453, 54.1399
788, 10, 451, 75.4924, 54.212
789, 10, 450, 76.4924, 54.2833
790, 10, 450, 76.0773, 54.3551
791, 10, 450, 75.9074, 54.4354
792, 10, 450, 75.4224, 54.5077
793, 10, 449, 75.7752, 54.5796
794, 10, 449, 75.2903, 54.6514
795, 10, 449, 75.0857, 54.7232
796, 10, 448, 75.8489, 54.7953
797, 10, 447, 76.6121, 54.867
798, 10, 447, 76.2386, 54.9392
799, 10, 447, 75.865, 55.0127
800, 10, 447, 75.7121, 55.0844
801, 10, 447, 75.5592, 55.1563
802, 10, 446, 76.3224, 55.2278
803, 10, 446, 75.9488, 55.2998
804, 10, 446, 75.5753, 55.3719
805, 10, 446, 75.2018, 55.4445
806, 10, 446, 74.8282, 55.5161
807, 10, 445, 75.5914, 55.5883
808, 10, 444, 76.3546, 55.6604
809, 10, 444, 76.2017, 55.7323
810, 10, 444, 75.8282, 55.8041
811, 10, 444, 75.7444, 55.876
812, 10, 444, 75.5914, 55.9487
813, 10, 443, 76.3546, 56.0205
814, 10, 443, 76.2017, 56.0923
815, 10, 443, 75.8282, 56.1641
816, 10, 443, 75.7444, 56.2359
817, 10, 443, 75.2594, 56.308
818, 10, 443, 74.8859, 56.38
819, 10, 443, 74.6813, 56.4631
820, 10, 442, 75.4445, 56.5351
821, 10, 441, 76.2077, 56.6067
822, 10, 441, 75.8342, 56.6791
823, 10, 441, 75.4607, 56.7507
824, 10, 441, 75.3077, 56.8231
825, 10, 441, 75.1548, 56.8953
826, 10, 440, 75.918, 56.9673
827, 10, 439, 76.6812, 57.0577
828, 10, 438, 77.4444, 57.1308
829, 10, 438, 77.0709, 57.2033
830, 10, 438, 76.6973, 57.2756
831, 10, 438, 76.5444, 57.3478
832, 10, 438, 76.3915, 57.4202
833, 10, 437, 77.3915, 57.4946
834, 10, 437, 76.9764, 57.5665
835, 10, 437, 76.8065, 57.6389
836, 10, 436, 77.5697, 57.7113
837, 10, 436, 77.1962, 57.7909
838, 10, 436, 76.8226, 57.8637
839, 10, 436, 76.6697, 57.94
840, 10, 436, 76.5168, 58.0126
841, 10, 435, 77.28, 58.085
842, 10, 434, 78.0431, 58.1578
843, 10, 433, 78.8063, 58.2304
844, 10, 433, 78.4328, 58.3026
845, 10, 433, 78.0593, 58.3752
846, 10, 432, 78.3006, 58.448
847, 10, 432, 78.5225, 58.5207
848, 10, 431, 79.2857, 58.5933
849, 10, 431, 78.9122, 58.6664
850, 10, 431, 78.5387, 58.7387
851, 10, 431, 78.3857, 58.8113
852, 10, 431, 78.2328, 58.8839
853, 10, 431, 78.149, 58.9562
854, 10, 430, 78.9122, 59.0289
855, 10, 429, 79.6754, 59.1014
856, 10, 429, 79.3019, 59.174
857, 10, 429, 78.9283, 59.2467
858, 10, 429, 78.7754, 59.32
859, 10, 429, 78.6225, 59.3929
860, 10, 428, 78.3903, 59.4655
861, 10, 427, 79.7384, 59.5387
862, 10, 426, 80.5016, 59.6118
863, 10, 425, 81.2648, 59.6847
864, 10, 425, 80.8913, 59.7578
865, 10, 425, 80.5178, 59.8308
866, 10, 425, 80.3648, 59.9035
867, 10, 424, 80.6062, 59.9767
868, 10, 423, 81.3694, 60.0662
869, 10, 422, 82.1326, 60.1414
870, 10, 422, 81.759, 60.2142
871, 10, 422, 81.3855, 60.2872
872, 10, 421, 81.6268, 60.3602
873, 10, 421, 81.4223, 60.4336
874, 10, 421, 81.2694, 60.5065
875, 10, 420, 82.2694, 60.579
876, 10, 420, 81.8543, 60.6516
877, 10, 420, 81.6844, 60.7382
878, 10, 419, 82.4476, 60.827
879, 10, 418, 83.2108, 60.9007
880, 10, 417, 83.974, 60.9758
881, 10, 417, 83.6005, 61.0491
882, 10, 417, 83.2269, 61.1282
883, 10, 417, 83.074, 61.2016
884, 10, 417, 82.9211, 61.2747
885, 10, 416, 83.6843, 61.348
886, 10, 416, 83.3107, 61.4213
887, 10, 416, 82.9372, 61.51
888, 10, 415, 83.1785, 61.5856
889, 10, 415, 82.974, 61.6727
890, 10, 415, 82.8211, 61.7464
891, 10, 415, 82.6165, 61.8195
892, 10, 414, 83.6165, 61.893
893, 10, 414, 83.2015, 61.9659
894, 10, 414, 83.0316, 62.039
895, 10, 413, 83.7948, 62.1117
896, 10, 412, 84.558, 62.1847
897, 10, 412, 84.405, 62.2586
898, 10, 411, 84.1728, 62.3314
899, 10, 410, 85.521, 62.4045
900, 10, 409, 86.2842, 62.4782
901, 10, 408, 87.0474, 62.5512
902, 10, 408, 86.6739, 62.6244
903, 10, 407, 87.0266, 62.6977
904, 10, 407, 87.3417, 62.7712
905, 10, 407, 86.7636, 62.8441
906, 10, 406, 87.0049, 62.917
907, 10, 406, 86.8004, 63.0052
908, 10, 406, 86.537, 63.1023
909, 10, 405, 86.3048, 63.1765
910, 10, 405, 86.2633, 63.25
911, 10, 404, 87.968, 63.3234
912, 10, 404, 87.483, 63.3984
913, 10, 403, 88.2462, 63.472
914, 10, 402, 89.0094, 63.5453
915, 10, 401, 89.7726, 63.6188
916, 10, 400, 90.1254, 63.6923
917, 10, 400, 89.6404, 63.7658
918, 10, 400, 89.2669, 63.839
919, 10, 400, 89.0623, 63.9127
920, 10, 400, 88.9094, 63.9862
921, 10, 399, 89.6726, 64.06
922, 10, 399, 89.2991, 64.1339
923, 10, 398, 89.6518, 64.2076
924, 10, 398, 89.1669, 64.2809
925, 10, 398, 89.0139, 64.3544
926, 10, 398, 88.8094, 64.4508
927, 10, 397, 88.9991, 64.5262
928, 10, 397, 88.8886, 64.6003
929, 10, 396, 89.6518, 64.6741
930, 10, 395, 89.4196, 64.75
931, 10, 394, 90.7678, 64.8238
932, 10, 394, 90.3943, 64.8979
933, 10, 394, 89.9093, 64.9718
934, 10, 393, 90.6725, 65.0456
935, 10, 392, 91.4357, 65.1194
936, 10, 391, 92.1989, 65.1936
937, 10, 391, 91.8254, 65.2674
938, 10, 391, 91.4518, 65.3411
939, 10, 390, 91.6932, 65.4152
940, 10, 390, 91.4886, 65.4894
941, 10, 390, 91.3357, 65.563
942, 10, 389, 92.0989, 65.6367
943, 10, 389, 91.7254, 65.7102
944, 10, 389, 91.3518, 65.7842
945, 10, 389, 91.1989, 65.8583
946, 10, 389, 91.046, 65.9487
947, 10, 389, 90.561, 66.0234
948, 10, 389, 90.1875, 66.0972
949, 10, 389, 89.9829, 66.1711
950, 10, 389, 89.8991, 66.245
951, 10, 389, 89.7886, 66.3188
952, 10, 388, 90.7886, 66.3926
953, 10, 388, 90.3736, 66.4665
954, 10, 388, 90.2037, 66.5406
955, 10, 387, 91.2037, 66.6144
956, 10, 387, 90.7886, 66.6884
957, 10, 387, 90.6187, 66.7621
958, 10, 386, 91.3819, 66.836
959, 10, 385, 92.3819, 66.9111
960, 10, 385, 91.9669, 66.9852
961, 10, 385, 91.7969, 67.0594
962, 10, 384, 92.5601, 67.1334
963, 10, 384, 92.1866, 67.2073
964, 10, 384, 91.8131, 67.2813
965, 10, 384, 91.6601, 67.3551
966, 10, 384, 91.5072, 67.4336
967, 10, 384, 91.4234, 67.5072
968, 10, 383, 91.1912, 67.581
969, 10, 382, 92.5394, 67.6551
970, 10, 381, 92.3072, 67.7294
971, 10, 380, 93.6553, 67.812
972, 10, 379, 94.4185, 67.8862
973, 10, 378, 95.4185, 67.9602
974, 10, 378, 95.0035, 68.0345
975, 10, 378, 94.8336, 68.1085
976, 10, 377, 95.5968, 68.1854
977, 10, 377, 95.1118, 68.2598
978, 10, 377, 94.7383, 68.336
979, 10, 377, 94.5337, 68.4105
980, 10, 376, 95.2969, 68.4847
981, 10, 375, 96.0601, 68.5607
982, 10, 374, 96.8233, 68.6352
983, 10, 374, 96.4498, 68.7107
984, 10, 374, 96.0763, 68.7853
985, 10, 374, 95.9233, 68.8596
986, 10, 374, 95.7704, 68.9341
987, 10, 373, 96.7704, 69.0086
988, 10, 373, 96.3554, 69.083
989, 10, 373, 96.1854, 69.1575
990, 10, 372, 96.9486, 69.2317
991, 10, 372, 96.5751, 69.3061
992, 10, 372, 96.2016, 69.3985
993, 10, 372, 96.0486, 69.4738
994, 10, 372, 95.8957, 69.5481
995, 10, 372, 95.4107, 69.6225
996, 10, 371, 95.7635, 69.6975
997, 10, 371, 95.2785, 69.7718
998, 10, 371, 95.074, 69.8463
999, 10, 370, 95.8372, 69.9204
1000, 10, 369, 96.6004, 69.9947
1001, 10, 368, 96.9532, 70.0687
1002, 10, 368, 96.4682, 70.1431
1003, 10, 368, 96.0947, 70.2196
1004, 10, 368, 95.8901, 70.2938
1005, 10, 368, 95.7372, 70.3677
1006, 10, 367, 96.5004, 70.4418
1007, 10, 366, 97.2636, 70.5164
1008, 10, 366, 96.8901, 70.6059
1009, 10, 366, 96.5165, 70.6812
1010, 10, 366, 96.3636, 70.759
1011, 10, 365, 96.6049, 70.8337
1012, 10, 364, 96.3727, 70.9209
1013, 10, 363, 97.7209, 70.9959
1014, 10, 362, 98.4841, 71.0726
1015, 10, 361, 99.2473, 71.1552
1016, 10, 360, 99.6001, 71.2308
1017, 10, 360, 99.1151, 71.3084
1018, 10, 360, 98.7416, 71.3832
1019, 10, 360, 98.537, 71.4578
1020, 10, 360, 98.3841, 71.5354
1021, 10, 359, 99.1473, 71.6105
1022, 10, 358, 99.9105, 71.6851
1023, 10, 358, 99.537, 71.7711
1024, 10, 358, 99.1634, 71.846
1025, 10, 358, 99.0105, 71.9244
1026, 10, 358, 98.8576, 71.9994
1027, 10, 357, 98.6254, 72.074
1028, 10, 356, 99.9735, 72.1495
1029, 10, 356, 99.4886, 72.2246
1030, 10, 355, 100.489, 72.299
1031, 10, 355, 100.074, 72.3779
1032, 10, 355, 99.9036, 72.4527
1033, 10, 355, 99.8198, 72.5272
1034, 10, 354, 100.82, 72.6079
1035, 10, 354, 100.405, 72.6838
1036, 10, 354, 100.235, 72.7586
1037, 10, 353, 100.998, 72.8329
1038, 10, 352, 101.761, 72.9075
1039, 10, 352, 101.388, 72.9821
1040, 10, 352, 101.014, 73.0567
1041, 10, 352, 100.861, 73.1328
1042, 10, 352, 100.708, 73.2076
1043, 10, 351, 101.708, 73.2854
1044, 10, 351, 101.293, 73.3604
1045, 10, 351, 101.123, 73.435
1046, 10, 351, 101.04, 73.5097
1047, 10, 351, 100.956, 73.5874
1048, 10, 351, 100.751, 73.662
1049, 10, 350, 100.941, 73.737
1050, 10, 350, 100.83, 73.8118
1051, 10, 350, 100.747, 73.8883
1052, 10, 350, 100.654, 73.9805
1053, 10, 350, 100.57, 74.0558
1054, 10, 350, 100.486, 74.1306
1055, 10, 350, 100.402, 74.2053
1056, 10, 349, 101.165, 74.2802
1057, 10, 349, 100.792, 74.3547
1058, 10, 349, 100.418, 74.4363
1059, 10, 348, 100.66, 74.5119
1060, 10, 348, 100.455, 74.5869
1061, 10, 348, 100.302, 74.6617
1062, 10, 347, 101.065, 74.7367
1063, 10, 346, 101.829, 74.8116
1064, 10, 346, 101.455, 74.8865
1065, 10, 346, 101.081, 74.9612
1066, 10, 346, 100.929, 75.0362
1067, 10, 346, 100.776, 75.1107
1068, 10, 346, 100.623, 75.1856
1069, 10, 346, 100.418, 75.2605
1070, 10, 346, 100.334, 75.3351
1071, 10, 345, 101.334, 75.4097
1072, 10, 345, 100.919, 75.4844
1073, 10, 345, 100.749, 75.559
1074, 10, 345, 100.656, 75.6362
1075, 10, 345, 100.572, 75.7107
1076, 10, 344, 101.572, 75.7855
1077, 10, 344, 101.157, 75.8602
1078, 10, 344, 100.988, 75.9369
1079, 10, 344, 100.894, 76.0117
1080, 10, 344, 100.784, 76.0871
1081, 10, 344, 100.7, 76.1619
1082, 10, 344, 100.215, 76.2371
1083, 10, 344, 100.131, 76.312
1084, 10, 344, 100.038, 76.3868
1085, 10, 344, 99.9544, 76.4617
1086, 10, 344, 99.8613, 76.5363
1087, 10, 344, 99.7682, 76.614
1088, 10, 344, 99.6844, 76.6891
1089, 10, 344, 99.5913, 76.7636
1090, 10, 344, 99.4808, 76.8443
1091, 10, 344, 99.397, 76.9193
1092, 10, 344, 99.2865, 76.9937
1093, 10, 344, 99.176, 77.0683
1094, 10, 344, 98.9715, 77.1431
1095, 10, 344, 98.8877, 77.2176
1096, 10, 344, 98.8039, 77.2936
1097, 10, 344, 98.7108, 77.3683
1098, 10, 344, 98.5578, 77.4428
1099, 10, 344, 98.4473, 77.526
1100, 10, 344, 98.3368, 77.6021
1101, 10, 344, 98.253, 77.6769
1102, 10, 344, 98.1692, 77.7586
1103, 10, 344, 97.9058, 77.8483
1104, 10, 344, 97.822, 77.924
1105, 10, 344, 97.6709, 77.9989
1106, 10, 344, 97.5871, 78.0754
1107, 10, 344, 97.4341, 78.1574
1108, 10, 343, 98.1973, 78.2386
1109, 10, 342, 98.9605, 78.3165
1110, 10, 342, 98.587, 78.3916
1111, 10, 342, 98.2135, 78.475
1112, 10, 342, 98.0605, 78.552
1113, 10, 342, 97.9076, 78.6303
1114, 10, 342, 97.8238, 78.7056
1115, 10, 342, 97.2457, 78.7807
1116, 10, 342, 97.0928, 78.856
1117, 10, 342, 96.9823, 78.9346
1118, 10, 341, 97.1453, 79.0095
1119, 10, 341, 96.5673, 79.0848
1120, 10, 340, 96.757, 79.1601
1121, 10, 340, 96.5525, 79.2354
1122, 10, 340, 96.4851, 79.3108
1123, 10, 340, 96.4321, 79.3891
1124, 10, 340, 96.3791, 79.4643
1125, 10, 340, 96.2953, 79.5397
1126, 10, 339, 97.2953, 79.6146
1127, 10, 339, 96.8803, 79.6896
1128, 10, 339, 96.7103, 79.7689
1129, 10, 339, 96.6265, 79.8435
1130, 10, 339, 96.5735, 79.9182
1131, 10, 339, 96.4804, 80.0164
1132, 10, 339, 96.2759, 80.0925
1133, 10, 339, 96.1921, 80.1698
1134, 10, 339, 96.414, 80.2452
1135, 10, 339, 96.3302, 80.3202
1136, 10, 339, 96.1773, 80.3946
1137, 10, 339, 95.9727, 80.4694
1138, 10, 339, 95.889, 80.5451
1139, 10, 339, 95.8052, 80.6204
1140, 10, 339, 95.6947, 80.6954
1141, 10, 339, 95.4312, 80.7703
1142, 10, 339, 95.3474, 80.8452
1143, 10, 339, 95.2543, 80.9202
1144, 10, 338, 95.444, 80.9954
1145, 10, 338, 95.391, 81.0702
1146, 10, 338, 95.2979, 81.1548
1147, 10, 338, 95.2141, 81.2297
1148, 10, 337, 95.4039, 81.3235
1149, 10, 337, 95.345, 81.3995
1150, 10, 337, 95.3084, 81.4746
1151, 10, 337, 95.4714, 81.5496
1152, 10, 337, 95.4184, 81.6246
1153, 10, 336, 95.6082, 81.6998
1154, 10, 336, 95.5552, 81.7748
1155, 10, 336, 95.4714, 81.8502
1156, 10, 336, 95.0978, 81.9251
1157, 10, 336, 95.014, 82.0012
1158, 10, 336, 94.961, 82.0763
1159, 10, 336, 94.8772, 82.1514
1160, 10, 336, 94.7934, 82.2262
1161, 10, 336, 94.7404, 82.3012
1162, 10, 336, 94.6566, 82.3761
1163, 10, 336, 94.5728, 82.4617
1164, 10, 335, 94.7626, 82.5372
1165, 10, 335, 94.6788, 82.6129
1166, 10, 334, 94.8418, 82.6885
1167, 10, 334, 94.7313, 82.7639
1168, 10, 334, 94.6783, 82.8556
1169, 10, 333, 94.868, 82.9358
1170, 10, 333, 94.8315, 83.0163
1171, 10, 333, 94.7784, 83.0918
1172, 10, 333, 94.6255, 83.1673
1173, 10, 333, 94.4726, 83.2424
1174, 10, 333, 94.2092, 83.3181
1175, 10, 333, 93.9457, 83.3936
1176, 10, 333, 93.8352, 83.4688
1177, 10, 333, 93.7514, 83.5459
1178, 10, 332, 93.9145, 83.6216
1179, 10, 332, 93.8471, 83.697
1180, 10, 332, 93.7366, 83.7817
1181, 10, 332, 93.6261, 83.8573
1182, 10, 332, 93.5588, 83.9323
1183, 10, 332, 93.5058, 84.0075
1184, 10, 332, 93.6688, 84.0827
1185, 10, 332, 93.6099, 84.1578
1186, 10, 332, 93.5733, 84.2329
1187, 10, 332, 93.4222, 84.3083
1188, 10, 332, 93.271, 84.3836
1189, 10, 332, 93.1872, 84.4668
1190, 10, 332, 93.1035, 84.5419
1191, 10, 332, 93.0197, 84.6182
1192, 10, 332, 92.9359, 84.6936
1193, 10, 332, 92.8828, 84.7685
1194, 10, 332, 93.0459, 84.8436
1195, 10, 332, 92.9621, 84.9183
1196, 10, 332, 92.8783, 84.9933
1197, 10, 332, 92.8253, 85.0685
1198, 10, 332, 92.6207, 85.1438
1199, 10, 332, 92.4162, 85.219
1200, 10, 332, 92.3324, 85.2935
1201, 10, 332, 92.2486, 85.3684
1202, 10, 332, 92.1956, 85.4433
1203, 10, 332, 92.1025, 85.5181
1204, 10, 332, 92.0187, 85.593
1205, 10, 332, 91.9349, 85.668
1206, 10, 332, 91.8511, 85.7434
1207, 10, 332, 91.7981, 85.8184
1208, 10, 332, 91.7451, 85.8947
1209, 10, 332, 91.6613, 85.9696
1210, 10, 332, 91.6024, 86.0447
1211, 10, 332, 91.5494, 86.1196
1212, 10, 332, 91.4656, 86.1947
1213, 10, 332, 91.3818, 86.27
1214, 10, 332, 91.0083, 86.3457
1215, 10, 332, 90.9245, 86.4208
1216, 10, 332, 90.8407, 86.4959
1217, 10, 332, 90.6877, 86.5712
1218, 10, 332, 90.6039, 86.6467
1219, 10, 332, 90.5201, 86.7218
1220, 10, 332, 90.4096, 86.7974
1221, 10, 332, 90.2051, 86.8726
1222, 10, 332, 90.1521, 86.9625
1223, 10, 331, 90.3151, 87.0386
1224, 10, 331, 90.2562, 87.1139
1225, 10, 331, 90.1973, 87.1888
1226, 10, 331, 90.1443, 87.2673
1227, 10, 331, 90.0854, 87.3438
1228, 10, 331, 89.8809, 87.4194
1229, 10, 331, 90.0439, 87.4947
1230, 10, 331, 89.9334, 87.57
1231, 10, 331, 89.8661, 87.6485
1232, 10, 331, 89.7823, 87.7236
1233, 10, 331, 89.6985, 87.8063
1234, 10, 331, 89.5456, 87.8816
1235, 10, 331, 89.4618, 87.9567
1236, 10, 330, 89.6248, 88.0323
1237, 10, 330, 89.4737, 88.1075
1238, 10, 330, 89.3632, 88.1828
1239, 10, 330, 89.3102, 88.2585
1240, 10, 330, 89.2572, 88.3337
1241, 10, 330, 89.2042, 88.4104
1242, 10, 330, 89.368, 88.4864
1243, 10, 330, 89.2575, 88.5616
1244, 10, 330, 88.9941, 88.6368
1245, 10, 330, 88.9268, 88.7118
1246, 10, 330, 88.8902, 88.7873
1247, 10, 330, 88.8372, 88.8624
1248, 10, 330, 88.6843, 88.9378
1249, 10, 330, 88.6005, 89.0168
1250, 10, 330, 88.5475, 89.0967
1251, 10, 330, 88.4637, 89.1788
1252, 10, 329, 89.2269, 89.2539
1253, 10, 328, 89.9901, 89.3295
1254, 10, 328, 89.6165, 89.4048
1255, 10, 328, 89.243, 89.4803
1256, 10, 328, 89.0901, 89.5552
1257, 10, 328, 88.9371, 89.6301
1258, 10, 327, 89.7003, 89.7058
1259, 10, 326, 90.7003, 89.7892
1260, 10, 326, 90.2853, 89.8645
1261, 10, 326, 90.1154, 89.9395
1262, 10, 325, 90.8786, 90.0151
1263, 10, 324, 91.6417, 90.0984
1264, 10, 323, 91.9945, 90.1741
1265, 10, 323, 91.5096, 90.25
1266, 10, 323, 91.136, 90.3253
1267, 10, 323, 90.9315, 90.401
1268, 10, 323, 90.7786, 90.4764
1269, 10, 322, 91.5417, 90.553
1270, 10, 321, 92.5417, 90.6291
1271, 10, 321, 92.1267, 90.7051
1272, 10, 321, 91.9568, 90.7808
1273, 10, 320, 92.72, 90.8565
1274, 10, 319, 93.4832, 90.9322
1275, 10, 319, 93.1096, 91.011
1276, 10, 319, 92.7361, 91.0936
1277, 10, 319, 92.5832, 91.1697
1278, 10, 319, 92.4302, 91.2455
1279, 10, 318, 93.1934, 91.3216
1280, 10, 317, 94.1934, 91.3971
1281, 10, 317, 93.7784, 91.4728
1282, 10, 317, 93.6085, 91.5485
1283, 10, 316, 94.3717, 91.6244
1284, 10, 315, 95.1349, 91.7002
1285, 10, 315, 94.7613, 91.7759
1286, 10, 315, 94.3878, 91.8516
1287, 10, 315, 94.2349, 91.9276
1288, 10, 315, 94.0819, 92.0032
1289, 10, 314, 94.8451, 92.0789
1290, 10, 313, 95.8451, 92.1544
1291, 10, 313, 95.4301, 92.2301
1292, 10, 313, 95.2602, 92.3061
1293, 10, 312, 96.0234, 92.382
1294, 10, 311, 96.7866, 92.4596
1295, 10, 311, 96.413, 92.5355
1296, 10, 311, 96.0395, 92.6114
1297, 10, 311, 95.8866, 92.6872
1298, 10, 311, 95.7336, 92.763
1299, 10, 310, 96.7336, 92.8386
1300, 10, 310, 96.3186, 92.914
1301, 10, 310, 96.1487, 92.9898
1302, 10, 309, 96.9119, 93.0656
1303, 10, 309, 96.5383, 93.1423
1304, 10, 309, 96.1648, 93.2185
1305, 10, 309, 96.0119, 93.3016
1306, 10, 309, 95.8589, 93.3778
1307, 10, 308, 96.6221, 93.454
1308, 10, 308, 96.2486, 93.53
1309, 10, 307, 96.6014, 93.606
1310, 10, 307, 96.1164, 93.6822
1311, 10, 307, 95.9635, 93.758
1312, 10, 307, 95.7589, 93.834
1313, 10, 306, 96.5221, 93.9101
1314, 10, 306, 96.1486, 93.9869
1315, 10, 306, 95.7751, 94.0632
1316, 10, 305, 96.0164, 94.1396
1317, 10, 305, 95.8119, 94.2163
1318, 10, 305, 95.6589, 94.2925
1319, 10, 304, 96.4221, 94.3688
1320, 10, 304, 96.0486, 94.453
1321, 10, 304, 95.6751, 94.5293
1322, 10, 304, 95.5221, 94.6053
1323, 10, 304, 95.3692, 94.6818
1324, 10, 303, 96.3692, 94.758
1325, 10, 303, 95.9542, 94.8344
1326, 10, 303, 95.7842, 94.9106
1327, 10, 303, 95.7004, 94.9869
1328, 10, 302, 96.4636, 95.0631
1329, 10, 301, 97.2268, 95.1393
1330, 10, 300, 97.5796, 95.2155
1331, 10, 300, 97.0946, 95.2921
1332, 10, 300, 96.7211, 95.3688
1333, 10, 300, 96.943, 95.4454
1334, 10, 299, 97.7062, 95.5219
1335, 10, 298, 98.4694, 95.5985
1336, 10, 297, 98.2372, 95.6752
1337, 10, 296, 99.5854, 95.7516
1338, 10, 296, 99.2119, 95.8284
1339, 10, 296, 99.5269, 95.9049
1340, 10, 295, 100.29, 95.9814
1341, 10, 294, 101.053, 96.0579
1342, 10, 294, 100.68, 96.1349
1343, 10, 294, 100.306, 96.2114
1344, 10, 294, 100.153, 96.2881
1345, 10, 294, 100, 96.3662
1346, 10, 293, 99.7682, 96.4429
1347, 10, 292, 101.116, 96.52
1348, 10, 291, 101.88, 96.5967
1349, 10, 290, 102.643, 96.6738
1350, 10, 289, 102.996, 96.7506
1351, 10, 289, 102.511, 96.8276
1352, 10, 289, 102.137, 96.9046
1353, 10, 289, 101.932, 96.9818
1354, 10, 288, 102.174, 97.0591
1355, 10, 287, 102.937, 97.1359
1356, 10, 286, 103.7, 97.2129
1357, 11, 285, 104.7, 97.2898
1358, 12, 285, 104.285, 97.3672
1359, 13, 285, 104.115, 97.4605
1360, 13, 284, 104.878, 97.5387
1361, 13, 283, 105.642, 97.6159
1362, 13, 283, 105.268, 97.6928
1363, 13, 283, 104.895, 97.7766
1364, 13, 283, 104.742, 97.8541
1365, 13, 283, 104.589, 97.9313
1366, 13, 282, 105.352, 98.0086
1367, 13, 281, 106.115, 98.0858
1368, 13, 280, 106.878, 98.1624
1369, 13, 280, 106.505, 98.2388
1370, 13, 280, 106.131, 98.3152
1371, 13, 279, 106.373, 98.3919
1372, 13, 279, 106.168, 98.4687
1373, 13, 279, 106.015, 98.5467
1374, 13, 278, 106.778, 98.6232
1375, 13, 277, 107.541, 98.7066
1376, 13, 277, 107.168, 98.7841
1377, 13, 277, 106.794, 98.8696
1378, 13, 277, 106.641, 98.9466
1379, 13, 276, 106.883, 99.0239
1380, 13, 275, 107.883, 99.1008
1381, 13, 275, 107.468, 99.1779
1382, 13, 275, 107.298, 99.2555
1383, 13, 274, 108.298, 99.3323
1384, 13, 274, 107.883, 99.4092
1385, 13, 274, 107.713, 99.4861
1386, 13, 273, 108.476, 99.5631
1387, 13, 272, 109.476, 99.6399
1388, 13, 272, 109.061, 99.7166
1389, 13, 272, 108.891, 99.7932
1390, 13, 271, 109.654, 99.8702
1391, 13, 271, 109.281, 99.9473
1392, 13, 271, 108.907, 100.04
1393, 13, 271, 108.754, 100.118
1394, 13, 271, 108.601, 100.195
1395, 13, 271, 108.397, 100.272
1396, 13, 270, 109.397, 100.349
1397, 13, 270, 108.982, 100.426
1398, 13, 270, 108.812, 100.503
1399, 13, 269, 109.575, 100.58
1400, 13, 269, 109.202, 100.657
1401, 13, 269, 108.828, 100.734
1402, 13, 269, 108.675, 100.813
1403, 13, 268, 108.916, 100.89
1404, 13, 268, 108.712, 100.967
1405, 13, 267, 109.475, 101.043
1406, 13, 266, 110.238, 101.128
1407, 13, 265, 111.001, 101.205
1408, 13, 265, 110.628, 101.283
1409, 13, 265, 110.254, 101.36
1410, 13, 265, 110.101, 101.437
1411, 13, 265, 109.949, 101.514
1412, 13, 264, 110.712, 101.591
1413, 13, 264, 110.338, 101.667
1414, 13, 264, 109.965, 101.744
1415, 13, 264, 109.812, 101.821
1416, 13, 264, 109.659, 101.898
1417, 14, 264, 109.566, 101.976
1418, 14, 264, 109.482, 102.053
1419, 14, 263, 110.245, 102.13
1420, 14, 262, 111.245, 102.207
1421, 14, 262, 110.83, 102.284
1422, 14, 262, 110.66, 102.361
1423, 14, 261, 111.423, 102.441
1424, 14, 261, 111.05, 102.523
1425, 14, 261, 110.676, 102.607
1426, 14, 261, 110.523, 102.684
1427, 14, 261, 110.37, 102.765
1428, 14, 261, 110.287, 102.842
1429, 14, 260, 111.05, 102.919
1430, 14, 259, 112.05, 102.996
1431, 14, 259, 111.635, 103.073
1432, 14, 259, 111.465, 103.15
1433, 14, 258, 111.233, 103.227
1434, 14, 257, 112.581, 103.305
1435, 14, 257, 112.207, 103.382
1436, 14, 257, 111.722, 103.459
1437, 14, 257, 111.569, 103.536
1438, 14, 256, 112.333, 103.613
1439, 14, 255, 113.096, 103.691
1440, 14, 255, 112.943, 103.784
1441, 14, 255, 112.569, 103.861
1442, 14, 254, 113.333, 103.939
1443, 14, 254, 112.959, 104.016
1444, 14, 254, 112.585, 104.093
1445, 14, 254, 112.502, 104.17
1446, 14, 254, 112.418, 104.247
1447, 14, 254, 112.334, 104.325
1448, 14, 254, 112.241, 104.402
1449, 14, 254, 112.157, 104.488
1450, 14, 253, 112.347, 104.565
1451, 14, 253, 112.294, 104.643
1452, 14, 253, 112.241, 104.72
1453, 14, 253, 112.148, 104.798
1454, 14, 253, 112.064, 104.876
1455, 14, 252, 112.827, 104.952
1456, 14, 251, 113.59, 105.03
1457, 14, 251, 113.507, 105.107
1458, 14, 250, 114.507, 105.184
1459, 14, 250, 114.092, 105.261
1460, 14, 250, 113.922, 105.338
1461, 14, 250, 113.658, 105.415
1462, 14, 249, 114.421, 105.493
1463, 14, 249, 114.048, 105.57
1464, 14, 249, 113.674, 105.646
1465, 14, 249, 113.521, 105.723
1466, 14, 248, 113.763, 105.801
1467, 14, 247, 114.526, 105.878
1468, 14, 247, 114.152, 105.955
1469, 14, 247, 113.779, 106.032
1470, 14, 247, 113.626, 106.109
1471, 14, 247, 113.473, 106.187
1472, 14, 247, 112.895, 106.264
1473, 14, 247, 112.521, 106.342
1474, 14, 247, 112.368, 106.419
1475, 14, 246, 113.132, 106.496
1476, 14, 245, 114.132, 106.573
1477, 14, 245, 113.717, 106.651
1478, 14, 245, 113.547, 106.728
1479, 14, 244, 114.31, 106.805
1480, 14, 244, 113.936, 106.883
1481, 14, 244, 113.563, 106.96
1482, 14, 244, 113.41, 107.037
1483, 14, 244, 113.257, 107.114
1484, 14, 243, 114.02, 107.191
1485, 14, 242, 114.783, 107.268
1486, 14, 241, 115.547, 107.346
1487, 14, 241, 115.453, 107.423
1488, 14, 241, 115.3, 107.501
1489, 14, 241, 114.927, 107.578
1490, 14, 241, 114.843, 107.655
1491, 14, 241, 114.69, 107.733
1492, 14, 241, 114.427, 107.82
1493, 14, 241, 114.343, 107.897
1494, 14, 241, 114.658, 107.975
1495, 14, 241, 114.574, 108.052
1496, 14, 240, 115.574, 108.129
1497, 14, 240, 115.159, 108.207
1498, 14, 240, 114.989, 108.284
1499, 14, 240, 114.785, 108.361
1500, 14, 239, 115.785, 108.439
1501, 14, 239, 115.37, 108.516
1502, 14, 239, 115.2, 108.594
1503, 14, 238, 115.963, 108.671
1504, 14, 238, 115.589, 108.749
1505, 14, 238, 115.216, 108.826
1506, 14, 237, 115.457, 108.904
1507, 14, 237, 115.253, 108.981
1508, 14, 237, 115.1, 109.059
1509, 14, 237, 114.989, 109.137
1510, 14, 236, 115.989, 109.214
1511, 14, 236, 115.574, 109.292
1512, 14, 236, 115.404, 109.369
1513, 14, 236, 115.321, 109.447
1514, 14, 236, 115.227, 109.526
1515, 14, 236, 115.174, 109.603
1516, 14, 236, 115.091, 109.681
1517, 14, 236, 115.007, 109.758
1518, 14, 236, 114.896, 109.836
1519, 14, 236, 114.812, 109.923
1520, 14, 236, 114.439, 110.001
1521, 14, 236, 114.286, 110.079
1522, 14, 236, 114.508, 110.156
1523, 14, 236, 114.355, 110.234
1524, 14, 236, 114.271, 110.312
1525, 14, 236, 114.178, 110.39
1526, 14, 236, 114.068, 110.467
1527, 14, 236, 113.915, 110.545
1528, 14, 236, 113.764, 110.622
1529, 14, 236, 113.653, 110.7
1530, 14, 236, 113.56, 110.778
1531, 14, 236, 113.467, 110.856
1532, 14, 236, 113.383, 110.933
1533, 14, 236, 113.29, 111.011
1534, 14, 236, 113.206, 111.097
1535, 14, 236, 113.122, 111.175
1536, 14, 236, 112.918, 111.252
1537, 14, 236, 112.834, 111.332
1538, 14, 236, 112.767, 111.41
1539, 14, 235, 112.93, 111.487
1540, 14, 235, 112.871, 111.565
1541, 14, 235, 112.812, 111.643
1542, 14, 235, 112.759, 111.723
1543, 14, 235, 112.706, 111.801
1544, 14, 235, 112.653, 111.878
1545, 14, 235, 112.569, 111.956
1546, 14, 235, 112.733, 112.033
1547, 14, 235, 112.155, 112.111
1548, 14, 234, 112.508, 112.188
1549, 14, 234, 112.823, 112.266
1550, 14, 234, 113.086, 112.344
1551, 14, 234, 113.002, 112.422
1552, 14, 234, 112.949, 112.5
1553, 14, 234, 112.839, 112.578
1554, 14, 234, 112.755, 112.655
1555, 14, 234, 112.702, 112.732
1556, 14, 234, 112.618, 112.81
1557, 14, 234, 112.245, 112.888
1558, 14, 234, 112.192, 112.965
1559, 14, 234, 112.108, 113.043
1560, 14, 234, 112.015, 113.12
1561, 14, 234, 111.931, 113.198
1562, 14, 234, 111.847, 113.275
1563, 14, 233, 112.037, 113.352
1564, 14, 233, 111.953, 113.43
1565, 14, 233, 111.8, 113.507
1566, 14, 233, 111.747, 113.585
1567, 14, 233, 111.654, 113.662
1568, 14, 233, 111.57, 113.74
1569, 14, 232, 111.76, 113.817
1570, 14, 232, 111.676, 113.895
1571, 14, 232, 111.583, 113.989
1572, 14, 232, 111.49, 114.068
1573, 14, 232, 111.406, 114.148
1574, 14, 232, 111.313, 114.226
1575, 14, 232, 111.203, 114.304
1576, 14, 232, 111.119, 114.381
1577, 14, 232, 111.035, 114.467
1578, 14, 232, 110.942, 114.546
1579, 14, 231, 111.132, 114.624
1580, 14, 231, 111.079, 114.702
1581, 14, 231, 111.026, 114.779
1582, 14, 231, 110.973, 114.857
1583, 14, 231, 110.709, 114.935
1584, 14, 231, 110.625, 115.013
1585, 15, 231, 110.566, 115.091
1586, 15, 231, 110.456, 115.178
1587, 15, 231, 109.819, 115.256
1588, 15, 230, 109.982, 115.334
1589, 15, 230, 109.831, 115.412
1590, 15, 230, 109.764, 115.49
1591, 15, 230, 109.968, 115.567
1592, 15, 230, 109.932, 115.645
1593, 15, 230, 109.848, 115.722
1594, 15, 230, 109.737, 115.8
1595, 15, 229, 109.979, 115.878
1596, 15, 229, 109.926, 115.956
1597, 15, 229, 109.873, 116.033
1598, 15, 229, 109.814, 116.111
1599, 15, 229, 109.755, 116.188
1600, 15, 229, 109.702, 116.266
1601, 15, 229, 109.649, 116.344
1602, 15, 229, 109.596, 116.421
1603, 15, 229, 109.537, 116.499
1604, 15, 229, 109.7, 116.591
1605, 15, 229, 109.647, 116.669
1606, 15, 229, 109.442, 116.747
1607, 15, 228, 109.605, 116.825
1608, 15, 228, 109.569, 116.903
1609, 15, 228, 109.485, 116.981
1610, 15, 228, 109.392, 117.061
1611, 15, 228, 109.299, 117.139
1612, 15, 228, 109.188, 117.216
1613, 15, 228, 109.078, 117.294
1614, 15, 228, 109.041, 117.371
1615, 15, 228, 109.005, 117.449
1616, 15, 228, 108.946, 117.526
1617, 15, 228, 108.878, 117.604
1618, 15, 228, 108.825, 117.681
1619, 15, 228, 108.758, 117.765
1620, 15, 228, 108.674, 117.844
1621, 15, 228, 108.638, 117.921
1622, 15, 228, 108.579, 117.999
1623, 15, 228, 108.542, 118.076
1624, 15, 228, 108.458, 118.172
1625, 15, 228, 108.422, 118.251
1626, 15, 228, 108.241, 118.329
1627, 15, 228, 108.157, 118.42
1628, 15, 228, 108.13, 118.499
1629, 15, 228, 108.077, 118.576
1630, 15, 228, 108.033, 118.654
1631, 15, 227, 108.196, 118.731
1632, 15, 227, 108.156, 118.808
1633, 15, 227, 108.088, 118.887
1634, 15, 227, 108.021, 118.965
1635, 15, 227, 107.977, 119.042
1636, 15, 227, 107.918, 119.12
1637, 15, 227, 107.865, 119.198
1638, 15, 227, 107.812, 119.276
1639, 15, 227, 107.745, 119.354
1640, 15, 226, 107.908, 119.431
1641, 15, 226, 107.824, 119.509
1642, 15, 226, 107.771, 119.587
1643, 15, 226, 107.712, 119.665
1644, 15, 226, 107.602, 119.742
1645, 15, 226, 107.023, 119.82
1646, 15, 226, 106.65, 119.897
1647, 15, 226, 106.276, 119.975
1648, 15, 225, 107.276, 120.053
1649, 15, 225, 106.861, 120.131
1650, 15, 225, 106.691, 120.209
1651, 15, 224, 107.455, 120.286
1652, 15, 223, 108.455, 120.363
1653, 15, 223, 108.04, 120.441
1654, 15, 223, 107.87, 120.519
1655, 15, 222, 108.87, 120.596
1656, 15, 222, 108.455, 120.674
1657, 15, 222, 108.285, 120.752
1658, 15, 221, 109.048, 120.83
1659, 15, 221, 108.674, 120.907
1660, 15, 221, 108.301, 120.985
1661, 15, 220, 108.542, 121.063
1662, 15, 220, 108.338, 121.15
1663, 15, 220, 108.185, 121.228
1664, 15, 219, 108.948, 121.306
1665, 15, 218, 109.711, 121.384
1666, 15, 218, 109.558, 121.461
1667, 15, 218, 109.185, 121.539
1668, 15, 218, 109.101, 121.617
1669, 15, 218, 108.948, 121.694
1670, 15, 217, 109.711, 121.772
1671, 15, 217, 109.448, 121.85
1672, 15, 217, 109.074, 121.928
1673, 15, 217, 108.923, 122.006
1674, 15, 217, 108.839, 122.088
1675, 15, 217, 108.635, 122.166
1676, 15, 216, 108.824, 122.244
1677, 15, 216, 108.741, 122.322
1678, 15, 216, 108.657, 122.4
1679, 15, 216, 108.589, 122.478
1680, 15, 216, 108.536, 122.555
1681, 15, 216, 108.453, 122.634
1682, 15, 216, 108.416, 122.711
1683, 15, 216, 108.332, 122.789
1684, 15, 216, 108.279, 122.867
1685, 15, 216, 108.212, 122.946
1686, 15, 216, 108.159, 123.024
1687, 15, 216, 108.048, 123.102
1688, 15, 216, 107.965, 123.18
1689, 15, 216, 107.812, 123.258
1690, 15, 216, 107.659, 123.335
1691, 15, 216, 107.606, 123.414
1692, 15, 216, 107.513, 123.491
1693, 15, 216, 107.429, 123.569
1694, 15, 216, 107.392, 123.648
1695, 15, 216, 107.308, 123.73
1696, 15, 216, 107.198, 123.808
1697, 15, 216, 107.145, 123.886
1698, 15, 216, 107.052, 123.965
1699, 15, 216, 106.968, 124.053
1700, 15, 216, 106.909, 124.131
1701, 15, 216, 106.873, 124.209
1702, 15, 216, 106.789, 124.287
1703, 15, 216, 106.678, 124.365
1704, 15, 216, 106.625, 124.45
1705, 15, 216, 106.515, 124.528
1706, 15, 216, 106.431, 124.607
1707, 15, 216, 106.338, 124.685
1708, 15, 216, 106.227, 124.763
1709, 15, 216, 106.168, 124.841
1710, 15, 216, 106.132, 124.919
1711, 15, 216, 106.065, 124.997
1712, 15, 216, 105.971, 125.075
1713, 15, 216, 105.878, 125.156
1714, 15, 216, 105.795, 125.234
1715, 15, 216, 105.736, 125.312
1716, 15, 216, 105.692, 125.391
1717, 15, 216, 105.639, 125.468
1718, 15, 216, 105.555, 125.546
1719, 15, 216, 105.496, 125.624
1720, 15, 216, 105.437, 125.702
1721, 15, 216, 105.4, 125.78
1722, 15, 216, 105.341, 125.858
1723, 15, 216, 105.288, 125.936
1724, 15, 216, 105.235, 126.014
1725, 15, 216, 105.182, 126.092
1726, 15, 216, 105.099, 126.171
1727, 15, 216, 105.031, 126.249
1728, 15, 216, 104.995, 126.327
1729, 15, 216, 104.942, 126.405
1730, 15, 216, 104.889, 126.483
1731, 15, 216, 104.821, 126.562
1732, 15, 216, 104.763, 126.642
1733, 15, 216, 104.695, 126.72
1734, 15, 216, 104.585, 126.799
1735, 15, 216, 104.501, 126.876
1736, 15, 216, 104.464, 126.955
1737, 15, 216, 104.411, 127.033
1738, 15, 216, 104.381, 127.111
1739, 15, 216, 104.328, 127.189
1740, 15, 216, 104.261, 127.269
1741, 15, 216, 104.208, 127.347
1742, 15, 216, 104.33, 127.426
1743, 15, 216, 104.277, 127.504
1744, 15, 216, 104.399, 127.582
1745, 15, 216, 104.346, 127.66
1746, 15, 216, 104.31, 127.739
1747, 15, 215, 104.473, 127.823
1748, 15, 215, 104.376, 127.902
1749, 15, 215, 104.309, 127.98
1750, 15, 214, 104.472, 128.058
1751, 15, 214, 104.361, 128.138
1752, 15, 214, 104.294, 128.216
1753, 15, 214, 104.235, 128.294
1754, 15, 214, 104.182, 128.372
1755, 15, 213, 104.33, 128.45
1756, 15, 213, 104.22, 128.528
1757, 15, 213, 104.069, 128.606
1758, 15, 213, 103.972, 128.684
1759, 15, 213, 103.935, 128.762
1760, 15, 213, 103.868, 128.84
1761, 15, 213, 103.841, 128.918
1762, 15, 213, 103.774, 128.997
1763, 15, 213, 103.721, 129.075
1764, 15, 213, 103.684, 129.153
1765, 15, 213, 103.631, 129.231
1766, 15, 213, 103.564, 129.31
1767, 15, 213, 103.496, 129.396
1768, 15, 213, 103.443, 129.474
1769, 15, 213, 103.417, 129.553
1770, 15, 213, 103.38, 129.631
1771, 15, 213, 103.344, 129.709
1772, 15, 213, 103.436, 129.787
1773, 15, 213, 103.4, 129.865
1774, 15, 213, 103.332, 129.944
1775, 15, 213, 103.248, 130.038
1776, 15, 213, 103.181, 130.117
1777, 15, 213, 103.128, 130.196
1778, 15, 213, 103.084, 130.274
1779, 15, 213, 103.025, 130.353
1780, 15, 213, 102.972, 130.431
1781, 15, 213, 102.905, 130.509
1782, 15, 212, 103.068, 130.587
1783, 15, 212, 103, 130.666
1784, 15, 212, 102.947, 130.744
1785, 15, 212, 102.907, 130.821
1786, 15, 212, 102.863, 130.9
1787, 15, 212, 102.955, 130.978
1788, 15, 212, 102.915, 131.056
1789, 15, 212, 102.862, 131.142
1790, 15, 212, 102.809, 131.221
1791, 15, 212, 102.768, 131.3
1792, 15, 212, 102.727, 131.379
1793, 15, 211, 102.869, 131.457
1794, 15, 211, 102.832, 131.535
1795, 15, 211, 102.791, 131.613
1796, 15, 211, 102.747, 131.692
1797, 15, 211, 102.711, 131.771
1798, 15, 211, 102.67, 131.867
1799, 15, 211, 102.626, 131.946
1800, 15, 211, 102.559, 132.025
1801, 15, 211, 102.682, 132.105
1802, 15, 211, 102.793, 132.183
1803, 15, 211, 102.726, 132.262
1804, 15, 211, 102.659, 132.34
1805, 15, 211, 102.562, 132.418
1806, 15, 211, 102.518, 132.497
1807, 15, 211, 102.481, 132.575
1808, 15, 211, 102.428, 132.665
1809, 15, 211, 102.384, 132.743
1810, 15, 211, 102.477, 132.821
1811, 15, 211, 102.44, 132.899
1812, 15, 211, 102.396, 132.977
1813, 15, 211, 102.359, 133.057
1814, 15, 211, 102.276, 133.135
1815, 15, 211, 102.223, 133.224
1816, 15, 210, 102.412, 133.302
1817, 15, 210, 102.359, 133.38
1818, 15, 210, 102.276, 133.459
1819, 15, 210, 102.439, 133.537
1820, 15, 210, 102.355, 133.615
1821, 15, 210, 102.271, 133.693
1822, 15, 210, 102.161, 133.771
1823, 15, 210, 102.077, 133.85
1824, 15, 210, 101.993, 133.928
1825, 15, 210, 101.9, 134.006
1826, 15, 210, 101.816, 134.084
1827, 15, 210, 101.732, 134.162
1828, 15, 210, 101.679, 134.24
1829, 15, 210, 101.612, 134.319
1830, 15, 209, 102.612, 134.397
1831, 15, 209, 102.197, 134.483
1832, 15, 209, 102.027, 134.561
1833, 15, 209, 101.934, 134.639
1834, 15, 209, 101.85, 134.717
1835, 15, 209, 101.757, 134.795
1836, 15, 209, 101.704, 134.874
1837, 15, 209, 101.593, 134.952
1838, 15, 209, 101.549, 135.03
1839, 15, 209, 101.49, 135.109
1840, 15, 209, 101.437, 135.188
1841, 15, 209, 101.384, 135.266
1842, 15, 209, 101.274, 135.344
1843, 15, 209, 101.19, 135.421
1844, 15, 209, 101.106, 135.499
1845, 15, 209, 101.022, 135.577
1846, 15, 209, 100.939, 135.655
1847, 15, 209, 100.871, 135.733
1848, 15, 209, 100.804, 135.812
1849, 15, 209, 100.751, 135.891
1850, 15, 209, 100.714, 135.976
1851, 15, 209, 100.661, 136.054
1852, 15, 209, 100.551, 136.133
1853, 15, 209, 100.44, 136.211
1854, 15, 208, 100.589, 136.289
1855, 15, 207, 100.779, 136.369
1856, 15, 207, 100.726, 136.447
1857, 15, 207, 100.689, 136.526
1858, 15, 207, 100.605, 136.604
1859, 15, 207, 100.495, 136.683
1860, 15, 207, 100.384, 136.761
1861, 15, 207, 100.274, 136.844
1862, 15, 207, 100.163, 136.924
1863, 15, 207, 100.105, 137.003
1864, 15, 207, 99.9534, 137.081
1865, 15, 206, 100.116, 137.16
1866, 15, 206, 99.9653, 137.238
1867, 15, 206, 99.9288, 137.315
1868, 15, 206, 99.8922, 137.393
1869, 15, 206, 99.8556, 137.472
1870, 15, 206, 99.819, 137.55
1871, 15, 206, 99.7824, 137.628
1872, 15, 206, 99.7459, 137.706
1873, 15, 206, 99.6929, 137.791
1874, 15, 206, 99.5998, 137.869
1875, 15, 206, 99.516, 137.947
1876, 15, 206, 99.4189, 138.025
1877, 15, 206, 99.3659, 138.103
1878, 15, 206, 99.3129, 138.182
1879, 15, 206, 99.2291, 138.26
1880, 15, 206, 99.1186, 138.338
1881, 15, 206, 99.0656, 138.416
1882, 15, 206, 99.0067, 138.495
1883, 15, 206, 98.9701, 138.573
1884, 15, 206, 98.9112, 138.651
1885, 15, 206, 98.8746, 138.729
1886, 15, 206, 98.8216, 138.808
1887, 15, 206, 98.7378, 138.886
1888, 15, 206, 98.5867, 138.964
1889, 15, 205, 98.7497, 139.042
1890, 15, 205, 98.6967, 139.12
1891, 15, 205, 98.6294, 139.198
1892, 15, 205, 98.5764, 139.276
1893, 15, 205, 98.5398, 139.356
1894, 15, 205, 98.4868, 139.434
1895, 15, 205, 98.3937, 139.512
1896, 15, 205, 98.2425, 139.59
1897, 15, 205, 98.038, 139.669
1898, 15, 205, 98.0014, 139.747
1899, 15, 205, 98.1644, 139.825
1900, 15, 205, 98.1055, 139.903
1901, 15, 204, 98.2542, 139.982
1902, 15, 204, 98.1031, 140.06
1903, 15, 204, 98.0501, 140.138
1904, 15, 204, 97.9912, 140.216
1905, 15, 204, 97.9239, 140.295
1906, 15, 204, 97.865, 140.373
1907, 15, 204, 97.812, 140.451
1908, 15, 204, 97.7446, 140.53
1909, 15, 204, 97.7144, 140.608
1910, 15, 204, 97.6703, 140.687
1911, 15, 204, 97.6114, 140.766
1912, 15, 204, 97.5748, 140.861
1913, 15, 204, 97.5075, 140.941
1914, 15, 204, 97.4237, 141.019
1915, 15, 204, 97.3266, 141.105
1916, 15, 204, 97.29, 141.185
1917, 15, 204, 97.237, 141.264
1918, 15, 204, 97.1781, 141.343
1919, 15, 204, 97.1192, 141.423
1920, 15, 204, 97.0524, 141.502
1921, 15, 204, 96.9994, 141.596
1922, 15, 204, 96.9023, 141.675
1923, 15, 204, 96.8617, 141.753
1924, 15, 204, 96.8176, 141.832
1925, 15, 204, 96.777, 141.91
1926, 15, 204, 96.6799, 141.989
1927, 15, 204, 96.6433, 142.067
1928, 15, 204, 96.5765, 142.146
1929, 15, 203, 96.7395, 142.224
1930, 15, 203, 96.6865, 142.303
1931, 15, 203, 96.6335, 142.381
1932, 15, 203, 96.5805, 142.462
1933, 15, 203, 96.5364, 142.541
1934, 15, 203, 96.4259, 142.62
1935, 15, 203, 96.3154, 142.698
1936, 15, 203, 96.2713, 142.777
1937, 15, 203, 96.2446, 142.855
1938, 15, 203, 96.1341, 142.934
1939, 16, 203, 96.0934, 143.013
1940, 17, 203, 96.0528, 143.092
1941, 17, 203, 96.026, 143.17
1942, 17, 203, 95.9854, 143.249
1943, 17, 203, 95.9413, 143.328
1944, 17, 203, 95.8824, 143.419
1945, 17, 203, 95.8235, 143.498
1946, 17, 203, 95.7933, 143.577
1947, 17, 203, 95.7567, 143.655
1948, 17, 203, 95.7037, 143.734
1949, 17, 203, 95.6769, 143.813
1950, 17, 203, 95.6239, 143.891
1951, 17, 203, 95.4728, 143.97
1952, 17, 203, 95.4054, 144.048
1953, 17, 203, 95.3083, 144.127
1954, 17, 203, 95.241, 144.206
1955, 17, 203, 95.2044, 144.284
1956, 17, 203, 95.1678, 144.363
1957, 17, 203, 95.1376, 144.45
1958, 17, 203, 95.097, 144.529
1959, 17, 203, 95.0604, 144.607
1960, 17, 203, 95.0336, 144.686
1961, 17, 203, 94.9806, 144.764
1962, 17, 203, 94.9133, 144.843
1963, 17, 203, 94.8865, 144.922
1964, 17, 203, 94.7336, 145
1965, 18, 203, 94.7038, 145.079
1966, 19, 203, 94.6741, 145.158
1967, 19, 203, 94.6527, 145.237
1968, 19, 203, 94.5422, 145.316
1969, 19, 203, 94.5217, 145.396
1970, 19, 203, 94.4915, 145.486
1971, 19, 203, 94.4509, 145.565
1972, 19, 203, 94.4102, 145.643
1973, 19, 203, 94.3889, 145.722
1974, 19, 203, 94.3448, 145.801
1975, 19, 203, 94.3293, 145.88
1976, 19, 203, 94.2887, 145.958
1977, 19, 202, 94.4299, 146.037
1978, 19, 202, 94.4001, 146.115
1979, 19, 202, 94.3163, 146.194
1980, 19, 202, 94.3002, 146.272
1981, 19, 202, 94.2561, 146.35
1982, 19, 202, 94.2936, 146.429
1983, 20, 202, 94.2709, 146.509
1984, 21, 202, 94.2482, 146.588
1985, 21, 202, 94.2351, 146.667
1986, 21, 202, 94.1683, 146.746
1987, 21, 202, 94.1318, 146.824
1988, 21, 202, 94.102, 146.903
1989, 21, 202, 94.0806, 146.981
1990, 21, 202, 94.0276, 147.06
1991, 21, 202, 94.0122, 147.138
1992, 21, 202, 93.9824, 147.217
1993, 21, 202, 93.9527, 147.295
1994, 21, 202, 93.9414, 147.373
1995, 21, 202, 93.9112, 147.452
1996, 21, 202, 93.8885, 147.53
1997, 21, 202, 93.8658, 147.609
1998, 21, 202, 93.8575, 147.689
1999, 21, 202, 93.8273, 147.774
2000, 21, 202, 93.8005, 147.853
2001, 21, 202, 93.7598, 147.931
2002, 21, 202, 93.6925, 148.018
2003, 21, 202, 93.6559, 148.097
2004, 21, 202, 93.6029, 148.175
2005, 21, 202, 93.5356, 148.254
2006, 21, 202, 93.499, 148.332
2007, 21, 202, 93.4317, 148.411
2008, 21, 202, 93.3643, 148.49
2009, 21, 202, 93.3375, 148.569
2010, 21, 202, 93.2537, 148.65
2011, 21, 202, 93.1864, 148.746
2012, 21, 202, 93.1334, 148.825
2013, 21, 202, 92.9525, 148.904
2014, 21, 202, 92.8857, 148.983
2015, 21, 202, 92.8375, 149.061
2016, 21, 202, 92.8073, 149.141
2017, 21, 202, 92.7707, 149.219
2018, 21, 202, 92.7301, 149.298
2019, 21, 202, 92.6895, 149.376
2020, 21, 202, 92.6529, 149.456
2021, 21, 202, 92.6122, 149.535
2022, 21, 202, 92.5681, 149.613
2023, 21, 202, 92.5316, 149.692
2024, 21, 202, 92.4727, 149.771
2025, 21, 202, 92.4361, 149.849
2026, 21, 202, 92.3955, 149.927
2027, 21, 202, 92.3281, 150.006
2028, 21, 202, 92.2608, 150.085
2029, 21, 202, 92.2201, 150.164
2030, 21, 202, 92.1934, 150.242
2031, 21, 202, 92.1527, 150.321
2032, 21, 202, 92.0854, 150.4
2033, 21, 202, 92.018, 150.478
2034, 21, 202, 91.9913, 150.557
2035, 21, 202, 91.9472, 150.636
2036, 21, 202, 91.9031, 150.715
2037, 21, 202, 91.8665, 150.794
2038, 21, 201, 92.0077, 150.873
2039, 21, 201, 91.9409, 150.951
2040, 21, 201, 91.9107, 151.03
2041, 21, 201, 91.8577, 151.117
2042, 21, 201, 91.7903, 151.196
2043, 21, 201, 91.7601, 151.276
2044, 21, 201, 91.7235, 151.354
2045, 21, 201, 91.6794, 151.433
2046, 21, 201, 91.7721, 151.512
2047, 21, 201, 91.7423, 151.591
2048, 21, 201, 91.7126, 151.669
2049, 21, 201, 91.6858, 151.755
2050, 21, 201, 91.6185, 151.834
2051, 21, 201, 91.5744, 151.913
2052, 21, 201, 91.5441, 151.993
2053, 21, 201, 91.5144, 152.072
2054, 21, 201, 91.4939, 152.151
2055, 21, 201, 91.4499, 152.23
2056, 21, 201, 91.2987, 152.309
2057, 21, 201, 91.2314, 152.389
2058, 21, 201, 91.1873, 152.469
2059, 21, 201, 91.1432, 152.548
2060, 21, 201, 91.2131, 152.627
2061, 21, 201, 91.116, 152.706
2062, 21, 201, 91.0858, 152.785
2063, 21, 201, 91.059, 152.864
2064, 21, 201, 90.9752, 152.943
2065, 21, 200, 91.1164, 153.022
2066, 21, 199, 91.2542, 153.101
2067, 21, 199, 91.2012, 153.18
2068, 21, 199, 91.1646, 153.259
2069, 21, 199, 91.0675, 153.339
2070, 21, 199, 91.0268, 153.418
2071, 21, 199, 91.0001, 153.497
2072, 21, 199, 90.9471, 153.576
2073, 21, 199, 90.85, 153.655
2074, 21, 199, 90.7826, 153.734
2075, 21, 199, 90.6855, 153.813
2076, 21, 199, 90.6588, 153.892
2077, 21, 199, 90.6147, 153.971
2078, 21, 199, 90.6846, 154.05
2079, 21, 199, 90.648, 154.129
2080, 21, 199, 90.5812, 154.208
2081, 21, 199, 90.5545, 154.287
2082, 21, 199, 90.5015, 154.365
2083, 21, 199, 90.4649, 154.453
2084, 21, 199, 90.4119, 154.532
2085, 21, 199, 90.3148, 154.611
2086, 21, 199, 90.2618, 154.689
2087, 21, 199, 90.2088, 154.768
2088, 21, 199, 90.1414, 154.847
2089, 21, 199, 90.121, 154.926
2090, 21, 199, 90.0942, 155.005
2091, 21, 199, 90.0269, 155.084
2092, 21, 199, 89.9739, 155.162
2093, 21, 199, 89.9373, 155.241
2094, 21, 199, 89.8402, 155.319
2095, 21, 199, 89.7471, 155.399
2096, 21, 199, 89.6941, 155.478
2097, 21, 199, 89.6103, 155.556
2098, 21, 198, 89.8, 155.635
2099, 21, 198, 89.6895, 155.714
2100, 21, 198, 89.579, 155.793
2101, 21, 198, 89.3745, 155.871
2102, 21, 198, 89.264, 155.95
2103, 21, 198, 89.1802, 156.029
2104, 21, 198, 89.0871, 156.107
2105, 21, 198, 88.994, 156.186
2106, 21, 198, 88.9102, 156.265
2107, 21, 198, 88.8171, 156.343
2108, 21, 198, 88.7333, 156.422
2109, 21, 197, 88.9746, 156.501
2110, 21, 197, 88.8641, 156.58
2111, 21, 197, 88.7803, 156.659
2112, 21, 197, 88.6274, 156.738
2113, 21, 197, 88.5436, 156.816
2114, 21, 197, 88.0586, 156.895
2115, 21, 197, 87.9481, 156.974
2116, 21, 197, 87.8643, 157.052
2117, 21, 197, 87.7805, 157.143
2118, 21, 197, 87.6874, 157.222
2119, 21, 197, 87.4829, 157.301
2120, 21, 197, 87.3991, 157.379
2121, 21, 197, 87.3153, 157.459
2122, 21, 197, 87.2222, 157.537
2123, 21, 197, 87.1384, 157.617
2124, 21, 196, 87.3281, 157.696
2125, 21, 196, 87.2443, 157.781
2126, 21, 196, 87.3667, 157.861
2127, 21, 196, 87.3078, 157.94
2128, 21, 196, 87.2548, 158.018
2129, 21, 196, 87.2018, 158.097
2130, 21, 196, 87.118, 158.176
2131, 21, 196, 87.065, 158.255
2132, 21, 196, 87.0284, 158.334
2133, 21, 196, 86.9611, 158.413
2134, 21, 196, 86.868, 158.492
2135, 21, 196, 86.7842, 158.571
2136, 21, 196, 86.7311, 158.65
2137, 21, 196, 86.6474, 158.746
2138, 21, 196, 86.3839, 158.828
2139, 21, 196, 86.3309, 158.907
2140, 21, 196, 86.2779, 158.985
2141, 21, 196, 86.219, 159.065
2142, 21, 196, 86.166, 159.143
2143, 21, 196, 86.1071, 159.222
2144, 21, 196, 86.0541, 159.301
2145, 21, 195, 86.2171, 159.38
2146, 21, 195, 86.1498, 159.459
2147, 21, 194, 86.2985, 159.538
2148, 21, 194, 86.1474, 159.617
2149, 21, 194, 86.1108, 159.696
2150, 21, 194, 86.027, 159.775
2151, 21, 194, 85.974, 159.854
2152, 21, 194, 85.8635, 159.933
2153, 21, 194, 85.753, 160.012
2154, 21, 194, 85.7, 160.091
2155, 21, 194, 85.4954, 160.17
2156, 21, 194, 85.4424, 160.25
2157, 21, 194, 85.3751, 160.332
2158, 21, 194, 85.1706, 160.419
2159, 21, 194, 85.1175, 160.499
2160, 21, 194, 85.0645, 160.578
2161, 21, 194, 84.9714, 160.657
2162, 21, 194, 84.8783, 160.736
2163, 21, 194, 84.7945, 160.815
2164, 21, 194, 84.7356, 160.894
2165, 21, 194, 84.6826, 160.972
2166, 21, 194, 84.6237, 161.051
2167, 21, 194, 84.5707, 161.138
2168, 21, 194, 84.5177, 161.217
2169, 21, 194, 84.4647, 161.296
2170, 21, 194, 84.4206, 161.375
2171, 21, 194, 84.3368, 161.454
2172, 21, 193, 84.4999, 161.533
2173, 21, 192, 84.6629, 161.628
2174, 21, 192, 84.5956, 161.708
2175, 21, 192, 84.559, 161.787
2176, 21, 192, 84.2549, 161.867
2177, 21, 192, 84.1711, 161.949
2178, 21, 192, 83.9666, 162.028
2179, 21, 192, 83.762, 162.107
2180, 21, 192, 83.6947, 162.188
2181, 21, 192, 83.6274, 162.267
2182, 21, 192, 83.7497, 162.346
2183, 21, 192, 83.7057, 162.425
2184, 21, 192, 83.6527, 162.504
2185, 21, 192, 83.5996, 162.583
2186, 21, 191, 83.7627, 162.663
2187, 21, 191, 83.7038, 162.742
2188, 21, 191, 83.6672, 162.821
2189, 21, 191, 83.5999, 162.9
2190, 21, 191, 83.3364, 162.979
2191, 21, 191, 83.2259, 163.059
2192, 21, 191, 83.1729, 163.138
2193, 21, 191, 83.336, 163.217
2194, 21, 191, 83.2686, 163.296
2195, 21, 191, 83.1581, 163.375
2196, 21, 191, 83.0476, 163.454
2197, 21, 191, 82.6741, 163.534
2198, 21, 191, 82.581, 163.615
2199, 21, 191, 82.4281, 163.694
2200, 21, 191, 82.3176, 163.773
2201, 21, 191, 82.2338, 163.853
2202, 21, 191, 82.1406, 163.932
2203, 21, 191, 82.0876, 164.012
2204, 21, 191, 82.0203, 164.091
2205, 21, 191, 81.9837, 164.17
2206, 21, 191, 81.9307, 164.249
2207, 21, 191, 81.8469, 164.328
2208, 21, 191, 81.7796, 164.408
2209, 21, 191, 81.7266, 164.496
2210, 21, 191, 81.6677, 164.578
2211, 21, 191, 81.6088, 164.672
2212, 21, 191, 81.5558, 164.752
2213, 21, 191, 81.4969, 164.832
2214, 21, 191, 81.4439, 164.911
2215, 21, 191, 81.3601, 164.991
2216, 21, 191, 81.3071, 165.07
2217, 21, 191, 81.1559, 165.148
2218, 21, 190, 81.319, 165.227
2219, 21, 190, 81.2085, 165.306
2220, 21, 190, 81.1247, 165.385
2221, 21, 189, 81.2877, 165.465
2222, 21, 189, 81.2511, 165.544
2223, 21, 189, 81.1673, 165.625
2224, 21, 189, 81.0144, 165.704
2225, 21, 189, 80.9555, 165.783
2226, 21, 189, 80.9025, 165.862
2227, 21, 189, 80.8352, 165.942
2228, 21, 189, 80.6306, 166.021
2229, 21, 189, 80.594, 166.1
2230, 21, 189, 80.4132, 166.179
2231, 21, 188, 80.5762, 166.259
2232, 21, 188, 80.5396, 166.338
2233, 21, 188, 80.4291, 166.418
2234, 21, 188, 80.278, 166.498
2235, 21, 188, 80.1675, 166.577
2236, 21, 188, 80.1001, 166.665
2237, 21, 188, 80.0471, 166.744
2238, 21, 188, 79.9882, 166.823
2239, 21, 188, 79.9209, 166.902
2240, 21, 188, 79.8679, 166.981
2241, 21, 188, 79.8411, 167.06
2242, 21, 188, 79.797, 167.15
2243, 21, 188, 79.7132, 167.229
2244, 21, 188, 79.6602, 167.308
2245, 21, 188, 79.6013, 167.386
2246, 21, 188, 79.5175, 167.466
2247, 21, 188, 79.4507, 167.545
2248, 21, 188, 79.3834, 167.624
2249, 21, 188, 79.3304, 167.704
2250, 21, 188, 79.3036, 167.791
2251, 21, 188, 79.263, 167.871
2252, 21, 188, 79.2264, 167.95
2253, 21, 188, 79.1857, 168.029
2254, 21, 188, 79.1417, 168.109
2255, 21, 188, 79.101, 168.188
2256, 21, 188, 79.0604, 168.268
2257, 21, 188, 79.0238, 168.347
2258, 21, 188, 78.9708, 168.426
2259, 21, 188, 78.9119, 168.506
2260, 21, 188, 78.8446, 168.585
2261, 21, 188, 78.808, 168.664
2262, 21, 188, 78.7714, 168.744
2263, 21, 188, 78.7509, 168.823
2264, 21, 188, 78.7144, 168.902
2265, 21, 188, 78.6614, 168.984
2266, 21, 188, 78.6173, 169.064
2267, 21, 188, 78.5766, 169.143
2268, 21, 188, 78.5401, 169.222
2269, 21, 188, 78.5035, 169.301
2270, 21, 188, 78.4361, 169.38
2271, 21, 188, 78.3831, 169.459
2272, 21, 188, 78.5055, 169.538
2273, 21, 188, 78.4614, 169.617
2274, 21, 188, 78.3509, 169.696
2275, 21, 188, 78.3144, 169.775
2276, 21, 187, 78.4631, 169.855
2277, 21, 187, 78.3526, 169.935
2278, 21, 187, 78.5745, 170.014
2279, 21, 187, 78.5215, 170.093
2280, 21, 187, 78.4774, 170.173
2281, 21, 187, 78.4244, 170.252
2282, 21, 187, 78.3406, 170.331
2283, 21, 187, 78.2817, 170.41
2284, 21, 187, 78.2228, 170.49
2285, 21, 187, 78.1862, 170.577
2286, 21, 187, 78.1273, 170.656
2287, 21, 187, 78.0743, 170.736
2288, 21, 187, 78.0378, 170.815
2289, 21, 187, 78.0012, 170.894
2290, 21, 187, 77.8907, 170.974
2291, 21, 187, 77.85, 171.054
2292, 21, 187, 77.8233, 171.147
2293, 21, 187, 77.7867, 171.226
2294, 21, 187, 77.9208, 171.309
2295, 21, 187, 77.8767, 171.395
2296, 21, 187, 78.0109, 171.482
2297, 21, 187, 77.9807, 171.561
2298, 21, 187, 77.9133, 171.641
2299, 21, 187, 77.8727, 171.72
2300, 21, 187, 77.8459, 171.799
2301, 21, 187, 77.8157, 171.878
2302, 21, 187, 77.7627, 171.957
2303, 21, 187, 77.722, 172.036
2304, 21, 187, 77.6855, 172.116
2305, 21, 187, 77.6489, 172.195
2306, 21, 187, 77.5815, 172.274
2307, 21, 187, 77.5375, 172.354
2308, 21, 187, 77.5072, 172.433
2309, 21, 187, 77.4542, 172.513
2310, 21, 187, 77.4176, 172.593
2311, 21, 187, 77.377, 172.672
2312, 21, 187, 77.3329, 172.752
2313, 21, 187, 77.2799, 172.831
2314, 21, 187, 77.2126, 172.91
2315, 21, 187, 77.1452, 172.99
2316, 21, 187, 77.0481, 173.069
2317, 21, 187, 77.0116, 173.149
2318, 21, 187, 76.9586, 173.228
2319, 21, 187, 76.8997, 173.308
2320, 21, 187, 76.8631, 173.387
2321, 21, 187, 76.8363, 173.466
2322, 21, 187, 76.7997, 173.545
2323, 21, 187, 76.7556, 173.625
2324, 21, 187, 76.7191, 173.705
2325, 21, 187, 76.6825, 173.784
2326, 21, 187, 76.6459, 173.863
2327, 21, 187, 76.5929, 173.942
2328, 21, 187, 76.5399, 174.022
2329, 21, 187, 76.5131, 174.101
2330, 21, 187, 76.4864, 174.18
2331, 21, 187, 76.4334, 174.259
2332, 21, 187, 76.3893, 174.338
2333, 21, 187, 76.3625, 174.417
2334, 21, 187, 76.3259, 174.503
2335, 21, 187, 76.2818, 174.582
2336, 21, 187, 76.2453, 174.662
2337, 21, 187, 76.2087, 174.741
2338, 21, 187, 76.1557, 174.82
2339, 21, 187, 76.1289, 174.899
2340, 21, 187, 76.0883, 174.979
2341, 21, 187, 76.0442, 175.059
2342, 21, 187, 75.9768, 175.139
2343, 21, 186, 76.1255, 175.218
2344, 21, 186, 76.0988, 175.297
2345, 21, 186, 76.072, 175.377
2346, 21, 186, 76.0422, 175.456
2347, 21, 186, 76.012, 175.536
2348, 21, 186, 75.9015, 175.615
2349, 21, 186, 75.8649, 175.695
2350, 21, 186, 75.7976, 175.774
2351, 21, 186, 75.7446, 175.853
2352, 21, 186, 75.708, 175.933
2353, 21, 186, 75.6714, 176.012
2354, 21, 186, 75.6446, 176.092
2355, 21, 186, 75.6081, 176.171
2356, 21, 186, 75.511, 176.253
2357, 21, 186, 75.458, 176.332
2358, 21, 186, 75.4173, 176.411
2359, 21, 186, 75.3906, 176.491
2360, 21, 186, 75.3232, 176.571
2361, 21, 186, 75.2964, 176.65
2362, 21, 186, 75.4249, 176.729
2363, 21, 186, 75.3808, 176.809
2364, 21, 186, 75.3442, 176.889
2365, 21, 186, 75.3076, 176.968
2366, 21, 186, 75.2546, 177.048
2367, 21, 186, 75.2279, 177.128
2368, 21, 186, 75.1872, 177.22
2369, 21, 186, 75.1431, 177.3
2370, 21, 186, 75.1025, 177.38
2371, 21, 186, 75.0659, 177.478
2372, 21, 186, 75.007, 177.558
2373, 21, 186, 74.9481, 177.638
2374, 21, 186, 74.8951, 177.717
2375, 21, 186, 74.8545, 177.803
2376, 21, 186, 74.8179, 177.883
2377, 21, 186, 74.7738, 177.965
2378, 21, 186, 74.6767, 178.044
2379, 21, 186, 74.6499, 178.124
2380, 21, 186, 74.6134, 178.204
2381, 21, 186, 74.5727, 178.283
2382, 21, 186, 74.5361, 178.366
2383, 21, 186, 74.6288, 178.445
2384, 21, 186, 74.562, 178.524
2385, 21, 186, 74.509, 178.603
2386, 21, 186, 74.4788, 178.683
2387, 21, 186, 74.4583, 178.762
2388, 21, 186, 74.4053, 178.841
2389, 21, 186, 74.3647, 178.92
2390, 21, 186, 74.324, 178.999
2391, 21, 186, 74.2972, 179.078
2392, 21, 186, 74.2566, 179.157
2393, 21, 186, 74.22, 179.237
2394, 21, 186, 73.9566, 179.317
2395, 21, 186, 73.9298, 179.397
2396, 21, 186, 73.8932, 179.477
2397, 21, 186, 73.863, 179.557
2398, 21, 186, 73.8362, 179.636
2399, 21, 186, 73.8095, 179.716
2400, 21, 186, 73.7688, 179.795
2401, 21, 186, 73.7282, 179.874
2402, 21, 186, 73.7014, 179.953
2403, 21, 186, 73.6746, 180.033
2404, 21, 185, 73.8124, 180.112
2405, 21, 185, 73.7826, 180.191
2406, 21, 185, 73.7524, 180.271
2407, 21, 185, 73.7226, 180.35
2408, 21, 185, 73.7022, 180.43
2409, 21, 185, 73.6656, 180.509
2410, 21, 185, 73.6359, 180.589
2411, 21, 185, 73.5877, 180.669
2412, 21, 185, 73.558, 180.749
2413, 21, 185, 73.5418, 180.828
2414, 21, 185, 73.5053, 180.908
2415, 21, 185, 73.4687, 180.988
2416, 21, 185, 73.5911, 181.067
2417, 21, 185, 73.5697, 181.154
2418, 21, 185, 73.54, 181.234
2419, 21, 185, 73.5102, 181.313
2420, 21, 184, 73.6479, 181.393
2421, 21, 184, 73.6212, 181.475
2422, 21, 184, 73.5241, 181.572
2423, 21, 184, 73.4973, 181.652
2424, 21, 184, 73.4607, 181.732
2425, 21, 183, 73.6094, 181.812
2426, 21, 183, 73.589, 181.891
2427, 21, 183, 73.5622, 181.97
2428, 21, 183, 73.5354, 182.05
2429, 21, 183, 73.4989, 182.132
2430, 21, 183, 73.432, 182.227
2431, 21, 183, 73.4116, 182.307
2432, 21, 183, 73.3912, 182.387
2433, 21, 183, 73.3614, 182.467
2434, 21, 183, 73.3346, 182.547
2435, 21, 183, 73.2673, 182.641
2436, 21, 183, 73.2232, 182.723
2437, 21, 183, 73.1866, 182.805
2438, 21, 183, 73.15, 182.893
2439, 21, 183, 73.1233, 182.982
2440, 21, 183, 73.0128, 183.062
2441, 21, 183, 72.983, 183.142
2442, 21, 183, 72.9626, 183.221
2443, 21, 183, 72.8655, 183.301
2444, 21, 183, 72.8494, 183.381
2445, 21, 183, 72.8332, 183.46
2446, 21, 183, 72.8035, 183.54
2447, 21, 183, 72.7594, 183.62
2448, 21, 183, 72.7297, 183.702
2449, 21, 183, 72.6856, 183.782
2450, 21, 183, 72.6651, 183.862
2451, 21, 183, 72.6383, 183.943
2452, 21, 183, 72.5943, 184.024
2453, 21, 183, 72.5275, 184.104
2454, 21, 183, 72.6913, 184.184
2455, 21, 183, 72.6646, 184.264
2456, 21, 183, 72.6205, 184.344
2457, 21, 182, 72.7582, 184.433
2458, 21, 182, 72.7355, 184.513
2459, 21, 182, 72.7194, 184.593
2460, 21, 182, 72.698, 184.673
2461, 21, 182, 72.6614, 184.753
2462, 21, 182, 72.64, 184.832
2463, 21, 182, 72.596, 184.912
2464, 21, 182, 72.5805, 184.992
2465, 21, 182, 72.5601, 185.072
2466, 21, 182, 72.5333, 185.151
2467, 21, 182, 72.5129, 185.231
2468, 21, 182, 72.4861, 185.311
2469, 21, 182, 72.5381, 185.391
2470, 21, 182, 72.4899, 185.471
2471, 21, 182, 72.4459, 185.554
2472, 21, 182, 72.4254, 185.634
2473, 21, 182, 72.3581, 185.714
2474, 21, 182, 72.2907, 185.794
2475, 21, 182, 72.2703, 185.874
2476, 21, 182, 72.2337, 185.954
2477, 21, 182, 72.2035, 186.033
2478, 21, 182, 72.1732, 186.113
2479, 21, 182, 72.1465, 186.193
2480, 21, 181, 72.2833, 186.272
2481, 21, 180, 72.4201, 186.352
2482, 21, 180, 72.3987, 186.432
2483, 21, 180, 72.5101, 186.512
2484, 21, 180, 72.4874, 186.592
2485, 21, 180, 72.4515, 186.672
2486, 21, 180, 72.4247, 186.752
2487, 21, 180, 72.34, 186.832
2488, 21, 180, 72.3103, 186.911
2489, 21, 180, 72.2805, 186.991
2490, 21, 180, 72.2601, 187.071
2491, 21, 180, 72.2396, 187.15
2492, 21, 180, 72.2183, 187.23
2493, 21, 180, 72.1969, 187.309
2494, 21, 180, 72.1701, 187.389
2495, 21, 180, 72.0503, 187.469
2496, 21, 180, 71.983, 187.549
2497, 21, 180, 71.9156, 187.629
2498, 21, 180, 72.0083, 187.708
2499, 21, 180, 71.9642, 187.795
2500, 21, 180, 71.9276, 187.876
2501, 21, 180, 71.891, 187.955
2502, 21, 180, 71.8642, 188.035
2503, 21, 180, 71.834, 188.115
2504, 21, 180, 71.8043, 188.194
2505, 21, 180, 71.7775, 188.275
2506, 21, 180, 71.7614, 188.356
2507, 21, 180, 71.7311, 188.435
2508, 21, 180, 71.7044, 188.515
2509, 21, 180, 71.6741, 188.595
2510, 21, 180, 71.6444, 188.675
2511, 21, 180, 71.6176, 188.755
2512, 21, 180, 71.5908, 188.835
2513, 21, 179, 71.7286, 188.915
2514, 21, 179, 71.7018, 188.995
2515, 21, 179, 71.6804, 189.075
2516, 21, 179, 71.6507, 189.155
2517, 21, 179, 71.6204, 189.235
2518, 21, 179, 71.5907, 189.315
2519, 21, 179, 71.561, 189.395
2520, 21, 178, 71.7021, 189.475
2521, 21, 178, 71.6794, 189.555
2522, 21, 178, 71.6567, 189.636
2523, 21, 178, 71.6265, 189.716
2524, 21, 178, 71.5899, 189.796
2525, 21, 178, 71.5631, 189.876
2526, 21, 177, 71.7262, 189.956
2527, 21, 177, 71.6959, 190.047
2528, 21, 177, 71.6692, 190.128
2529, 21, 177, 71.6389, 190.208
2530, 21, 177, 71.6122, 190.288
2531, 21, 176, 71.7533, 190.368
2532, 21, 175, 71.9164, 190.449
2533, 21, 175, 71.8634, 190.53
2534, 21, 175, 71.8366, 190.611
2535, 21, 175, 71.8064, 190.692
2536, 21, 175, 71.7796, 190.774
2537, 21, 175, 71.7266, 190.858
2538, 21, 175, 71.6736, 190.937
2539, 21, 175, 71.6062, 191.017
2540, 21, 175, 71.5224, 191.104
2541, 21, 175, 71.4859, 191.185
2542, 21, 175, 71.4654, 191.265
2543, 21, 175, 71.4213, 191.347
2544, 21, 175, 71.3848, 191.428
2545, 21, 174, 71.5335, 191.517
2546, 21, 174, 71.6261, 191.597
2547, 21, 174, 71.5855, 191.677
2548, 21, 174, 71.5489, 191.758
2549, 21, 174, 71.5123, 191.838
2550, 21, 174, 71.4682, 191.919
2551, 21, 174, 71.4093, 191.999
2552, 21, 174, 71.3122, 192.08
2553, 21, 174, 71.2533, 192.16
2554, 21, 174, 71.186, 192.241
2555, 21, 174, 71.1187, 192.321
2556, 21, 174, 71.0821, 192.403
2557, 21, 174, 71.0455, 192.5
2558, 21, 174, 70.9782, 192.581
2559, 21, 174, 70.9375, 192.661
2560, 21, 174, 70.8934, 192.742
2561, 21, 174, 70.8404, 192.822
2562, 21, 174, 70.8038, 192.902
2563, 21, 174, 70.8738, 192.982
2564, 21, 174, 70.9852, 193.063
2565, 21, 174, 70.9555, 193.143
2566, 21, 174, 70.9287, 193.223
2567, 21, 174, 70.8846, 193.304
2568, 21, 174, 70.9545, 193.384
2569, 21, 174, 70.9277, 193.465
2570, 21, 174, 70.8747, 193.545
2571, 21, 174, 70.8217, 193.625
2572, 21, 174, 70.5177, 193.706
2573, 21, 174, 70.4647, 193.787
2574, 21, 174, 70.3809, 193.878
2575, 21, 174, 70.3279, 193.959
2576, 22, 174, 70.2872, 194.04
2577, 22, 174, 70.2199, 194.12
2578, 22, 174, 70.1669, 194.201
2579, 22, 174, 70.1401, 194.281
2580, 22, 174, 70.0812, 194.362
2581, 22, 174, 70.0446, 194.45
2582, 22, 174, 69.9857, 194.53
2583, 22, 174, 69.9491, 194.611
2584, 22, 174, 69.9051, 194.692
2585, 22, 174, 69.8783, 194.772
2586, 22, 174, 69.8417, 194.852
2587, 22, 174, 69.8011, 194.933
2588, 22, 174, 69.7645, 195.014
2589, 22, 174, 69.7239, 195.094
2590, 22, 174, 69.6832, 195.175
2591, 22, 174, 69.6466, 195.256
2592, 22, 174, 69.606, 195.336
2593, 22, 174, 69.4548, 195.417
2594, 22, 174, 69.3617, 195.497
2595, 22, 174, 69.2512, 195.578
2596, 22, 174, 69.3736, 195.659
2597, 22, 174, 69.3532, 195.74
2598, 22, 174, 69.3002, 195.82
2599, 22, 174, 69.2472, 195.901
2600, 22, 174, 69.2106, 195.981
2601, 22, 174, 69.1517, 196.061
2602, 22, 174, 69.0928, 196.142
2603, 22, 174, 69.0255, 196.222
2604, 22, 174, 68.9725, 196.302
2605, 22, 174, 68.9284, 196.382
2606, 22, 174, 68.8695, 196.463
2607, 22, 174, 68.8288, 196.544
2608, 22, 174, 68.7615, 196.624
2609, 22, 173, 68.8983, 196.705
2610, 23, 173, 68.8686, 196.786
2611, 23, 173, 68.8245, 196.866
2612, 23, 173, 68.7879, 196.946
2613, 23, 173, 68.7349, 197.027
2614, 23, 173, 68.676, 197.107
2615, 23, 173, 68.5655, 197.187
2616, 23, 172, 68.7285, 197.268
2617, 23, 172, 68.6879, 197.348
2618, 23, 171, 68.8366, 197.429
2619, 23, 170, 68.9778, 197.509
2620, 23, 170, 68.9104, 197.59
2621, 23, 170, 68.8698, 197.67
2622, 23, 170, 68.843, 197.75
2623, 23, 170, 68.7989, 197.837
2624, 23, 170, 68.7623, 197.918
2625, 23, 170, 68.7258, 197.999
2626, 23, 170, 68.6728, 198.079
2627, 23, 170, 68.553, 198.159
2628, 23, 170, 68.5262, 198.24
2629, 23, 170, 68.4588, 198.32
2630, 23, 170, 68.4148, 198.401
2631, 23, 170, 68.3782, 198.481
2632, 23, 170, 68.3375, 198.562
2633, 23, 170, 68.3108, 198.642
2634, 23, 170, 68.4449, 198.723
2635, 23, 170, 68.4181, 198.804
2636, 23, 170, 68.3775, 198.885
2637, 23, 170, 68.3507, 198.965
2638, 23, 170, 68.3101, 199.045
2639, 23, 170, 68.2433, 199.126
2640, 23, 170, 68.1992, 199.207
2641, 23, 170, 68.1585, 199.288
2642, 23, 170, 68.1179, 199.369
2643, 23, 170, 68.2106, 199.449
2644, 23, 170, 68.1838, 199.53
2645, 23, 170, 68.1164, 199.61
2646, 23, 170, 68.0862, 199.691
2647, 23, 170, 68.056, 199.772
2648, 23, 170, 68.0262, 199.853
2649, 23, 170, 67.9965, 199.933
2650, 23, 170, 67.9297, 200.014
2651, 23, 169, 68.0784, 200.095
2652, 23, 169, 68.0486, 200.175
2653, 23, 169, 68.0282, 200.256
2654, 23, 169, 68.0014, 200.336
2655, 23, 168, 68.1501, 200.417
2656, 23, 168, 68.2427, 200.498
2657, 23, 168, 68.2062, 200.579
2658, 23, 168, 68.1764, 200.659
2659, 23, 168, 68.1496, 200.74
2660, 23, 168, 68.1015, 200.821
2661, 23, 168, 68.0533, 200.902
2662, 23, 168, 68.0231, 200.982
2663, 23, 168, 68.0027, 201.063
2664, 23, 168, 67.9729, 201.15
2665, 23, 168, 67.9525, 201.231
2666, 23, 168, 67.9084, 201.312
2667, 23, 168, 67.8643, 201.392
2668, 23, 168, 67.8346, 201.473
2669, 23, 168, 67.7905, 201.553
2670, 23, 168, 67.7637, 201.634
2671, 23, 168, 67.7231, 201.714
2672, 23, 168, 67.6824, 201.794
2673, 23, 168, 67.6522, 201.875
2674, 23, 168, 67.5848, 201.956
2675, 23, 168, 67.4878, 202.037
2676, 23, 168, 67.4437, 202.117
2677, 23, 167, 67.5924, 202.198
2678, 23, 167, 67.5656, 202.279
2679, 23, 167, 67.5388, 202.359
2680, 23, 167, 67.5086, 202.44
2681, 23, 167, 67.4881, 202.52
2682, 23, 167, 67.3073, 202.601
2683, 23, 167, 67.0032, 202.682
2684, 23, 167, 66.9827, 202.762
2685, 23, 167, 66.9386, 202.843
2686, 23, 167, 66.8188, 202.923
2687, 23, 167, 66.7921, 203.004
2688, 23, 167, 66.7618, 203.084
2689, 23, 167, 66.7253, 203.165
2690, 23, 167, 66.6282, 203.245
2691, 23, 166, 66.7769, 203.327
2692, 23, 166, 66.7471, 203.408
2693, 23, 166, 66.7169, 203.488
2694, 23, 166, 66.6871, 203.57
2695, 23, 166, 66.6431, 203.653
2696, 23, 166, 66.5326, 203.738
2697, 23, 166, 66.5023, 203.82
2698, 23, 166, 66.4657, 203.904
2699, 23, 166, 66.4503, 203.989
2700, 23, 166, 66.4206, 204.076
2701, 23, 166, 66.4001, 204.156
2702, 23, 166, 66.3635, 204.237
2703, 23, 166, 66.3368, 204.318
2704, 24, 166, 66.3141, 204.4
2705, 24, 166, 66.2927, 204.489
2706, 24, 166, 66.3626, 204.57
2707, 24, 166, 66.1817, 204.651
2708, 24, 166, 66.097, 204.732
2709, 24, 166, 66.0765, 204.813
2710, 24, 166, 65.9918, 204.894
2711, 24, 166, 65.9437, 204.975
2712, 24, 166, 65.9232, 205.055
2713, 24, 166, 65.8866, 205.136
2714, 24, 166, 65.8564, 205.216
2715, 24, 166, 65.8034, 205.297
2716, 24, 166, 65.7873, 205.377
2717, 24, 165, 65.936, 205.458
2718, 24, 165, 65.8686, 205.538
2719, 24, 165, 65.9801, 205.619
2720, 24, 165, 65.9688, 205.699
2721, 24, 165, 65.9483, 205.78
2722, 24, 165, 65.927, 205.861
2723, 24, 165, 65.9108, 205.942
2724, 24, 165, 65.8811, 206.023
2725, 24, 165, 65.8513, 206.105
2726, 24, 165, 65.83, 206.191
2727, 24, 165, 65.9226, 206.277
2728, 24, 165, 65.8785, 206.358
2729, 24, 165, 65.8558, 206.439
2730, 24, 165, 65.8331, 206.52
2731, 24, 165, 65.8176, 206.601
2732, 24, 165, 65.7949, 206.683
2733, 24, 165, 65.7735, 206.764
2734, 24, 165, 65.7522, 206.845
2735, 24, 165, 65.7081, 206.927
2736, 24, 165, 65.8007, 207.009
2737, 24, 165, 65.771, 207.089
2738, 24, 165, 65.7442, 207.17
2739, 24, 165, 65.7145, 207.251
2740, 24, 165, 65.6847, 207.332
2741, 24, 165, 65.6579, 207.414
2742, 24, 165, 65.6375, 207.495
2743, 24, 165, 65.617, 207.576
2744, 24, 165, 65.5502, 207.657
2745, 24, 165, 65.52, 207.738
2746, 24, 165, 65.4986, 207.827
2747, 24, 165, 65.4689, 207.908
2748, 24, 165, 65.4421, 207.99
2749, 24, 165, 65.4194, 208.07
2750, 24, 165, 65.3989, 208.152
2751, 24, 165, 65.3762, 208.233
2752, 24, 165, 65.3535, 208.315
2753, 24, 165, 65.3331, 208.396
2754, 24, 165, 65.2663, 208.478
2755, 24, 165, 65.1994, 208.56
2756, 24, 165, 65.184, 208.641
2757, 24, 165, 65.1481, 208.722
2758, 24, 165, 65.0283, 208.803
2759, 24, 165, 65.0016, 208.884
2760, 25, 165, 64.9836, 208.967
2761, 25, 165, 64.8989, 209.048
2762, 25, 165, 64.8835, 209.129
2763, 25, 165, 64.8608, 209.211
2764, 25, 165, 64.8446, 209.292
2765, 25, 164, 64.9814, 209.374
2766, 25, 164, 64.9653, 209.454
2767, 25, 164, 64.9499, 209.536
2768, 25, 164, 64.9017, 209.617
2769, 25, 164, 64.8715, 209.698
2770, 25, 164, 64.8274, 209.78
2771, 25, 164, 64.7908, 209.861
2772, 25, 164, 64.9023, 209.942
2773, 25, 164, 64.8755, 210.025
2774, 25, 164, 64.855, 210.106
2775, 25, 164, 64.8248, 210.187
2776, 25, 164, 64.8044, 210.268
2777, 25, 164, 64.7882, 210.35
2778, 25, 164, 64.7752, 210.431
2779, 25, 164, 64.7484, 210.512
2780, 25, 164, 64.733, 210.594
2781, 25, 163, 64.8817, 210.675
2782, 25, 163, 64.8603, 210.756
2783, 25, 163, 64.849, 210.838
2784, 25, 163, 64.8132, 210.936
2785, 25, 163, 64.7834, 211.018
2786, 25, 163, 64.7532, 211.106
2787, 25, 163, 64.7305, 211.187
2788, 25, 163, 64.7031, 211.268
2789, 25, 163, 64.6763, 211.349
2790, 25, 163, 64.5916, 211.431
2791, 25, 163, 64.5434, 211.513
2792, 25, 163, 64.4761, 211.594
2793, 25, 163, 64.4493, 211.675
2794, 25, 163, 64.5453, 211.757
2795, 25, 163, 64.5248, 211.839
2796, 25, 163, 64.5021, 211.92
2797, 25, 163, 64.4817, 212.001
2798, 25, 163, 64.459, 212.082
2799, 25, 163, 64.4231, 212.164
2800, 25, 163, 64.4004, 212.245
2801, 25, 163, 64.3799, 212.326
2802, 25, 163, 64.3053, 212.406
2803, 25, 163, 64.2785, 212.487
2804, 25, 163, 64.2581, 212.569
2805, 25, 163, 64.2376, 212.65
2806, 25, 163, 64.3303, 212.731
2807, 25, 163, 64.3089, 212.812
2808, 25, 163, 64.2821, 212.893
2809, 25, 163, 64.2553, 212.974
2810, 25, 162, 64.4184, 213.056
2811, 25, 162, 64.3777, 213.137
2812, 25, 162, 64.351, 213.218
2813, 25, 162, 64.3144, 213.3
2814, 25, 162, 64.2842, 213.381
2815, 25, 162, 64.2168, 213.462
2816, 25, 162, 64.1495, 213.543
2817, 25, 161, 64.2982, 213.625
2818, 25, 161, 64.2679, 213.707
2819, 25, 161, 64.2314, 213.788
2820, 25, 161, 64.1948, 213.869
2821, 25, 161, 64.168, 213.95
2822, 25, 161, 64.1314, 214.032
2823, 25, 161, 64.111, 214.113
2824, 25, 161, 64.0436, 214.195
2825, 25, 160, 64.1829, 214.276
2826, 25, 160, 64.1555, 214.357
2827, 25, 160, 64.1351, 214.445
2828, 25, 160, 64.0985, 214.526
2829, 25, 159, 64.2362, 214.608
2830, 25, 159, 64.2065, 214.689
2831, 25, 159, 64.1624, 214.77
2832, 25, 159, 64.1356, 214.85
2833, 25, 159, 64.0915, 214.931
2834, 25, 159, 64.0711, 215.013
2835, 25, 158, 64.2198, 215.094
2836, 25, 158, 64.1984, 215.176
2837, 25, 158, 64.1543, 215.256
2838, 25, 158, 64.1013, 215.338
2839, 25, 158, 64.0647, 215.419
2840, 25, 158, 63.9979, 215.5
2841, 25, 158, 63.9449, 215.582
2842, 25, 158, 63.9824, 215.663
2843, 25, 158, 63.9343, 215.744
2844, 25, 157, 64.072, 215.825
2845, 25, 157, 64.0354, 215.906
2846, 25, 157, 63.9383, 215.988
2847, 25, 157, 63.8943, 216.069
2848, 25, 157, 63.8274, 216.15
2849, 25, 157, 63.7834, 216.231
2850, 25, 157, 63.7566, 216.312
2851, 25, 157, 63.7125, 216.394
2852, 25, 157, 63.6857, 216.474
2853, 25, 157, 63.659, 216.555
2854, 25, 157, 63.6376, 216.637
2855, 25, 157, 63.6171, 216.718
2856, 25, 157, 63.5958, 216.799
2857, 25, 156, 63.7445, 216.88
2858, 25, 156, 63.7147, 216.962
2859, 25, 156, 63.6943, 217.043
2860, 25, 156, 63.7869, 217.129
2861, 25, 156, 63.7655, 217.216
2862, 25, 156, 63.7289, 217.299
2863, 25, 156, 63.7989, 217.381
2864, 25, 156, 63.7834, 217.462
2865, 25, 156, 63.763, 217.543
2866, 25, 156, 63.7264, 217.624
2867, 25, 156, 63.6996, 217.706
2868, 25, 156, 63.6699, 217.793
2869, 25, 156, 63.6031, 217.874
2870, 25, 156, 63.5733, 217.956
2871, 25, 156, 63.5065, 218.037
2872, 25, 156, 63.4861, 218.118
2873, 25, 156, 63.4379, 218.2
2874, 25, 156, 63.3939, 218.281
2875, 25, 156, 63.3711, 218.363
2876, 25, 156, 63.355, 218.446
2877, 25, 156, 63.3389, 218.527
2878, 25, 156, 63.3121, 218.61
2879, 25, 156, 63.2917, 218.691
2880, 25, 155, 63.4294, 218.773
2881, 25, 155, 63.3992, 218.854
2882, 25, 155, 63.3689, 218.936
2883, 25, 155, 63.3248, 219.018
2884, 25, 155, 63.4183, 219.1
2885, 25, 155, 63.3916, 219.181
2886, 25, 155, 63.3613, 219.263
2887, 25, 155, 63.4728, 219.344
2888, 25, 155, 63.4514, 219.426
2889, 25, 155, 63.4212, 219.508
2890, 25, 155, 63.3846, 219.589
2891, 25, 155, 63.3578, 219.671
2892, 25, 155, 63.331, 219.752
2893, 25, 155, 63.3097, 219.833
2894, 25, 155, 63.2656, 219.915
2895, 25, 155, 63.2215, 219.997
2896, 25, 155, 63.1774, 220.079
2897, 25, 155, 63.1368, 220.161
2898, 25, 155, 63.1163, 220.242
2899, 25, 155, 63.0757, 220.324
2900, 25, 155, 63.0552, 220.406
2901, 25, 155, 63.1479, 220.487
2902, 25, 155, 63.1265, 220.569
2903, 25, 155, 63.0968, 220.652
2904, 25, 155, 63.067, 220.734
2905, 25, 155, 63.0368, 220.816
2906, 25, 155, 63.01, 220.897
2907, 25, 155, 62.9734, 220.979
2908, 25, 155, 62.9437, 221.061
2909, 25, 155, 62.9135, 221.15
2910, 25, 155, 62.8867, 221.231
2911, 25, 155, 62.8426, 221.313
2912, 25, 155, 62.806, 221.395
2913, 25, 155, 62.7792, 221.477
2914, 25, 155, 62.7427, 221.559
2915, 25, 155, 62.6229, 221.64
2916, 25, 155, 62.556, 221.722
2917, 25, 155, 62.5195, 221.805
2918, 25, 155, 62.4224, 221.887
2919, 25, 155, 62.5565, 221.969
2920, 25, 155, 62.5298, 222.052
2921, 25, 155, 62.503, 222.134
2922, 25, 155, 62.4762, 222.216
2923, 25, 155, 62.4494, 222.298
2924, 25, 155, 62.4129, 222.38
2925, 25, 155, 62.3861, 222.461
2926, 25, 155, 62.3193, 222.543
2927, 25, 155, 62.2827, 222.624
2928, 25, 155, 62.253, 222.706
2929, 25, 155, 62.2368, 222.787
2930, 25, 155, 62.2071, 222.869
2931, 25, 155, 62.191, 222.95
2932, 25, 155, 62.1755, 223.032
2933, 25, 155, 62.1541, 223.114
2934, 25, 155, 62.1244, 223.196
2935, 25, 155, 62.1039, 223.277
2936, 25, 154, 62.2451, 223.359
2937, 25, 154, 62.2247, 223.441
2938, 25, 154, 62.2042, 223.522
2939, 25, 153, 62.342, 223.604
2940, 25, 153, 62.3117, 223.686
2941, 25, 153, 62.2752, 223.768
2942, 25, 153, 62.2386, 223.849
2943, 25, 153, 62.2181, 223.931
2944, 25, 153, 62.1816, 224.013
2945, 25, 153, 62.1513, 224.095
2946, 25, 153, 62.13, 224.176
2947, 25, 153, 62.1095, 224.258
2948, 25, 153, 62.0891, 224.34
2949, 25, 153, 62.045, 224.427
2950, 25, 153, 62.0009, 224.51
2951, 25, 153, 61.9711, 224.591
2952, 25, 153, 61.9507, 224.673
2953, 25, 153, 61.9205, 224.754
2954, 25, 153, 61.8902, 224.836
2955, 25, 153, 61.8421, 224.918
2956, 25, 153, 61.8119, 225
2957, 25, 153, 61.7851, 225.083
2958, 25, 153, 61.7646, 225.165
2959, 25, 153, 61.7165, 225.247
2960, 25, 153, 61.6897, 225.328
2961, 25, 153, 61.667, 225.41
2962, 25, 153, 61.6557, 225.491
2963, 25, 153, 61.6427, 225.573
2964, 25, 153, 61.6296, 225.654
2965, 25, 153, 61.6082, 225.736
2966, 25, 153, 61.578, 225.818
2967, 25, 153, 61.5512, 225.9
2968, 25, 153, 61.5888, 225.981
2969, 25, 153, 61.5683, 226.063
2970, 25, 153, 61.5242, 226.144
2971, 25, 153, 61.5015, 226.225
2972, 25, 153, 61.5535, 226.307
2973, 25, 153, 61.5267, 226.388
2974, 25, 153, 61.389, 226.47
2975, 25, 153, 61.3222, 226.551
2976, 25, 153, 61.2856, 226.633
2977, 25, 153, 61.2652, 226.714
2978, 25, 153, 61.2447, 226.796
2979, 25, 153, 61.215, 226.877
2980, 25, 153, 61.1936, 226.959
2981, 25, 153, 61.1495, 227.04
2982, 25, 153, 61.1054, 227.121
2983, 25, 153, 61.085, 227.203
2984, 25, 153, 61.1964, 227.285
2985, 25, 152, 61.3332, 227.367
2986, 25, 152, 61.3171, 227.448
2987, 25, 152, 61.3016, 227.53
2988, 25, 152, 61.2535, 227.612
2989, 25, 152, 61.233, 227.693
2990, 25, 152, 61.2056, 227.781
2991, 25, 152, 61.1852, 227.863
2992, 25, 152, 61.1446, 227.944
2993, 25, 152, 61.1178, 228.025
2994, 25, 152, 61.0812, 228.107
2995, 25, 152, 61.0446, 228.189
2996, 25, 152, 61.0285, 228.271
2997, 25, 152, 60.9983, 228.352
2998, 25, 152, 60.968, 228.435
2999, 25, 152, 60.9467, 228.516
