Seed is: 30
Number of samples is: 1000
Simulation name is: NoTvSim.sim
TimeStep, Distraction Rate, Missed States, Model Accuracy, Time (ms)
0, 0, 256, 0, 5e-05
1, 0, 255, 1, 0.01546
2, 0, 254, 2, 0.030318
3, 0, 253, 2.7632, 0.044735
4, 0, 252, 3.52639, 0.059203
5, 0, 251, 4.52639, 0.074101
6, 0, 250, 5.28959, 0.088659
7, 0, 249, 6.05279, 0.103006
8, 0, 248, 6.81599, 0.117464
9, 0, 247, 7.57918, 0.132262
10, 0, 246, 8.34238, 0.14689
11, 0, 245, 9.34238, 0.175033
12, 0, 244, 10.1056, 0.191314
13, 0, 243, 10.8688, 0.213757
14, 0, 242, 10.6366, 0.233855
15, 0, 241, 11.3998, 0.248684
16, 0, 240, 12.163, 0.263642
17, 0, 239, 12.9262, 0.284472
18, 0, 238, 13.6894, 0.324739
19, 0, 237, 14.4526, 0.339847
20, 0, 237, 14.079, 0.354636
21, 0, 236, 14.8422, 0.388129
22, 0, 235, 15.6054, 0.402917
23, 0, 234, 15.3732, 0.422785
24, 0, 234, 14.9997, 0.439577
25, 0, 233, 15.7629, 0.468272
26, 0, 232, 16.5261, 0.490003
27, 0, 232, 16.1526, 0.512296
28, 0, 231, 16.9158, 0.527354
29, 0, 230, 17.9158, 0.542433
30, 0, 229, 18.679, 0.561479
31, 0, 228, 18.4468, 0.576809
32, 0, 227, 19.7949, 0.594202
33, 0, 226, 20.7949, 0.609701
34, 0, 226, 20.4214, 0.62502
35, 0, 225, 21.1846, 0.639979
36, 0, 224, 21.9478, 0.657352
37, 0, 223, 22.711, 0.672892
38, 0, 222, 23.711, 0.688251
39, 0, 222, 23.2959, 0.718328
40, 0, 222, 23.126, 0.734339
41, 0, 221, 23.8892, 0.749578
42, 0, 220, 24.8892, 0.765368
43, 0, 219, 25.6524, 0.780807
44, 0, 218, 26.4156, 0.796146
45, 0, 218, 26.0006, 0.814902
46, 0, 218, 25.8306, 0.830111
47, 0, 217, 25.5985, 0.848446
48, 0, 216, 26.5985, 0.863815
49, 0, 216, 26.1834, 0.878914
50, 0, 216, 26.0135, 0.898171
51, 0, 216, 25.9204, 0.914181
52, 0, 215, 27.2685, 0.929581
53, 0, 215, 27.1754, 0.945851
54, 0, 214, 27.9386, 0.961241
55, 0, 213, 28.9386, 0.97649
56, 0, 212, 29.7018, 0.991949
57, 0, 211, 30.465, 1.00746
58, 0, 210, 31.2282, 1.02298
59, 0, 209, 31.9914, 1.0415
60, 0, 208, 31.7592, 1.05711
61, 0, 208, 31.3857, 1.07274
62, 0, 207, 32.1489, 1.10396
63, 0, 206, 32.9121, 1.11944
64, 0, 205, 33.6753, 1.1351
65, 0, 204, 34.4385, 1.15116
66, 0, 204, 34.0234, 1.16679
67, 0, 203, 34.7866, 1.18308
68, 0, 202, 36.1348, 1.21793
69, 0, 201, 37.1348, 1.2354
70, 0, 200, 38.1348, 1.25147
71, 0, 199, 38.898, 1.26714
72, 0, 199, 39.213, 1.28292
73, 0, 199, 38.8395, 1.29861
74, 0, 199, 38.4245, 1.32912
75, 0, 199, 38.2545, 1.34492
76, 0, 199, 37.881, 1.36067
77, 0, 199, 37.7281, 1.38547
78, 0, 198, 38.4913, 1.40143
79, 0, 197, 39.2545, 1.42378
80, 0, 196, 40.2545, 1.43975
81, 0, 196, 39.8809, 1.45545
82, 0, 195, 40.1223, 1.47193
83, 0, 194, 40.312, 1.49255
84, 0, 194, 39.7339, 1.5187
85, 0, 194, 39.3189, 1.53721
86, 0, 194, 38.9039, 1.55482
87, 0, 194, 38.7339, 1.57757
88, 0, 194, 38.564, 1.59649
89, 0, 194, 38.149, 1.61238
90, 0, 194, 38.0559, 1.62823
91, 0, 194, 37.8859, 1.64401
92, 0, 194, 37.733, 1.66072
93, 0, 194, 37.3595, 1.67941
94, 0, 194, 36.9859, 1.69654
95, 0, 194, 36.5709, 1.7122
96, 0, 193, 36.9237, 1.72815
97, 0, 192, 36.6915, 1.74429
98, 0, 192, 36.3179, 1.76765
99, 0, 192, 35.9444, 1.78378
100, 0, 191, 36.7076, 1.7998
101, 0, 190, 37.7076, 1.81589
102, 0, 189, 38.4708, 1.8317
103, 0, 189, 38.0973, 1.84966
104, 0, 188, 37.8651, 1.86574
105, 0, 188, 37.7121, 1.88197
106, 0, 188, 37.4487, 1.89951
107, 0, 188, 37.3898, 1.91548
108, 0, 188, 37.3492, 1.93137
109, 0, 188, 37.2561, 1.95381
110, 0, 188, 37.2263, 1.96981
111, 0, 188, 37.2036, 1.98582
112, 0, 188, 37.1105, 2.01025
113, 0, 188, 37.0516, 2.02626
114, 0, 188, 36.9678, 2.04227
115, 0, 188, 36.8167, 2.06285
116, 0, 188, 36.7637, 2.08033
117, 0, 188, 36.6107, 2.09639
118, 0, 187, 37.9589, 2.11379
119, 0, 186, 38.7221, 2.12984
120, 0, 185, 39.4853, 2.14606
121, 0, 185, 39.3323, 2.162
122, 0, 185, 39.1794, 2.17784
123, 0, 185, 39.0265, 2.19449
124, 0, 184, 39.7897, 2.21063
125, 0, 183, 40.5529, 2.22688
126, 0, 182, 41.3161, 2.24289
127, 0, 182, 41.1461, 2.25954
128, 0, 182, 41.053, 2.27653
129, 0, 182, 40.9941, 2.29329
130, 0, 182, 40.9535, 2.31331
131, 0, 181, 42.3017, 2.32955
132, 0, 181, 41.9281, 2.34592
133, 0, 181, 41.4432, 2.36207
134, 0, 180, 42.4432, 2.38109
135, 0, 180, 42.0281, 2.39729
136, 0, 180, 41.8582, 2.41652
137, 0, 180, 41.7053, 2.43297
138, 0, 180, 41.6755, 2.44892
139, 0, 180, 41.1906, 2.46507
140, 0, 180, 40.817, 2.48138
141, 0, 179, 41.1698, 2.50306
142, 0, 179, 40.7963, 2.51908
143, 0, 178, 41.5595, 2.53538
144, 0, 177, 42.5595, 2.55176
145, 0, 177, 42.1444, 2.58218
146, 0, 176, 42.9076, 2.59871
147, 0, 175, 43.6708, 2.61512
148, 0, 174, 44.434, 2.63153
149, 0, 173, 44.7868, 2.64805
150, 0, 173, 44.4133, 2.67037
151, 0, 173, 44.2433, 2.68667
152, 0, 173, 43.8698, 2.70306
153, 0, 173, 43.4963, 2.71934
154, 0, 172, 44.4963, 2.73825
155, 0, 172, 44.1227, 2.75634
156, 0, 172, 43.7492, 2.77292
157, 0, 172, 43.3342, 2.79237
158, 0, 172, 43.1642, 2.80851
159, 0, 171, 44.1642, 2.82499
160, 0, 171, 44.0711, 2.84149
161, 0, 171, 43.6976, 2.85795
162, 0, 171, 43.2825, 2.87626
163, 0, 171, 43.1126, 2.89268
164, 0, 171, 43.0195, 2.91333
165, 0, 171, 42.5346, 2.92968
166, 0, 171, 42.4508, 2.95378
167, 0, 171, 41.9658, 2.97027
168, 0, 170, 42.729, 2.98675
169, 0, 169, 43.4922, 3.03175
170, 0, 168, 44.2554, 3.05678
171, 0, 168, 43.8403, 3.07648
172, 0, 168, 43.4253, 3.09311
173, 0, 168, 43.2554, 3.10966
174, 0, 168, 43.0855, 3.14249
175, 0, 168, 42.9923, 3.17453
176, 0, 167, 43.7555, 3.19088
177, 0, 166, 44.5187, 3.20718
178, 0, 166, 44.4256, 3.22342
179, 0, 166, 44.0521, 3.23987
180, 0, 165, 45.0521, 3.26176
181, 0, 165, 44.6786, 3.28989
182, 0, 164, 45.4418, 3.30837
183, 0, 164, 45.0267, 3.32485
184, 0, 164, 44.6532, 3.34135
185, 0, 164, 44.2797, 3.36023
186, 0, 163, 45.2797, 3.37691
187, 0, 163, 44.9061, 3.39362
188, 0, 162, 45.0959, 3.42324
189, 0, 162, 44.9854, 3.43984
190, 0, 162, 44.7808, 3.47059
191, 0, 162, 44.4073, 3.48711
192, 0, 162, 44.0338, 3.50363
193, 0, 162, 43.9406, 3.52164
194, 0, 162, 43.7877, 3.53809
195, 0, 162, 43.4142, 3.55544
196, 0, 162, 43.3304, 3.57195
197, 0, 162, 43.2199, 3.58873
198, 0, 161, 43.9831, 3.60521
199, 0, 161, 43.8301, 3.6217
200, 0, 161, 43.4566, 3.63823
201, 0, 161, 43.3728, 3.6566
202, 0, 161, 43.3139, 3.67331
203, 0, 160, 43.5037, 3.68998
204, 0, 160, 43.4363, 3.70656
205, 0, 160, 43.4136, 3.72309
206, 0, 160, 43.2091, 3.74112
207, 0, 160, 43.0561, 3.75779
208, 0, 160, 42.9032, 3.77461
209, 0, 160, 42.7503, 3.80303
210, 0, 159, 43.5135, 3.81969
211, 0, 159, 43.1399, 3.83819
212, 0, 158, 43.9031, 3.85499
213, 0, 157, 44.6663, 3.87226
214, 0, 156, 45.4295, 3.88907
215, 0, 156, 45.3929, 3.9058
216, 0, 156, 45.2958, 3.92243
217, 0, 156, 45.2691, 3.95265
218, 0, 156, 45.0645, 3.96981
219, 0, 156, 44.8946, 3.98656
220, 0, 156, 44.8015, 4.00476
221, 0, 156, 44.7084, 4.02155
222, 0, 156, 44.6495, 4.03826
223, 0, 156, 44.4966, 4.05495
224, 0, 155, 45.2598, 4.07181
225, 0, 155, 44.8862, 4.10131
226, 0, 154, 46.2344, 4.11934
227, 0, 153, 46.9976, 4.13605
228, 0, 153, 46.5825, 4.15299
229, 0, 153, 46.209, 4.16976
230, 0, 153, 46.1501, 4.20629
231, 0, 153, 45.7766, 4.2232
232, 0, 153, 45.6835, 4.26821
233, 0, 153, 45.6246, 4.28497
234, 0, 153, 45.5839, 4.30168
235, 0, 153, 45.2104, 4.31815
236, 0, 153, 44.8369, 4.33459
237, 0, 152, 45.6001, 4.35151
238, 0, 151, 46.3633, 4.36836
239, 0, 151, 45.9897, 4.38524
240, 0, 150, 46.7529, 4.40231
241, 0, 149, 47.5161, 4.41916
242, 0, 148, 48.5161, 4.43613
243, 0, 147, 49.2793, 4.45412
244, 0, 147, 49.1094, 4.47103
245, 0, 147, 49.0163, 4.48797
246, 0, 146, 49.7795, 4.50491
247, 0, 145, 50.5427, 4.52176
248, 0, 144, 51.3059, 4.54054
249, 0, 143, 52.0691, 4.5725
250, 0, 142, 53.0691, 4.58938
251, 0, 142, 52.654, 4.60633
252, 0, 141, 53.4172, 4.62308
253, 0, 140, 54.1804, 4.64002
254, 0, 140, 53.8069, 4.65747
255, 0, 140, 53.4334, 4.6895
256, 0, 140, 53.2804, 4.70659
257, 0, 140, 53.2398, 4.72445
258, 0, 140, 53.0869, 4.74299
259, 0, 139, 53.2766, 4.76025
260, 0, 139, 53.2177, 4.77734
261, 0, 139, 52.8442, 4.79418
262, 0, 138, 52.612, 4.81135
263, 0, 137, 53.3752, 4.82857
264, 0, 137, 53.0016, 4.84974
265, 0, 137, 52.6281, 4.86684
266, 0, 137, 52.4752, 4.88385
267, 0, 137, 52.1016, 4.90097
268, 0, 137, 51.9911, 4.91952
269, 0, 137, 51.8382, 4.93658
270, 0, 137, 51.3532, 4.95374
271, 0, 137, 50.9797, 4.97091
272, 0, 136, 51.2211, 4.99102
273, 0, 136, 51.0511, 5.02598
274, 0, 136, 50.958, 5.04317
275, 0, 136, 50.7535, 5.06052
276, 0, 136, 50.7237, 5.07762
277, 0, 136, 50.6399, 5.09478
278, 0, 136, 50.4354, 5.11197
279, 0, 136, 50.2825, 5.12913
280, 0, 135, 50.0503, 5.14634
281, 0, 135, 49.9398, 5.16797
282, 0, 135, 49.9171, 5.18521
283, 0, 135, 49.8991, 5.22052
284, 0, 135, 49.8846, 5.23764
285, 0, 135, 49.8727, 5.25476
286, 0, 135, 49.8197, 5.27195
287, 0, 135, 49.7608, 5.28907
288, 0, 135, 49.6078, 5.30714
289, 0, 135, 49.1928, 5.32422
290, 0, 135, 48.8193, 5.3414
291, 0, 135, 48.7355, 5.3607
292, 0, 135, 48.3619, 5.37782
293, 0, 134, 48.1297, 5.39527
294, 0, 134, 48.0882, 5.41253
295, 0, 133, 48.8514, 5.43621
296, 0, 132, 49.6146, 5.45518
297, 0, 132, 49.2411, 5.4726
298, 0, 132, 49.1822, 5.50514
299, 0, 132, 49.1416, 5.52235
300, 0, 132, 49.1236, 5.53949
301, 0, 132, 49.0939, 5.55668
302, 0, 132, 49.0794, 5.57406
303, 0, 132, 49.0589, 5.59253
304, 0, 132, 48.9484, 5.60974
305, 0, 132, 48.8895, 5.62833
306, 0, 132, 48.8057, 5.65784
307, 0, 132, 48.4322, 5.67519
308, 0, 132, 48.2793, 5.69246
309, 0, 132, 47.9057, 5.70979
310, 0, 132, 47.883, 5.72723
311, 0, 132, 47.8651, 5.74434
312, 0, 132, 47.8506, 5.76838
313, 0, 132, 47.8386, 5.78598
314, 0, 132, 47.798, 5.82037
315, 0, 132, 47.786, 5.8376
316, 0, 132, 47.7563, 5.85487
317, 0, 132, 47.7401, 5.87219
318, 0, 132, 47.6563, 5.88979
319, 0, 132, 47.4518, 5.92103
320, 0, 132, 47.2989, 5.95367
321, 0, 132, 47.1884, 5.97154
322, 0, 132, 46.8148, 5.9888
323, 0, 131, 46.9779, 6.00618
324, 0, 131, 46.9105, 6.02354
325, 0, 131, 46.4256, 6.04089
326, 0, 131, 46.3815, 6.05963
327, 0, 131, 46.1769, 6.07987
328, 0, 131, 46.1467, 6.09724
329, 0, 131, 45.9938, 6.11465
330, 0, 131, 45.91, 6.13185
331, 0, 130, 47.6147, 6.14939
332, 0, 130, 47.2411, 6.16666
333, 0, 129, 48.0043, 6.18382
334, 0, 129, 47.9943, 6.20124
335, 0, 129, 47.9716, 6.21849
336, 0, 129, 47.9537, 6.23574
337, 0, 129, 47.9406, 6.26386
338, 0, 129, 48.1036, 6.29181
339, 0, 129, 48.0506, 6.30906
340, 0, 129, 47.9401, 6.32665
341, 0, 129, 47.7872, 6.34394
342, 0, 129, 47.6343, 6.36893
343, 0, 129, 47.5675, 6.38635
344, 0, 129, 47.5574, 6.40343
345, 0, 129, 47.5488, 6.42057
346, 0, 129, 47.5403, 6.43804
347, 0, 129, 47.5329, 6.45531
348, 0, 129, 47.5265, 6.47267
349, 0, 129, 47.5157, 6.48993
350, 0, 129, 47.4791, 6.50712
351, 0, 129, 47.3953, 6.52461
352, 0, 128, 48.7435, 6.54646
353, 0, 127, 48.9848, 6.56395
354, 0, 126, 49.9848, 6.5821
355, 0, 126, 49.7803, 6.59959
356, 0, 126, 49.6274, 6.61696
357, 0, 126, 49.5169, 6.6344
358, 0, 126, 49.4331, 6.65192
359, 0, 126, 49.018, 6.66937
360, 0, 126, 48.8651, 6.68684
361, 0, 126, 48.7813, 6.70417
362, 0, 126, 48.6284, 6.72959
363, 0, 126, 48.5754, 6.74694
364, 0, 126, 48.4054, 6.76445
365, 0, 126, 48.3123, 6.78191
366, 0, 126, 48.2285, 6.81695
367, 0, 126, 47.7436, 6.83901
368, 0, 126, 47.6762, 6.85643
369, 0, 126, 47.2612, 6.87409
370, 0, 126, 47.1082, 6.89463
371, 0, 126, 47.0494, 6.91212
372, 0, 126, 46.9656, 6.92982
373, 0, 126, 46.9067, 6.95087
374, 0, 126, 46.8701, 6.98493
375, 0, 126, 46.826, 7.01109
376, 0, 126, 46.7992, 7.04333
377, 0, 126, 46.7403, 7.06082
378, 0, 126, 46.6873, 7.0783
379, 0, 126, 46.6343, 7.09586
380, 0, 126, 46.5813, 7.11333
381, 0, 126, 46.4114, 7.13079
382, 0, 126, 46.3183, 7.14844
383, 0, 126, 46.2776, 7.16586
384, 0, 126, 46.2572, 7.18726
385, 0, 126, 45.8837, 7.20447
386, 0, 126, 45.7999, 7.22156
387, 0, 126, 45.7696, 7.23883
388, 0, 126, 45.6858, 7.26812
389, 0, 126, 45.4813, 7.28566
390, 0, 126, 45.4283, 7.30643
391, 0, 126, 45.3609, 7.32404
392, 0, 126, 45.2771, 7.34151
393, 0, 126, 45.2365, 7.35862
394, 0, 126, 45.1527, 7.37594
395, 0, 125, 45.2939, 7.39324
396, 0, 125, 45.2637, 7.42641
397, 0, 125, 45.1799, 7.45382
398, 0, 125, 45.1125, 7.47159
399, 0, 125, 45.0719, 7.49503
400, 0, 125, 45.0421, 7.52478
401, 0, 125, 45.0194, 7.54235
402, 0, 125, 44.998, 7.55984
403, 0, 125, 44.8875, 7.57733
404, 0, 125, 44.8721, 7.59645
405, 0, 125, 44.7192, 7.61389
406, 0, 125, 44.5662, 7.6314
407, 0, 124, 45.3294, 7.64997
408, 0, 124, 45.3115, 7.67218
409, 0, 124, 45.3002, 7.68989
410, 0, 124, 44.9267, 7.71172
411, 0, 124, 44.9122, 7.72926
412, 0, 124, 44.9048, 7.74779
413, 0, 124, 44.8984, 7.76641
414, 0, 124, 44.8928, 7.78437
415, 0, 124, 44.8837, 7.80186
416, 0, 124, 44.8623, 7.81942
417, 0, 124, 44.8183, 7.83697
418, 0, 124, 44.7652, 7.85419
419, 0, 124, 44.757, 7.87459
420, 0, 124, 44.6896, 7.89212
421, 0, 124, 44.6965, 7.91021
422, 0, 124, 44.6435, 7.92753
423, 0, 124, 44.4924, 7.94558
424, 0, 124, 44.3395, 7.96279
425, 0, 124, 44.2954, 7.98026
426, 0, 124, 44.2656, 8.00605
427, 0, 124, 44.2429, 8.02366
428, 0, 124, 44.225, 8.04139
429, 0, 124, 44.2105, 8.05862
430, 0, 124, 44.1739, 8.07589
431, 0, 124, 44.1258, 8.09344
432, 0, 124, 44.1181, 8.12194
433, 0, 124, 44.0822, 8.14566
434, 0, 123, 44.2303, 8.17488
435, 0, 123, 44.2271, 8.19322
436, 0, 123, 44.2971, 8.22346
437, 0, 123, 44.2, 8.24091
438, 0, 123, 43.8264, 8.25877
439, 0, 123, 43.7899, 8.27925
440, 0, 123, 43.7492, 8.29932
441, 0, 123, 43.6387, 8.32348
442, 0, 123, 43.612, 8.34144
443, 0, 123, 43.5282, 8.35901
444, 0, 123, 43.1546, 8.37661
445, 0, 123, 43.0017, 8.39642
446, 0, 123, 42.9812, 8.41556
447, 0, 123, 42.9282, 8.43295
448, 0, 122, 43.6914, 8.45044
449, 0, 121, 44.6914, 8.46822
450, 0, 120, 45.4546, 8.48589
451, 0, 120, 45.3017, 8.50319
452, 0, 120, 45.2897, 8.52334
453, 0, 120, 45.2841, 8.54096
454, 0, 120, 45.282, 8.55848
455, 0, 120, 45.2665, 8.57599
456, 0, 120, 45.2135, 8.59355
457, 0, 120, 45.2806, 8.61114
458, 0, 120, 45.2431, 8.62835
459, 0, 120, 45.2381, 8.64598
460, 0, 120, 45.2368, 8.66319
461, 0, 120, 45.1886, 8.68377
462, 0, 120, 45.1741, 8.7019
463, 0, 120, 45.1607, 8.71918
464, 0, 120, 45.0769, 8.73647
465, 0, 120, 44.7033, 8.75388
466, 0, 119, 45.0561, 8.77149
467, 0, 118, 46.0561, 8.78922
468, 0, 118, 45.9032, 8.80682
469, 0, 118, 45.7502, 8.83804
470, 0, 118, 45.3352, 8.85544
471, 0, 118, 44.8502, 8.87491
472, 0, 118, 44.6973, 8.89245
473, 0, 118, 44.3238, 8.90991
474, 0, 118, 43.9502, 8.9334
475, 0, 118, 43.7803, 8.95115
476, 0, 118, 43.6274, 8.9689
477, 0, 118, 43.2539, 8.98649
478, 0, 118, 43.0839, 9.00397
479, 0, 118, 43.0001, 9.02623
480, 0, 117, 43.7633, 9.04437
481, 0, 117, 43.6104, 9.06197
482, 0, 117, 43.6054, 9.07926
483, 0, 117, 43.6009, 9.09681
484, 0, 117, 43.6002, 9.11505
485, 0, 117, 43.5334, 9.14467
486, 0, 117, 43.4496, 9.16236
487, 0, 117, 43.4137, 9.17983
488, 0, 117, 43.4018, 9.19731
489, 0, 117, 43.391, 9.21644
490, 0, 117, 43.3072, 9.23804
491, 0, 117, 43.3027, 9.25885
492, 0, 117, 43.3025, 9.27872
493, 0, 117, 43.2543, 9.29924
494, 0, 116, 44.0175, 9.31694
495, 0, 115, 44.2589, 9.33468
496, 0, 115, 43.8853, 9.3521
497, 0, 114, 44.6485, 9.3699
498, 0, 113, 45.4117, 9.38765
499, 0, 113, 45.0382, 9.40537
500, 0, 113, 44.6647, 9.42296
501, 0, 112, 45.6647, 9.44252
502, 0, 111, 46.6647, 9.46948
503, 0, 111, 46.2911, 9.48714
504, 0, 110, 46.6439, 9.50472
505, 0, 110, 46.9073, 9.5224
506, 0, 110, 46.4224, 9.5401
507, 0, 110, 46.2694, 9.55775
508, 0, 110, 45.6325, 9.57768
509, 0, 110, 45.4795, 9.59538
510, 0, 110, 45.4265, 9.62666
511, 0, 110, 45.3427, 9.64424
512, 0, 110, 44.9692, 9.6616
513, 0, 110, 44.8163, 9.68329
514, 0, 110, 44.7489, 9.70108
515, 0, 110, 44.6651, 9.7185
516, 0, 110, 44.6285, 9.73613
517, 0, 109, 45.9767, 9.75409
518, 0, 108, 47.3249, 9.77185
519, 0, 107, 48.0881, 9.7897
520, 0, 106, 48.8513, 9.81537
521, 0, 105, 49.8513, 9.83844
522, 0, 105, 49.4777, 9.8567
523, 0, 104, 50.2409, 9.87483
524, 0, 103, 50.0087, 9.90041
525, 0, 102, 51.0087, 9.92174
526, 0, 101, 52.3569, 9.96197
527, 0, 101, 51.9834, 9.97988
528, 0, 101, 51.5683, 9.9976
529, 0, 100, 52.5683, 10.0156
530, 0, 100, 52.0834, 10.0336
531, 0, 99, 53.0834, 10.0518
532, 0, 99, 52.7098, 10.0695
533, 0, 99, 52.2948, 10.0871
534, 0, 99, 51.9213, 10.1054
535, 0, 99, 51.8624, 10.1269
536, 0, 99, 51.795, 10.1449
537, 0, 99, 51.785, 10.1628
538, 0, 99, 51.732, 10.1806
539, 0, 99, 51.6913, 10.1984
540, 0, 99, 51.6472, 10.2212
541, 0, 99, 51.5634, 10.239
542, 0, 99, 51.0785, 10.2568
543, 0, 98, 51.3198, 10.2745
544, 0, 98, 51.1669, 10.2926
545, 0, 98, 50.7518, 10.3103
546, 0, 98, 50.5819, 10.3285
547, 0, 97, 51.3451, 10.3465
548, 0, 97, 50.9716, 10.3675
549, 0, 97, 50.8878, 10.3859
550, 0, 97, 50.888, 10.4038
551, 0, 97, 50.8767, 10.4224
552, 0, 97, 50.8237, 10.4429
553, 0, 97, 50.7132, 10.4623
554, 0, 97, 50.6766, 10.4802
555, 0, 97, 50.799, 10.4998
556, 0, 97, 50.7317, 10.5289
557, 0, 97, 50.6643, 10.547
558, 0, 97, 50.5805, 10.5874
559, 0, 97, 50.5399, 10.6164
560, 0, 97, 50.3869, 10.6343
561, 0, 97, 49.9719, 10.6519
562, 0, 96, 50.7351, 10.6698
563, 0, 95, 51.4983, 10.6879
564, 0, 95, 51.1248, 10.7065
565, 0, 95, 51.1147, 10.7263
566, 0, 95, 51.1027, 10.7445
567, 0, 95, 51.076, 10.7624
568, 0, 95, 51.0677, 10.7803
569, 0, 95, 51.0375, 10.7982
570, 0, 95, 50.6639, 10.816
571, 0, 94, 51.0167, 10.834
572, 0, 93, 51.3695, 10.8522
573, 0, 93, 50.9959, 10.8705
574, 0, 93, 50.843, 10.8884
575, 0, 93, 50.8216, 10.9121
576, 0, 93, 50.785, 10.9469
577, 0, 93, 50.775, 10.9651
578, 0, 93, 50.7664, 10.9887
579, 0, 93, 50.7577, 11.0069
580, 0, 93, 50.7047, 11.0263
581, 0, 93, 50.7007, 11.0441
582, 0, 93, 50.6967, 11.0622
583, 0, 93, 50.6866, 11.0816
584, 0, 93, 50.6871, 11.0998
585, 0, 93, 50.6597, 11.1177
586, 0, 93, 50.6393, 11.1359
587, 0, 93, 50.618, 11.1613
588, 0, 93, 50.6106, 11.1795
589, 0, 93, 50.6035, 11.1977
590, 0, 93, 50.5669, 11.2171
591, 0, 93, 50.5677, 11.235
592, 0, 93, 50.5616, 11.2533
593, 0, 93, 50.5086, 11.2875
594, 0, 93, 50.8236, 11.3082
595, 0, 93, 50.6191, 11.3261
596, 0, 93, 50.5784, 11.3538
597, 0, 93, 50.5419, 11.3717
598, 0, 93, 49.9638, 11.3928
599, 0, 93, 49.88, 11.4265
600, 0, 93, 49.8639, 11.4448
601, 0, 93, 49.8273, 11.4646
602, 0, 93, 49.6744, 11.4867
603, 0, 92, 50.4376, 11.5132
604, 0, 92, 50.3538, 11.5315
605, 0, 92, 50.2008, 11.5496
606, 0, 92, 50.0479, 11.5677
607, 0, 92, 49.6329, 11.5875
608, 0, 92, 49.2178, 11.6113
609, 0, 92, 49.0479, 11.6294
610, 0, 92, 48.9641, 11.6474
611, 0, 92, 48.5906, 11.6651
612, 0, 92, 48.4206, 11.686
613, 0, 91, 49.1838, 11.7044
614, 0, 91, 49.0309, 11.7224
615, 0, 91, 48.9471, 11.7406
616, 0, 91, 48.5736, 11.7586
617, 0, 91, 48.4206, 11.7768
618, 0, 90, 49.1838, 11.7952
619, 0, 90, 48.8103, 11.8135
620, 0, 90, 48.6574, 11.8316
621, 0, 90, 48.6044, 11.8509
622, 0, 90, 48.3409, 11.8694
623, 0, 90, 48.188, 11.9021
624, 0, 89, 48.9512, 11.9369
625, 0, 89, 48.9146, 11.9551
626, 0, 89, 48.7635, 11.9876
627, 0, 89, 48.7367, 12.0209
628, 0, 89, 48.7001, 12.0391
629, 0, 89, 48.6635, 12.064
630, 0, 89, 48.6591, 12.082
631, 0, 89, 48.6324, 12.1133
632, 0, 89, 48.5353, 12.1371
633, 0, 89, 48.5199, 12.1575
634, 0, 89, 48.4669, 12.1759
635, 0, 88, 48.6566, 12.1951
636, 0, 88, 48.6125, 12.2131
637, 0, 88, 48.5684, 12.2331
638, 0, 88, 48.4579, 12.2652
639, 0, 88, 48.0844, 12.2834
640, 0, 88, 47.9315, 12.3016
641, 0, 87, 47.6993, 12.3199
642, 0, 87, 47.6061, 12.3382
643, 0, 87, 47.5473, 12.3564
644, 0, 87, 47.5066, 12.3745
645, 0, 86, 48.8548, 12.3928
646, 0, 86, 48.4812, 12.4167
647, 0, 85, 49.2444, 12.4351
648, 0, 85, 48.8294, 12.4674
649, 0, 84, 49.0707, 12.4859
650, 0, 84, 48.8662, 12.5042
651, 0, 84, 48.7731, 12.53
652, 0, 84, 48.6202, 12.5678
653, 0, 84, 48.2466, 12.5862
654, 0, 84, 47.7617, 12.6057
655, 0, 84, 47.3881, 12.6438
656, 0, 84, 47.3614, 12.6621
657, 0, 84, 47.3577, 12.6814
658, 0, 84, 47.3492, 12.6999
659, 0, 84, 47.3456, 12.7296
660, 0, 84, 47.3423, 12.7479
661, 0, 84, 47.3393, 12.7681
662, 0, 84, 47.3403, 12.7863
663, 0, 84, 47.3235, 12.8122
664, 0, 84, 47.3073, 12.8303
665, 0, 84, 47.2775, 12.8485
666, 0, 84, 47.2747, 12.8668
667, 0, 84, 47.2722, 12.8851
668, 0, 84, 47.2699, 12.9036
669, 0, 84, 47.2711, 12.922
670, 0, 84, 47.2469, 12.9472
671, 0, 84, 47.2447, 12.9657
672, 0, 84, 47.2415, 12.9843
673, 0, 84, 47.2395, 13.0026
674, 0, 84, 47.2376, 13.0305
675, 0, 84, 47.2359, 13.0485
676, 0, 84, 47.2329, 13.0669
677, 0, 84, 47.2313, 13.0893
678, 0, 84, 47.224, 13.1167
679, 0, 84, 47.2225, 13.1353
680, 0, 84, 47.2197, 13.1537
681, 0, 84, 47.2183, 13.1718
682, 0, 84, 47.2119, 13.1903
683, 0, 84, 47.2094, 13.2086
684, 0, 84, 47.2071, 13.227
685, 0, 84, 47.1637, 13.256
686, 0, 84, 47.158, 13.2843
687, 0, 84, 47.1572, 13.3038
688, 0, 84, 47.1213, 13.3223
689, 0, 83, 47.259, 13.3408
690, 0, 83, 47.206, 13.359
691, 0, 83, 47.1786, 13.3786
692, 0, 83, 47.1421, 13.3971
693, 0, 83, 47.1389, 13.4223
694, 0, 83, 47.1024, 13.4424
695, 0, 83, 47.0893, 13.461
696, 0, 83, 47.0596, 13.4853
697, 0, 83, 47.0369, 13.5038
698, 0, 83, 46.9695, 13.5223
699, 0, 83, 46.9427, 13.5405
700, 0, 83, 46.9223, 13.5589
701, 0, 83, 46.8921, 13.5928
702, 0, 83, 46.8623, 13.6116
703, 0, 83, 46.955, 13.6298
704, 0, 83, 46.8882, 13.648
705, 0, 83, 46.7352, 13.6661
706, 0, 83, 47.0503, 13.6845
707, 0, 83, 46.8973, 13.703
708, 0, 83, 46.8706, 13.7216
709, 0, 83, 46.862, 13.7401
710, 0, 83, 46.8556, 13.7586
711, 0, 83, 46.8499, 13.7828
712, 0, 83, 46.8369, 13.8091
713, 0, 83, 46.8348, 13.8407
714, 0, 83, 46.808, 13.8592
715, 0, 83, 46.9421, 13.896
716, 0, 83, 46.8316, 13.9147
717, 0, 83, 46.8019, 13.9333
718, 0, 83, 46.6489, 13.9516
719, 0, 83, 46.6276, 13.9702
720, 0, 83, 46.5602, 13.9884
721, 0, 83, 46.5072, 14.0071
722, 0, 83, 46.4845, 14.0254
723, 0, 83, 46.4543, 14.0485
724, 0, 83, 46.4918, 14.0741
725, 0, 83, 46.4739, 14.0925
726, 0, 83, 46.4209, 14.1107
727, 0, 83, 46.3941, 14.1332
728, 0, 83, 46.3267, 14.155
729, 0, 83, 46.3054, 14.1893
730, 0, 83, 46.2465, 14.2098
731, 0, 83, 46.1935, 14.2285
732, 0, 82, 46.3422, 14.2472
733, 0, 82, 46.2981, 14.2678
734, 0, 82, 46.2776, 14.2865
735, 0, 82, 46.2664, 14.309
736, 0, 82, 46.2298, 14.3275
737, 0, 82, 46.1857, 14.3459
738, 0, 81, 46.5385, 14.3645
739, 0, 81, 46.3855, 14.3829
740, 0, 80, 46.6269, 14.4015
741, 0, 80, 46.5431, 14.4258
742, 0, 80, 46.0581, 14.4444
743, 0, 80, 45.5731, 14.4629
744, 0, 80, 45.4202, 14.4812
745, 0, 80, 45.3672, 14.4998
746, 0, 80, 45.1627, 14.5184
747, 0, 80, 45.0097, 14.537
748, 0, 80, 44.8052, 14.5556
749, 0, 80, 44.7214, 14.5753
750, 0, 80, 44.6625, 14.5946
751, 0, 80, 44.5787, 14.6235
752, 0, 80, 44.4258, 14.6436
753, 0, 80, 44.5888, 14.6624
754, 0, 80, 44.505, 14.6886
755, 0, 80, 44.4212, 14.7072
756, 0, 80, 44.2701, 14.7382
757, 0, 80, 43.692, 14.7568
758, 0, 80, 43.5221, 14.7763
759, 0, 80, 43.429, 14.7946
760, 0, 80, 43.3452, 14.8133
761, 0, 80, 43.2863, 14.832
762, 0, 80, 43.0817, 14.8504
763, 0, 80, 43.0228, 14.8867
764, 0, 80, 42.9822, 14.905
765, 0, 80, 42.4972, 14.9236
766, 0, 80, 42.4134, 14.9419
767, 0, 80, 42.3296, 14.9605
768, 0, 80, 42.2766, 14.979
769, 0, 80, 42.2499, 14.9976
770, 0, 80, 42.2319, 15.0227
771, 0, 80, 42.1838, 15.0414
772, 0, 80, 42.1, 15.0601
773, 0, 80, 42.0795, 15.0786
774, 0, 80, 42.0355, 15.0975
775, 0, 80, 42.015, 15.1227
776, 0, 80, 41.9848, 15.1489
777, 0, 80, 41.9694, 15.1678
778, 0, 80, 41.9532, 15.1885
779, 0, 80, 41.8694, 15.2193
780, 0, 80, 41.8026, 15.2381
781, 0, 80, 41.7865, 15.2586
782, 0, 80, 41.772, 15.2773
783, 0, 80, 41.76, 15.2986
784, 0, 79, 41.9087, 15.3208
785, 0, 79, 41.8987, 15.3394
786, 0, 79, 41.8713, 15.3581
787, 0, 79, 41.8499, 15.3771
788, 0, 79, 41.8413, 15.4099
789, 0, 79, 41.8339, 15.4287
790, 0, 79, 41.8126, 15.4484
791, 0, 79, 41.7972, 15.4671
792, 0, 79, 41.749, 15.4859
793, 0, 79, 41.7329, 15.5044
794, 0, 79, 41.7849, 15.5376
795, 0, 79, 41.7741, 15.5591
796, 0, 79, 41.7439, 15.5779
797, 0, 79, 41.7349, 15.5973
798, 0, 79, 41.6908, 15.616
799, 0, 79, 41.6777, 15.6349
800, 0, 79, 41.6664, 15.6604
801, 0, 79, 41.6557, 15.679
802, 0, 79, 41.6027, 15.6975
803, 0, 79, 41.5668, 15.7215
804, 0, 79, 41.54, 15.7402
805, 0, 79, 41.5201, 15.759
806, 0, 79, 41.5151, 15.7777
807, 0, 79, 41.513, 15.8111
808, 0, 79, 41.511, 15.8426
809, 0, 79, 41.5066, 15.8616
810, 0, 79, 41.5047, 15.8813
811, 0, 79, 41.5034, 15.9
812, 0, 79, 41.5017, 15.9273
813, 0, 79, 41.5012, 15.9531
814, 0, 79, 41.4847, 15.9715
815, 0, 79, 41.4768, 16.0032
816, 0, 79, 41.4756, 16.0221
817, 0, 79, 41.4736, 16.0409
818, 0, 79, 41.4722, 16.0598
819, 0, 79, 41.4518, 16.0785
820, 0, 79, 41.4511, 16.0972
821, 0, 78, 41.5886, 16.1161
822, 0, 78, 41.5773, 16.1422
823, 0, 78, 41.4575, 16.1611
824, 0, 78, 41.3737, 16.1972
825, 0, 78, 41.3207, 16.2158
826, 0, 78, 41.3191, 16.2356
827, 0, 78, 41.3176, 16.2561
828, 0, 78, 41.3162, 16.2902
829, 0, 78, 41.3145, 16.3092
830, 0, 78, 41.3142, 16.3285
831, 0, 78, 41.3012, 16.347
832, 0, 78, 41.2948, 16.3966
833, 0, 78, 41.2779, 16.4155
834, 0, 78, 41.2634, 16.4341
835, 0, 78, 41.2515, 16.4529
836, 0, 78, 41.2156, 16.4713
837, 0, 78, 41.1626, 16.4898
838, 0, 77, 41.2994, 16.5086
839, 0, 77, 41.2886, 16.5278
840, 0, 77, 41.2612, 16.5475
841, 0, 77, 41.2529, 16.5664
842, 0, 77, 41.217, 16.585
843, 0, 77, 41.1805, 16.6061
844, 0, 77, 41.1748, 16.6248
845, 0, 77, 41.1307, 16.6435
846, 0, 76, 41.2719, 16.6717
847, 0, 76, 41.2492, 16.6902
848, 0, 76, 41.219, 16.7087
849, 0, 76, 41.2055, 16.7276
850, 0, 76, 41.1943, 16.7462
851, 0, 76, 41.164, 16.7648
852, 0, 76, 41.1479, 16.7835
853, 0, 76, 41.1402, 16.8173
854, 0, 76, 41.1223, 16.8363
855, 0, 76, 41.0955, 16.8619
856, 0, 76, 40.891, 16.8882
857, 0, 76, 40.8607, 16.907
858, 0, 76, 40.8242, 16.9275
859, 0, 76, 40.8028, 16.9464
860, 0, 76, 40.7181, 16.9649
861, 0, 76, 40.7701, 16.9835
862, 0, 76, 40.7171, 17.002
863, 0, 76, 40.6805, 17.0217
864, 0, 76, 40.6765, 17.0403
865, 0, 76, 40.6753, 17.0588
866, 0, 76, 40.6742, 17.0775
867, 0, 76, 40.6728, 17.096
868, 0, 76, 40.6593, 17.1144
869, 0, 76, 40.6535, 17.1333
870, 0, 76, 40.7462, 17.152
871, 0, 76, 40.6624, 17.1707
872, 0, 76, 40.1774, 17.1894
873, 0, 76, 40.1368, 17.208
874, 0, 76, 40.107, 17.2277
875, 0, 75, 39.8748, 17.263
876, 0, 74, 41.223, 17.2839
877, 0, 74, 41.0701, 17.303
878, 0, 74, 41.0033, 17.3242
879, 0, 74, 40.9983, 17.3428
880, 0, 74, 40.9909, 17.3613
881, 0, 74, 40.9801, 17.3797
882, 0, 74, 40.9693, 17.3981
883, 0, 74, 40.9646, 17.4181
884, 0, 74, 40.9116, 17.442
885, 0, 73, 41.1013, 17.4611
886, 0, 73, 40.9908, 17.48
887, 0, 73, 40.8379, 17.4992
888, 0, 73, 40.8314, 17.5178
889, 0, 73, 40.8224, 17.5363
890, 0, 73, 40.8136, 17.5674
891, 0, 73, 40.808, 17.5862
892, 0, 73, 40.803, 17.6056
893, 0, 73, 40.7953, 17.6252
894, 0, 73, 40.7882, 17.6437
895, 0, 73, 40.7815, 17.6622
896, 0, 73, 40.7677, 17.6827
897, 0, 73, 40.7667, 17.7016
898, 0, 73, 40.7655, 17.7204
899, 0, 73, 40.7442, 17.7391
900, 0, 73, 40.3707, 17.7598
901, 0, 73, 40.2776, 17.7793
902, 0, 73, 40.1671, 17.7981
903, 0, 73, 40.1466, 17.8232
904, 0, 73, 40.0793, 17.8491
905, 0, 73, 40.0631, 17.8679
906, 0, 73, 40.0042, 17.901
907, 0, 73, 39.9636, 17.9198
908, 0, 73, 39.9339, 17.9457
909, 0, 73, 39.8501, 17.9647
910, 0, 73, 39.8233, 17.9853
911, 0, 73, 39.8235, 18.004
912, 0, 73, 39.808, 18.0227
913, 0, 73, 39.7912, 18.0522
914, 0, 73, 39.7708, 18.071
915, 0, 73, 39.765, 18.0898
916, 0, 73, 39.7605, 18.1085
917, 0, 73, 39.7567, 18.1315
918, 0, 73, 39.7085, 18.1502
919, 0, 73, 39.7027, 18.1686
920, 0, 73, 39.698, 18.1874
921, 0, 73, 39.694, 18.2064
922, 0, 72, 39.8493, 18.2253
923, 0, 72, 39.8448, 18.2441
924, 0, 72, 39.8417, 18.2627
925, 0, 72, 39.8059, 18.2815
926, 0, 72, 39.8034, 18.3001
927, 0, 72, 39.8704, 18.3192
928, 0, 72, 39.833, 18.3379
929, 0, 72, 39.8294, 18.3568
930, 0, 72, 39.828, 18.3754
931, 0, 72, 39.8146, 18.3955
932, 0, 72, 39.7787, 18.418
933, 0, 72, 39.7721, 18.4447
934, 0, 72, 39.7507, 18.4659
935, 0, 72, 39.7239, 18.4848
936, 0, 72, 39.7109, 18.5189
937, 0, 72, 39.6881, 18.5415
938, 0, 72, 39.6351, 18.5606
939, 0, 72, 39.4822, 18.5796
940, 0, 72, 39.4456, 18.6009
941, 0, 72, 39.4182, 18.6198
942, 0, 72, 39.3908, 18.6387
943, 0, 72, 39.3695, 18.6584
944, 0, 72, 39.3481, 18.6774
945, 0, 72, 39.3369, 18.7105
946, 0, 72, 39.3374, 18.7296
947, 0, 72, 39.3291, 18.7507
948, 0, 72, 39.2925, 18.7842
949, 0, 72, 39.2835, 18.8029
950, 0, 72, 39.2785, 18.823
951, 0, 72, 39.2676, 18.8419
952, 0, 72, 39.2374, 18.8608
953, 0, 72, 39.2077, 18.8796
954, 0, 72, 39.0031, 18.8982
955, 0, 71, 39.1929, 18.9188
956, 0, 71, 39.0824, 18.9378
957, 0, 71, 38.9986, 18.9783
958, 0, 71, 38.9946, 18.9971
959, 0, 71, 38.991, 19.0161
960, 0, 71, 38.989, 19.035
961, 0, 71, 38.9686, 19.054
962, 0, 71, 38.9649, 19.0728
963, 0, 71, 38.964, 19.092
964, 0, 71, 38.9532, 19.1109
965, 0, 71, 38.9166, 19.1296
966, 0, 70, 39.2694, 19.1769
967, 0, 70, 38.7844, 19.196
968, 0, 70, 38.4109, 19.2258
969, 0, 69, 38.1787, 19.245
970, 0, 68, 39.5268, 19.2641
971, 0, 68, 39.4337, 19.284
972, 0, 68, 39.3748, 19.3041
973, 0, 68, 39.2049, 19.3258
974, 0, 68, 39.1519, 19.3449
975, 0, 68, 38.8478, 19.3638
976, 0, 68, 38.7948, 19.3827
977, 0, 68, 38.7646, 19.4014
978, 0, 68, 38.756, 19.4201
979, 0, 68, 38.7195, 19.4429
980, 0, 68, 38.6981, 19.4639
981, 0, 68, 38.6615, 19.4827
982, 0, 68, 38.6209, 19.5145
983, 0, 68, 38.7839, 19.5463
984, 0, 68, 38.6328, 19.572
985, 0, 68, 38.5798, 19.5909
986, 0, 68, 38.0948, 19.6283
987, 0, 68, 37.8902, 19.6477
988, 0, 68, 37.9829, 19.6668
989, 0, 68, 37.9161, 19.6861
990, 0, 68, 37.8893, 19.7049
991, 0, 68, 37.7922, 19.7242
992, 0, 68, 37.7848, 19.743
993, 0, 68, 37.7483, 19.7622
994, 0, 68, 37.5437, 19.7811
995, 0, 68, 37.3392, 19.8068
996, 0, 68, 37.5022, 19.8257
997, 0, 68, 37.4541, 19.8444
998, 0, 68, 37.4336, 19.8633
999, 0, 68, 37.4039, 19.8873
