Seed is: 50
Number of samples is: 1000
Simulation name is: NoTvSim.sim
TimeStep, Distraction Rate, Missed States, Model Accuracy, Time (ms)
0, 0, 256, 0, 6e-05
1, 0, 255, 0.763197, 0.01581
2, 0, 254, 1.52639, 0.030919
3, 0, 253, 2.28959, 0.045386
4, 0, 252, 3.05279, 0.059844
5, 0, 251, 3.81599, 0.079702
6, 0, 250, 4.57918, 0.09438
7, 0, 249, 5.57918, 0.108727
8, 0, 248, 6.34238, 0.123245
9, 0, 247, 7.10558, 0.143774
10, 0, 246, 7.86877, 0.158331
11, 0, 245, 8.86877, 0.172889
12, 0, 244, 9.63197, 0.197787
13, 0, 243, 10.3952, 0.212425
14, 0, 242, 11.1584, 0.227163
15, 0, 241, 12.1584, 0.241991
16, 0, 241, 11.7848, 0.256518
17, 0, 241, 11.4113, 0.289942
18, 0, 241, 11.0378, 0.305882
19, 0, 240, 11.801, 0.320801
20, 0, 239, 12.5642, 0.335609
21, 0, 239, 12.1906, 0.358823
22, 0, 238, 12.9538, 0.37818
23, 0, 237, 13.717, 0.393309
24, 0, 236, 14.717, 0.413908
25, 0, 236, 14.302, 0.428827
26, 0, 235, 15.0652, 0.443835
27, 0, 234, 15.8284, 0.459084
28, 0, 233, 16.5916, 0.484022
29, 0, 232, 17.3548, 0.50418
30, 0, 231, 18.118, 0.522465
31, 0, 230, 18.8812, 0.537554
32, 0, 229, 19.8812, 0.554326
33, 0, 228, 20.6444, 0.569675
34, 0, 227, 21.6444, 0.585034
35, 0, 226, 22.4076, 0.613468
36, 0, 225, 23.4076, 0.63532
37, 0, 224, 24.1708, 0.650569
38, 0, 223, 25.1708, 0.692579
39, 0, 223, 24.7557, 0.709762
40, 0, 222, 25.5189, 0.725482
41, 0, 222, 25.1039, 0.755819
42, 0, 221, 24.8717, 0.771489
43, 0, 220, 26.2198, 0.788251
44, 0, 219, 26.983, 0.804031
45, 0, 218, 27.7462, 0.819581
46, 0, 217, 28.5094, 0.83487
47, 0, 217, 28.0245, 0.8504
48, 0, 217, 27.6509, 0.866109
49, 0, 216, 28.4141, 0.884935
50, 0, 215, 29.1773, 0.901898
51, 0, 214, 30.1773, 0.917477
52, 0, 213, 30.9405, 0.93968
53, 0, 212, 31.7037, 0.95587
54, 0, 211, 32.4669, 0.972973
55, 0, 211, 32.0934, 0.99236
56, 0, 211, 31.6784, 1.00896
57, 0, 211, 31.5084, 1.02459
58, 0, 211, 31.4153, 1.04666
59, 0, 211, 31.0418, 1.06232
60, 0, 210, 32.0418, 1.07813
61, 0, 210, 31.6683, 1.09381
62, 0, 209, 32.6683, 1.1246
63, 0, 208, 33.6683, 1.1405
64, 0, 208, 33.2532, 1.15627
65, 0, 208, 32.8382, 1.17203
66, 0, 208, 32.4646, 1.18799
67, 0, 207, 33.2278, 1.20346
68, 0, 207, 33.0579, 1.22502
69, 0, 206, 33.2993, 1.24258
70, 0, 206, 33.2062, 1.25809
71, 0, 205, 33.9693, 1.27454
72, 0, 204, 34.7325, 1.29083
73, 0, 204, 34.6737, 1.30676
74, 0, 204, 34.4691, 1.32267
75, 0, 204, 34.3162, 1.33848
76, 0, 203, 35.0794, 1.35434
77, 0, 202, 35.8426, 1.37312
78, 0, 202, 35.6896, 1.38899
79, 0, 201, 36.4528, 1.40464
80, 0, 201, 36.369, 1.42041
81, 0, 201, 35.954, 1.43803
82, 0, 201, 35.8011, 1.45364
83, 0, 201, 35.4275, 1.47456
84, 0, 201, 35.054, 1.49056
85, 0, 200, 35.2953, 1.50661
86, 0, 200, 35.2547, 1.52381
87, 0, 200, 35.1442, 1.53979
88, 0, 200, 34.7707, 1.56156
89, 0, 200, 34.6007, 1.57761
90, 0, 200, 34.5334, 1.5935
91, 0, 199, 35.2966, 1.61148
92, 0, 199, 34.9231, 1.6275
93, 0, 199, 34.7701, 1.64693
94, 0, 199, 34.7404, 1.66282
95, 0, 199, 34.6963, 1.68153
96, 0, 198, 35.4595, 1.69744
97, 0, 197, 36.4595, 1.71865
98, 0, 196, 37.4595, 1.73657
99, 0, 195, 38.4595, 1.75313
100, 0, 195, 38.0445, 1.77441
101, 0, 195, 37.6294, 1.79038
102, 0, 195, 37.2144, 1.80624
103, 0, 194, 37.9776, 1.82423
104, 0, 193, 38.3304, 1.84031
105, 0, 193, 37.9568, 1.85627
106, 0, 192, 38.72, 1.87207
107, 0, 191, 39.4832, 1.88827
108, 0, 191, 39.3133, 1.90424
109, 0, 190, 40.0765, 1.92029
110, 0, 189, 40.8397, 1.9364
111, 0, 188, 41.6029, 1.9538
112, 0, 188, 41.2293, 1.96988
113, 0, 188, 40.8143, 1.98586
114, 0, 187, 41.5775, 2.00191
115, 0, 187, 41.4246, 2.0182
116, 0, 187, 41.2716, 2.03586
117, 0, 187, 41.1187, 2.05213
118, 0, 186, 41.8819, 2.06823
119, 0, 186, 41.4669, 2.08461
120, 0, 185, 42.4669, 2.10066
121, 0, 185, 42.0933, 2.11713
122, 0, 185, 41.7198, 2.13744
123, 0, 185, 41.3463, 2.15352
124, 0, 184, 42.3463, 2.17075
125, 0, 184, 41.9312, 2.18742
126, 0, 184, 41.7613, 2.20356
127, 0, 183, 42.1141, 2.21968
128, 0, 182, 42.8773, 2.23589
129, 0, 181, 43.6405, 2.25399
130, 0, 180, 44.4037, 2.27009
131, 0, 179, 45.4037, 2.28609
132, 0, 178, 46.1669, 2.30371
133, 0, 177, 46.9301, 2.31982
134, 0, 176, 47.6933, 2.33593
135, 0, 175, 48.4565, 2.35287
136, 0, 174, 49.4565, 2.37017
137, 0, 174, 49.0414, 2.38691
138, 0, 173, 48.8092, 2.42153
139, 0, 172, 49.5724, 2.45209
140, 0, 172, 49.1989, 2.46861
141, 0, 172, 49.046, 2.48776
142, 0, 172, 49.0157, 2.50417
143, 0, 172, 48.6422, 2.52622
144, 0, 172, 48.4723, 2.54233
145, 0, 172, 48.3023, 2.55863
146, 0, 172, 47.9288, 2.57498
147, 0, 172, 47.4438, 2.59112
148, 0, 172, 47.0703, 2.60722
149, 0, 172, 46.8658, 2.62385
150, 0, 171, 47.629, 2.64012
151, 0, 171, 47.2554, 2.65644
152, 0, 171, 47.2024, 2.67319
153, 0, 170, 47.5552, 2.68938
154, 0, 170, 47.0702, 2.71592
155, 0, 170, 47.0337, 2.73262
156, 0, 170, 46.8637, 2.76423
157, 0, 169, 47.6269, 2.79284
158, 0, 168, 48.6269, 2.82179
159, 0, 168, 48.2119, 2.83841
160, 0, 167, 48.9751, 2.85514
161, 0, 167, 48.882, 2.87187
162, 0, 167, 48.6774, 2.88828
163, 0, 167, 48.6507, 2.90465
164, 0, 167, 48.2771, 2.92115
165, 0, 167, 47.9036, 2.93764
166, 0, 167, 47.7507, 2.95921
167, 0, 167, 47.5977, 2.99522
168, 0, 167, 47.5388, 3.01173
169, 0, 167, 47.455, 3.02814
170, 0, 167, 47.2505, 3.06158
171, 0, 167, 47.1667, 3.07812
172, 0, 167, 47.1453, 3.10729
173, 0, 167, 47.0615, 3.12984
174, 0, 167, 46.951, 3.14645
175, 0, 167, 46.5775, 3.16287
176, 0, 166, 46.3453, 3.1808
177, 0, 166, 46.1924, 3.19731
178, 0, 165, 46.9556, 3.21449
179, 0, 165, 46.582, 3.23172
180, 0, 165, 46.2085, 3.2491
181, 0, 165, 46.1247, 3.28321
182, 0, 165, 45.9718, 3.30616
183, 0, 164, 47.3199, 3.32284
184, 0, 163, 48.0831, 3.33965
185, 0, 162, 48.4359, 3.35653
186, 0, 161, 49.1991, 3.37321
187, 0, 160, 49.9623, 3.38992
188, 0, 160, 49.8094, 3.40861
189, 0, 159, 50.8094, 3.42549
190, 0, 159, 50.7256, 3.44425
191, 0, 159, 50.5726, 3.46297
192, 0, 158, 51.3358, 3.47976
193, 0, 157, 52.099, 3.49796
194, 0, 156, 53.099, 3.51479
195, 0, 156, 52.7255, 3.53156
196, 0, 155, 53.0783, 3.54963
197, 0, 155, 52.5933, 3.57267
198, 0, 155, 52.2198, 3.59128
199, 0, 155, 52.136, 3.60792
200, 0, 155, 52.083, 3.62485
201, 0, 155, 51.7094, 3.64148
202, 0, 155, 51.5565, 3.66016
203, 0, 155, 51.4727, 3.67821
204, 0, 155, 51.3198, 3.69464
205, 0, 155, 51.2668, 3.71115
206, 0, 155, 50.8517, 3.72771
207, 0, 155, 50.6988, 3.74578
208, 0, 155, 50.9207, 3.76262
209, 0, 154, 51.6839, 3.77961
210, 0, 153, 52.0367, 3.7963
211, 0, 153, 51.9529, 3.8269
212, 0, 152, 52.9529, 3.84377
213, 0, 151, 53.1159, 3.86069
214, 0, 151, 52.631, 3.89019
215, 0, 151, 52.478, 3.90769
216, 0, 151, 52.063, 3.92626
217, 0, 151, 51.9956, 3.94469
218, 0, 150, 52.7588, 3.96158
219, 0, 150, 52.5889, 3.98283
220, 0, 150, 52.4958, 3.99938
221, 0, 150, 52.4027, 4.01601
222, 0, 150, 52.3096, 4.03917
223, 0, 150, 52.2507, 4.05799
224, 0, 150, 52.1918, 4.08486
225, 0, 150, 52.1512, 4.11293
226, 0, 150, 52.1105, 4.12981
227, 0, 150, 52.0808, 4.15479
228, 0, 150, 52.051, 4.19003
229, 0, 150, 52.0283, 4.20917
230, 0, 150, 51.8754, 4.22615
231, 0, 150, 51.7649, 4.24995
232, 0, 150, 51.3913, 4.267
233, 0, 149, 52.1545, 4.28762
234, 0, 148, 52.9177, 4.30443
235, 0, 147, 53.2705, 4.3239
236, 0, 147, 53.1176, 4.34091
237, 0, 147, 52.744, 4.35787
238, 0, 147, 52.5911, 4.37483
239, 0, 146, 52.7288, 4.39251
240, 0, 146, 52.3553, 4.40975
241, 0, 145, 52.545, 4.42685
242, 0, 144, 52.3128, 4.44358
243, 0, 143, 53.076, 4.46037
244, 0, 142, 53.3174, 4.47741
245, 0, 142, 53.1645, 4.49419
246, 0, 142, 52.7909, 4.52529
247, 0, 142, 52.5864, 4.54258
248, 0, 141, 52.9392, 4.57734
249, 0, 140, 53.7023, 4.59451
250, 0, 139, 54.4655, 4.61171
251, 0, 139, 53.9806, 4.62891
252, 0, 139, 53.6071, 4.64613
253, 0, 139, 53.1221, 4.66326
254, 0, 139, 52.9175, 4.6803
255, 0, 139, 52.8338, 4.69739
256, 0, 139, 52.9968, 4.71455
257, 0, 139, 52.8456, 4.73289
258, 0, 139, 52.6411, 4.75283
259, 0, 138, 53.4043, 4.77013
260, 0, 138, 53.0308, 4.7874
261, 0, 138, 52.9203, 4.80516
262, 0, 138, 52.7157, 4.82256
263, 0, 137, 53.4789, 4.83981
264, 0, 136, 54.2421, 4.85998
265, 0, 135, 55.2421, 4.87738
266, 0, 134, 56.0053, 4.89614
267, 0, 133, 55.7731, 4.91353
268, 0, 132, 56.5363, 4.93275
269, 0, 131, 57.2995, 4.94983
270, 0, 130, 57.0673, 4.9676
271, 0, 129, 57.8305, 4.98552
272, 0, 129, 57.457, 5.00449
273, 0, 128, 57.2248, 5.02248
274, 0, 128, 57.141, 5.04004
275, 0, 127, 57.9042, 5.05886
276, 0, 127, 57.8627, 5.0762
277, 0, 126, 59.5674, 5.10067
278, 0, 125, 60.3306, 5.11791
279, 0, 124, 61.6788, 5.13572
280, 0, 124, 61.3052, 5.15435
281, 0, 123, 61.5466, 5.17276
282, 0, 122, 62.5466, 5.19127
283, 0, 122, 62.342, 5.21104
284, 0, 122, 62.1721, 5.22991
285, 0, 122, 61.7986, 5.25388
286, 0, 122, 61.6881, 5.27836
287, 0, 122, 61.5351, 5.31602
288, 0, 122, 61.1201, 5.33531
289, 0, 121, 61.8833, 5.35299
290, 0, 121, 61.5098, 5.37219
291, 0, 121, 61.3568, 5.39911
292, 0, 121, 61.2039, 5.41665
293, 0, 121, 61.1509, 5.43419
294, 0, 121, 60.998, 5.45187
295, 0, 121, 60.9306, 5.46944
296, 0, 121, 60.7777, 5.48693
297, 0, 121, 60.6672, 5.50448
298, 0, 120, 61.4304, 5.52208
299, 0, 120, 61.3774, 5.53943
300, 0, 120, 61.3547, 5.55809
301, 0, 120, 61.3367, 5.58038
302, 0, 120, 61.2436, 5.61703
303, 0, 120, 61.2282, 5.63476
304, 0, 120, 61.1444, 5.65665
305, 0, 120, 61.0855, 5.67411
306, 0, 120, 61.0449, 5.70818
307, 0, 120, 60.6713, 5.72569
308, 0, 120, 60.6348, 5.74776
309, 0, 120, 60.6235, 5.76546
310, 0, 119, 60.8648, 5.78312
311, 0, 119, 60.7119, 5.80057
312, 0, 119, 60.694, 5.81789
313, 0, 119, 60.6795, 5.86723
314, 0, 119, 60.6206, 5.88495
315, 0, 119, 60.5799, 5.9085
316, 0, 119, 60.4961, 5.926
317, 0, 119, 60.1226, 5.94321
318, 0, 119, 59.7491, 5.96228
319, 0, 119, 59.3755, 5.97993
320, 0, 118, 60.1387, 5.99745
321, 0, 118, 59.9688, 6.01512
322, 0, 118, 59.8159, 6.03258
323, 0, 118, 59.7228, 6.05255
324, 0, 118, 59.3492, 6.0698
325, 0, 118, 59.2654, 6.0872
326, 0, 118, 58.8504, 6.10462
327, 0, 118, 58.6805, 6.13613
328, 0, 118, 58.6439, 6.1542
329, 0, 118, 58.5601, 6.17232
330, 0, 118, 58.2967, 6.1948
331, 0, 118, 58.2437, 6.21237
332, 0, 118, 58.0925, 6.22992
333, 0, 118, 57.9994, 6.24744
334, 0, 118, 57.9156, 6.26487
335, 0, 118, 57.7627, 6.28247
336, 0, 118, 57.7097, 6.32106
337, 0, 118, 57.2247, 6.35214
338, 0, 118, 57.0548, 6.38357
339, 0, 117, 57.818, 6.40159
340, 0, 117, 58.0399, 6.43097
341, 0, 117, 57.5549, 6.44868
342, 0, 116, 57.9077, 6.46607
343, 0, 116, 57.8239, 6.48379
344, 0, 116, 57.6194, 6.50269
345, 0, 116, 57.1344, 6.52013
346, 0, 115, 57.8976, 6.53898
347, 0, 114, 58.6608, 6.5577
348, 0, 113, 58.9021, 6.57665
349, 0, 113, 58.5286, 6.59821
350, 0, 113, 58.4756, 6.62028
351, 0, 113, 58.4083, 6.64879
352, 0, 112, 58.557, 6.66679
353, 0, 112, 58.1834, 6.68439
354, 0, 112, 58.1607, 6.70199
355, 0, 112, 58.1487, 6.71961
356, 0, 112, 58.0957, 6.73857
357, 0, 111, 58.8589, 6.75811
358, 0, 111, 58.8292, 6.77553
359, 0, 111, 58.8113, 6.79329
360, 0, 111, 58.8012, 6.8125
361, 0, 111, 58.7785, 6.83023
362, 0, 111, 58.7606, 6.84786
363, 0, 111, 58.7461, 6.87823
364, 0, 111, 58.7095, 6.89562
365, 0, 111, 58.6257, 6.913
366, 0, 111, 58.2522, 6.93154
367, 0, 111, 57.8786, 6.949
368, 0, 111, 57.5051, 6.9663
369, 0, 110, 58.5051, 6.98396
370, 0, 110, 57.927, 7.00205
371, 0, 110, 57.5535, 7.01939
372, 0, 110, 57.4005, 7.03669
373, 0, 110, 57.2476, 7.06396
374, 0, 109, 57.0154, 7.08173
375, 0, 109, 56.6419, 7.09934
376, 0, 108, 57.4051, 7.11712
377, 0, 108, 57.2352, 7.14221
378, 0, 108, 56.8616, 7.15986
379, 0, 108, 56.7087, 7.19154
380, 0, 108, 56.6414, 7.20933
381, 0, 108, 56.2678, 7.2402
382, 0, 108, 55.8943, 7.25781
383, 0, 108, 55.8012, 7.27548
384, 0, 108, 55.7338, 7.29426
385, 0, 107, 56.0866, 7.31204
386, 0, 107, 56.05, 7.32949
387, 0, 107, 55.9662, 7.34995
388, 0, 107, 55.8824, 7.36735
389, 0, 107, 55.8739, 7.385
390, 0, 107, 55.8471, 7.41184
391, 0, 107, 55.4736, 7.44319
392, 0, 107, 55.4531, 7.46102
393, 0, 107, 55.409, 7.47885
394, 0, 107, 55.3252, 7.49797
395, 0, 107, 55.2722, 7.51595
396, 0, 107, 55.1193, 7.53365
397, 0, 107, 55.0891, 7.56818
398, 0, 107, 54.992, 7.58578
399, 0, 107, 54.8815, 7.60367
400, 0, 107, 54.7977, 7.62141
401, 0, 107, 54.9201, 7.6436
402, 0, 107, 54.8096, 7.66267
403, 0, 107, 54.7258, 7.68061
404, 0, 107, 54.6327, 7.69991
405, 0, 106, 54.4005, 7.71749
406, 0, 106, 54.4931, 7.73522
407, 0, 105, 55.8413, 7.75297
408, 0, 105, 55.4262, 7.77073
409, 0, 104, 56.1894, 7.78995
410, 0, 103, 56.9526, 7.80793
411, 0, 103, 56.5791, 7.82547
412, 0, 103, 56.2056, 7.84324
413, 0, 102, 56.9688, 7.86101
414, 0, 101, 57.9688, 7.87859
415, 0, 100, 58.732, 7.89655
416, 0, 99, 59.732, 7.92845
417, 0, 99, 59.3169, 7.94634
418, 0, 99, 59.147, 7.9641
419, 0, 98, 59.9102, 7.98196
420, 0, 98, 59.6468, 7.99994
421, 0, 98, 59.2732, 8.01778
422, 0, 97, 60.0364, 8.03574
423, 0, 97, 59.6629, 8.06921
424, 0, 97, 59.2894, 8.10299
425, 0, 97, 58.9158, 8.12097
426, 0, 97, 58.8792, 8.13892
427, 0, 97, 58.7263, 8.17432
428, 0, 97, 58.2413, 8.19224
429, 0, 96, 58.4311, 8.21487
430, 0, 96, 58.3206, 8.23289
431, 0, 96, 58.3726, 8.25079
432, 0, 95, 58.6139, 8.26947
433, 0, 95, 58.4094, 8.28722
434, 0, 95, 58.3163, 8.30527
435, 0, 95, 58.1633, 8.33111
436, 0, 94, 58.5161, 8.34906
437, 0, 94, 58.3632, 8.36737
438, 0, 94, 58.2794, 8.39283
439, 0, 93, 58.4691, 8.4106
440, 0, 92, 59.2323, 8.42903
441, 0, 92, 59.2249, 8.44686
442, 0, 92, 59.2185, 8.46509
443, 0, 92, 59.2129, 8.48273
444, 0, 92, 59.1967, 8.50063
445, 0, 92, 59.0438, 8.53394
446, 0, 92, 59.0318, 8.55216
447, 0, 92, 59.0173, 8.57054
448, 0, 92, 59.0123, 8.58847
449, 0, 92, 59.0004, 8.60664
450, 0, 92, 58.9903, 8.63028
451, 0, 92, 58.9817, 8.64864
452, 0, 92, 58.9687, 8.68248
453, 0, 92, 58.9419, 8.70052
454, 0, 92, 58.8746, 8.7186
455, 0, 92, 58.8387, 8.73716
456, 0, 92, 58.7857, 8.75581
457, 0, 92, 58.7327, 8.77385
458, 0, 92, 58.5798, 8.79279
459, 0, 91, 59.5798, 8.81071
460, 0, 91, 59.1647, 8.83019
461, 0, 91, 58.9948, 8.84938
462, 0, 91, 58.9017, 8.87974
463, 0, 91, 58.5282, 8.89785
464, 0, 91, 58.4444, 8.92862
465, 0, 91, 58.377, 8.95467
466, 0, 91, 58.2932, 8.97904
467, 0, 91, 58.2491, 8.9989
468, 0, 91, 58.0962, 9.01668
469, 0, 91, 58.0694, 9.04144
470, 0, 91, 58.0105, 9.05964
471, 0, 91, 58.0023, 9.08517
472, 0, 91, 57.9493, 9.10302
473, 0, 91, 57.9385, 9.12183
474, 0, 91, 57.9111, 9.15441
475, 0, 91, 57.8745, 9.17271
476, 0, 91, 57.8379, 9.19092
477, 0, 91, 57.7849, 9.22138
478, 0, 91, 57.632, 9.241
479, 0, 91, 57.5652, 9.27311
480, 0, 91, 57.5384, 9.29126
481, 0, 91, 57.5116, 9.32407
482, 0, 91, 57.4751, 9.3423
483, 0, 91, 57.465, 9.3605
484, 0, 91, 57.456, 9.37882
485, 0, 91, 57.4355, 9.40336
486, 0, 91, 57.3517, 9.42147
487, 0, 91, 57.2679, 9.44592
488, 0, 91, 56.8944, 9.4641
489, 0, 91, 56.5208, 9.48417
490, 0, 91, 56.1473, 9.50283
491, 0, 91, 56.0884, 9.52106
492, 0, 91, 56.0216, 9.5395
493, 0, 91, 55.9627, 9.55815
494, 0, 91, 55.9221, 9.57774
495, 0, 91, 55.8691, 9.61764
496, 0, 91, 55.8284, 9.63587
497, 0, 91, 55.7987, 9.65391
498, 0, 91, 55.6457, 9.67323
499, 0, 91, 55.5927, 9.69786
500, 0, 91, 55.3882, 9.73442
501, 0, 91, 55.3441, 9.75382
502, 0, 91, 55.3228, 9.77349
503, 0, 91, 55.3023, 9.79634
504, 0, 91, 55.2756, 9.81719
505, 0, 91, 55.2542, 9.83525
506, 0, 91, 55.2135, 9.85352
507, 0, 91, 55.1605, 9.87185
508, 0, 91, 55.146, 9.89097
509, 0, 91, 55.1341, 9.90897
510, 0, 91, 55.09, 9.92787
511, 0, 91, 55.0459, 9.94855
512, 0, 91, 55.0053, 9.97326
513, 0, 91, 54.975, 9.99372
514, 0, 91, 54.9448, 10.0156
515, 0, 91, 54.9347, 10.035
516, 0, 91, 54.9262, 10.0592
517, 0, 91, 54.9201, 10.0817
518, 0, 91, 54.7156, 10.1044
519, 0, 91, 54.6626, 10.1272
520, 0, 91, 54.5788, 10.1498
521, 0, 91, 54.5743, 10.1725
522, 0, 91, 54.5703, 10.1954
523, 0, 91, 54.5667, 10.2181
524, 0, 91, 54.5593, 10.2409
525, 0, 91, 54.5561, 10.265
526, 0, 91, 54.5496, 10.2833
527, 0, 91, 54.5466, 10.3015
528, 0, 91, 54.541, 10.3237
529, 0, 91, 54.536, 10.3432
530, 0, 91, 54.5274, 10.3672
531, 0, 91, 54.5247, 10.3977
532, 0, 91, 54.5202, 10.416
533, 0, 91, 54.5177, 10.4348
534, 0, 91, 54.5104, 10.4614
535, 0, 91, 54.5039, 10.4815
536, 0, 91, 54.4983, 10.5001
537, 0, 91, 54.4943, 10.5221
538, 0, 91, 54.4893, 10.56
539, 0, 91, 54.4857, 10.5889
540, 0, 91, 54.4834, 10.6084
541, 0, 91, 54.4757, 10.628
542, 0, 91, 54.4588, 10.6464
543, 0, 91, 54.4427, 10.6646
544, 0, 91, 54.4222, 10.7032
545, 0, 91, 54.4009, 10.7307
546, 0, 91, 54.3795, 10.7491
547, 0, 91, 54.3497, 10.7672
548, 0, 91, 54.3343, 10.7856
549, 0, 91, 53.8493, 10.8038
550, 0, 91, 53.7523, 10.8223
551, 0, 91, 53.7157, 10.8405
552, 0, 91, 53.5111, 10.864
553, 0, 91, 53.3066, 10.8822
554, 0, 91, 53.1537, 10.9003
555, 0, 91, 53.1382, 10.9185
556, 0, 91, 53.1338, 10.9367
557, 0, 91, 53.1071, 10.9566
558, 0, 91, 53.1049, 10.9748
559, 0, 91, 53.1005, 10.993
560, 0, 91, 53.0985, 11.0112
561, 0, 91, 53.0919, 11.0314
562, 0, 91, 52.9814, 11.0579
563, 0, 90, 53.9814, 11.0812
564, 0, 89, 54.2227, 11.0993
565, 0, 89, 53.8077, 11.1238
566, 0, 89, 53.6031, 11.1423
567, 0, 89, 53.5897, 11.162
568, 0, 89, 53.5415, 11.182
569, 0, 89, 53.5211, 11.2004
570, 0, 89, 53.508, 11.2185
571, 0, 89, 53.6711, 11.2368
572, 0, 89, 53.6506, 11.2551
573, 0, 89, 53.6488, 11.2796
574, 0, 89, 53.6448, 11.2977
575, 0, 89, 53.6415, 11.3157
576, 0, 89, 53.6357, 11.3397
577, 0, 89, 53.5827, 11.3581
578, 0, 89, 53.5797, 11.3807
579, 0, 89, 53.5746, 11.4133
580, 0, 89, 53.5073, 11.4324
581, 0, 89, 53.4543, 11.4573
582, 0, 89, 53.3438, 11.4776
583, 0, 89, 53.2333, 11.5116
584, 0, 89, 53.1892, 11.5323
585, 0, 89, 53.1303, 11.5506
586, 0, 89, 53.0937, 11.5689
587, 0, 89, 52.7202, 11.5871
588, 0, 89, 52.7166, 11.6054
589, 0, 89, 52.7133, 11.6277
590, 0, 89, 52.7106, 11.6471
591, 0, 89, 52.7081, 11.6798
592, 0, 89, 52.7051, 11.6979
593, 0, 89, 52.7006, 11.7164
594, 0, 89, 52.664, 11.7363
595, 0, 89, 52.6623, 11.7549
596, 0, 89, 52.6607, 11.7782
597, 0, 89, 52.6584, 11.7966
598, 0, 89, 52.6557, 11.8148
599, 0, 89, 52.6517, 11.8333
600, 0, 89, 52.6408, 11.8518
601, 0, 89, 52.6043, 11.87
602, 0, 89, 52.5775, 11.8894
603, 0, 89, 52.576, 11.9075
604, 0, 89, 52.5738, 11.9256
605, 0, 89, 52.5719, 11.9436
606, 0, 89, 52.57, 11.9619
607, 0, 89, 52.5683, 11.989
608, 0, 89, 52.5658, 12.0071
609, 0, 89, 52.5642, 12.0255
610, 0, 89, 52.5619, 12.0437
611, 0, 89, 52.5583, 12.062
612, 0, 89, 52.5378, 12.0802
613, 0, 89, 52.5364, 12.0985
614, 0, 89, 52.5343, 12.1168
615, 0, 89, 52.5328, 12.1351
616, 0, 89, 52.5314, 12.1585
617, 0, 89, 52.5294, 12.1768
618, 0, 89, 52.5276, 12.1949
619, 0, 89, 52.5243, 12.2142
620, 0, 89, 52.5155, 12.2324
621, 0, 89, 52.5048, 12.2536
622, 0, 88, 52.6416, 12.2721
623, 0, 88, 52.6261, 12.2904
624, 0, 88, 52.6248, 12.3086
625, 0, 88, 52.6219, 12.3274
626, 0, 88, 52.5916, 12.3459
627, 0, 88, 52.551, 12.3642
628, 0, 88, 52.5242, 12.3825
629, 0, 88, 52.3713, 12.4005
630, 0, 87, 52.7241, 12.4496
631, 0, 87, 52.5711, 12.4687
632, 0, 87, 52.0862, 12.4868
633, 0, 87, 52.0194, 12.517
634, 0, 87, 51.9926, 12.5373
635, 0, 87, 51.9088, 12.5573
636, 0, 87, 51.7043, 12.5757
637, 0, 87, 51.6513, 12.6016
638, 0, 87, 51.6768, 12.62
639, 0, 86, 51.9181, 12.6458
640, 0, 86, 51.8968, 12.6726
641, 0, 86, 51.8894, 12.691
642, 0, 86, 51.8667, 12.7094
643, 0, 86, 51.8636, 12.7278
644, 0, 86, 51.8475, 12.7461
645, 0, 86, 51.8453, 12.7646
646, 0, 86, 51.8341, 12.7925
647, 0, 86, 51.8328, 12.8111
648, 0, 86, 51.8301, 12.8296
649, 0, 85, 51.9669, 12.8505
650, 0, 85, 51.9909, 12.8695
651, 0, 85, 51.9793, 12.8877
652, 0, 85, 51.9525, 12.9059
653, 0, 85, 51.9427, 12.9255
654, 0, 85, 51.9337, 12.9522
655, 0, 85, 51.9254, 12.9754
656, 0, 85, 51.9241, 13.0004
657, 0, 85, 51.9216, 13.0189
658, 0, 85, 51.9055, 13.0484
659, 0, 85, 51.9043, 13.0671
660, 0, 85, 51.9025, 13.0852
661, 0, 85, 51.9009, 13.1034
662, 0, 85, 51.8998, 13.1218
663, 0, 85, 51.8975, 13.1402
664, 0, 85, 51.8821, 13.1586
665, 0, 84, 52.0718, 13.1769
666, 0, 84, 52.0352, 13.195
667, 0, 83, 53.3834, 13.2132
668, 0, 83, 53.3629, 13.2478
669, 0, 83, 53.2791, 13.2662
670, 0, 83, 52.9056, 13.2924
671, 0, 83, 52.8526, 13.3109
672, 0, 83, 52.6997, 13.3292
673, 0, 82, 54.0478, 13.3478
674, 0, 82, 53.8949, 13.3662
675, 0, 82, 53.4799, 13.3845
676, 0, 82, 53.3099, 13.4028
677, 0, 82, 52.9364, 13.4218
678, 0, 82, 52.8526, 13.4399
679, 0, 82, 52.4376, 13.4585
680, 0, 82, 52.2846, 13.4769
681, 0, 82, 52.1317, 13.4969
682, 0, 82, 51.6467, 13.5205
683, 0, 82, 51.5629, 13.5391
684, 0, 81, 52.3261, 13.5582
685, 0, 81, 51.9526, 13.5887
686, 0, 81, 51.8595, 13.6072
687, 0, 81, 51.7066, 13.6429
688, 0, 81, 51.6228, 13.6672
689, 0, 81, 51.2492, 13.6858
690, 0, 81, 51.1654, 13.7042
691, 0, 81, 51.0125, 13.7226
692, 0, 81, 50.9287, 13.7411
693, 0, 81, 50.8757, 13.7595
694, 0, 81, 50.8227, 13.7781
695, 0, 81, 50.7861, 13.7979
696, 0, 81, 50.7331, 13.8164
697, 0, 81, 50.5632, 13.8348
698, 0, 81, 50.4794, 13.8615
699, 0, 81, 50.4264, 13.8797
700, 0, 81, 50.359, 13.8981
701, 0, 81, 50.1891, 13.9166
702, 0, 81, 50.173, 13.9514
703, 0, 81, 50.0201, 13.9705
704, 0, 81, 50.0189, 13.9912
705, 0, 81, 50.0179, 14.0147
706, 0, 81, 50.0158, 14.0333
707, 0, 81, 50.0075, 14.0649
708, 0, 80, 50.1452, 14.0836
709, 0, 80, 50.1375, 14.102
710, 0, 80, 50.3014, 14.1206
711, 0, 80, 50.281, 14.1388
712, 0, 80, 50.2655, 14.1574
713, 0, 80, 50.2358, 14.1904
714, 0, 80, 50.1253, 14.209
715, 0, 80, 50.0955, 14.2275
716, 0, 80, 50.0728, 14.246
717, 0, 80, 50.0362, 14.2686
718, 0, 79, 51.3844, 14.2871
719, 0, 79, 50.9694, 14.3055
720, 0, 79, 50.5958, 14.3237
721, 0, 79, 50.5797, 14.3473
722, 0, 79, 50.5731, 14.3712
723, 0, 79, 50.56, 14.3898
724, 0, 79, 50.5421, 14.4088
725, 0, 79, 50.5357, 14.4475
726, 0, 79, 50.5212, 14.4662
727, 0, 79, 50.5467, 14.4849
728, 0, 79, 50.5454, 14.5072
729, 0, 79, 50.5292, 14.5404
730, 0, 79, 50.518, 14.5591
731, 0, 79, 50.4952, 14.5865
732, 0, 79, 50.4773, 14.6052
733, 0, 79, 50.4628, 14.6242
734, 0, 79, 50.4508, 14.6549
735, 0, 79, 50.367, 14.6736
736, 0, 78, 51.367, 14.7008
737, 0, 78, 51.1971, 14.7194
738, 0, 77, 51.9603, 14.738
739, 0, 77, 51.7904, 14.7567
740, 0, 77, 51.4169, 14.7752
741, 0, 77, 51.0433, 14.794
742, 0, 76, 52.3915, 14.8124
743, 0, 76, 52.2984, 14.8307
744, 0, 76, 52.2395, 14.8558
745, 0, 76, 52.1557, 14.8746
746, 0, 75, 52.3044, 14.9069
747, 0, 75, 52.2943, 14.9258
748, 0, 75, 52.2502, 14.9444
749, 0, 75, 52.2383, 14.9703
750, 0, 75, 52.2375, 14.9886
751, 0, 75, 52.0567, 15.0095
752, 0, 75, 52.0208, 15.0278
753, 0, 75, 51.9534, 15.0537
754, 0, 75, 51.9094, 15.0723
755, 0, 75, 51.4244, 15.0911
756, 0, 74, 51.6657, 15.1098
757, 0, 74, 51.4958, 15.1284
758, 0, 74, 51.2913, 15.147
759, 0, 74, 51.1942, 15.1657
760, 0, 74, 51.1412, 15.2008
761, 0, 74, 51.3631, 15.2399
762, 0, 74, 51.3501, 15.2686
763, 0, 74, 51.3443, 15.2872
764, 0, 74, 51.4727, 15.3059
765, 0, 74, 51.4596, 15.3345
766, 0, 74, 51.4329, 15.3533
767, 0, 74, 51.374, 15.372
768, 0, 74, 51.2902, 15.3907
769, 0, 74, 51.2628, 15.4091
770, 0, 74, 50.9993, 15.4274
771, 0, 74, 50.9062, 15.4458
772, 0, 73, 51.6694, 15.4654
773, 0, 73, 51.6288, 15.4906
774, 0, 73, 51.599, 15.5092
775, 0, 73, 51.5688, 15.5335
776, 0, 73, 51.5484, 15.5534
777, 0, 73, 51.527, 15.5725
778, 0, 73, 51.5109, 15.5983
779, 0, 72, 51.6739, 15.6173
780, 0, 72, 51.6512, 15.6453
781, 0, 72, 51.1662, 15.6646
782, 0, 72, 50.7927, 15.6888
783, 0, 72, 50.3776, 15.714
784, 0, 72, 50.0041, 15.7328
785, 0, 72, 49.8936, 15.7534
786, 0, 72, 50.0575, 15.7864
787, 0, 72, 49.8766, 15.8177
788, 0, 72, 49.8093, 15.8441
789, 0, 72, 49.7985, 15.8649
790, 0, 72, 49.7934, 15.8842
791, 0, 72, 49.7873, 15.9043
792, 0, 72, 49.7862, 15.9243
793, 0, 72, 49.7852, 15.9427
794, 0, 72, 49.7837, 15.961
795, 0, 72, 49.7826, 15.9794
796, 0, 72, 49.7811, 15.9977
797, 0, 72, 49.7798, 16.016
798, 0, 72, 49.7789, 16.0344
799, 0, 72, 49.778, 16.0535
800, 0, 72, 49.7769, 16.0719
801, 0, 72, 49.7761, 16.0902
802, 0, 72, 49.7741, 16.1089
803, 0, 72, 49.7611, 16.1271
804, 0, 72, 49.7598, 16.1457
805, 0, 72, 49.759, 16.1643
806, 0, 72, 49.758, 16.1829
807, 0, 72, 49.7568, 16.2183
808, 0, 72, 49.7561, 16.2367
809, 0, 72, 49.7549, 16.2549
810, 0, 72, 49.754, 16.2734
811, 0, 72, 49.7533, 16.2961
812, 0, 72, 49.7525, 16.3146
813, 0, 72, 49.7508, 16.3331
814, 0, 72, 49.7437, 16.3577
815, 0, 72, 49.6907, 16.3937
816, 0, 72, 49.6752, 16.4126
817, 0, 72, 49.6622, 16.4313
818, 0, 72, 49.5948, 16.4498
819, 0, 72, 49.5903, 16.4769
820, 0, 71, 49.7296, 16.4981
821, 0, 71, 49.7188, 16.5186
822, 0, 71, 49.6975, 16.5369
823, 0, 71, 49.6445, 16.5552
824, 0, 71, 49.4746, 16.5733
825, 0, 71, 49.3216, 16.5927
826, 0, 70, 49.0895, 16.6113
827, 0, 70, 48.6045, 16.6297
828, 0, 70, 48.5515, 16.649
829, 0, 70, 48.5429, 16.6681
830, 0, 70, 48.4756, 16.6879
831, 0, 70, 48.4648, 16.7073
832, 0, 70, 48.4469, 16.7256
833, 0, 70, 48.2423, 16.7439
834, 0, 70, 48.0894, 16.777
835, 0, 70, 47.9195, 16.808
836, 0, 70, 47.8264, 16.8267
837, 0, 70, 47.6734, 16.8471
838, 0, 70, 47.6294, 16.8658
839, 0, 70, 47.5626, 16.8849
840, 0, 70, 47.5323, 16.9273
841, 0, 70, 47.5843, 16.9459
842, 0, 70, 47.607, 16.9765
843, 0, 70, 47.5962, 16.9949
844, 0, 70, 47.5955, 17.0135
845, 0, 70, 47.5948, 17.0357
846, 0, 70, 47.5932, 17.0549
847, 0, 70, 47.5844, 17.0733
848, 0, 70, 47.563, 17.0918
849, 0, 70, 47.5553, 17.1104
850, 0, 70, 47.5513, 17.1289
851, 0, 70, 47.5469, 17.1475
852, 0, 70, 47.5454, 17.1663
853, 0, 70, 47.5341, 17.1854
854, 0, 70, 47.5861, 17.2041
855, 0, 70, 47.5593, 17.2227
856, 0, 70, 47.4488, 17.2413
857, 0, 70, 47.4129, 17.261
858, 0, 70, 47.3771, 17.2924
859, 0, 70, 47.364, 17.3125
860, 0, 70, 47.3274, 17.3329
861, 0, 70, 47.2909, 17.3517
862, 0, 70, 47.0863, 17.3703
863, 0, 70, 46.9334, 17.3888
864, 0, 70, 46.5598, 17.4307
865, 0, 70, 46.4069, 17.4494
866, 0, 70, 46.3231, 17.468
867, 0, 70, 46.2865, 17.4865
868, 0, 69, 46.4496, 17.5053
869, 0, 69, 46.3822, 17.5239
870, 0, 69, 46.3555, 17.5425
871, 0, 69, 46.245, 17.5679
872, 0, 69, 46.1612, 17.5892
873, 0, 69, 46.0082, 17.6213
874, 0, 69, 45.9552, 17.6564
875, 0, 69, 45.9022, 17.6754
876, 0, 69, 45.5287, 17.6938
877, 0, 69, 45.3775, 17.7121
878, 0, 69, 45.341, 17.7308
879, 0, 69, 45.2821, 17.7508
880, 0, 69, 45.2455, 17.7711
881, 0, 69, 45.1925, 17.7897
882, 0, 69, 45.1251, 17.8084
883, 0, 69, 44.9722, 17.8273
884, 0, 69, 44.9281, 17.8461
885, 0, 69, 44.8443, 17.8648
886, 0, 69, 44.3594, 17.8834
887, 0, 69, 44.2663, 17.902
888, 0, 69, 44.2074, 17.9226
889, 0, 69, 44.3298, 17.9415
890, 0, 69, 44.2327, 17.9602
891, 0, 69, 44.2244, 17.9827
892, 0, 69, 44.1878, 18.0028
893, 0, 69, 44.1397, 18.0215
894, 0, 69, 44.0292, 18.0403
895, 0, 69, 44.0064, 18.059
896, 0, 69, 43.9583, 18.0792
897, 0, 69, 43.9217, 18.0979
898, 0, 69, 44.0007, 18.1324
899, 0, 69, 43.9828, 18.1511
900, 0, 69, 43.9683, 18.1697
901, 0, 69, 43.9205, 18.1883
902, 0, 69, 43.8902, 18.217
903, 0, 69, 43.8543, 18.2357
904, 0, 69, 43.8269, 18.2545
905, 0, 69, 43.7995, 18.279
906, 0, 69, 43.7888, 18.2979
907, 0, 69, 43.705, 18.3166
908, 0, 69, 43.7039, 18.3383
909, 0, 69, 43.7033, 18.3619
910, 0, 69, 43.7027, 18.3848
911, 0, 69, 43.7012, 18.4118
912, 0, 69, 43.6952, 18.4302
913, 0, 69, 43.6278, 18.4498
914, 0, 69, 43.5904, 18.4683
915, 0, 69, 43.5606, 18.487
916, 0, 69, 43.4077, 18.5072
917, 0, 69, 43.2548, 18.5256
918, 0, 69, 43.2334, 18.5441
919, 0, 69, 43.206, 18.5628
920, 0, 69, 43.1792, 18.5876
921, 0, 69, 43.0594, 18.6064
922, 0, 69, 42.9756, 18.6292
923, 0, 69, 42.8918, 18.649
924, 0, 69, 42.808, 18.668
925, 0, 69, 42.755, 18.7027
926, 0, 69, 42.7396, 18.7346
927, 0, 69, 42.6549, 18.7534
928, 0, 69, 42.6018, 18.772
929, 0, 69, 42.543, 18.7923
930, 0, 69, 42.5023, 18.8111
931, 0, 69, 42.4657, 18.8298
932, 0, 69, 42.443, 18.8498
933, 0, 69, 42.4317, 18.8687
934, 0, 69, 42.4227, 18.8945
935, 0, 68, 42.5714, 18.9161
936, 0, 68, 42.5273, 18.9346
937, 0, 68, 42.516, 18.9639
938, 0, 68, 42.5078, 18.985
939, 0, 68, 42.4548, 19.0118
940, 0, 68, 42.4182, 19.0317
941, 0, 68, 42.4881, 19.0503
942, 0, 68, 42.444, 19.0768
943, 0, 68, 42.3602, 19.0957
944, 0, 68, 42.3512, 19.1146
945, 0, 68, 42.3455, 19.1336
946, 0, 68, 42.3405, 19.1521
947, 0, 68, 42.3305, 19.1708
948, 0, 68, 42.3303, 19.1897
949, 0, 68, 42.1925, 19.2085
950, 0, 68, 42.1712, 19.2275
951, 0, 68, 42.1271, 19.2463
952, 0, 68, 42.0741, 19.265
953, 0, 68, 42.0473, 19.2837
954, 0, 68, 42.0108, 19.3027
955, 0, 68, 41.927, 19.3215
956, 0, 68, 41.8904, 19.3403
957, 0, 68, 41.8699, 19.3663
958, 0, 67, 42.0111, 19.3852
959, 0, 67, 42.0028, 19.4041
960, 0, 67, 41.9402, 19.4232
961, 0, 67, 41.91, 19.442
962, 0, 67, 41.8621, 19.4769
963, 0, 67, 41.8407, 19.4958
964, 0, 66, 41.9855, 19.5147
965, 0, 66, 41.948, 19.5403
966, 0, 66, 41.5745, 19.5669
967, 0, 66, 41.5662, 19.5857
968, 0, 66, 41.5132, 19.6047
969, 0, 66, 41.5055, 19.6237
970, 0, 66, 41.497, 19.6429
971, 0, 66, 41.4925, 19.6758
972, 0, 66, 41.4927, 19.6948
973, 0, 66, 41.4896, 19.7263
974, 0, 66, 41.4887, 19.7452
975, 0, 66, 41.4881, 19.7704
976, 0, 66, 41.4871, 19.7891
977, 0, 66, 41.4862, 19.808
978, 0, 66, 41.4857, 19.8269
979, 0, 66, 41.4843, 19.8458
980, 0, 66, 41.463, 19.8651
981, 0, 65, 41.6048, 19.8842
982, 0, 65, 41.5641, 19.9029
983, 0, 65, 41.5581, 19.9219
984, 0, 65, 41.5051, 19.9409
985, 0, 65, 41.5043, 19.9598
986, 0, 65, 41.503, 19.9786
987, 0, 65, 41.4939, 19.9976
988, 0, 65, 41.493, 20.0163
989, 0, 65, 41.4925, 20.0352
990, 0, 65, 41.4917, 20.0557
991, 0, 65, 41.4905, 20.0746
992, 0, 65, 41.4861, 20.0943
993, 0, 65, 41.4656, 20.1341
994, 0, 65, 41.3127, 20.1531
995, 0, 65, 41.1428, 20.1813
996, 0, 65, 40.9899, 20.2142
997, 0, 65, 40.8369, 20.2339
998, 0, 65, 40.7438, 20.2529
999, 0, 65, 40.6849, 20.2714
