Seed is: 49
Number of samples is: 1000
Simulation name is: NoTvSim.sim
TimeStep, Distraction Rate, Missed States, Model Accuracy, Time (ms)
0, 0, 256, 0, 5e-05
1, 0, 255, 1, 0.0156
2, 0, 254, 1.7632, 0.047911
3, 0, 253, 2.52639, 0.06303
4, 0, 252, 3.28959, 0.07889
5, 0, 251, 4.05279, 0.093879
6, 0, 250, 4.81599, 0.11003
7, 0, 249, 5.81599, 0.124908
8, 0, 248, 6.57918, 0.139426
9, 0, 247, 7.34238, 0.177608
10, 0, 246, 8.10558, 0.19427
11, 0, 245, 8.86877, 0.208828
12, 0, 244, 8.63658, 0.223556
13, 0, 243, 9.39978, 0.238214
14, 0, 242, 10.163, 0.258362
15, 0, 241, 10.9262, 0.273441
16, 0, 240, 11.9262, 0.288259
17, 0, 239, 12.9262, 0.304019
18, 0, 239, 12.5111, 0.318567
19, 0, 239, 12.0961, 0.333375
20, 0, 238, 12.8593, 0.348203
21, 0, 237, 13.6225, 0.363583
22, 0, 236, 14.3857, 0.385364
23, 0, 235, 15.1489, 0.400623
24, 0, 234, 15.9121, 0.415822
25, 0, 233, 16.6753, 0.430981
26, 0, 233, 16.3017, 0.44615
27, 0, 233, 15.9282, 0.461249
28, 0, 233, 15.7753, 0.494552
29, 0, 233, 15.6223, 0.510312
30, 0, 232, 16.3855, 0.537153
31, 0, 231, 17.1487, 0.552723
32, 0, 230, 17.9119, 0.568192
33, 0, 230, 17.8281, 0.583652
34, 0, 230, 17.7443, 0.598821
35, 0, 229, 18.7443, 0.61415
36, 0, 229, 18.6913, 0.637775
37, 0, 229, 18.3178, 0.670678
38, 0, 229, 17.9443, 0.685937
39, 0, 228, 18.9443, 0.701246
40, 0, 228, 18.5292, 0.71945
41, 0, 227, 19.2924, 0.734539
42, 0, 226, 20.0556, 0.763785
43, 0, 225, 20.8188, 0.781909
44, 0, 225, 20.4453, 0.796968
45, 0, 225, 20.2924, 0.812107
46, 0, 224, 21.0556, 0.827496
47, 0, 224, 20.8856, 0.842755
48, 0, 224, 20.7157, 0.861892
49, 0, 223, 21.4789, 0.877231
50, 0, 222, 22.2421, 0.905575
51, 0, 222, 21.8686, 0.921145
52, 0, 222, 21.495, 0.936484
53, 0, 222, 21.4019, 0.951853
54, 0, 222, 21.0284, 0.967102
55, 0, 222, 20.8755, 0.982331
56, 0, 222, 20.7225, 0.998472
57, 0, 222, 20.6387, 1.01949
58, 0, 222, 20.2652, 1.0347
59, 0, 222, 19.8917, 1.06032
60, 0, 222, 19.7387, 1.08401
61, 0, 221, 20.5019, 1.09929
62, 0, 220, 21.5019, 1.11494
63, 0, 219, 22.5019, 1.13088
64, 0, 218, 23.2651, 1.15237
65, 0, 217, 24.0283, 1.17459
66, 0, 217, 23.6133, 1.19065
67, 0, 216, 24.6133, 1.21144
68, 0, 216, 24.1982, 1.22682
69, 0, 216, 24.0283, 1.24226
70, 0, 216, 23.6133, 1.25745
71, 0, 216, 23.2397, 1.27404
72, 0, 215, 24.0029, 1.29485
73, 0, 214, 25.0029, 1.31672
74, 0, 214, 24.5879, 1.33237
75, 0, 214, 24.418, 1.36521
76, 0, 213, 25.418, 1.38878
77, 0, 212, 26.1812, 1.40413
78, 0, 212, 25.8076, 1.43199
79, 0, 212, 25.6377, 1.4476
80, 0, 212, 25.4678, 1.46622
81, 0, 212, 25.3149, 1.48759
82, 0, 211, 25.6676, 1.50331
83, 0, 211, 25.1827, 1.51895
84, 0, 211, 24.8091, 1.54
85, 0, 210, 25.5723, 1.56259
86, 0, 210, 25.4792, 1.57823
87, 0, 210, 25.3861, 1.62111
88, 0, 210, 25.293, 1.64258
89, 0, 210, 25.2092, 1.65808
90, 0, 209, 25.9724, 1.67394
91, 0, 209, 25.8886, 1.68962
92, 0, 209, 25.7357, 1.70529
93, 0, 209, 25.3621, 1.72096
94, 0, 208, 26.1253, 1.74402
95, 0, 207, 26.8885, 1.77257
96, 0, 207, 26.4735, 1.79562
97, 0, 206, 27.2367, 1.81149
98, 0, 206, 26.8632, 1.82721
99, 0, 206, 26.8266, 1.84292
100, 0, 206, 26.6737, 1.87083
101, 0, 205, 27.0264, 1.88662
102, 0, 204, 27.7896, 1.90216
103, 0, 203, 28.5528, 1.91796
104, 0, 202, 29.316, 1.93601
105, 0, 201, 30.0792, 1.95156
106, 0, 200, 31.0792, 1.96744
107, 0, 199, 31.8424, 1.98336
108, 0, 198, 32.6056, 2.00284
109, 0, 197, 33.3688, 2.01898
110, 0, 197, 32.9953, 2.03463
111, 0, 197, 32.6217, 2.05051
112, 0, 197, 32.5379, 2.06639
113, 0, 197, 32.053, 2.08921
114, 0, 197, 31.6794, 2.1055
115, 0, 197, 31.6527, 2.12134
116, 0, 196, 31.4205, 2.13729
117, 0, 195, 32.7686, 2.15374
118, 0, 195, 32.5641, 2.16959
119, 0, 195, 32.471, 2.18555
120, 0, 195, 32.3181, 2.20134
121, 0, 194, 33.0813, 2.23972
122, 0, 193, 32.8491, 2.25943
123, 0, 192, 34.1972, 2.27548
124, 0, 192, 33.8237, 2.29147
125, 0, 192, 33.7648, 2.32251
126, 0, 192, 33.7241, 2.34007
127, 0, 192, 33.6944, 2.35601
128, 0, 191, 33.8574, 2.37748
129, 0, 191, 33.7985, 2.39382
130, 0, 191, 33.7579, 2.41022
131, 0, 191, 33.6906, 2.42676
132, 0, 191, 33.317, 2.45153
133, 0, 191, 33.1641, 2.4674
134, 0, 191, 33.0112, 2.48344
135, 0, 191, 32.9274, 2.49929
136, 0, 191, 32.8169, 2.51517
137, 0, 191, 32.758, 2.53104
138, 0, 190, 32.9477, 2.54921
139, 0, 190, 32.5327, 2.56499
140, 0, 190, 32.492, 2.58066
141, 0, 190, 32.4623, 2.59641
142, 0, 190, 32.4396, 2.61235
143, 0, 190, 32.3291, 2.62827
144, 0, 190, 31.9555, 2.64532
145, 0, 189, 32.7187, 2.66111
146, 0, 189, 32.3452, 2.67703
147, 0, 188, 33.1084, 2.69281
148, 0, 187, 33.8716, 2.70999
149, 0, 187, 33.7186, 2.73867
150, 0, 186, 34.4818, 2.75534
151, 0, 186, 34.4521, 2.77192
152, 0, 186, 34.4294, 2.79008
153, 0, 186, 34.3705, 2.81415
154, 0, 186, 34.3264, 2.83021
155, 0, 186, 34.1735, 2.86532
156, 0, 186, 34.1555, 2.88134
157, 0, 186, 34.1149, 2.90604
158, 0, 186, 34.0852, 2.93665
159, 0, 186, 34.0707, 2.96445
160, 0, 186, 34.0479, 2.99483
161, 0, 186, 34.03, 3.01083
162, 0, 186, 33.9998, 3.02669
163, 0, 186, 33.8469, 3.04413
164, 0, 186, 33.7938, 3.06036
165, 0, 186, 33.71, 3.0817
166, 0, 186, 33.6735, 3.09758
167, 0, 186, 33.5205, 3.1147
168, 0, 186, 33.3506, 3.13109
169, 0, 186, 32.9771, 3.14742
170, 0, 186, 32.9241, 3.16349
171, 0, 186, 32.8711, 3.17951
172, 0, 186, 32.7011, 3.20664
173, 0, 186, 32.6807, 3.22274
174, 0, 186, 32.1957, 3.24045
175, 0, 186, 32.1119, 3.26229
176, 0, 186, 32.0589, 3.27843
177, 0, 186, 32.0059, 3.29458
178, 0, 186, 31.6324, 3.31027
179, 0, 185, 32.3956, 3.3265
180, 0, 184, 33.1588, 3.34293
181, 0, 184, 32.7438, 3.35915
182, 0, 184, 32.3702, 3.37527
183, 0, 183, 33.1334, 3.39121
184, 0, 183, 32.9289, 3.40715
185, 0, 182, 33.6921, 3.42507
186, 0, 182, 33.3185, 3.44155
187, 0, 182, 33.1656, 3.45752
188, 0, 182, 32.7921, 3.47373
189, 0, 181, 33.5553, 3.48997
190, 0, 180, 34.3185, 3.51657
191, 0, 179, 35.0817, 3.53302
192, 0, 179, 34.7081, 3.54936
193, 0, 178, 34.4759, 3.56579
194, 0, 177, 35.8241, 3.58208
195, 0, 176, 36.8241, 3.59847
196, 0, 176, 36.4091, 3.61465
197, 0, 176, 36.2391, 3.63108
198, 0, 176, 35.8656, 3.6494
199, 0, 176, 35.4921, 3.66842
200, 0, 175, 36.2553, 3.68606
201, 0, 175, 35.8817, 3.70232
202, 0, 175, 35.7288, 3.72419
203, 0, 174, 36.7288, 3.74072
204, 0, 173, 37.492, 3.75936
205, 0, 172, 38.492, 3.77615
206, 0, 171, 39.2552, 3.80576
207, 0, 171, 38.8817, 3.82249
208, 0, 170, 39.2344, 3.83897
209, 0, 169, 39.9976, 3.85537
210, 0, 169, 39.6241, 3.87177
211, 0, 169, 39.2091, 3.8882
212, 0, 169, 38.8355, 3.90563
213, 0, 169, 38.6826, 3.92279
214, 0, 169, 38.5127, 3.95687
215, 0, 168, 39.2759, 3.98285
216, 0, 167, 40.2759, 3.99989
217, 0, 167, 39.8608, 4.01813
218, 0, 166, 40.624, 4.03493
219, 0, 166, 40.4711, 4.05161
220, 0, 165, 40.8239, 4.06837
221, 0, 165, 40.7401, 4.08527
222, 0, 165, 40.6563, 4.10163
223, 0, 165, 40.6033, 4.11804
224, 0, 165, 40.5503, 4.14628
225, 0, 165, 40.5137, 4.16316
226, 0, 165, 40.4771, 4.18073
227, 0, 165, 40.4503, 4.1972
228, 0, 164, 40.8031, 4.21398
229, 0, 164, 40.71, 4.23062
230, 0, 163, 41.71, 4.24735
231, 0, 163, 41.2949, 4.26702
232, 0, 163, 41.2361, 4.28532
233, 0, 163, 41.1954, 4.31542
234, 0, 163, 40.7104, 4.33257
235, 0, 162, 41.0632, 4.34957
236, 0, 162, 40.8933, 4.36638
237, 0, 162, 40.7404, 4.38321
238, 0, 161, 40.5082, 4.39992
239, 0, 161, 40.492, 4.41633
240, 0, 161, 40.2875, 4.43444
241, 0, 161, 40.2509, 4.47029
242, 0, 161, 40.1671, 4.49336
243, 0, 161, 39.7936, 4.51016
244, 0, 160, 40.7936, 4.54168
245, 0, 160, 40.3786, 4.56764
246, 0, 159, 40.6199, 4.58449
247, 0, 158, 41.3831, 4.61384
248, 0, 157, 42.1463, 4.63111
249, 0, 157, 41.9764, 4.6557
250, 0, 157, 41.8833, 4.67263
251, 0, 157, 41.8244, 4.68941
252, 0, 157, 41.4508, 4.71609
253, 0, 156, 41.6922, 4.73519
254, 0, 156, 41.3186, 4.75202
255, 0, 156, 41.1657, 4.79359
256, 0, 156, 41.0128, 4.83686
257, 0, 155, 41.776, 4.85476
258, 0, 155, 41.3609, 4.87147
259, 0, 154, 42.1241, 4.88814
260, 0, 153, 43.1241, 4.90487
261, 0, 153, 42.7506, 4.93363
262, 0, 153, 42.5977, 4.95824
263, 0, 153, 42.2241, 4.97508
264, 0, 153, 41.8506, 4.99324
265, 0, 153, 41.973, 5.01005
266, 0, 153, 42.1071, 5.042
267, 0, 153, 42.0892, 5.05891
268, 0, 153, 41.7157, 5.08246
269, 0, 152, 41.9054, 5.09952
270, 0, 152, 41.8216, 5.11646
271, 0, 152, 41.7686, 5.13332
272, 0, 152, 41.2836, 5.15023
273, 0, 152, 41.2569, 5.16704
274, 0, 152, 41.1731, 5.18388
275, 0, 152, 41.08, 5.20357
276, 0, 152, 40.7064, 5.2203
277, 0, 151, 41.4696, 5.23852
278, 0, 151, 41.3858, 5.25561
279, 0, 150, 42.149, 5.27475
280, 0, 149, 42.9122, 5.29274
281, 0, 149, 42.5387, 5.31202
282, 0, 148, 43.3019, 5.32979
283, 0, 148, 42.9284, 5.34665
284, 0, 148, 42.8446, 5.3635
285, 0, 148, 42.6916, 5.38049
286, 0, 147, 43.0444, 5.40357
287, 0, 147, 42.9914, 5.42052
288, 0, 147, 42.6179, 5.43758
289, 0, 147, 42.6059, 5.45468
290, 0, 147, 42.5958, 5.47167
291, 0, 147, 42.5873, 5.48883
292, 0, 147, 42.5799, 5.51241
293, 0, 147, 42.5654, 5.53848
294, 0, 147, 42.5534, 5.55543
295, 0, 147, 42.5434, 5.57242
296, 0, 147, 42.5206, 5.58936
297, 0, 147, 42.5027, 5.61253
298, 0, 147, 42.4942, 5.62955
299, 0, 147, 42.4797, 5.6466
300, 0, 147, 42.4583, 5.66364
301, 0, 147, 42.6213, 5.68184
302, 0, 147, 42.5945, 5.69916
303, 0, 147, 42.558, 5.71622
304, 0, 147, 42.7219, 5.73314
305, 0, 147, 42.6545, 5.74992
306, 0, 147, 42.64, 5.78017
307, 0, 147, 42.628, 5.80007
308, 0, 147, 42.4751, 5.81746
309, 0, 147, 42.4221, 5.83457
310, 0, 147, 42.3855, 5.85161
311, 0, 146, 43.7337, 5.86881
312, 0, 146, 43.2487, 5.88604
313, 0, 146, 42.8752, 5.90385
314, 0, 146, 42.7223, 5.93271
315, 0, 146, 42.6118, 5.95017
316, 0, 146, 42.5187, 5.9673
317, 0, 146, 42.4349, 5.98448
318, 0, 146, 42.4218, 6.003
319, 0, 146, 42.395, 6.02126
320, 0, 146, 41.9101, 6.03863
321, 0, 146, 41.5365, 6.05595
322, 0, 146, 41.5098, 6.0773
323, 0, 146, 41.4893, 6.09466
324, 0, 146, 41.4596, 6.11182
325, 0, 146, 41.255, 6.12895
326, 0, 145, 41.4181, 6.14621
327, 0, 145, 41.2135, 6.16309
328, 0, 145, 41.1462, 6.18146
329, 0, 145, 41.0873, 6.20023
330, 0, 145, 41.0466, 6.21773
331, 0, 145, 41.0169, 6.2602
332, 0, 145, 40.864, 6.2877
333, 0, 145, 40.8412, 6.30504
334, 0, 145, 40.7308, 6.3369
335, 0, 145, 40.6634, 6.35621
336, 0, 145, 40.6526, 6.37354
337, 0, 145, 40.6322, 6.39617
338, 0, 145, 40.2587, 6.41354
339, 0, 145, 40.2513, 6.43068
340, 0, 145, 40.2393, 6.4478
341, 0, 145, 40.2239, 6.46499
342, 0, 145, 40.2034, 6.48446
343, 0, 145, 40.1504, 6.51459
344, 0, 145, 40.0666, 6.53184
345, 0, 145, 40.0505, 6.54906
346, 0, 145, 40.1729, 6.57068
347, 0, 145, 40.003, 6.58794
348, 0, 145, 39.9825, 6.60508
349, 0, 145, 39.9695, 6.6402
350, 0, 145, 39.9515, 6.65972
351, 0, 145, 39.9354, 6.6772
352, 0, 144, 40.0747, 6.69429
353, 0, 144, 39.5897, 6.71144
354, 0, 144, 39.4198, 6.72858
355, 0, 144, 39.2669, 6.7466
356, 0, 144, 39.1831, 6.77451
357, 0, 143, 39.9463, 6.80206
358, 0, 143, 39.7763, 6.81928
359, 0, 143, 39.6565, 6.83647
360, 0, 142, 41.0047, 6.85916
361, 0, 142, 40.92, 6.87688
362, 0, 141, 41.1613, 6.89425
363, 0, 141, 40.6763, 6.91144
364, 0, 141, 40.5925, 6.93169
365, 0, 141, 40.5764, 6.95185
366, 0, 141, 40.5496, 6.9691
367, 0, 141, 40.5131, 6.99939
368, 0, 141, 40.4026, 7.01814
369, 0, 141, 40.3758, 7.04151
370, 0, 141, 40.3084, 7.06663
371, 0, 141, 40.288, 7.08388
372, 0, 141, 40.2514, 7.12049
373, 0, 141, 40.2073, 7.13795
374, 0, 141, 40.1846, 7.15541
375, 0, 141, 40.1008, 7.17266
376, 0, 141, 40.0863, 7.18984
377, 0, 141, 40.0733, 7.21004
378, 0, 141, 40.065, 7.22766
379, 0, 141, 40.1991, 7.24889
380, 0, 141, 40.1872, 7.27591
381, 0, 141, 40.1764, 7.29337
382, 0, 140, 40.3661, 7.31845
383, 0, 140, 40.3601, 7.33575
384, 0, 140, 40.2403, 7.35267
385, 0, 140, 40.1873, 7.36981
386, 0, 140, 40.2978, 7.39909
387, 0, 140, 40.2887, 7.418
388, 0, 140, 39.8737, 7.43519
389, 0, 140, 39.7037, 7.45659
390, 0, 140, 39.6106, 7.47391
391, 0, 140, 39.4061, 7.49117
392, 0, 139, 39.5958, 7.53165
393, 0, 139, 39.4853, 7.54897
394, 0, 139, 39.4447, 7.56615
395, 0, 139, 39.3917, 7.58988
396, 0, 139, 39.3079, 7.60729
397, 0, 139, 39.2781, 7.62418
398, 0, 139, 39.2416, 7.64105
399, 0, 138, 40.0048, 7.65808
400, 0, 137, 40.1535, 7.68718
401, 0, 137, 40.1094, 7.70502
402, 0, 137, 40.042, 7.7284
403, 0, 137, 39.8375, 7.7457
404, 0, 137, 39.7934, 7.76321
405, 0, 137, 39.6829, 7.78407
406, 0, 137, 39.5898, 7.80438
407, 0, 137, 39.5309, 7.82189
408, 0, 137, 39.5007, 7.84414
409, 0, 137, 39.4739, 7.86945
410, 0, 137, 39.4209, 7.90659
411, 0, 137, 39.0474, 7.92412
412, 0, 137, 38.6738, 7.94744
413, 0, 136, 39.437, 7.96686
414, 0, 135, 39.7898, 7.98402
415, 0, 135, 39.3048, 8.00687
416, 0, 135, 39.2375, 8.03092
417, 0, 135, 39.1968, 8.05555
418, 0, 134, 39.3599, 8.07455
419, 0, 134, 39.4119, 8.09465
420, 0, 134, 39.2589, 8.11225
421, 0, 134, 39.3289, 8.13162
422, 0, 134, 38.9553, 8.14901
423, 0, 134, 38.7508, 8.16795
424, 0, 134, 38.5979, 8.18538
425, 0, 133, 38.8392, 8.20276
426, 0, 132, 39.6024, 8.22568
427, 0, 132, 39.2289, 8.24292
428, 0, 131, 39.9921, 8.26016
429, 0, 130, 40.7553, 8.28461
430, 0, 130, 40.6023, 8.30223
431, 0, 129, 41.3655, 8.32001
432, 0, 128, 42.1287, 8.33959
433, 0, 128, 41.7552, 8.35733
434, 0, 128, 41.7022, 8.37739
435, 0, 128, 41.6433, 8.39475
436, 0, 128, 41.5502, 8.41205
437, 0, 128, 41.4913, 8.43229
438, 0, 128, 41.4075, 8.46406
439, 0, 128, 41.2546, 8.49431
440, 0, 128, 41.2481, 8.51569
441, 0, 128, 41.2381, 8.53329
442, 0, 128, 41.2268, 8.551
443, 0, 128, 41.2107, 8.56874
444, 0, 128, 41.1666, 8.58646
445, 0, 128, 41.2592, 8.60393
446, 0, 128, 41.1924, 8.62153
447, 0, 128, 41.0993, 8.64942
448, 0, 128, 41.0893, 8.66693
449, 0, 128, 41.0807, 8.68448
450, 0, 128, 41.0218, 8.70217
451, 0, 128, 40.9592, 8.72008
452, 0, 128, 40.8062, 8.7393
453, 0, 128, 40.7998, 8.77596
454, 0, 128, 40.7942, 8.80189
455, 0, 128, 40.7892, 8.81958
456, 0, 128, 40.7806, 8.83723
457, 0, 128, 40.7723, 8.85463
458, 0, 127, 40.9098, 8.8725
459, 0, 127, 40.7289, 8.88997
460, 0, 127, 40.7233, 8.90775
461, 0, 127, 40.7159, 8.92508
462, 0, 127, 40.7095, 8.94246
463, 0, 127, 40.7045, 8.96672
464, 0, 127, 40.6988, 8.98442
465, 0, 127, 40.6938, 9.04027
466, 0, 127, 40.6894, 9.08382
467, 0, 127, 40.6849, 9.10222
468, 0, 127, 40.6809, 9.11963
469, 0, 127, 40.6765, 9.13752
470, 0, 127, 40.6834, 9.15527
471, 0, 127, 40.6699, 9.17287
472, 0, 127, 40.7634, 9.19436
473, 0, 127, 40.7522, 9.21176
474, 0, 127, 40.7219, 9.22932
475, 0, 127, 40.7089, 9.24701
476, 0, 127, 40.556, 9.26475
477, 0, 127, 40.4455, 9.28256
478, 0, 127, 40.3617, 9.29991
479, 0, 126, 41.1249, 9.31731
480, 0, 126, 40.6399, 9.3349
481, 0, 125, 41.4031, 9.35881
482, 0, 125, 40.9881, 9.37647
483, 0, 125, 40.573, 9.394
484, 0, 125, 40.4031, 9.41131
485, 0, 125, 40.2332, 9.44384
486, 0, 125, 40.1401, 9.46171
487, 0, 125, 40.0469, 9.48316
488, 0, 125, 39.9881, 9.50666
489, 0, 125, 39.9292, 9.52816
490, 0, 125, 39.8885, 9.56487
491, 0, 125, 39.8479, 9.58669
492, 0, 124, 40.0892, 9.60876
493, 0, 124, 39.7157, 9.6305
494, 0, 124, 39.5111, 9.6524
495, 0, 124, 39.4884, 9.6791
496, 0, 124, 39.4705, 9.72028
497, 0, 124, 39.4264, 9.73996
498, 0, 124, 39.3591, 9.75758
499, 0, 124, 39.3547, 9.77693
500, 0, 124, 39.2555, 9.79559
501, 0, 124, 39.2189, 9.81551
502, 0, 124, 39.1443, 9.83343
503, 0, 124, 39.0338, 9.85106
504, 0, 124, 38.8808, 9.86869
505, 0, 124, 38.8327, 9.88641
506, 0, 124, 38.7886, 9.90409
507, 0, 124, 38.9516, 9.92196
508, 0, 124, 38.8411, 9.93962
509, 0, 124, 38.8114, 9.95748
510, 0, 124, 38.7755, 9.97481
511, 0, 124, 38.761, 9.99234
512, 0, 124, 38.7405, 10.0102
513, 0, 124, 38.704, 10.0435
514, 0, 124, 38.692, 10.061
515, 0, 124, 38.6819, 10.0786
516, 0, 124, 38.6517, 10.0963
517, 0, 124, 38.5679, 10.1141
518, 0, 124, 38.5475, 10.1318
519, 0, 124, 38.5392, 10.1636
520, 0, 124, 38.5124, 10.1844
521, 0, 124, 38.3595, 10.2021
522, 0, 124, 38.2083, 10.2199
523, 0, 124, 38.0038, 10.2417
524, 0, 124, 37.9834, 10.2625
525, 0, 124, 37.6098, 10.2802
526, 0, 124, 37.4569, 10.2981
527, 0, 124, 37.4039, 10.3158
528, 0, 124, 37.251, 10.3336
529, 0, 124, 37.2419, 10.3708
530, 0, 124, 37.2215, 10.3945
531, 0, 124, 37.1912, 10.4156
532, 0, 124, 37.1239, 10.4487
533, 0, 124, 37.0134, 10.4772
534, 0, 124, 36.9973, 10.5002
535, 0, 124, 36.9896, 10.5181
536, 0, 124, 36.9734, 10.5358
537, 0, 124, 36.9368, 10.5535
538, 0, 124, 36.878, 10.5716
539, 0, 124, 36.8373, 10.5896
540, 0, 124, 36.7535, 10.6076
541, 0, 124, 36.7169, 10.6274
542, 0, 123, 36.8544, 10.6589
543, 0, 123, 36.8414, 10.6768
544, 0, 123, 36.8146, 10.6983
545, 0, 123, 36.7308, 10.7191
546, 0, 123, 36.9527, 10.7365
547, 0, 123, 37.1573, 10.7561
548, 0, 123, 36.8532, 10.7755
549, 0, 123, 36.8264, 10.8068
550, 0, 123, 36.8164, 10.8245
551, 0, 122, 36.9611, 10.8424
552, 0, 122, 36.9568, 10.86
553, 0, 122, 36.8597, 10.8776
554, 0, 122, 36.7759, 10.9029
555, 0, 122, 36.7085, 10.9205
556, 0, 122, 36.6555, 10.9491
557, 0, 122, 36.5717, 10.967
558, 0, 122, 36.1982, 10.9865
559, 0, 122, 36.1623, 11.0069
560, 0, 122, 36.1349, 11.0409
561, 0, 122, 36.1135, 11.065
562, 0, 122, 36.077, 11.0829
563, 0, 122, 36.0496, 11.1008
564, 0, 122, 36.0268, 11.1249
565, 0, 122, 36.0055, 11.1428
566, 0, 122, 35.9969, 11.1632
567, 0, 122, 35.9815, 11.1813
568, 0, 122, 35.9636, 11.1994
569, 0, 122, 35.9491, 11.2168
570, 0, 122, 35.9223, 11.2344
571, 0, 122, 35.901, 11.2522
572, 0, 122, 35.889, 11.2701
573, 0, 122, 35.8588, 11.2883
574, 0, 122, 35.7999, 11.3098
575, 0, 122, 35.7593, 11.3274
576, 0, 122, 35.7561, 11.3452
577, 0, 122, 35.6982, 11.365
578, 0, 122, 35.6542, 11.3828
579, 0, 121, 35.8439, 11.4007
580, 0, 121, 35.7909, 11.4183
581, 0, 121, 35.7241, 11.4391
582, 0, 121, 35.7027, 11.4585
583, 0, 121, 35.6725, 11.4764
584, 0, 121, 35.6051, 11.4941
585, 0, 121, 35.5939, 11.5156
586, 0, 121, 35.5008, 11.5428
587, 0, 121, 35.4941, 11.5637
588, 0, 121, 35.478, 11.582
589, 0, 121, 35.4626, 11.6003
590, 0, 121, 35.4421, 11.6348
591, 0, 121, 35.3961, 11.6709
592, 0, 121, 35.38, 11.6891
593, 0, 121, 35.3714, 11.7072
594, 0, 121, 35.3683, 11.7345
595, 0, 121, 35.3662, 11.7523
596, 0, 121, 35.2731, 11.7702
597, 0, 121, 35.2358, 11.7996
598, 0, 121, 35.1917, 11.8176
599, 0, 121, 35.0108, 11.8353
600, 0, 121, 34.9978, 11.8531
601, 0, 121, 34.9671, 11.8767
602, 0, 121, 34.9369, 11.8944
603, 0, 121, 34.9311, 11.9121
604, 0, 121, 34.9228, 11.948
605, 0, 121, 34.9177, 11.9661
606, 0, 121, 34.9117, 12.0087
607, 0, 121, 34.8528, 12.0268
608, 0, 121, 34.6999, 12.0792
609, 0, 121, 34.6469, 12.0971
610, 0, 121, 34.6201, 12.1197
611, 0, 121, 34.607, 12.1378
612, 0, 121, 34.5958, 12.156
613, 0, 121, 34.5778, 12.1739
614, 0, 121, 34.6298, 12.1919
615, 0, 121, 34.6085, 12.2099
616, 0, 121, 34.5719, 12.2278
617, 0, 121, 34.5421, 12.2455
618, 0, 121, 34.494, 12.2632
619, 0, 121, 34.4499, 12.2949
620, 0, 121, 34.4391, 12.3129
621, 0, 121, 34.3553, 12.348
622, 0, 121, 34.3513, 12.3693
623, 0, 121, 34.3477, 12.3872
624, 0, 121, 34.3441, 12.4057
625, 0, 121, 34.3401, 12.4237
626, 0, 121, 34.3368, 12.461
627, 0, 121, 34.3332, 12.4946
628, 0, 121, 34.3299, 12.5261
629, 0, 121, 34.327, 12.5439
630, 0, 121, 34.3237, 12.5629
631, 0, 121, 34.3207, 12.5808
632, 0, 121, 34.318, 12.5987
633, 0, 121, 34.315, 12.6166
634, 0, 121, 34.3123, 12.6345
635, 0, 121, 34.3014, 12.6547
636, 0, 121, 34.2907, 12.6726
637, 0, 121, 34.2745, 12.6904
638, 0, 121, 34.2119, 12.7084
639, 0, 121, 34.1589, 12.7264
640, 0, 121, 34.1658, 12.7444
641, 0, 121, 34.046, 12.7658
642, 0, 121, 34.0372, 12.7835
643, 0, 121, 34.0282, 12.8073
644, 0, 121, 33.9752, 12.8288
645, 0, 121, 33.8222, 12.8467
646, 0, 121, 33.8054, 12.8647
647, 0, 121, 33.784, 12.8827
648, 0, 121, 33.7613, 12.9011
649, 0, 121, 33.7254, 12.9191
650, 0, 121, 33.6986, 12.9391
651, 0, 121, 33.6712, 12.9571
652, 0, 121, 33.8343, 12.9769
653, 0, 121, 33.826, 12.9991
654, 0, 121, 33.8106, 13.0173
655, 0, 121, 33.8045, 13.0359
656, 0, 121, 33.7686, 13.0537
657, 0, 121, 33.6488, 13.0722
658, 0, 121, 33.6343, 13.0902
659, 0, 121, 33.6231, 13.1143
660, 0, 121, 33.4719, 13.132
661, 0, 121, 33.4585, 13.1652
662, 0, 121, 33.4416, 13.1834
663, 0, 121, 33.4304, 13.2016
664, 0, 121, 33.4149, 13.2196
665, 0, 121, 33.397, 13.2408
666, 0, 121, 33.3529, 13.2619
667, 0, 121, 33.3429, 13.2798
668, 0, 121, 33.3224, 13.2977
669, 0, 121, 33.3094, 13.3156
670, 0, 121, 33.2615, 13.3335
671, 0, 121, 33.2249, 13.3515
672, 0, 121, 33.2115, 13.371
673, 0, 121, 33.2025, 13.389
674, 0, 121, 33.0495, 13.4152
675, 0, 121, 32.9965, 13.4333
676, 0, 121, 32.9761, 13.4512
677, 0, 121, 32.9653, 13.4692
678, 0, 121, 32.9609, 13.4868
679, 0, 121, 32.9489, 13.5045
680, 0, 120, 33.0882, 13.5243
681, 0, 120, 33.0782, 13.5428
682, 0, 120, 33.0696, 13.5609
683, 0, 120, 33.0622, 13.5788
684, 0, 120, 33.0777, 13.5981
685, 0, 120, 33.0503, 13.6181
686, 0, 120, 33.0458, 13.636
687, 0, 120, 33.0367, 13.6541
688, 0, 120, 33.0163, 13.6721
689, 0, 120, 33.0018, 13.6957
690, 0, 120, 32.9805, 13.7204
691, 0, 120, 32.8834, 13.7541
692, 0, 120, 32.8468, 13.7724
693, 0, 120, 32.7795, 13.792
694, 0, 120, 32.5749, 13.8106
695, 0, 119, 32.9277, 13.8313
696, 0, 119, 32.8346, 13.849
697, 0, 119, 32.7757, 13.8666
698, 0, 119, 32.735, 13.8847
699, 0, 119, 32.7053, 13.9051
700, 0, 119, 32.6826, 13.9227
701, 0, 119, 32.5988, 13.9408
702, 0, 119, 32.5458, 13.9719
703, 0, 119, 32.1722, 13.99
704, 0, 118, 32.3209, 14.0081
705, 0, 118, 32.4136, 14.0258
706, 0, 118, 32.04, 14.0436
707, 0, 118, 32.1327, 14.0612
708, 0, 118, 31.7592, 14.0791
709, 0, 118, 31.7518, 14.0969
710, 0, 118, 31.725, 14.1145
711, 0, 118, 31.7142, 14.1387
712, 0, 118, 31.7065, 14.1569
713, 0, 118, 31.7764, 14.1749
714, 0, 118, 31.7733, 14.1952
715, 0, 118, 31.765, 14.2131
716, 0, 118, 31.7061, 14.2318
717, 0, 118, 31.704, 14.2569
718, 0, 118, 31.6872, 14.2751
719, 0, 118, 31.639, 14.2931
720, 0, 118, 31.6176, 14.3471
721, 0, 118, 31.6089, 14.3652
722, 0, 118, 31.5934, 14.383
723, 0, 118, 31.556, 14.4007
724, 0, 118, 31.5496, 14.4187
725, 0, 118, 31.5017, 14.4366
726, 0, 118, 31.2972, 14.4545
727, 0, 117, 31.065, 14.4726
728, 0, 116, 32.4131, 14.5008
729, 0, 115, 33.1763, 14.5271
730, 0, 115, 32.6914, 14.5495
731, 0, 115, 32.5809, 14.5688
732, 0, 114, 33.3441, 14.5871
733, 0, 114, 33.1911, 14.6058
734, 0, 114, 33.3026, 14.6245
735, 0, 114, 33.2178, 14.6427
736, 0, 114, 33.0133, 14.665
737, 0, 114, 33.0077, 14.6951
738, 0, 114, 32.9702, 14.7136
739, 0, 114, 32.8864, 14.7317
740, 0, 114, 32.8839, 14.7497
741, 0, 114, 32.8812, 14.7677
742, 0, 114, 32.8787, 14.786
743, 0, 114, 32.8715, 14.812
744, 0, 114, 32.7868, 14.8301
745, 0, 114, 32.7845, 14.8504
746, 0, 114, 32.782, 14.8686
747, 0, 114, 32.7762, 14.8871
748, 0, 114, 32.7691, 14.907
749, 0, 114, 32.7578, 14.9295
750, 0, 114, 32.7279, 14.9481
751, 0, 114, 32.698, 14.9688
752, 0, 114, 32.645, 14.9867
753, 0, 114, 32.6427, 15.0047
754, 0, 114, 32.638, 15.0227
755, 0, 114, 32.6303, 15.0406
756, 0, 114, 32.6195, 15.0586
757, 0, 114, 32.606, 15.0767
758, 0, 113, 32.8474, 15.0951
759, 0, 113, 32.8312, 15.1132
760, 0, 113, 32.6783, 15.1316
761, 0, 113, 32.6733, 15.1497
762, 0, 113, 32.6529, 15.1678
763, 0, 112, 32.8009, 15.1919
764, 0, 112, 32.7767, 15.21
765, 0, 112, 32.7606, 15.2281
766, 0, 112, 32.7407, 15.2614
767, 0, 112, 32.7165, 15.2793
768, 0, 112, 32.6799, 15.2989
769, 0, 112, 32.6776, 15.3316
770, 0, 112, 32.6755, 15.3498
771, 0, 112, 32.6717, 15.3841
772, 0, 112, 32.6685, 15.4027
773, 0, 112, 32.6598, 15.4209
774, 0, 112, 32.6944, 15.441
775, 0, 112, 32.6831, 15.4601
776, 0, 112, 32.6712, 15.4781
777, 0, 112, 32.6698, 15.4978
778, 0, 112, 32.6292, 15.5161
779, 0, 112, 32.6116, 15.5434
780, 0, 112, 32.5861, 15.5653
781, 0, 112, 32.5693, 15.5833
782, 0, 112, 32.5025, 15.6013
783, 0, 112, 32.4917, 15.619
784, 0, 112, 32.4752, 15.6369
785, 0, 112, 32.4622, 15.6678
786, 0, 112, 32.4564, 15.6981
787, 0, 112, 32.4719, 15.7172
788, 0, 112, 32.455, 15.7488
789, 0, 112, 32.3924, 15.7673
790, 0, 112, 32.3902, 15.7855
791, 0, 112, 32.3883, 15.8064
792, 0, 112, 32.3864, 15.8245
793, 0, 112, 32.3844, 15.8425
794, 0, 112, 32.3823, 15.8739
795, 0, 112, 32.3805, 15.8924
796, 0, 112, 32.3788, 15.9178
797, 0, 112, 32.3757, 15.9467
798, 0, 112, 32.3619, 15.9648
799, 0, 112, 32.3213, 15.9837
800, 0, 112, 32.3105, 16.0137
801, 0, 112, 32.2989, 16.032
802, 0, 112, 32.2944, 16.05
803, 0, 112, 32.2647, 16.0822
804, 0, 112, 32.2607, 16.1004
805, 0, 112, 32.2516, 16.1187
806, 0, 112, 32.2495, 16.1366
807, 0, 111, 33.0127, 16.1695
808, 0, 111, 33.0106, 16.1879
809, 0, 111, 32.9972, 16.2074
810, 0, 111, 32.9958, 16.2271
811, 0, 111, 32.985, 16.2462
812, 0, 111, 32.9369, 16.2757
813, 0, 111, 32.5633, 16.2941
814, 0, 111, 32.5626, 16.3123
815, 0, 111, 32.5413, 16.3382
816, 0, 111, 32.4575, 16.3659
817, 0, 111, 32.4277, 16.384
818, 0, 111, 32.3747, 16.4021
819, 0, 111, 32.3341, 16.4202
820, 0, 111, 32.4446, 16.4382
821, 0, 111, 32.4406, 16.4564
822, 0, 111, 32.4271, 16.475
823, 0, 111, 32.4426, 16.4931
824, 0, 111, 32.4715, 16.5114
825, 0, 111, 32.454, 16.5293
826, 0, 111, 32.4865, 16.5478
827, 0, 111, 32.4749, 16.5667
828, 0, 111, 32.4705, 16.5851
829, 0, 111, 32.4669, 16.6159
830, 0, 111, 32.4592, 16.6344
831, 0, 111, 32.3754, 16.6526
832, 0, 111, 32.3388, 16.6707
833, 0, 111, 32.3184, 16.689
834, 0, 111, 32.2818, 16.707
835, 0, 110, 32.4448, 16.7251
836, 0, 110, 32.4287, 16.7429
837, 0, 110, 32.4019, 16.7618
838, 0, 110, 32.3346, 16.7808
839, 0, 110, 32.2816, 16.8001
840, 0, 110, 32.1286, 16.818
841, 0, 110, 32.1266, 16.8357
842, 0, 110, 32.125, 16.8538
843, 0, 110, 32.1235, 16.8803
844, 0, 110, 32.1218, 16.8986
845, 0, 110, 32.1204, 16.9245
846, 0, 110, 32.1188, 16.9584
847, 0, 110, 32.1163, 16.9767
848, 0, 110, 32.1105, 17.0035
849, 0, 110, 31.9576, 17.033
850, 0, 110, 31.9415, 17.0799
851, 0, 110, 31.9113, 17.1139
852, 0, 110, 31.9027, 17.1395
853, 0, 110, 31.8953, 17.1579
854, 0, 110, 31.8889, 17.1759
855, 0, 110, 31.8724, 17.2071
856, 0, 110, 31.8594, 17.2252
857, 0, 110, 31.7926, 17.2433
858, 0, 110, 31.9556, 17.2613
859, 0, 110, 31.8045, 17.2793
860, 0, 110, 31.3195, 17.2974
861, 0, 109, 32.0827, 17.3156
862, 0, 108, 33.0827, 17.3352
863, 0, 107, 33.8459, 17.3536
864, 0, 106, 34.6091, 17.3731
865, 0, 105, 34.9619, 17.3914
866, 0, 105, 34.4769, 17.4119
867, 0, 105, 34.1034, 17.4301
868, 0, 105, 33.7298, 17.4591
869, 0, 104, 34.7298, 17.477
870, 0, 104, 34.3563, 17.4951
871, 0, 103, 35.1195, 17.5135
872, 0, 102, 35.8827, 17.5318
873, 0, 102, 35.7722, 17.5514
874, 0, 102, 35.7495, 17.5741
875, 0, 102, 35.7315, 17.5937
876, 0, 102, 35.7279, 17.612
877, 0, 102, 35.7202, 17.6302
878, 0, 102, 35.6724, 17.6484
879, 0, 102, 35.6711, 17.6667
880, 0, 102, 35.6692, 17.6849
881, 0, 102, 35.668, 17.7079
882, 0, 102, 35.6668, 17.7262
883, 0, 102, 35.6648, 17.7444
884, 0, 102, 35.6548, 17.7627
885, 0, 102, 35.6439, 17.7809
886, 0, 102, 35.6392, 17.7994
887, 0, 102, 35.5554, 17.8246
888, 0, 102, 35.5195, 17.8428
889, 0, 102, 35.4665, 17.861
890, 0, 102, 35.4663, 17.8791
891, 0, 102, 35.4599, 17.897
892, 0, 102, 35.4542, 17.915
893, 0, 102, 35.4492, 17.9607
894, 0, 102, 35.4405, 17.9793
895, 0, 102, 35.4046, 17.9978
896, 0, 102, 35.3958, 18.016
897, 0, 102, 35.3584, 18.0342
898, 0, 102, 35.3567, 18.0525
899, 0, 102, 35.3551, 18.0766
900, 0, 102, 35.3536, 18.0998
901, 0, 102, 35.3525, 18.1335
902, 0, 102, 35.3509, 18.1519
903, 0, 102, 35.3211, 18.1701
904, 0, 102, 35.3197, 18.1901
905, 0, 102, 35.3183, 18.2085
906, 0, 102, 35.3168, 18.2269
907, 0, 102, 35.3158, 18.2452
908, 0, 102, 35.3144, 18.2697
909, 0, 102, 35.313, 18.2896
910, 0, 102, 35.3118, 18.3121
911, 0, 102, 35.3105, 18.3302
912, 0, 102, 35.3094, 18.3484
913, 0, 102, 35.3084, 18.3666
914, 0, 102, 35.3072, 18.3847
915, 0, 102, 35.3063, 18.4029
916, 0, 102, 35.3052, 18.4211
917, 0, 102, 35.2964, 18.4393
918, 0, 102, 35.2932, 18.4576
919, 0, 102, 35.2635, 18.4761
920, 0, 102, 35.2603, 18.4943
921, 0, 102, 35.2536, 18.5127
922, 0, 102, 35.2406, 18.5488
923, 0, 102, 35.2192, 18.572
924, 0, 102, 35.2054, 18.5901
925, 0, 102, 35.1971, 18.6081
926, 0, 102, 35.1856, 18.6268
927, 0, 102, 35.1782, 18.6452
928, 0, 102, 35.1674, 18.6634
929, 0, 102, 35.1193, 18.6816
930, 0, 101, 35.3606, 18.7
931, 0, 101, 35.1561, 18.7182
932, 0, 101, 35.1202, 18.7364
933, 0, 101, 35.0231, 18.7582
934, 0, 101, 35.0052, 18.7834
935, 0, 101, 34.6316, 18.802
936, 0, 101, 34.4787, 18.8203
937, 0, 101, 34.3258, 18.8386
938, 0, 101, 34.296, 18.8625
939, 0, 101, 34.2733, 18.8958
940, 0, 101, 34.0688, 18.9142
941, 0, 101, 34.0158, 18.9326
942, 0, 101, 33.9053, 18.9648
943, 0, 101, 33.8215, 18.9832
944, 0, 101, 33.7947, 19.0017
945, 0, 101, 33.7417, 19.02
946, 0, 100, 33.8835, 19.0472
947, 0, 100, 33.8904, 19.0655
948, 0, 100, 33.8769, 19.0838
949, 0, 100, 33.8692, 19.1021
950, 0, 100, 33.8635, 19.1203
951, 0, 100, 33.8361, 19.1386
952, 0, 99, 33.9738, 19.1586
953, 0, 99, 33.9372, 19.1783
954, 0, 98, 34.0765, 19.1975
955, 0, 98, 34.0469, 19.2234
956, 0, 98, 34.0256, 19.2434
957, 0, 98, 34.0184, 19.2622
958, 0, 98, 34.0128, 19.2803
959, 0, 98, 34.003, 19.3026
960, 0, 98, 33.9939, 19.33
961, 0, 98, 33.9101, 19.3532
962, 0, 98, 33.9069, 19.3712
963, 0, 98, 33.9002, 19.397
964, 0, 98, 33.8964, 19.4155
965, 0, 98, 33.875, 19.4337
966, 0, 98, 33.822, 19.4519
967, 0, 98, 33.819, 19.4771
968, 0, 98, 33.7992, 19.4953
969, 0, 98, 33.5946, 19.5137
970, 0, 98, 33.5801, 19.5321
971, 0, 98, 33.5682, 19.5504
972, 0, 98, 33.6141, 19.5685
973, 0, 97, 33.7657, 19.6012
974, 0, 97, 33.7557, 19.6198
975, 0, 97, 33.7535, 19.6378
976, 0, 97, 33.7468, 19.6781
977, 0, 96, 33.8949, 19.7048
978, 0, 96, 33.8898, 19.7232
979, 0, 96, 33.8729, 19.7463
980, 0, 96, 33.8575, 19.765
981, 0, 96, 33.8209, 19.7833
982, 0, 96, 33.7942, 19.8016
983, 0, 96, 33.7859, 19.82
984, 0, 96, 33.7705, 19.8384
985, 0, 96, 33.7655, 19.8568
986, 0, 96, 33.761, 19.8752
987, 0, 96, 33.7527, 19.8935
988, 0, 96, 33.7414, 19.9118
989, 0, 96, 33.7331, 19.93
990, 0, 96, 33.7271, 19.9483
991, 0, 96, 33.72, 19.9666
992, 0, 96, 33.5154, 19.985
993, 0, 96, 33.4316, 20.0032
994, 0, 96, 33.3478, 20.023
995, 0, 96, 33.2373, 20.0451
996, 0, 95, 33.3821, 20.0634
997, 0, 95, 33.3777, 20.0814
998, 0, 95, 33.3509, 20.0995
999, 0, 95, 33.3451, 20.1177
