Seed is: 15
Number of samples is: 1000
Simulation name is: NoTvSim.sim
TimeStep, Distraction Rate, Missed States, Model Accuracy, Time (ms)
0, 0, 256, 0, 9e-05
1, 0, 255, 1, 0.045717
2, 0, 255, 0.584963, 0.106603
3, 0, 255, 0.415037, 0.182909
4, 0, 254, 1.17823, 0.237162
5, 0, 253, 1.94143, 0.296325
6, 0, 253, 1.5679, 0.40967
7, 0, 253, 1.19436, 0.482319
8, 0, 253, 1.10126, 0.513538
9, 0, 253, 0.948323, 0.5827
10, 0, 252, 1.71152, 0.660148
11, 0, 251, 2.47472, 0.686798
12, 0, 251, 2.10118, 0.785025
13, 0, 250, 2.45395, 0.84507
14, 0, 250, 1.96899, 0.888082
15, 0, 249, 2.73219, 0.930362
16, 0, 248, 3.49538, 0.98157
17, 0, 247, 4.49538, 0.996939
18, 0, 247, 4.08035, 1.0169
19, 0, 247, 3.91042, 1.05065
20, 0, 246, 4.67362, 1.0828
21, 0, 246, 4.30009, 1.11654
22, 0, 246, 3.92655, 1.15204
23, 0, 246, 3.77362, 1.21219
24, 0, 246, 3.62069, 1.24978
25, 0, 245, 4.38388, 1.29819
26, 0, 244, 5.14708, 1.3318
27, 0, 244, 4.77355, 1.34793
28, 0, 244, 4.40001, 1.36814
29, 0, 244, 4.24708, 1.44287
30, 0, 243, 5.01028, 1.47803
31, 0, 242, 5.77348, 1.50914
32, 0, 242, 5.39994, 1.54515
33, 0, 242, 5.02641, 1.58342
34, 0, 242, 4.87348, 1.61308
35, 0, 241, 5.63667, 1.7152
36, 0, 240, 6.39987, 1.75596
37, 0, 240, 6.02634, 1.83366
38, 0, 240, 5.6528, 1.85441
39, 0, 240, 5.49987, 1.89827
40, 0, 240, 5.34694, 1.94862
41, 0, 239, 6.11014, 2.03865
42, 0, 238, 6.87333, 2.08178
43, 0, 237, 7.87333, 2.09993
44, 0, 237, 7.45829, 2.13982
45, 0, 237, 7.28837, 2.15524
46, 0, 236, 8.28837, 2.22316
47, 0, 236, 7.87333, 2.25846
48, 0, 236, 7.70341, 2.30268
49, 0, 235, 8.4666, 2.31917
50, 0, 235, 8.09307, 2.34942
51, 0, 235, 7.71954, 2.37883
52, 0, 235, 7.5666, 2.41575
53, 0, 235, 7.41367, 2.43634
54, 0, 234, 8.17687, 2.46765
55, 0, 233, 8.94007, 2.50927
56, 0, 233, 8.56653, 2.56589
57, 0, 233, 8.193, 2.63357
58, 0, 233, 8.1092, 2.70617
59, 0, 232, 7.87701, 2.74615
60, 0, 231, 9.22517, 2.80121
61, 0, 230, 9.98836, 2.81669
62, 0, 229, 10.7516, 2.87052
63, 0, 228, 11.7516, 2.93698
64, 0, 228, 11.3365, 2.96701
65, 0, 228, 11.1666, 3.03221
66, 0, 227, 11.9298, 3.07858
67, 0, 226, 12.693, 3.14062
68, 0, 225, 13.4562, 3.24563
69, 0, 224, 14.4562, 3.28555
70, 0, 224, 14.0412, 3.31664
71, 0, 224, 13.8712, 3.35744
72, 0, 223, 14.6344, 3.37498
73, 0, 223, 14.2609, 3.42812
74, 0, 223, 13.8874, 3.46869
75, 0, 223, 13.7344, 3.5389
76, 0, 223, 13.5815, 3.5792
77, 0, 222, 14.3447, 3.64955
78, 0, 221, 15.1079, 3.68817
79, 0, 221, 14.7344, 3.76538
80, 0, 221, 14.3608, 3.79225
81, 0, 221, 14.2079, 3.84934
82, 0, 221, 14.055, 3.86509
83, 0, 220, 14.8182, 3.91929
84, 0, 220, 14.3332, 3.97148
85, 0, 220, 13.9597, 4.02807
86, 0, 220, 13.5861, 4.06327
87, 0, 220, 13.2126, 4.16071
88, 0, 220, 13.0597, 4.20807
89, 0, 220, 12.9067, 4.2355
90, 0, 219, 13.2595, 4.26239
91, 0, 219, 12.7745, 4.28252
92, 0, 219, 12.401, 4.31964
93, 0, 219, 12.1965, 4.35699
94, 0, 219, 12.0435, 4.39866
95, 0, 218, 12.8067, 4.43479
96, 0, 217, 13.5699, 4.48577
97, 0, 216, 14.5699, 4.51769
98, 0, 216, 14.1549, 4.56078
99, 0, 216, 13.985, 4.64146
100, 0, 215, 14.985, 4.69088
101, 0, 215, 14.5699, 4.75101
102, 0, 214, 15.3331, 4.80616
103, 0, 214, 15.1802, 4.82973
104, 0, 214, 15.0273, 4.87185
105, 0, 213, 15.7905, 4.89365
106, 0, 213, 15.4169, 4.95176
107, 0, 213, 15.0434, 4.99366
108, 0, 213, 14.8905, 5.01191
109, 0, 213, 14.7375, 5.07672
110, 0, 212, 15.5007, 5.09281
111, 0, 211, 16.2639, 5.12896
112, 0, 210, 17.0271, 5.145
113, 0, 209, 17.7903, 5.16073
114, 0, 208, 17.5581, 5.18243
115, 0, 207, 18.9063, 5.23017
116, 0, 207, 18.5327, 5.24961
117, 0, 207, 18.1592, 5.32528
118, 0, 207, 18.0063, 5.34135
119, 0, 207, 17.8533, 5.38808
120, 0, 207, 17.4798, 5.4372
121, 0, 207, 16.9948, 5.4661
122, 0, 206, 17.758, 5.49993
123, 0, 206, 17.3845, 5.57627
124, 0, 205, 17.7373, 5.59255
125, 0, 205, 17.2523, 5.63951
126, 0, 205, 17.0994, 5.6714
127, 0, 205, 17.3213, 5.71796
128, 0, 204, 18.3213, 5.78681
129, 0, 204, 17.9063, 5.82529
130, 0, 204, 17.7363, 5.84874
131, 0, 204, 17.6525, 5.90882
132, 0, 204, 17.5688, 5.95339
133, 0, 204, 17.3053, 5.9726
134, 0, 204, 17.2215, 6.01203
135, 0, 204, 17.0686, 6.04085
136, 0, 203, 17.8318, 6.06603
137, 0, 202, 18.595, 6.11751
138, 0, 202, 18.2214, 6.18315
139, 0, 202, 17.8479, 6.20014
140, 0, 202, 17.695, 6.23192
141, 0, 201, 18.695, 6.26082
142, 0, 201, 18.2799, 6.29405
143, 0, 201, 18.11, 6.3209
144, 0, 200, 18.8732, 6.34925
145, 0, 199, 19.6364, 6.36599
146, 0, 198, 20.3996, 6.43493
147, 0, 198, 20.0261, 6.50404
148, 0, 198, 19.6525, 6.52042
149, 0, 198, 19.4996, 6.56837
150, 0, 198, 19.4158, 6.6328
151, 0, 198, 19.332, 6.65643
152, 0, 198, 19.1791, 6.73715
153, 0, 197, 20.1791, 6.78666
154, 0, 197, 19.764, 6.80927
155, 0, 196, 19.5319, 6.84879
156, 0, 195, 20.88, 6.8697
157, 0, 195, 20.5065, 6.93621
158, 0, 195, 20.3366, 6.95262
159, 0, 195, 19.8516, 7.01995
160, 0, 194, 20.8516, 7.11994
161, 0, 194, 20.4366, 7.16939
162, 0, 194, 20.2666, 7.18948
163, 0, 194, 20.1137, 7.20656
164, 0, 193, 20.8769, 7.28618
165, 0, 192, 21.6401, 7.30276
166, 0, 191, 22.4033, 7.32767
167, 0, 191, 22.0298, 7.38486
168, 0, 191, 21.6562, 7.45273
169, 0, 191, 21.5033, 7.477
170, 0, 191, 21.3504, 7.54294
171, 0, 190, 22.3504, 7.6246
172, 0, 190, 21.9353, 7.69559
173, 0, 190, 21.7654, 7.73118
174, 0, 189, 21.5332, 7.80505
175, 0, 188, 22.8814, 7.84281
176, 0, 187, 23.6446, 7.87784
177, 0, 186, 24.4078, 7.94109
178, 0, 185, 24.7605, 7.97675
179, 0, 185, 24.2756, 8.01122
180, 0, 184, 25.0388, 8.04912
181, 0, 183, 26.0388, 8.06562
182, 0, 183, 25.6237, 8.08178
183, 0, 183, 25.4538, 8.09806
184, 0, 183, 25.3607, 8.14859
185, 0, 183, 25.1908, 8.21497
186, 0, 183, 24.9862, 8.28045
187, 0, 183, 24.6127, 8.34861
188, 0, 183, 24.5022, 8.40473
189, 0, 183, 24.4184, 8.43381
190, 0, 182, 24.1862, 8.45741
191, 0, 181, 25.5344, 8.47449
192, 0, 181, 25.1608, 8.54422
193, 0, 181, 25.0935, 8.56527
194, 0, 181, 24.9405, 8.59096
195, 0, 181, 24.8817, 8.63699
196, 0, 181, 24.8376, 8.70119
197, 0, 181, 24.7538, 8.73796
198, 0, 181, 24.6008, 8.78386
199, 0, 180, 25.364, 8.80567
200, 0, 180, 25.2709, 8.82241
201, 0, 180, 25.1604, 8.86858
202, 0, 180, 25.0766, 8.91345
203, 0, 179, 25.8398, 8.95238
204, 0, 178, 26.603, 8.99838
205, 0, 177, 27.603, 9.07661
206, 0, 177, 27.188, 9.10338
207, 0, 177, 27.0181, 9.1843
208, 0, 176, 27.7813, 9.21774
209, 0, 176, 27.4077, 9.24273
210, 0, 176, 27.0342, 9.32981
211, 0, 175, 27.7974, 9.38395
212, 0, 174, 27.5652, 9.41438
213, 0, 173, 28.3284, 9.48127
214, 0, 172, 29.0916, 9.51134
215, 0, 172, 28.7181, 9.58651
216, 0, 172, 28.3445, 9.643
217, 0, 172, 28.1916, 9.7105
218, 0, 172, 27.8181, 9.76106
219, 0, 172, 27.7249, 9.81982
220, 0, 172, 27.6318, 9.8734
221, 0, 172, 27.6016, 9.92324
222, 0, 172, 27.5486, 9.98405
223, 0, 172, 27.4813, 10.0277
224, 0, 172, 27.3283, 10.0616
225, 0, 171, 28.6765, 10.1016
226, 0, 171, 28.303, 10.1697
227, 0, 171, 28.618, 10.2342
228, 0, 171, 28.0399, 10.3039
229, 0, 171, 27.887, 10.35
230, 0, 171, 27.8032, 10.3761
231, 0, 170, 27.9929, 10.4703
232, 0, 170, 27.8824, 10.5004
233, 0, 170, 27.619, 10.5629
234, 0, 169, 28.3822, 10.6149
235, 0, 168, 28.15, 10.6668
236, 0, 167, 29.4982, 10.6977
237, 0, 166, 30.4982, 10.7231
238, 0, 166, 30.0831, 10.7679
239, 0, 166, 29.9132, 10.8829
240, 0, 165, 30.6764, 10.9246
241, 0, 165, 30.1914, 10.9485
242, 0, 165, 29.8179, 11.0034
243, 0, 165, 29.6134, 11.0395
244, 0, 165, 29.4604, 11.1061
245, 0, 164, 30.2236, 11.1838
246, 0, 163, 30.9868, 11.2535
247, 0, 163, 30.6133, 11.3123
248, 0, 163, 30.2398, 11.3671
249, 0, 163, 30.0868, 11.4226
250, 0, 163, 29.9339, 11.4897
251, 0, 162, 30.9339, 11.5239
252, 0, 162, 30.5189, 11.5812
253, 0, 161, 30.2867, 11.6801
254, 0, 160, 31.6348, 11.7461
255, 0, 160, 31.2613, 11.7948
256, 0, 160, 30.7763, 11.8451
257, 0, 160, 30.6234, 11.9218
258, 0, 160, 30.4535, 11.9511
259, 0, 160, 30.2489, 12.0354
260, 0, 159, 31.2489, 12.0924
261, 0, 159, 30.8339, 12.1569
262, 0, 159, 30.664, 12.205
263, 0, 159, 30.5802, 12.2521
264, 0, 158, 31.3434, 12.277
265, 0, 157, 32.1066, 12.3633
266, 0, 157, 31.9554, 12.3929
267, 0, 157, 31.9024, 12.4369
268, 0, 157, 31.5289, 12.4889
269, 0, 157, 31.1553, 12.5217
270, 0, 156, 31.3967, 12.6109
271, 0, 156, 31.1921, 12.6588
272, 0, 155, 30.96, 12.688
273, 0, 154, 32.3081, 12.7138
274, 0, 154, 32.2867, 12.7663
275, 0, 154, 32.2502, 12.8157
276, 0, 154, 32.2061, 12.8515
277, 0, 154, 32.1531, 12.881
278, 0, 154, 31.7795, 12.9214
279, 0, 154, 31.743, 12.9538
280, 0, 154, 31.3694, 12.9977
281, 0, 154, 31.3328, 13.0365
282, 0, 153, 32.096, 13.0681
283, 0, 152, 32.8592, 13.1467
284, 0, 151, 33.212, 13.2101
285, 0, 151, 32.727, 13.2476
286, 0, 151, 32.3535, 13.3279
287, 0, 151, 32.149, 13.3905
288, 0, 150, 32.9122, 13.431
289, 0, 149, 32.68, 13.496
290, 0, 148, 34.0281, 13.5253
291, 0, 148, 33.6546, 13.563
292, 0, 148, 33.1696, 13.6025
293, 0, 147, 34.1696, 13.6497
294, 0, 147, 33.7546, 13.7063
295, 0, 147, 33.5847, 13.784
296, 0, 147, 33.4317, 13.8213
297, 0, 146, 34.1949, 13.8838
298, 0, 145, 34.9581, 13.9351
299, 0, 145, 34.5846, 13.9722
300, 0, 145, 34.2111, 14.0065
301, 0, 144, 34.4524, 14.0782
302, 0, 144, 34.2479, 14.1078
303, 0, 144, 34.0949, 14.1326
304, 0, 143, 34.8581, 14.1661
305, 0, 143, 34.7052, 14.211
306, 0, 143, 34.5947, 14.3033
307, 0, 142, 35.3579, 14.3355
308, 0, 141, 36.1211, 14.3665
309, 0, 141, 35.7476, 14.4458
310, 0, 141, 35.374, 14.4966
311, 0, 141, 35.2211, 14.5878
312, 0, 141, 35.0682, 14.6773
313, 0, 141, 34.5832, 14.7106
314, 0, 141, 34.5678, 14.7499
315, 0, 141, 34.541, 14.82
316, 0, 141, 34.5108, 14.8791
317, 0, 141, 34.484, 14.9857
318, 0, 140, 34.6737, 15.0137
319, 0, 140, 34.5632, 15.0556
320, 0, 140, 34.4794, 15.0907
321, 0, 139, 34.7208, 15.1528
322, 0, 139, 34.5162, 15.2119
323, 0, 138, 35.2794, 15.2612
324, 0, 138, 35.2206, 15.3354
325, 0, 138, 35.2726, 15.3795
326, 0, 138, 35.1888, 15.4015
327, 0, 138, 35.1358, 15.4418
328, 0, 138, 34.6508, 15.5
329, 0, 137, 35.414, 15.5362
330, 0, 137, 35.0405, 15.5739
331, 0, 137, 34.6669, 15.6456
332, 0, 136, 35.4301, 15.7068
333, 0, 136, 34.9452, 15.7435
334, 0, 136, 34.5716, 15.8333
335, 0, 135, 35.3348, 15.8676
336, 0, 135, 34.9613, 15.9176
337, 0, 134, 35.3141, 15.9556
338, 0, 134, 34.8291, 16.0178
339, 0, 134, 34.6762, 16.0756
340, 0, 134, 34.4716, 16.1002
341, 0, 134, 34.3878, 16.1292
342, 0, 134, 34.304, 16.1534
343, 0, 133, 35.0672, 16.2278
344, 0, 132, 35.8304, 16.2863
345, 0, 132, 35.7466, 16.3323
346, 0, 132, 35.6361, 16.3578
347, 0, 132, 35.5523, 16.4101
348, 0, 132, 35.1788, 16.454
349, 0, 132, 34.8053, 16.4781
350, 0, 131, 35.0466, 16.503
351, 0, 131, 34.8421, 16.5299
352, 0, 131, 34.6891, 16.5756
353, 0, 130, 35.4523, 16.6009
354, 0, 129, 36.2155, 16.6374
355, 0, 129, 35.842, 16.6621
356, 0, 129, 35.4685, 16.7047
357, 0, 129, 35.3155, 16.756
358, 0, 129, 35.2317, 16.7902
359, 0, 129, 35.1386, 16.8323
360, 0, 129, 35.0797, 16.8667
361, 0, 129, 35.0391, 16.9046
362, 0, 129, 34.8861, 16.9839
363, 0, 129, 34.7332, 17.0094
364, 0, 129, 34.6227, 17.088
365, 0, 129, 34.4182, 17.2008
366, 0, 129, 34.2652, 17.2309
367, 0, 129, 34.254, 17.2635
368, 0, 129, 34.2174, 17.2982
369, 0, 129, 34.1069, 17.3414
370, 0, 129, 33.954, 17.3852
371, 0, 129, 33.801, 17.4283
372, 0, 128, 33.9908, 17.4678
373, 0, 128, 33.8803, 17.5017
374, 0, 127, 34.8803, 17.5672
375, 0, 127, 34.4652, 17.6158
376, 0, 127, 34.2953, 17.6445
377, 0, 127, 34.2022, 17.6793
378, 0, 126, 34.9654, 17.708
379, 0, 125, 35.7286, 17.7748
380, 0, 124, 36.7286, 17.8442
381, 0, 124, 36.3135, 17.8703
382, 0, 124, 36.1436, 17.8953
383, 0, 123, 37.1436, 17.92
384, 0, 123, 36.7286, 17.9509
385, 0, 123, 36.5587, 18.0222
386, 0, 122, 37.3219, 18.101
387, 0, 121, 38.0851, 18.1427
388, 0, 121, 37.7115, 18.1676
389, 0, 121, 37.338, 18.1925
390, 0, 121, 37.1851, 18.2622
391, 0, 121, 37.1013, 18.2869
392, 0, 121, 37.093, 18.3173
393, 0, 121, 37.0662, 18.3519
394, 0, 121, 36.9989, 18.4162
395, 0, 120, 37.2402, 18.4828
396, 0, 120, 37.0357, 18.5189
397, 0, 120, 36.9519, 18.5506
398, 0, 119, 37.7151, 18.5782
399, 0, 119, 37.671, 18.6343
400, 0, 119, 37.2974, 18.6877
401, 0, 119, 37.2444, 18.8217
402, 0, 119, 37.1771, 18.8925
403, 0, 119, 37.084, 18.9328
404, 0, 119, 36.8795, 18.9581
405, 0, 119, 36.7957, 18.984
406, 0, 118, 37.7957, 19.0664
407, 0, 118, 37.3806, 19.1136
408, 0, 118, 37.2107, 19.1575
409, 0, 118, 37.1176, 19.2086
410, 0, 118, 36.913, 19.2455
411, 0, 118, 36.8199, 19.3152
412, 0, 118, 36.7669, 19.3697
413, 0, 117, 37.7669, 19.397
414, 0, 117, 37.3519, 19.4476
415, 0, 117, 37.182, 19.4801
416, 0, 116, 37.9452, 19.5041
417, 0, 116, 37.5716, 19.5393
418, 0, 116, 37.4785, 19.5942
419, 0, 116, 37.4426, 19.6374
420, 0, 116, 37.0691, 19.6838
421, 0, 116, 37.0417, 19.7202
422, 0, 116, 36.9744, 19.7712
423, 0, 116, 36.9214, 19.821
424, 0, 116, 36.7684, 19.877
425, 0, 116, 36.8254, 19.9117
426, 0, 116, 36.7848, 19.9777
427, 0, 116, 36.7259, 20.0428
428, 0, 116, 36.6729, 20.1242
429, 0, 116, 36.6524, 20.1917
430, 0, 116, 36.6222, 20.2363
431, 0, 116, 36.4693, 20.2833
432, 0, 116, 36.3855, 20.3098
433, 0, 116, 36.3693, 20.3581
434, 0, 116, 36.2855, 20.3976
435, 0, 116, 36.2017, 20.4885
436, 0, 116, 36.1179, 20.5158
437, 0, 116, 36.0341, 20.5805
438, 0, 115, 36.1972, 20.6133
439, 0, 115, 36.1298, 20.6531
440, 0, 115, 36.0367, 20.7019
441, 0, 115, 35.8322, 20.7502
442, 0, 115, 35.4586, 20.8153
443, 0, 115, 35.0851, 20.8676
444, 0, 115, 34.992, 20.9333
445, 0, 115, 34.8989, 21.0048
446, 0, 115, 34.8151, 21.0701
447, 0, 114, 35.5783, 21.1273
448, 0, 113, 35.9311, 21.2076
449, 0, 113, 35.4461, 21.2573
450, 0, 113, 35.0726, 21.2952
451, 0, 112, 36.0726, 21.3289
452, 0, 112, 35.6575, 21.3682
453, 0, 112, 35.4876, 21.4099
454, 0, 112, 35.3771, 21.4543
455, 0, 111, 36.1403, 21.496
456, 0, 110, 36.9035, 21.578
457, 0, 109, 37.6667, 21.6124
458, 0, 109, 37.6137, 21.6845
459, 0, 109, 37.7361, 21.7391
460, 0, 109, 37.6256, 21.7846
461, 0, 108, 37.7886, 21.9009
462, 0, 108, 37.7297, 21.9663
463, 0, 108, 37.6708, 22.0052
464, 0, 108, 37.6035, 22.0551
465, 0, 108, 37.5197, 22.1304
466, 0, 108, 37.4092, 22.1584
467, 0, 108, 37.3161, 22.2073
468, 0, 108, 37.1632, 22.2559
469, 0, 108, 37.0958, 22.2859
470, 0, 108, 36.9429, 22.3131
471, 0, 108, 36.7383, 22.3837
472, 0, 108, 36.6545, 22.4104
473, 0, 108, 36.5614, 22.4784
474, 0, 108, 36.5025, 22.5316
475, 0, 108, 36.298, 22.5787
476, 0, 108, 36.2142, 22.6115
477, 0, 108, 36.1304, 22.6718
478, 0, 108, 36.0466, 22.7275
479, 0, 108, 35.9793, 22.772
480, 0, 108, 35.6057, 22.7989
481, 0, 108, 35.2322, 22.8263
482, 0, 108, 34.8587, 22.8668
483, 0, 108, 34.8146, 22.9157
484, 0, 108, 34.7308, 23.0211
485, 0, 108, 34.7005, 23.1027
486, 0, 108, 34.6475, 23.1664
487, 0, 108, 34.6262, 23.2524
488, 0, 108, 34.5732, 23.2937
489, 0, 108, 34.5291, 23.333
490, 0, 107, 35.5291, 23.4196
491, 0, 107, 35.114, 23.4679
492, 0, 107, 34.9441, 23.5914
493, 0, 107, 34.7912, 23.6443
494, 0, 107, 34.6382, 23.7518
495, 0, 107, 34.5544, 23.7911
496, 0, 107, 34.5242, 23.8651
497, 0, 107, 34.4404, 23.919
498, 0, 106, 35.4404, 23.9513
499, 0, 106, 35.0254, 23.984
500, 0, 106, 34.8555, 24.0215
501, 0, 105, 35.8555, 24.1157
502, 0, 105, 35.4404, 24.1714
503, 0, 105, 35.2705, 24.2279
504, 0, 104, 36.0337, 24.3105
505, 0, 103, 37.0337, 24.3455
506, 0, 102, 37.7969, 24.4303
507, 0, 102, 37.4234, 24.4868
508, 0, 102, 37.0083, 24.5486
509, 0, 102, 36.8384, 24.5892
510, 0, 102, 36.4649, 24.6677
511, 0, 102, 36.3119, 24.7512
512, 0, 101, 36.0797, 24.7808
513, 0, 100, 37.4279, 24.8199
514, 0, 100, 37.3441, 24.8745
515, 0, 100, 37.2911, 24.9468
516, 0, 100, 37.285, 24.987
517, 0, 100, 37.2646, 25.0446
518, 0, 99, 37.4133, 25.0937
519, 0, 99, 37.3692, 25.1594
520, 0, 99, 37.3162, 25.2224
521, 0, 99, 37.2324, 25.3195
522, 0, 99, 37.1958, 25.3876
523, 0, 99, 37.1428, 25.4556
524, 0, 99, 37.0898, 25.4865
525, 0, 99, 37.006, 25.5253
526, 0, 99, 36.8531, 25.5931
527, 0, 99, 36.8228, 25.6227
528, 0, 99, 36.8098, 25.6988
529, 0, 98, 36.9728, 25.7407
530, 0, 98, 36.9198, 25.7792
531, 0, 98, 36.909, 25.8221
532, 0, 98, 36.8877, 25.9027
533, 0, 98, 36.8203, 25.9664
534, 0, 98, 36.7838, 25.9933
535, 0, 98, 36.7, 26.0561
536, 0, 98, 36.6326, 26.09
537, 0, 98, 36.5653, 26.1539
538, 0, 98, 36.5287, 26.1878
539, 0, 98, 36.6917, 26.3122
540, 0, 98, 36.5406, 26.343
541, 0, 97, 36.7819, 26.395
542, 0, 97, 36.5774, 26.4373
543, 0, 97, 36.5244, 26.4747
544, 0, 97, 36.4976, 26.5162
545, 0, 97, 36.4387, 26.6019
546, 0, 97, 36.3946, 26.6691
547, 0, 97, 36.3357, 26.7766
548, 0, 97, 36.2252, 26.8833
549, 0, 97, 36.1321, 26.9543
550, 0, 97, 36.0791, 26.9968
551, 0, 97, 36.0261, 27.0397
552, 0, 97, 35.9423, 27.0987
553, 0, 97, 36.035, 27.1402
554, 0, 97, 36.1574, 27.1974
555, 0, 96, 36.3204, 27.2513
556, 0, 96, 36.253, 27.279
557, 0, 96, 36.2, 27.3104
558, 0, 96, 36.1412, 27.3502
559, 0, 96, 36.0307, 27.4042
560, 0, 96, 35.8795, 27.4435
561, 0, 96, 35.8429, 27.4699
562, 0, 96, 35.8064, 27.4976
563, 0, 96, 35.7533, 27.5351
564, 0, 95, 36.5165, 27.5921
565, 0, 95, 36.143, 27.6412
566, 0, 95, 35.7695, 27.681
567, 0, 95, 35.6165, 27.7454
568, 0, 95, 35.4636, 27.7743
569, 0, 94, 36.2268, 27.8406
570, 0, 94, 35.8533, 27.8689
571, 0, 94, 35.4797, 27.9275
572, 0, 93, 36.4797, 27.9558
573, 0, 93, 36.0647, 27.9956
574, 0, 93, 35.8948, 28.046
575, 0, 93, 35.8017, 28.0985
576, 0, 93, 35.6487, 28.1459
577, 0, 92, 35.8901, 28.2407
578, 0, 92, 36.112, 28.2975
579, 0, 92, 35.8486, 28.3277
580, 0, 92, 35.7897, 28.3623
581, 0, 91, 35.9794, 28.416
582, 0, 91, 35.8689, 28.4788
583, 0, 91, 35.7851, 28.5235
584, 0, 90, 35.5529, 28.5559
585, 0, 89, 36.9011, 28.6061
586, 0, 88, 37.6643, 28.6565
587, 0, 87, 38.4275, 28.7398
588, 0, 86, 39.1907, 28.7679
589, 0, 85, 40.1907, 28.8173
590, 0, 85, 39.7756, 28.8462
591, 0, 85, 39.6057, 28.8743
592, 0, 84, 40.3689, 28.9021
593, 0, 83, 40.7217, 28.9349
594, 0, 83, 40.2367, 28.9632
595, 0, 83, 39.8632, 28.9918
596, 0, 83, 39.6586, 29.0192
597, 0, 82, 39.8484, 29.0894
598, 0, 82, 39.6955, 29.1428
599, 0, 81, 40.4586, 29.1706
600, 0, 81, 40.0851, 29.1981
601, 0, 81, 39.9746, 29.3063
602, 0, 81, 39.8815, 29.3602
603, 0, 81, 39.7977, 29.4366
604, 0, 81, 39.4242, 29.4759
605, 0, 81, 39.2712, 29.5109
606, 0, 81, 39.1183, 29.538
607, 0, 80, 39.8815, 29.5994
608, 0, 80, 39.508, 29.6711
609, 0, 79, 39.8607, 29.7384
610, 0, 79, 39.3758, 29.796
611, 0, 79, 39.2228, 29.8241
612, 0, 79, 39.1297, 29.8823
613, 0, 79, 38.9252, 29.9208
614, 0, 78, 39.6884, 29.9704
615, 0, 78, 39.2034, 30.001
616, 0, 78, 38.8299, 30.0294
617, 0, 78, 38.6254, 30.0582
618, 0, 77, 38.8667, 30.1137
619, 0, 77, 38.6622, 30.1854
620, 0, 76, 39.4254, 30.223
621, 0, 76, 39.3665, 30.2495
622, 0, 75, 40.1297, 30.2985
623, 0, 75, 39.7561, 30.3635
624, 0, 75, 39.3826, 30.4716
625, 0, 75, 39.2297, 30.5089
626, 0, 75, 39.0767, 30.5662
627, 0, 74, 39.2665, 30.6067
628, 0, 74, 39.156, 30.6345
629, 0, 73, 40.156, 30.6712
630, 0, 73, 39.7409, 30.7491
631, 0, 73, 39.571, 30.7852
632, 0, 73, 39.5304, 30.8349
633, 0, 73, 39.4466, 30.8689
634, 0, 73, 39.4059, 30.8981
635, 0, 73, 39.253, 30.9238
636, 0, 73, 39.1599, 30.9596
637, 0, 73, 38.9553, 30.9854
638, 0, 73, 38.8024, 31.0151
639, 0, 73, 38.7186, 31.0403
640, 0, 73, 38.6255, 31.1165
641, 0, 73, 38.7885, 31.1617
642, 0, 72, 38.9783, 31.1874
643, 0, 72, 38.8678, 31.2409
644, 0, 72, 38.7166, 31.286
645, 0, 72, 38.6493, 31.3206
646, 0, 72, 38.5655, 31.3458
647, 0, 71, 39.3287, 31.3803
648, 0, 71, 39.2182, 31.416
649, 0, 71, 39.1977, 31.4545
650, 0, 71, 39.0448, 31.5041
651, 0, 71, 39.018, 31.542
652, 0, 71, 38.974, 31.5774
653, 0, 71, 38.9374, 31.6485
654, 0, 71, 38.8269, 31.6786
655, 0, 70, 38.9899, 31.7214
656, 0, 70, 39.1123, 31.7492
657, 0, 70, 39.0534, 31.7785
658, 0, 70, 38.9696, 31.8436
659, 0, 70, 38.933, 31.9253
660, 0, 70, 38.9169, 31.9547
661, 0, 70, 38.8496, 32.008
662, 0, 70, 38.7391, 32.059
663, 0, 70, 38.6459, 32.0948
664, 0, 70, 38.5622, 32.168
665, 0, 70, 38.1886, 32.1979
666, 0, 70, 37.9841, 32.2256
667, 0, 70, 37.9003, 32.294
668, 0, 70, 37.8473, 32.3229
669, 0, 70, 37.7635, 32.3509
670, 0, 70, 37.6797, 32.38
671, 0, 70, 37.5959, 32.4459
672, 0, 70, 37.5593, 32.4737
673, 0, 70, 37.4064, 32.5515
674, 0, 70, 37.2959, 32.6007
675, 0, 70, 37.2121, 32.6502
676, 0, 70, 37.1591, 32.6959
677, 0, 70, 37.1225, 32.7234
678, 0, 70, 37.0551, 32.7685
679, 0, 70, 37.0254, 32.8035
680, 0, 70, 36.9416, 32.8524
681, 0, 70, 36.8886, 32.8911
682, 0, 70, 36.8213, 32.9549
683, 0, 70, 36.7683, 33.0171
684, 0, 70, 36.7242, 33.045
685, 0, 70, 36.6712, 33.0756
686, 0, 70, 36.6123, 33.1254
687, 0, 70, 36.5449, 33.1803
688, 0, 70, 36.4919, 33.2074
689, 0, 69, 36.7333, 33.3054
690, 0, 69, 36.5287, 33.3561
691, 0, 69, 36.4988, 33.3822
692, 0, 69, 36.4547, 33.4224
693, 0, 69, 36.3874, 33.4869
694, 0, 69, 36.3344, 33.5325
695, 0, 69, 36.313, 33.6117
696, 0, 69, 36.26, 33.6922
697, 0, 69, 36.1669, 33.7369
698, 0, 69, 36.0738, 33.8324
699, 0, 69, 35.99, 33.8671
700, 0, 69, 35.505, 33.9007
701, 0, 69, 35.3521, 33.9376
702, 0, 69, 35.259, 33.9808
703, 0, 69, 35.1061, 34.0477
704, 0, 69, 35.0531, 34.0994
705, 0, 69, 34.9001, 34.1953
706, 0, 69, 34.8595, 34.2487
707, 0, 69, 34.8327, 34.3248
708, 0, 69, 34.7356, 34.3625
709, 0, 69, 34.6767, 34.4
710, 0, 69, 34.5929, 34.456
711, 0, 69, 34.534, 34.4932
712, 0, 69, 34.3295, 34.534
713, 0, 69, 34.219, 34.5891
714, 0, 69, 34.3531, 34.6183
715, 0, 69, 34.3229, 34.6827
716, 0, 69, 34.2823, 34.7305
717, 0, 69, 34.1852, 34.8144
718, 0, 69, 34.1263, 34.8851
719, 0, 69, 34.0965, 34.9229
720, 0, 69, 34.06, 35.0151
721, 0, 69, 34.007, 35.0848
722, 0, 69, 33.954, 35.1204
723, 0, 69, 33.9099, 35.1587
724, 0, 69, 33.8733, 35.1876
725, 0, 69, 33.8327, 35.2585
726, 0, 69, 33.7961, 35.2876
727, 0, 69, 33.752, 35.3489
728, 0, 69, 33.7315, 35.3942
729, 0, 69, 33.6909, 35.4308
730, 0, 69, 33.5711, 35.4709
731, 0, 68, 33.7341, 35.5181
732, 0, 68, 33.6668, 35.568
733, 0, 68, 33.6, 35.6053
734, 0, 68, 33.5593, 35.646
735, 0, 68, 33.5063, 35.6739
736, 0, 67, 33.6961, 35.7248
737, 0, 67, 33.5856, 35.8032
738, 0, 67, 33.5267, 35.8382
739, 0, 67, 33.4678, 35.8656
740, 0, 67, 33.4271, 35.8958
741, 0, 67, 33.3433, 35.9524
742, 0, 67, 33.2903, 36.0027
743, 0, 67, 33.2749, 36.0363
744, 0, 67, 33.122, 36.0788
745, 0, 67, 33.1015, 36.1172
746, 0, 67, 33.0649, 36.16
747, 0, 67, 33.0243, 36.2438
748, 0, 67, 32.9654, 36.2851
749, 0, 67, 32.961, 36.346
750, 0, 66, 33.1022, 36.3779
751, 0, 66, 33.072, 36.4427
752, 0, 66, 33.019, 36.4988
753, 0, 66, 32.9352, 36.5948
754, 0, 66, 32.8986, 36.63
755, 0, 66, 32.858, 36.6633
756, 0, 66, 32.805, 36.733
757, 0, 66, 32.7381, 36.8258
758, 0, 66, 32.7016, 36.8718
759, 0, 66, 32.6575, 36.9567
760, 0, 66, 32.6307, 37.0413
761, 0, 66, 32.5634, 37.1315
762, 0, 66, 32.5045, 37.2294
763, 0, 66, 32.4777, 37.3153
764, 0, 66, 32.3939, 37.371
765, 0, 66, 32.3101, 37.41
766, 0, 66, 32.2735, 37.456
767, 0, 66, 32.2205, 37.4995
768, 0, 66, 32.1839, 37.6249
769, 0, 66, 32.031, 37.7084
770, 0, 66, 31.9205, 37.7558
771, 0, 66, 31.8675, 37.8054
772, 0, 66, 31.8145, 37.8651
773, 0, 66, 31.7615, 37.8962
774, 0, 66, 31.7347, 37.9485
775, 0, 66, 31.6509, 38.0056
776, 0, 66, 31.592, 38.048
777, 0, 66, 31.5555, 38.0767
778, 0, 66, 31.4584, 38.1467
779, 0, 66, 31.4218, 38.1753
780, 0, 66, 31.3811, 38.2308
781, 0, 66, 31.3607, 38.3318
782, 0, 66, 31.3077, 38.3922
783, 0, 66, 31.2547, 38.4634
784, 0, 66, 31.2279, 38.5099
785, 0, 66, 31.1913, 38.5689
786, 0, 66, 31.0808, 38.6599
787, 0, 66, 30.9297, 38.7095
788, 0, 66, 30.8459, 38.7479
789, 0, 66, 30.7621, 38.7816
790, 0, 66, 30.6948, 38.8182
791, 0, 66, 30.6418, 38.8526
792, 0, 66, 30.5486, 38.8875
793, 0, 66, 30.5046, 38.936
794, 0, 66, 30.3941, 38.9674
795, 0, 66, 30.2836, 39.0089
796, 0, 66, 30.2247, 39.0463
797, 0, 66, 30.1316, 39.087
798, 0, 66, 30.095, 39.1172
799, 0, 66, 29.942, 39.177
800, 0, 66, 29.8582, 39.2203
801, 0, 66, 29.7651, 39.2501
802, 0, 66, 29.6546, 39.3687
803, 0, 66, 29.5017, 39.3992
804, 0, 66, 29.4179, 39.4419
805, 0, 66, 29.3649, 39.4879
806, 0, 66, 29.2811, 39.5324
807, 0, 66, 29.188, 39.5636
808, 0, 66, 29.1675, 39.5982
809, 0, 66, 29.1373, 39.6282
810, 0, 66, 29.0843, 39.6738
811, 0, 66, 28.9872, 39.7293
812, 0, 66, 28.9342, 39.8011
813, 0, 66, 29.0566, 39.8606
814, 0, 66, 28.9977, 39.9601
815, 0, 66, 28.9447, 40.025
816, 0, 66, 28.8476, 40.0954
817, 0, 66, 28.7803, 40.1558
818, 0, 65, 28.97, 40.1866
819, 0, 65, 28.8595, 40.2201
820, 0, 65, 28.8006, 40.2782
821, 0, 65, 28.7704, 40.327
822, 0, 65, 28.7031, 40.3568
823, 0, 65, 28.606, 40.5908
824, 0, 65, 28.5471, 40.6581
825, 0, 65, 28.5064, 40.7232
826, 0, 65, 28.4797, 40.7866
827, 0, 65, 28.439, 40.8165
828, 0, 64, 28.6287, 40.9
829, 0, 64, 28.5182, 40.9555
830, 0, 64, 28.5021, 41.0088
831, 0, 64, 28.4753, 41.1306
832, 0, 63, 28.6129, 41.1686
833, 0, 63, 28.6016, 41.2532
834, 0, 63, 28.6942, 41.292
835, 0, 63, 28.8166, 41.3539
836, 0, 63, 28.7195, 41.3975
837, 0, 63, 28.5666, 41.4528
838, 0, 63, 28.5077, 41.5151
839, 0, 63, 28.5046, 41.5739
840, 0, 63, 28.4208, 41.6257
841, 0, 63, 28.4187, 41.6724
842, 0, 63, 28.4096, 41.7483
843, 0, 63, 28.4471, 41.8396
844, 0, 63, 28.4105, 41.9186
845, 0, 63, 28.3892, 41.9861
846, 0, 63, 28.3362, 42.0735
847, 0, 63, 28.32, 42.1298
848, 0, 63, 28.2958, 42.1993
849, 0, 63, 28.2656, 42.2457
850, 0, 63, 28.2451, 42.2862
851, 0, 63, 28.1613, 42.3542
852, 0, 63, 28.1316, 42.4185
853, 0, 63, 28.1102, 42.4845
854, 0, 63, 28.1025, 42.5505
855, 0, 63, 28.0864, 42.6195
856, 0, 63, 28.0017, 42.6683
857, 0, 62, 28.1503, 42.7172
858, 0, 62, 28.1063, 42.7877
859, 0, 62, 28.0389, 42.8299
860, 0, 62, 28.0023, 42.8638
861, 0, 62, 27.9617, 42.9795
862, 0, 62, 27.8512, 43.0967
863, 0, 62, 27.7839, 43.1721
864, 0, 62, 27.7625, 43.226
865, 0, 62, 27.7327, 43.2887
866, 0, 62, 27.6659, 43.3642
867, 0, 62, 27.6392, 43.435
868, 0, 62, 27.5951, 43.4842
869, 0, 62, 27.5421, 43.5197
870, 0, 62, 27.5123, 43.6267
871, 0, 62, 27.4855, 43.6852
872, 0, 62, 27.4651, 43.7345
873, 0, 62, 27.535, 43.7676
874, 0, 62, 27.5123, 43.8188
875, 0, 62, 27.4855, 43.8888
876, 0, 62, 27.4628, 43.9295
877, 0, 62, 27.4331, 43.9976
878, 0, 62, 27.3965, 44.0402
879, 0, 62, 27.4664, 44.0852
880, 0, 62, 27.4183, 44.2085
881, 0, 62, 27.3885, 44.2464
882, 0, 62, 27.4845, 44.2933
883, 0, 62, 27.5778, 44.3347
884, 0, 61, 27.719, 44.4128
885, 0, 61, 27.6888, 44.4546
886, 0, 61, 27.662, 44.5532
887, 0, 61, 27.6466, 44.6207
888, 0, 60, 27.7878, 44.7023
889, 0, 60, 27.7673, 44.7449
890, 0, 60, 27.7308, 44.8824
891, 0, 60, 27.7005, 44.9246
892, 0, 60, 27.6703, 44.9669
893, 0, 60, 27.6429, 45.0066
894, 0, 59, 27.8059, 45.0354
895, 0, 59, 27.7386, 45.0672
896, 0, 59, 27.7173, 45.1309
897, 0, 59, 27.6732, 45.1687
898, 0, 59, 27.6325, 45.2062
899, 0, 59, 27.6171, 45.2912
900, 0, 59, 27.5805, 45.3391
901, 0, 59, 27.5644, 45.4181
902, 0, 59, 27.5163, 45.48
903, 0, 59, 27.4865, 45.5092
904, 0, 59, 27.4424, 45.5606
905, 0, 59, 27.4122, 45.5972
906, 0, 59, 27.3825, 45.6862
907, 0, 59, 27.3712, 45.7358
908, 0, 59, 27.1666, 45.7953
909, 0, 59, 27.1369, 45.8739
910, 0, 59, 27.1194, 45.9279
911, 0, 59, 27.0787, 45.9911
912, 0, 59, 27.0381, 46.0214
913, 0, 59, 27.0154, 46.0697
914, 0, 59, 27.0096, 46.1215
915, 0, 59, 26.9965, 46.1712
916, 0, 59, 26.9766, 46.2321
917, 0, 59, 26.9684, 46.2827
918, 0, 59, 26.9154, 46.3668
919, 0, 59, 26.848, 46.4446
920, 0, 59, 26.795, 46.4824
921, 0, 59, 26.7361, 46.5511
922, 0, 59, 26.6688, 46.5811
923, 0, 59, 26.6099, 46.6377
924, 0, 59, 26.5569, 46.699
925, 0, 59, 26.5039, 46.7612
926, 0, 59, 26.4673, 46.8315
927, 0, 59, 26.4267, 46.8959
928, 0, 59, 26.3826, 46.9412
929, 0, 59, 26.3419, 46.9734
930, 0, 59, 26.3053, 47.0395
931, 0, 59, 26.2688, 47.0974
932, 0, 59, 26.3912, 47.1347
933, 0, 59, 26.3244, 47.2074
934, 0, 59, 26.2878, 47.2376
935, 0, 59, 26.3398, 47.3079
936, 0, 59, 26.31, 47.3477
937, 0, 59, 26.2427, 47.3988
938, 0, 59, 26.1838, 47.4555
939, 0, 59, 26.1472, 47.4853
940, 0, 59, 26.1106, 47.5513
941, 0, 59, 26.07, 47.599
942, 0, 59, 26.017, 47.6376
943, 0, 59, 25.9956, 47.721
944, 0, 58, 26.1443, 47.776
945, 0, 58, 26.1175, 47.8224
946, 0, 58, 26.1093, 47.8525
947, 0, 58, 26.0652, 47.9421
948, 0, 57, 26.202, 47.9871
949, 0, 57, 26.1866, 48.0179
950, 0, 57, 26.1805, 48.0815
951, 0, 57, 26.1439, 48.1142
952, 0, 57, 26.0998, 48.1633
953, 0, 57, 26.0731, 48.2345
954, 0, 57, 26.0433, 48.2757
955, 0, 57, 26.0131, 48.3155
956, 0, 57, 25.9863, 48.3453
957, 0, 57, 25.8758, 48.4051
958, 0, 57, 25.8352, 48.49
959, 0, 57, 25.8124, 48.5362
960, 0, 57, 25.796, 48.5804
961, 0, 57, 25.7746, 48.6357
962, 0, 57, 25.7078, 48.6841
963, 0, 57, 25.6672, 48.7493
964, 0, 57, 25.6541, 48.7908
965, 0, 57, 25.61, 48.8257
966, 0, 57, 25.5734, 48.8631
967, 0, 57, 25.558, 48.9129
968, 0, 57, 25.5278, 48.9694
969, 0, 57, 25.4976, 49.0134
970, 0, 57, 25.461, 49.0685
971, 0, 57, 25.3936, 49.1134
972, 0, 57, 25.5051, 49.1603
973, 0, 57, 25.4783, 49.208
974, 0, 57, 25.467, 49.3116
975, 0, 57, 25.4304, 49.374
976, 0, 57, 25.3774, 49.4195
977, 0, 57, 25.2843, 49.4792
978, 0, 57, 25.2254, 49.5179
979, 0, 57, 25.1889, 49.5938
980, 0, 57, 25.1806, 49.6256
981, 0, 57, 25.0968, 49.6841
982, 0, 57, 25.1037, 49.7131
983, 0, 57, 25.0906, 49.7441
984, 0, 57, 25.0639, 49.8043
985, 0, 57, 25.0341, 49.8418
986, 0, 57, 25.0044, 49.9095
987, 0, 57, 24.9997, 49.9642
988, 0, 57, 24.9884, 50.022
989, 0, 57, 24.9616, 50.0536
990, 0, 57, 24.9455, 50.0834
991, 0, 57, 24.9048, 50.1117
992, 0, 57, 24.8608, 50.1496
993, 0, 57, 24.8078, 50.2294
994, 0, 57, 24.781, 50.2767
995, 0, 57, 24.7142, 50.3391
996, 0, 57, 24.6937, 50.3708
997, 0, 57, 24.6807, 50.4138
998, 0, 57, 24.6505, 50.4884
999, 0, 57, 24.6202, 50.5236
