Seed is: 83
Number of samples is: 1000
Simulation name is: NoTvSim.sim
TimeStep, Distraction Rate, Missed States, Model Accuracy, Time (ms)
0, 0, 256, 0, 6e-05
1, 0, 255, 1, 0.035978
2, 0, 255, 0.584963, 0.072057
3, 0, 255, 0.415037, 0.086996
4, 0, 254, 1.17823, 0.107645
5, 0, 253, 1.94143, 0.12625
6, 0, 253, 1.5679, 0.142331
7, 0, 253, 1.19436, 0.182868
8, 0, 253, 1.04143, 0.223876
9, 0, 253, 0.888499, 0.253042
10, 0, 252, 1.6517, 0.278901
11, 0, 251, 2.6517, 0.312716
12, 0, 251, 2.23666, 0.346279
13, 0, 251, 2.06673, 0.36223
14, 0, 250, 2.82993, 0.396976
15, 0, 249, 2.59774, 0.411464
16, 0, 248, 3.9459, 0.446701
17, 0, 248, 3.57236, 0.506024
18, 0, 248, 3.0874, 0.523106
19, 0, 248, 2.93447, 0.571198
20, 0, 248, 2.72993, 0.610413
21, 0, 247, 3.49313, 0.629128
22, 0, 246, 4.49313, 0.643997
23, 0, 246, 4.07809, 0.671649
24, 0, 246, 3.90817, 0.686538
25, 0, 245, 4.67136, 0.754707
26, 0, 244, 5.43456, 0.774275
27, 0, 244, 5.06103, 0.803631
28, 0, 244, 4.68749, 0.836333
29, 0, 243, 4.92883, 0.862393
30, 0, 243, 4.7243, 0.88753
31, 0, 243, 4.57136, 0.90317
32, 0, 242, 5.33456, 0.917998
33, 0, 241, 6.33456, 0.959828
34, 0, 241, 5.91952, 0.986519
35, 0, 241, 5.7496, 1.02319
36, 0, 240, 6.5128, 1.03851
37, 0, 239, 7.27599, 1.0537
38, 0, 239, 6.90246, 1.06864
39, 0, 239, 6.52892, 1.09852
40, 0, 239, 6.37599, 1.13125
41, 0, 239, 6.22306, 1.16659
42, 0, 238, 6.98626, 1.18175
43, 0, 237, 7.98626, 1.20376
44, 0, 237, 7.57122, 1.23034
45, 0, 237, 7.40129, 1.24704
46, 0, 236, 8.16449, 1.26327
47, 0, 235, 8.92769, 1.27841
48, 0, 235, 8.55416, 1.30236
49, 0, 235, 8.18062, 1.33597
50, 0, 235, 8.02769, 1.35102
51, 0, 234, 8.26903, 1.36784
52, 0, 234, 8.49096, 1.38307
53, 0, 234, 8.22753, 1.39823
54, 0, 233, 8.99072, 1.4157
55, 0, 232, 9.99072, 1.4354
56, 0, 232, 9.57569, 1.46626
57, 0, 232, 9.40576, 1.48839
58, 0, 231, 10.169, 1.50742
59, 0, 230, 10.9322, 1.52283
60, 0, 230, 10.5586, 1.55345
61, 0, 230, 10.1851, 1.57547
62, 0, 230, 10.0322, 1.59068
63, 0, 230, 9.87922, 1.62553
64, 0, 229, 10.8792, 1.64835
65, 0, 229, 10.4642, 1.6756
66, 0, 229, 10.2943, 1.70917
67, 0, 228, 11.0575, 1.72756
68, 0, 228, 10.6839, 1.74678
69, 0, 228, 10.3104, 1.79037
70, 0, 228, 10.1575, 1.80573
71, 0, 228, 10.0045, 1.83568
72, 0, 227, 10.7677, 1.85511
73, 0, 226, 11.1205, 1.8707
74, 0, 226, 10.6355, 1.88646
75, 0, 225, 10.9883, 1.90724
76, 0, 225, 11.3033, 1.92284
77, 0, 225, 10.7253, 1.94603
78, 0, 225, 10.9472, 1.96568
79, 0, 225, 10.6838, 1.98466
80, 0, 225, 10.4203, 2.0219
81, 0, 224, 11.1835, 2.03925
82, 0, 224, 10.81, 2.05465
83, 0, 224, 10.4365, 2.07817
84, 0, 224, 10.2835, 2.12429
85, 0, 224, 10.1306, 2.15884
86, 0, 223, 10.8938, 2.19119
87, 0, 223, 10.5203, 2.20684
88, 0, 223, 10.1467, 2.22207
89, 0, 223, 9.99379, 2.2664
90, 0, 223, 9.84086, 2.3024
91, 0, 222, 10.6041, 2.31974
92, 0, 222, 10.2305, 2.34848
93, 0, 221, 10.5833, 2.3646
94, 0, 221, 10.0983, 2.38001
95, 0, 221, 9.9454, 2.41314
96, 0, 221, 9.74086, 2.42864
97, 0, 220, 10.7409, 2.44742
98, 0, 220, 10.3258, 2.46562
99, 0, 220, 10.1559, 2.4974
100, 0, 220, 10.0721, 2.52132
101, 0, 220, 9.9883, 2.55065
102, 0, 220, 9.8778, 2.56639
103, 0, 219, 10.641, 2.58372
104, 0, 218, 11.641, 2.59943
105, 0, 218, 11.226, 2.61808
106, 0, 218, 11.056, 2.66003
107, 0, 217, 11.8192, 2.70076
108, 0, 216, 12.5824, 2.73652
109, 0, 216, 12.2089, 2.75229
110, 0, 216, 11.8354, 2.79186
111, 0, 216, 11.6824, 2.83907
112, 0, 216, 11.5295, 2.86144
113, 0, 215, 12.2927, 2.88601
114, 0, 214, 12.0605, 2.92796
115, 0, 213, 13.4087, 2.94429
116, 0, 212, 14.1719, 2.96407
117, 0, 212, 13.6869, 2.98669
118, 0, 212, 13.3134, 3.0246
119, 0, 212, 13.1088, 3.04976
120, 0, 212, 12.9559, 3.10148
121, 0, 211, 13.7191, 3.11757
122, 0, 210, 14.7191, 3.13372
123, 0, 210, 14.3041, 3.14964
124, 0, 210, 14.1341, 3.1814
125, 0, 209, 15.1341, 3.20785
126, 0, 209, 14.7191, 3.24969
127, 0, 209, 14.5492, 3.29336
128, 0, 208, 15.5492, 3.33825
129, 0, 208, 15.1341, 3.37544
130, 0, 208, 14.9642, 3.40823
131, 0, 207, 15.7274, 3.42428
132, 0, 206, 16.4906, 3.46842
133, 0, 205, 17.2538, 3.50721
134, 0, 205, 16.8803, 3.52742
135, 0, 205, 16.5067, 3.56259
136, 0, 205, 16.3538, 3.5898
137, 0, 205, 16.2009, 3.60611
138, 0, 204, 16.9641, 3.63295
139, 0, 204, 16.5905, 3.66367
140, 0, 203, 16.9433, 3.70427
141, 0, 203, 16.4583, 3.75405
142, 0, 203, 16.3054, 3.77252
143, 0, 203, 16.5273, 3.79247
144, 0, 202, 17.2905, 3.84376
145, 0, 201, 18.0537, 3.87407
146, 0, 200, 18.8169, 3.89701
147, 0, 199, 19.5801, 3.91708
148, 0, 199, 19.2066, 3.96961
149, 0, 198, 19.5594, 3.99003
150, 0, 198, 19.0744, 4.01415
151, 0, 198, 18.9215, 4.03032
152, 0, 198, 18.7169, 4.05902
153, 0, 197, 19.4801, 4.0986
154, 0, 197, 19.1066, 4.11612
155, 0, 197, 18.733, 4.13542
156, 0, 196, 18.9744, 4.15194
157, 0, 196, 18.7699, 4.18286
158, 0, 196, 18.6169, 4.20865
159, 0, 195, 19.3801, 4.24652
160, 0, 194, 20.1433, 4.27628
161, 0, 194, 19.7698, 4.30924
162, 0, 194, 19.3962, 4.35043
163, 0, 194, 19.2433, 4.36697
164, 0, 194, 19.0904, 4.41576
165, 0, 193, 19.8536, 4.46605
166, 0, 193, 19.48, 4.48262
167, 0, 192, 19.8328, 4.50253
168, 0, 192, 19.3479, 4.53491
169, 0, 192, 19.1949, 4.56098
170, 0, 192, 19.4168, 4.57861
171, 0, 191, 20.18, 4.60423
172, 0, 190, 19.9479, 4.64121
173, 0, 190, 19.9063, 4.66797
174, 0, 189, 21.611, 4.68828
175, 0, 188, 22.3742, 4.70749
176, 0, 187, 23.1374, 4.72746
177, 0, 187, 22.7639, 4.75741
178, 0, 187, 22.3904, 4.78388
179, 0, 187, 22.2374, 4.8004
180, 0, 187, 22.0845, 4.81837
181, 0, 186, 22.8477, 4.86029
182, 0, 186, 23.1111, 4.89938
183, 0, 185, 23.8743, 4.91631
184, 0, 184, 24.6375, 4.93316
185, 0, 184, 24.264, 4.95069
186, 0, 184, 23.8905, 4.96743
187, 0, 184, 23.7375, 4.98417
188, 0, 184, 23.5846, 5.0028
189, 0, 183, 24.3478, 5.04324
190, 0, 183, 23.9743, 5.06007
191, 0, 183, 23.6007, 5.09609
192, 0, 183, 23.4478, 5.13147
193, 0, 182, 23.6891, 5.16684
194, 0, 182, 23.4846, 5.18401
195, 0, 182, 23.3741, 5.20104
196, 0, 181, 24.1373, 5.21804
197, 0, 181, 23.7638, 5.2505
198, 0, 181, 23.3902, 5.28837
199, 0, 181, 23.3064, 5.31559
200, 0, 180, 23.4962, 5.35839
201, 0, 180, 23.3857, 5.3912
202, 0, 180, 23.3019, 5.41449
203, 0, 179, 24.0651, 5.43836
204, 0, 178, 24.8283, 5.4608
205, 0, 178, 24.4547, 5.48735
206, 0, 178, 24.0812, 5.51113
207, 0, 178, 23.9283, 5.52811
208, 0, 178, 23.7753, 5.54496
209, 0, 177, 24.5385, 5.59075
210, 0, 176, 25.3017, 5.61136
211, 0, 175, 26.0649, 5.62861
212, 0, 175, 25.6914, 5.65465
213, 0, 174, 26.0442, 5.67243
214, 0, 174, 25.5592, 5.68961
215, 0, 173, 25.8005, 5.72365
216, 0, 173, 25.596, 5.76759
217, 0, 173, 25.3915, 5.78549
218, 0, 172, 26.1547, 5.80915
219, 0, 171, 26.9179, 5.8543
220, 0, 171, 26.8247, 5.87177
221, 0, 171, 26.7316, 5.90128
222, 0, 171, 26.6385, 5.91841
223, 0, 171, 26.5855, 5.93816
224, 0, 171, 26.5017, 5.95519
225, 0, 171, 26.1282, 5.99276
226, 0, 171, 25.7547, 6.0212
227, 0, 171, 25.7181, 6.069
228, 0, 171, 25.6651, 6.11086
229, 0, 171, 25.5121, 6.14532
230, 0, 170, 26.2753, 6.17942
231, 0, 169, 27.0385, 6.19667
232, 0, 168, 27.3913, 6.21586
233, 0, 168, 26.9063, 6.24568
234, 0, 168, 26.5328, 6.26932
235, 0, 168, 26.3283, 6.29911
236, 0, 168, 26.1753, 6.31629
237, 0, 167, 26.9385, 6.33367
238, 0, 166, 27.7017, 6.35832
239, 0, 165, 28.4649, 6.37667
240, 0, 164, 29.2281, 6.42758
241, 0, 163, 29.9913, 6.45723
242, 0, 163, 29.6178, 6.50116
243, 0, 163, 29.2443, 6.52056
244, 0, 163, 29.0913, 6.53751
245, 0, 162, 29.3327, 6.55741
246, 0, 162, 29.1281, 6.58493
247, 0, 161, 29.8913, 6.60202
248, 0, 161, 29.5178, 6.64215
249, 0, 160, 29.8706, 6.67287
250, 0, 160, 29.3856, 6.69313
251, 0, 160, 29.2327, 6.71673
252, 0, 160, 29.0281, 6.73414
253, 0, 159, 29.7913, 6.76465
254, 0, 159, 29.4178, 6.80312
255, 0, 159, 29.0443, 6.82691
256, 0, 159, 28.8913, 6.84419
257, 0, 159, 28.7384, 6.87332
258, 0, 158, 29.7384, 6.89901
259, 0, 158, 29.3234, 6.94391
260, 0, 158, 29.1534, 6.96865
261, 0, 157, 30.1534, 6.98607
262, 0, 157, 29.7384, 7.00997
263, 0, 157, 29.5685, 7.03402
264, 0, 156, 30.3317, 7.08613
265, 0, 156, 29.9581, 7.12263
266, 0, 156, 29.5846, 7.14608
267, 0, 156, 29.4317, 7.18941
268, 0, 156, 29.2787, 7.23624
269, 0, 155, 30.0419, 7.27406
270, 0, 154, 30.8051, 7.29193
271, 0, 154, 30.4316, 7.31479
272, 0, 154, 30.0581, 7.34814
273, 0, 154, 29.9051, 7.40092
274, 0, 154, 29.7522, 7.41883
275, 0, 153, 30.5154, 7.45641
276, 0, 152, 31.2786, 7.4962
277, 0, 151, 31.0464, 7.54256
278, 0, 150, 32.3946, 7.56638
279, 0, 150, 32.021, 7.5843
280, 0, 150, 31.5361, 7.60328
281, 0, 150, 31.3831, 7.6404
282, 0, 150, 31.1786, 7.69871
283, 0, 149, 30.9464, 7.73376
284, 0, 148, 32.2946, 7.75693
285, 0, 148, 31.921, 7.77437
286, 0, 148, 31.4361, 7.7921
287, 0, 148, 31.2831, 7.82611
288, 0, 148, 31.5051, 7.85833
289, 0, 147, 32.5051, 7.88568
290, 0, 147, 32.09, 7.90895
291, 0, 147, 31.9201, 7.9387
292, 0, 147, 31.827, 7.96804
293, 0, 147, 31.7432, 7.9861
294, 0, 146, 32.7432, 8.01174
295, 0, 146, 32.3281, 8.03517
296, 0, 146, 32.1582, 8.05381
297, 0, 145, 32.9214, 8.0929
298, 0, 144, 33.9214, 8.13669
299, 0, 144, 33.5064, 8.15786
300, 0, 144, 33.3365, 8.18295
301, 0, 143, 34.0997, 8.20087
302, 0, 142, 35.0997, 8.23213
303, 0, 142, 34.6846, 8.24988
304, 0, 142, 34.5147, 8.27461
305, 0, 141, 35.2779, 8.30376
306, 0, 140, 36.2779, 8.32487
307, 0, 140, 35.8629, 8.34572
308, 0, 140, 35.6929, 8.40446
309, 0, 139, 35.4607, 8.42257
310, 0, 138, 36.8089, 8.44157
311, 0, 137, 37.5721, 8.45993
312, 0, 137, 37.4883, 8.47776
313, 0, 136, 38.2515, 8.51608
314, 0, 135, 39.0147, 8.54033
315, 0, 134, 39.7779, 8.56427
316, 0, 133, 39.5457, 8.58216
317, 0, 132, 40.8939, 8.62697
318, 0, 132, 40.5203, 8.64504
319, 0, 132, 40.0354, 8.66314
320, 0, 132, 39.8824, 8.68101
321, 0, 132, 39.6779, 8.69899
322, 0, 131, 40.4411, 8.72579
323, 0, 131, 40.0675, 8.76093
324, 0, 131, 39.694, 8.78697
325, 0, 131, 39.5411, 8.81886
326, 0, 131, 39.3881, 8.83806
327, 0, 130, 40.1513, 8.88693
328, 0, 129, 40.9145, 8.90502
329, 0, 129, 40.541, 8.92277
330, 0, 129, 40.1675, 8.94207
331, 0, 129, 40.0145, 9.00064
332, 0, 129, 39.8616, 9.02874
333, 0, 128, 40.8616, 9.05111
334, 0, 128, 40.4466, 9.06897
335, 0, 128, 40.2766, 9.10776
336, 0, 127, 41.0398, 9.12707
337, 0, 127, 40.6663, 9.14526
338, 0, 127, 40.2928, 9.16313
339, 0, 127, 40.1398, 9.19506
340, 0, 127, 39.9869, 9.22045
341, 0, 126, 39.7547, 9.24073
342, 0, 125, 41.1029, 9.2807
343, 0, 125, 41.0761, 9.34971
344, 0, 125, 40.8127, 9.39634
345, 0, 125, 40.7922, 9.41469
346, 0, 125, 40.7556, 9.4439
347, 0, 125, 40.6452, 9.46716
348, 0, 125, 40.2716, 9.50267
349, 0, 125, 39.7867, 9.53029
350, 0, 125, 39.4131, 9.55169
351, 0, 125, 39.32, 9.57003
352, 0, 125, 39.2269, 9.59476
353, 0, 125, 39.1431, 9.62002
354, 0, 125, 38.7696, 9.64053
355, 0, 125, 38.7022, 9.6584
356, 0, 125, 38.5493, 9.67926
357, 0, 125, 38.3448, 9.69724
358, 0, 124, 39.3448, 9.73426
359, 0, 124, 38.9297, 9.76677
360, 0, 124, 38.7598, 9.78464
361, 0, 123, 39.523, 9.80541
362, 0, 122, 40.2862, 9.82388
363, 0, 121, 41.0494, 9.85075
364, 0, 121, 40.6759, 9.87157
365, 0, 121, 40.3023, 9.88959
366, 0, 120, 40.5437, 9.90748
367, 0, 120, 40.3391, 9.9365
368, 0, 120, 40.1862, 9.95467
369, 0, 119, 41.1862, 9.98004
370, 0, 119, 40.7712, 10.0109
371, 0, 119, 40.6012, 10.0304
372, 0, 118, 41.6012, 10.0485
373, 0, 118, 41.1862, 10.0677
374, 0, 118, 41.0163, 10.0855
375, 0, 117, 41.7795, 10.1038
376, 0, 117, 41.4059, 10.1276
377, 0, 117, 41.0324, 10.1493
378, 0, 117, 40.8795, 10.1677
379, 0, 117, 40.7265, 10.186
380, 0, 116, 41.4897, 10.2088
381, 0, 115, 42.2529, 10.2375
382, 0, 114, 43.0161, 10.2591
383, 0, 114, 42.6426, 10.2772
384, 0, 114, 42.2691, 10.2951
385, 0, 114, 42.1161, 10.3131
386, 0, 114, 41.9632, 10.3311
387, 0, 113, 42.7264, 10.3573
388, 0, 113, 42.3529, 10.3757
389, 0, 113, 41.9793, 10.3952
390, 0, 113, 41.8264, 10.4134
391, 0, 113, 41.6735, 10.434
392, 0, 112, 42.6735, 10.4754
393, 0, 112, 42.2584, 10.5002
394, 0, 112, 42.0885, 10.5317
395, 0, 112, 42.0047, 10.5592
396, 0, 112, 41.9209, 10.5774
397, 0, 112, 41.8278, 10.6176
398, 0, 112, 41.744, 10.636
399, 0, 112, 41.3705, 10.6605
400, 0, 112, 41.3174, 10.6862
401, 0, 112, 41.2243, 10.7197
402, 0, 112, 41.0714, 10.7376
403, 0, 112, 40.9609, 10.7581
404, 0, 112, 40.8771, 10.7959
405, 0, 112, 40.7933, 10.814
406, 0, 111, 41.0346, 10.8336
407, 0, 111, 40.8301, 10.8597
408, 0, 110, 41.5933, 10.8911
409, 0, 109, 42.3565, 10.9344
410, 0, 108, 43.3565, 10.9614
411, 0, 108, 42.9415, 10.9795
412, 0, 108, 42.7715, 11.0159
413, 0, 107, 43.5347, 11.0342
414, 0, 107, 43.1612, 11.0539
415, 0, 107, 42.7877, 11.072
416, 0, 107, 42.6347, 11.0906
417, 0, 107, 42.4818, 11.1261
418, 0, 106, 43.245, 11.1485
419, 0, 106, 42.8715, 11.1992
420, 0, 106, 42.4979, 11.2173
421, 0, 106, 42.345, 11.2355
422, 0, 105, 42.5863, 11.2681
423, 0, 105, 42.3818, 11.3067
424, 0, 104, 43.145, 11.3248
425, 0, 103, 44.145, 11.3438
426, 0, 103, 43.73, 11.3772
427, 0, 103, 43.56, 11.3954
428, 0, 103, 43.4762, 11.4144
429, 0, 102, 43.6393, 11.433
430, 0, 102, 43.7617, 11.4516
431, 0, 102, 43.8841, 11.481
432, 0, 102, 43.8573, 11.5108
433, 0, 102, 43.7735, 11.529
434, 0, 102, 43.6897, 11.5637
435, 0, 102, 43.5966, 11.5831
436, 0, 102, 43.5128, 11.6402
437, 0, 101, 43.7025, 11.6589
438, 0, 101, 43.592, 11.6846
439, 0, 101, 43.5479, 11.703
440, 0, 101, 43.4641, 11.7382
441, 0, 101, 43.3803, 11.7682
442, 0, 101, 43.2872, 11.7864
443, 0, 101, 43.1941, 11.8235
444, 0, 101, 43.0836, 11.874
445, 0, 101, 43.2882, 11.8923
446, 0, 101, 43.2044, 11.9361
447, 0, 100, 44.2044, 11.9709
448, 0, 100, 43.7893, 12.0415
449, 0, 100, 43.6194, 12.06
450, 0, 100, 43.5356, 12.095
451, 0, 100, 43.4826, 12.1132
452, 0, 100, 43.4296, 12.1454
453, 0, 100, 43.3766, 12.1837
454, 0, 100, 43.2928, 12.2037
455, 0, 100, 43.2398, 12.2279
456, 0, 100, 43.1467, 12.2461
457, 0, 100, 42.5097, 12.2987
458, 0, 100, 42.1362, 12.3423
459, 0, 100, 41.8321, 12.361
460, 0, 99, 42.5953, 12.3854
461, 0, 99, 42.2218, 12.4047
462, 0, 99, 42.1287, 12.4268
463, 0, 99, 42.0355, 12.4577
464, 0, 99, 41.925, 12.4779
465, 0, 99, 41.5515, 12.496
466, 0, 99, 41.4842, 12.5149
467, 0, 99, 41.4004, 12.5331
468, 0, 99, 41.3166, 12.6038
469, 0, 98, 42.0798, 12.6252
470, 0, 97, 43.0798, 12.6463
471, 0, 97, 42.6647, 12.6895
472, 0, 97, 42.4948, 12.728
473, 0, 96, 43.258, 12.7583
474, 0, 96, 42.8845, 12.7977
475, 0, 96, 42.5109, 12.8564
476, 0, 96, 42.358, 12.8826
477, 0, 96, 42.2051, 12.9086
478, 0, 95, 43.2051, 12.9544
479, 0, 95, 42.79, 12.9968
480, 0, 95, 42.6201, 13.0182
481, 0, 95, 42.5363, 13.0396
482, 0, 95, 42.4432, 13.0719
483, 0, 95, 42.3594, 13.1364
484, 0, 95, 42.2756, 13.1548
485, 0, 95, 42.1918, 13.1925
486, 0, 95, 42.0987, 13.2553
487, 0, 95, 41.9882, 13.2739
488, 0, 95, 41.9044, 13.2971
489, 0, 95, 41.8113, 13.3517
490, 0, 94, 42.001, 13.3826
491, 0, 94, 41.8905, 13.4275
492, 0, 94, 41.78, 13.446
493, 0, 94, 41.6962, 13.4726
494, 0, 94, 41.6124, 13.5014
495, 0, 94, 41.5286, 13.5211
496, 0, 94, 41.4181, 13.5477
497, 0, 94, 41.2652, 13.5886
498, 0, 94, 41.2211, 13.6131
499, 0, 94, 41.3841, 13.6386
500, 0, 94, 41.2312, 13.6574
501, 0, 94, 41.1723, 13.697
502, 0, 94, 41.1134, 13.729
503, 0, 94, 41.0545, 13.7546
504, 0, 94, 41.0384, 13.7758
505, 0, 94, 40.9413, 13.8192
506, 0, 94, 40.8824, 13.8375
507, 0, 94, 40.8235, 13.875
508, 0, 94, 40.7705, 13.8951
509, 0, 94, 40.7501, 13.9138
510, 0, 94, 40.6663, 13.9424
511, 0, 94, 40.5558, 13.9638
512, 0, 94, 40.472, 13.9823
513, 0, 94, 40.3882, 14.0027
514, 0, 94, 40.3352, 14.0507
515, 0, 94, 40.1822, 14.0789
516, 0, 94, 40.1292, 14.0973
517, 0, 94, 40.0762, 14.1157
518, 0, 94, 40.0232, 14.1391
519, 0, 94, 39.5383, 14.1864
520, 0, 94, 39.4976, 14.205
521, 0, 94, 39.457, 14.2394
522, 0, 94, 39.4163, 14.2575
523, 0, 94, 39.4033, 14.2951
524, 0, 93, 39.5401, 14.3273
525, 0, 93, 39.443, 14.3513
526, 0, 93, 39.3592, 14.3712
527, 0, 93, 39.1783, 14.3964
528, 0, 93, 38.8048, 14.4164
529, 0, 92, 39.568, 14.4395
530, 0, 91, 40.568, 14.4699
531, 0, 91, 40.1529, 14.4885
532, 0, 91, 39.983, 14.5083
533, 0, 91, 39.8992, 14.5539
534, 0, 90, 40.6624, 14.5979
535, 0, 89, 41.4256, 14.619
536, 0, 88, 41.7784, 14.6407
537, 0, 88, 41.2934, 14.6596
538, 0, 88, 41.2632, 14.7026
539, 0, 88, 41.2102, 14.7211
540, 0, 88, 41.0997, 14.7453
541, 0, 87, 41.2894, 14.764
542, 0, 87, 41.1789, 14.8093
543, 0, 87, 41.1259, 14.8278
544, 0, 87, 40.9748, 14.8481
545, 0, 87, 40.891, 14.8708
546, 0, 87, 41.0134, 14.8899
547, 0, 87, 40.9163, 14.9085
548, 0, 87, 40.8325, 14.9269
549, 0, 87, 40.7394, 14.9617
550, 0, 87, 40.6463, 15.0096
551, 0, 87, 40.5625, 15.0572
552, 0, 87, 40.4694, 15.0898
553, 0, 87, 40.3182, 15.1085
554, 0, 87, 40.2344, 15.1324
555, 0, 86, 40.0022, 15.1505
556, 0, 85, 41.3504, 15.1749
557, 0, 85, 41.2836, 15.2056
558, 0, 85, 41.1865, 15.2242
559, 0, 85, 41.0353, 15.2431
560, 0, 85, 40.9823, 15.2637
561, 0, 85, 40.9235, 15.293
562, 0, 85, 40.8646, 15.3145
563, 0, 85, 40.8116, 15.3326
564, 0, 85, 40.7447, 15.3516
565, 0, 85, 40.6516, 15.3701
566, 0, 85, 40.5678, 15.3885
567, 0, 85, 40.484, 15.4111
568, 0, 85, 40.431, 15.4517
569, 0, 85, 39.9461, 15.4834
570, 0, 85, 39.8931, 15.5021
571, 0, 85, 39.8401, 15.5366
572, 0, 85, 39.7871, 15.5758
573, 0, 85, 39.7282, 15.6027
574, 0, 85, 39.6752, 15.6371
575, 0, 85, 39.6163, 15.6603
576, 0, 85, 39.5192, 15.6843
577, 0, 85, 39.4518, 15.7034
578, 0, 84, 39.6416, 15.7249
579, 0, 84, 39.5311, 15.7484
580, 0, 84, 39.4473, 15.767
581, 0, 83, 40.4473, 15.7889
582, 0, 83, 40.0322, 15.8312
583, 0, 83, 39.8623, 15.8616
584, 0, 82, 39.6301, 15.8978
585, 0, 81, 40.9783, 15.9165
586, 0, 81, 40.9417, 15.9348
587, 0, 81, 40.8579, 15.9558
588, 0, 81, 40.8213, 15.981
589, 0, 81, 40.754, 16.0157
590, 0, 81, 40.6435, 16.0345
591, 0, 81, 40.2699, 16.0532
592, 0, 81, 40.2026, 16.0725
593, 0, 81, 40.1188, 16.0915
594, 0, 81, 40.0083, 16.1301
595, 0, 81, 39.5233, 16.1555
596, 0, 81, 39.4645, 16.1781
597, 0, 81, 39.4056, 16.2072
598, 0, 81, 39.3788, 16.2461
599, 0, 81, 39.3114, 16.2808
600, 0, 81, 39.2183, 16.304
601, 0, 81, 39.1345, 16.3222
602, 0, 81, 39.0904, 16.3418
603, 0, 81, 39.0374, 16.365
604, 0, 81, 38.9443, 16.3936
605, 0, 81, 38.8605, 16.4287
606, 0, 81, 38.8016, 16.4475
607, 0, 81, 38.7651, 16.476
608, 0, 81, 38.6813, 16.4947
609, 0, 81, 38.5882, 16.5306
610, 0, 81, 38.495, 16.5542
611, 0, 81, 38.4277, 16.5771
612, 0, 81, 38.3688, 16.5957
613, 0, 81, 38.3158, 16.6443
614, 0, 81, 38.232, 16.6708
615, 0, 81, 38.1389, 16.695
616, 0, 81, 37.986, 16.7196
617, 0, 81, 37.9419, 16.7425
618, 0, 81, 37.8889, 16.7608
619, 0, 81, 37.83, 16.7793
620, 0, 81, 37.7711, 16.8168
621, 0, 81, 37.7181, 16.8357
622, 0, 81, 37.5652, 16.854
623, 0, 81, 37.5447, 16.8725
624, 0, 81, 37.4774, 16.8912
625, 0, 81, 37.4333, 16.9102
626, 0, 81, 37.403, 16.9289
627, 0, 81, 37.35, 16.9514
628, 0, 81, 37.297, 16.9696
629, 0, 81, 37.2703, 16.9882
630, 0, 81, 37.2337, 17.0111
631, 0, 81, 37.1971, 17.0573
632, 0, 81, 37.1382, 17.0763
633, 0, 81, 37.0544, 17.1219
634, 0, 81, 37.0014, 17.1419
635, 0, 81, 36.9648, 17.1612
636, 0, 81, 36.9242, 17.1873
637, 0, 81, 36.8836, 17.2189
638, 0, 81, 36.8568, 17.2615
639, 0, 81, 36.7038, 17.2872
640, 0, 80, 36.8431, 17.3153
641, 0, 80, 36.8134, 17.3342
642, 0, 80, 36.7836, 17.3529
643, 0, 80, 36.7539, 17.3785
644, 0, 80, 36.7456, 17.4321
645, 0, 80, 36.6788, 17.4593
646, 0, 80, 36.4154, 17.4956
647, 0, 80, 36.3672, 17.5296
648, 0, 80, 36.2999, 17.5541
649, 0, 80, 35.9263, 17.5788
650, 0, 80, 35.7734, 17.5975
651, 0, 80, 35.6536, 17.6334
652, 0, 79, 35.8433, 17.6819
653, 0, 79, 35.7328, 17.7146
654, 0, 79, 35.6481, 17.7337
655, 0, 79, 35.555, 17.7524
656, 0, 79, 35.4021, 17.792
657, 0, 79, 35.3183, 17.8106
658, 0, 79, 34.9447, 17.845
659, 0, 78, 35.7079, 17.8807
660, 0, 77, 35.4757, 17.8994
661, 0, 76, 36.8239, 17.9265
662, 0, 76, 36.4504, 17.968
663, 0, 76, 35.9654, 18.0163
664, 0, 76, 35.8125, 18.0351
665, 0, 76, 35.6079, 18.0679
666, 0, 75, 36.3711, 18.1038
667, 0, 74, 36.1389, 18.1226
668, 0, 73, 37.4871, 18.1416
669, 0, 73, 37.1136, 18.1986
670, 0, 73, 36.6286, 18.2228
671, 0, 73, 36.4757, 18.2418
672, 0, 73, 36.2711, 18.2764
673, 0, 72, 37.2711, 18.2966
674, 0, 72, 36.8561, 18.3151
675, 0, 72, 36.6862, 18.365
676, 0, 72, 36.5931, 18.3958
677, 0, 72, 36.5093, 18.4155
678, 0, 72, 36.3563, 18.4352
679, 0, 72, 35.9828, 18.4819
680, 0, 72, 35.899, 18.501
681, 0, 72, 35.7461, 18.5305
682, 0, 72, 35.6356, 18.55
683, 0, 72, 35.5826, 18.5852
684, 0, 72, 35.5152, 18.6064
685, 0, 72, 35.4786, 18.6254
686, 0, 72, 35.3681, 18.6563
687, 0, 72, 35.275, 18.6993
688, 0, 71, 35.4648, 18.7354
689, 0, 71, 35.3543, 18.7544
690, 0, 71, 35.2438, 18.7786
691, 0, 71, 35.16, 18.7974
692, 0, 71, 35.0762, 18.8241
693, 0, 71, 34.9924, 18.854
694, 0, 71, 34.925, 18.9032
695, 0, 71, 34.8145, 18.9225
696, 0, 71, 34.7704, 18.963
697, 0, 71, 34.6866, 19.0239
698, 0, 71, 34.6336, 19.0445
699, 0, 71, 34.5498, 19.0702
700, 0, 71, 34.5196, 19.0934
701, 0, 71, 34.3667, 19.1321
702, 0, 71, 34.3137, 19.1515
703, 0, 71, 34.2607, 19.1701
704, 0, 71, 34.1676, 19.1912
705, 0, 71, 34.0745, 19.2135
706, 0, 71, 34.0214, 19.2322
707, 0, 71, 33.9109, 19.2513
708, 0, 71, 33.8521, 19.2754
709, 0, 71, 33.7932, 19.2972
710, 0, 71, 33.7402, 19.348
711, 0, 71, 33.6813, 19.3698
712, 0, 71, 33.6447, 19.3967
713, 0, 71, 33.6081, 19.4159
714, 0, 71, 33.5551, 19.4359
715, 0, 71, 33.462, 19.4568
716, 0, 71, 33.3782, 19.4758
717, 0, 71, 33.3193, 19.5074
718, 0, 71, 33.2827, 19.5321
719, 0, 71, 33.4051, 19.5509
720, 0, 71, 33.3462, 19.5699
721, 0, 71, 33.2932, 19.6024
722, 0, 71, 33.2566, 19.6307
723, 0, 71, 33.1728, 19.6696
724, 0, 71, 33.1198, 19.7098
725, 0, 71, 33.0227, 19.7464
726, 0, 71, 32.9389, 19.7651
727, 0, 70, 33.1287, 19.7956
728, 0, 70, 33.0182, 19.8234
729, 0, 70, 32.867, 19.8675
730, 0, 70, 32.7565, 19.8869
731, 0, 70, 32.6727, 19.9104
732, 0, 70, 32.6059, 19.9365
733, 0, 70, 32.5221, 19.9566
734, 0, 70, 32.4691, 19.9851
735, 0, 70, 32.4161, 20.0041
736, 0, 70, 32.5385, 20.0402
737, 0, 70, 32.4855, 20.0591
738, 0, 70, 32.4266, 20.1097
739, 0, 70, 32.3999, 20.1589
740, 0, 70, 32.1953, 20.1794
741, 0, 70, 32.1472, 20.2092
742, 0, 70, 32.0883, 20.2445
743, 0, 70, 32.1818, 20.2891
744, 0, 70, 32.1288, 20.3181
745, 0, 70, 32.0922, 20.3627
746, 0, 70, 32.0249, 20.384
747, 0, 70, 31.966, 20.4057
748, 0, 70, 31.913, 20.4244
749, 0, 70, 31.86, 20.4534
750, 0, 70, 31.7926, 20.4726
751, 0, 70, 31.752, 20.5007
752, 0, 69, 31.9007, 20.5291
753, 0, 69, 31.8566, 20.5477
754, 0, 69, 31.7898, 20.5919
755, 0, 69, 31.7224, 20.6279
756, 0, 69, 31.6859, 20.6898
757, 0, 69, 31.6493, 20.7099
758, 0, 69, 31.6086, 20.7298
759, 0, 69, 31.5728, 20.7701
760, 0, 69, 31.5362, 20.806
761, 0, 69, 31.4996, 20.8255
762, 0, 69, 31.459, 20.8844
763, 0, 69, 31.3963, 20.9271
764, 0, 69, 31.2992, 20.9609
765, 0, 69, 31.2626, 20.9875
766, 0, 69, 31.2145, 21.0284
767, 0, 69, 31.1779, 21.0559
768, 0, 69, 31.1373, 21.0814
769, 0, 69, 31.1007, 21.1066
770, 0, 69, 31.1933, 21.1282
771, 0, 69, 31.1631, 21.1548
772, 0, 69, 31.1101, 21.18
773, 0, 69, 31.094, 21.2262
774, 0, 69, 31.0499, 21.2662
775, 0, 69, 31.0231, 21.3489
776, 0, 69, 30.9963, 21.3683
777, 0, 69, 30.9523, 21.3875
778, 0, 69, 30.9157, 21.4111
779, 0, 69, 30.8791, 21.4354
780, 0, 69, 30.835, 21.4557
781, 0, 69, 30.7984, 21.4748
782, 0, 69, 30.7578, 21.5059
783, 0, 69, 30.7172, 21.5557
784, 0, 69, 30.6806, 21.5749
785, 0, 69, 30.6503, 21.6039
786, 0, 69, 30.6206, 21.6395
787, 0, 69, 30.6876, 21.6589
788, 0, 69, 30.6672, 21.6782
789, 0, 69, 30.6374, 21.7009
790, 0, 69, 30.6107, 21.7291
791, 0, 69, 30.5839, 21.7606
792, 0, 69, 30.536, 21.8033
793, 0, 69, 30.4954, 21.8289
794, 0, 69, 30.4588, 21.87
795, 0, 69, 30.4222, 21.9119
796, 0, 69, 30.4018, 21.9604
797, 0, 69, 30.3652, 21.9874
798, 0, 69, 30.3384, 22.0157
799, 0, 69, 30.2854, 22.0483
800, 0, 69, 30.2181, 22.0675
801, 0, 69, 30.3405, 22.103
802, 0, 69, 30.2964, 22.1434
803, 0, 69, 30.1435, 22.1641
804, 0, 69, 30.1221, 22.2075
805, 0, 69, 30.025, 22.227
806, 0, 69, 29.9577, 22.2724
807, 0, 69, 29.8739, 22.3006
808, 0, 69, 29.8332, 22.3272
809, 0, 69, 29.7926, 22.353
810, 0, 69, 29.756, 22.4255
811, 0, 69, 29.7201, 22.4501
812, 0, 69, 29.6671, 22.4691
813, 0, 69, 29.5998, 22.5218
814, 0, 69, 29.5632, 22.5406
815, 0, 69, 29.5102, 22.5594
816, 0, 69, 29.4572, 22.584
817, 0, 69, 29.4206, 22.6167
818, 0, 69, 29.3617, 22.6708
819, 0, 69, 29.2779, 22.6991
820, 0, 69, 29.219, 22.733
821, 0, 69, 29.1517, 22.7695
822, 0, 69, 29.0987, 22.8023
823, 0, 69, 29.0313, 22.8214
824, 0, 69, 28.9948, 22.84
825, 0, 69, 28.9507, 22.8877
826, 0, 69, 28.9204, 22.9099
827, 0, 69, 28.8674, 22.9365
828, 0, 69, 28.8268, 22.9715
829, 0, 69, 28.7738, 22.9901
830, 0, 69, 28.7208, 23.0241
831, 0, 69, 28.6619, 23.0521
832, 0, 69, 28.6089, 23.0923
833, 0, 69, 28.55, 23.1306
834, 0, 69, 28.4911, 23.1493
835, 0, 69, 28.4238, 23.1746
836, 0, 69, 28.3649, 23.2046
837, 0, 69, 28.3283, 23.2241
838, 0, 69, 28.2656, 23.2429
839, 0, 69, 28.1818, 23.2774
840, 0, 69, 28.1551, 23.2992
841, 0, 69, 28.0877, 23.3412
842, 0, 69, 28.0347, 23.3598
843, 0, 69, 28.0045, 23.3815
844, 0, 69, 27.9515, 23.425
845, 0, 69, 27.9149, 23.4461
846, 0, 69, 27.856, 23.4658
847, 0, 69, 27.803, 23.4873
848, 0, 69, 27.4989, 23.5066
849, 0, 69, 27.4459, 23.5424
850, 0, 68, 27.5946, 23.5734
851, 0, 68, 27.6873, 23.5926
852, 0, 67, 27.8285, 23.6142
853, 0, 67, 27.7878, 23.633
854, 0, 67, 27.7576, 23.6517
855, 0, 67, 27.8416, 23.6707
856, 0, 67, 27.801, 23.6897
857, 0, 67, 27.7569, 23.7146
858, 0, 67, 27.7355, 23.749
859, 0, 67, 27.6517, 23.77
860, 0, 67, 27.5928, 23.7889
861, 0, 67, 27.5487, 23.8079
862, 0, 67, 27.5122, 23.8282
863, 0, 67, 27.3313, 23.8471
864, 0, 67, 27.2947, 23.8661
865, 0, 67, 27.2581, 23.8847
866, 0, 67, 27.2051, 23.9153
867, 0, 67, 27.054, 23.9346
868, 0, 67, 27.2179, 23.9539
869, 0, 67, 27.2554, 23.9737
870, 0, 67, 27.1886, 23.9976
871, 0, 67, 27.1731, 24.0165
872, 0, 67, 27.0893, 24.0357
873, 0, 67, 27.0833, 24.0592
874, 0, 67, 27.0559, 24.0873
875, 0, 67, 27.0291, 24.1062
876, 0, 67, 26.985, 24.1252
877, 0, 67, 26.932, 24.1468
878, 0, 67, 26.7511, 24.1657
879, 0, 67, 26.7467, 24.1911
880, 0, 67, 26.7193, 24.2102
881, 0, 67, 26.6891, 24.2686
882, 0, 67, 26.7817, 24.3189
883, 0, 67, 26.755, 24.3649
884, 0, 67, 26.7184, 24.3865
885, 0, 67, 26.6346, 24.4152
886, 0, 67, 26.598, 24.4641
887, 0, 67, 26.5712, 24.4861
888, 0, 67, 26.5347, 24.5093
889, 0, 67, 26.494, 24.5313
890, 0, 67, 26.4575, 24.5539
891, 0, 67, 26.4168, 24.5734
892, 0, 67, 26.3802, 24.6246
893, 0, 67, 26.3437, 24.6436
894, 0, 67, 26.3169, 24.6638
895, 0, 67, 26.2762, 24.6825
896, 0, 67, 26.2356, 24.7168
897, 0, 67, 26.1915, 24.7359
898, 0, 67, 26.3029, 24.755
899, 0, 67, 26.2816, 24.7858
900, 0, 67, 26.2513, 24.8155
901, 0, 67, 26.2246, 24.8348
902, 0, 67, 26.3078, 24.8751
903, 0, 67, 26.2781, 24.8968
904, 0, 67, 26.2567, 24.9264
905, 0, 67, 26.2413, 24.9453
906, 0, 67, 26.1883, 24.965
907, 0, 67, 26.1517, 24.9899
908, 0, 67, 26.0987, 25.0108
909, 0, 67, 26.0581, 25.0387
910, 0, 67, 26.0051, 25.066
911, 0, 67, 25.9846, 25.0871
912, 0, 67, 25.8875, 25.1115
913, 0, 67, 25.8607, 25.1354
914, 0, 67, 25.8201, 25.1583
915, 0, 67, 25.772, 25.1774
916, 0, 67, 25.5674, 25.2052
917, 0, 67, 25.5406, 25.2246
918, 0, 67, 25.5193, 25.2537
919, 0, 67, 25.4925, 25.273
920, 0, 67, 25.4623, 25.3141
921, 0, 67, 25.4257, 25.3332
922, 0, 67, 25.3589, 25.3525
923, 0, 67, 25.4109, 25.3733
924, 0, 67, 25.3842, 25.3925
925, 0, 67, 25.3539, 25.4153
926, 0, 67, 25.3174, 25.4423
927, 0, 67, 25.296, 25.4613
928, 0, 67, 25.1989, 25.4928
929, 0, 67, 25.1508, 25.5277
930, 0, 67, 25.121, 25.5487
931, 0, 67, 25.0913, 25.5722
932, 0, 67, 25.08, 25.5915
933, 0, 67, 25.0533, 25.6424
934, 0, 67, 25.0319, 25.6897
935, 0, 67, 25.0105, 25.7107
936, 0, 67, 24.9699, 25.7299
937, 0, 67, 24.9169, 25.749
938, 0, 67, 24.7123, 25.7695
939, 0, 67, 24.7054, 25.7885
940, 0, 67, 24.6827, 25.8073
941, 0, 67, 24.66, 25.8372
942, 0, 67, 24.6373, 25.8639
943, 0, 67, 24.6285, 25.8829
944, 0, 67, 24.6117, 25.917
945, 0, 67, 24.5912, 25.9498
946, 0, 67, 24.5546, 25.9692
947, 0, 67, 24.5249, 25.9914
948, 0, 67, 24.4051, 26.0201
949, 0, 67, 24.3685, 26.05
950, 0, 67, 24.3572, 26.0692
951, 0, 67, 24.3207, 26.0948
952, 0, 67, 24.3002, 26.1144
953, 0, 67, 24.2798, 26.1367
954, 0, 66, 24.4209, 26.156
955, 0, 66, 24.3912, 26.1751
956, 0, 66, 24.361, 26.1943
957, 0, 66, 24.3312, 26.2151
958, 0, 66, 24.3045, 26.2505
959, 0, 66, 24.284, 26.2973
960, 0, 66, 24.2543, 26.3425
961, 0, 66, 24.2245, 26.3741
962, 0, 66, 24.1943, 26.3971
963, 0, 66, 24.1789, 26.4188
964, 0, 66, 24.1521, 26.4398
965, 0, 66, 24.0673, 26.4677
966, 0, 66, 24.0406, 26.496
967, 0, 66, 24.0138, 26.5153
968, 0, 66, 23.987, 26.5555
969, 0, 66, 23.9023, 26.5752
970, 0, 66, 23.8862, 26.5948
971, 0, 66, 23.8635, 26.6141
972, 0, 66, 23.8421, 26.6338
973, 0, 66, 23.8216, 26.6662
974, 0, 66, 23.7949, 26.6855
975, 0, 66, 23.7681, 26.7048
976, 0, 66, 23.7476, 26.7241
977, 0, 66, 23.6946, 26.7433
978, 0, 66, 23.6742, 26.7628
979, 0, 66, 23.5904, 26.7822
980, 0, 66, 23.5833, 26.819
981, 0, 66, 23.5664, 26.8414
982, 0, 66, 23.5582, 26.8686
983, 0, 66, 23.4744, 26.9034
984, 0, 66, 23.4898, 26.9329
985, 0, 66, 23.4694, 26.9664
986, 0, 66, 23.4335, 26.9857
987, 0, 66, 23.4108, 27.0067
988, 0, 66, 23.3881, 27.0461
989, 0, 66, 23.3712, 27.0662
990, 0, 66, 23.3182, 27.1098
991, 0, 66, 23.3048, 27.1567
992, 0, 66, 23.4162, 27.1823
993, 0, 65, 23.5792, 27.2162
994, 0, 65, 23.5119, 27.2361
995, 0, 65, 23.5061, 27.2856
996, 0, 65, 23.3863, 27.3053
997, 0, 65, 23.3684, 27.3401
998, 0, 65, 23.3505, 27.3594
999, 0, 65, 23.3325, 27.3857
