Seed is: 60
Number of samples is: 1000
Simulation name is: NoTvSim.sim
TimeStep, Distraction Rate, Missed States, Model Accuracy, Time (ms)
0, 0, 256, 0, 6.1e-05
1, 0, 255, 1, 0.016462
2, 0, 255, 0.584963, 0.041299
3, 0, 255, 0.415037, 0.056147
4, 0, 254, 1.17823, 0.078821
5, 0, 253, 1.94143, 0.104179
6, 0, 253, 1.5679, 0.135148
7, 0, 253, 1.19436, 0.158302
8, 0, 252, 1.43571, 0.176416
9, 0, 252, 1.23117, 0.198659
10, 0, 252, 1.07823, 0.213968
11, 0, 251, 1.84143, 0.260296
12, 0, 250, 2.84143, 0.283591
13, 0, 250, 2.42639, 0.297928
14, 0, 250, 2.25647, 0.312756
15, 0, 249, 3.01967, 0.332374
16, 0, 248, 3.78286, 0.347302
17, 0, 248, 3.40933, 0.362421
18, 0, 247, 3.7621, 0.37751
19, 0, 247, 3.27714, 0.392518
20, 0, 247, 3.1242, 0.412326
21, 0, 247, 2.91967, 0.427324
22, 0, 246, 3.68286, 0.442133
23, 0, 245, 4.68286, 0.465477
24, 0, 245, 4.26783, 0.483211
25, 0, 245, 4.0979, 0.498931
26, 0, 244, 4.8611, 0.534679
27, 0, 243, 5.6243, 0.550569
28, 0, 243, 5.25076, 0.569044
29, 0, 243, 4.87723, 0.58799
30, 0, 243, 4.7243, 0.6138
31, 0, 243, 4.57136, 0.639909
32, 0, 242, 5.33456, 0.654868
33, 0, 241, 6.33456, 0.672401
34, 0, 241, 5.91952, 0.692489
35, 0, 241, 5.7496, 0.713089
36, 0, 240, 5.51741, 0.739389
37, 0, 239, 6.86556, 0.764927
38, 0, 238, 7.62876, 0.781138
39, 0, 238, 7.1438, 0.796377
40, 0, 238, 6.77027, 0.826545
41, 0, 238, 6.56573, 0.844719
42, 0, 238, 6.4128, 0.867192
43, 0, 237, 7.17599, 0.882531
44, 0, 236, 8.17599, 0.915144
45, 0, 236, 7.76095, 0.948958
46, 0, 236, 7.59103, 0.965479
47, 0, 235, 8.35423, 0.993793
48, 0, 234, 9.11742, 1.04293
49, 0, 234, 8.74389, 1.07206
50, 0, 234, 8.37036, 1.09057
51, 0, 234, 8.21742, 1.10572
52, 0, 234, 8.06449, 1.14232
53, 0, 233, 8.82769, 1.1772
54, 0, 232, 9.82769, 1.19256
55, 0, 232, 9.41265, 1.21507
56, 0, 232, 9.24273, 1.23045
57, 0, 231, 10.0059, 1.26936
58, 0, 230, 10.7691, 1.28488
59, 0, 230, 10.3956, 1.30813
60, 0, 229, 10.7484, 1.36036
61, 0, 229, 10.2634, 1.37957
62, 0, 229, 10.1105, 1.39527
63, 0, 229, 9.90592, 1.42293
64, 0, 228, 10.9059, 1.43945
65, 0, 228, 10.4909, 1.45464
66, 0, 228, 10.321, 1.47503
67, 0, 227, 11.0842, 1.49181
68, 0, 227, 10.7106, 1.5124
69, 0, 227, 10.3371, 1.53028
70, 0, 227, 10.1842, 1.54573
71, 0, 227, 10.0312, 1.56112
72, 0, 226, 10.7944, 1.57644
73, 0, 226, 10.4209, 1.60868
74, 0, 226, 10.0474, 1.62399
75, 0, 226, 9.89442, 1.65141
76, 0, 226, 9.74149, 1.66683
77, 0, 225, 10.5047, 1.69154
78, 0, 225, 10.1312, 1.71496
79, 0, 225, 9.75762, 1.7304
80, 0, 224, 9.99896, 1.75704
81, 0, 224, 9.79442, 1.77237
82, 0, 223, 10.0358, 1.78785
83, 0, 223, 9.83123, 1.80402
84, 0, 222, 9.59903, 1.82872
85, 0, 221, 10.9472, 1.84452
86, 0, 221, 10.5737, 1.86213
87, 0, 221, 10.0887, 1.89194
88, 0, 221, 9.93576, 1.90912
89, 0, 221, 9.73123, 1.92501
90, 0, 220, 10.4944, 1.9402
91, 0, 220, 10.1209, 1.99484
92, 0, 220, 9.74736, 2.01035
93, 0, 220, 9.59442, 2.02621
94, 0, 220, 9.44149, 2.05433
95, 0, 219, 10.4415, 2.08318
96, 0, 219, 10.0265, 2.11836
97, 0, 219, 9.85653, 2.13399
98, 0, 219, 9.74603, 2.15509
99, 0, 218, 10.5092, 2.17218
100, 0, 217, 11.2724, 2.1979
101, 0, 217, 10.8989, 2.23448
102, 0, 217, 10.5254, 2.25215
103, 0, 217, 10.3724, 2.28068
104, 0, 217, 10.2195, 2.29657
105, 0, 216, 10.9827, 2.31211
106, 0, 215, 11.7459, 2.34111
107, 0, 214, 12.5091, 2.36247
108, 0, 214, 12.1355, 2.41584
109, 0, 214, 11.762, 2.45857
110, 0, 214, 11.6091, 2.49665
111, 0, 214, 11.4561, 2.51388
112, 0, 213, 12.2193, 2.53704
113, 0, 212, 12.9825, 2.59522
114, 0, 211, 13.9825, 2.61809
115, 0, 211, 13.5675, 2.64629
116, 0, 211, 13.3976, 2.68312
117, 0, 210, 14.1608, 2.69923
118, 0, 209, 14.924, 2.74027
119, 0, 209, 14.5504, 2.75658
120, 0, 209, 14.1769, 2.78582
121, 0, 209, 14.024, 2.8172
122, 0, 209, 13.871, 2.8404
123, 0, 208, 14.6342, 2.85786
124, 0, 207, 15.3974, 2.87396
125, 0, 206, 16.1606, 2.91512
126, 0, 206, 15.7871, 2.93355
127, 0, 206, 15.4136, 2.97
128, 0, 206, 15.2606, 2.98607
129, 0, 206, 15.1077, 3.0113
130, 0, 205, 15.8709, 3.07092
131, 0, 204, 16.8709, 3.09598
132, 0, 204, 16.4559, 3.11274
133, 0, 204, 16.2859, 3.13226
134, 0, 203, 17.2859, 3.15441
135, 0, 203, 16.8709, 3.17651
136, 0, 203, 16.701, 3.19888
137, 0, 202, 17.701, 3.24032
138, 0, 202, 17.2859, 3.28299
139, 0, 202, 17.116, 3.30685
140, 0, 201, 17.8792, 3.3231
141, 0, 200, 18.6424, 3.35432
142, 0, 199, 19.4056, 3.38462
143, 0, 199, 19.0321, 3.41036
144, 0, 199, 18.6585, 3.43928
145, 0, 199, 18.5056, 3.4571
146, 0, 198, 18.7469, 3.47671
147, 0, 198, 18.5424, 3.50019
148, 0, 197, 19.3056, 3.51941
149, 0, 197, 18.9321, 3.536
150, 0, 197, 18.5585, 3.5647
151, 0, 197, 18.4056, 3.61632
152, 0, 197, 18.2527, 3.63984
153, 0, 197, 18.1689, 3.65596
154, 0, 196, 18.9321, 3.67568
155, 0, 195, 19.6953, 3.69239
156, 0, 194, 19.4631, 3.71684
157, 0, 193, 20.8112, 3.77038
158, 0, 193, 20.4377, 3.81102
159, 0, 193, 19.9527, 3.84014
160, 0, 193, 19.7998, 3.89237
161, 0, 193, 19.5953, 3.90908
162, 0, 192, 20.3585, 3.93027
163, 0, 191, 21.1217, 3.97959
164, 0, 191, 20.7481, 4.00197
165, 0, 191, 20.3746, 4.04851
166, 0, 190, 20.6159, 4.06567
167, 0, 190, 20.4114, 4.09133
168, 0, 190, 20.2585, 4.12176
169, 0, 189, 21.0217, 4.13837
170, 0, 189, 20.6481, 4.16859
171, 0, 189, 20.2746, 4.21582
172, 0, 189, 20.1217, 4.2675
173, 0, 189, 19.9687, 4.28397
174, 0, 189, 19.8849, 4.3176
175, 0, 188, 20.6481, 4.33453
176, 0, 187, 21.4113, 4.38859
177, 0, 187, 21.0378, 4.40539
178, 0, 187, 20.6643, 4.44014
179, 0, 187, 20.5113, 4.45647
180, 0, 187, 20.3584, 4.48564
181, 0, 186, 21.1216, 4.51531
182, 0, 185, 21.8848, 4.53587
183, 0, 185, 21.7917, 4.55796
184, 0, 185, 21.6986, 4.5924
185, 0, 185, 21.6055, 4.60979
186, 0, 185, 21.5525, 4.62639
187, 0, 185, 21.4687, 4.6501
188, 0, 184, 22.2319, 4.6667
189, 0, 183, 22.9951, 4.69588
190, 0, 182, 23.7582, 4.71278
191, 0, 182, 23.3847, 4.72923
192, 0, 182, 23.0112, 4.75074
193, 0, 182, 22.8582, 4.76819
194, 0, 182, 22.7053, 4.8061
195, 0, 181, 23.4685, 4.82264
196, 0, 180, 24.2317, 4.84668
197, 0, 180, 23.8582, 4.87979
198, 0, 180, 23.4846, 4.89654
199, 0, 180, 23.3317, 4.93646
200, 0, 180, 23.1788, 4.96294
201, 0, 179, 23.942, 4.99059
202, 0, 179, 23.5684, 5.02689
203, 0, 179, 23.1949, 5.05975
204, 0, 179, 23.042, 5.07792
205, 0, 178, 23.2833, 5.09497
206, 0, 178, 23.0788, 5.12003
207, 0, 178, 22.9683, 5.14257
208, 0, 177, 23.7315, 5.15933
209, 0, 176, 24.4947, 5.17619
210, 0, 176, 24.1211, 5.19826
211, 0, 176, 23.7476, 5.22942
212, 0, 176, 23.5947, 5.24622
213, 0, 176, 23.4417, 5.26506
214, 0, 175, 24.2049, 5.2918
215, 0, 174, 24.5577, 5.30909
216, 0, 174, 24.0727, 5.33218
217, 0, 174, 23.6992, 5.38627
218, 0, 174, 23.6626, 5.40531
219, 0, 174, 23.5788, 5.42619
220, 0, 174, 23.2053, 5.4599
221, 0, 174, 22.8318, 5.47849
222, 0, 174, 22.7729, 5.50359
223, 0, 174, 22.714, 5.52083
224, 0, 174, 22.6551, 5.55299
225, 0, 174, 22.6283, 5.57942
226, 0, 174, 22.5753, 5.60963
227, 0, 174, 22.4224, 5.62806
228, 0, 173, 23.1856, 5.64493
229, 0, 172, 23.9488, 5.66216
230, 0, 171, 24.712, 5.68108
231, 0, 171, 24.3384, 5.71409
232, 0, 171, 23.9649, 5.73593
233, 0, 171, 23.812, 5.76408
234, 0, 171, 23.659, 5.81602
235, 0, 170, 24.4222, 5.85974
236, 0, 169, 25.1854, 5.87794
237, 0, 169, 24.8119, 5.91517
238, 0, 169, 24.4384, 5.93829
239, 0, 169, 24.2854, 5.96615
240, 0, 169, 24.1325, 5.98344
241, 0, 168, 24.8957, 6.03006
242, 0, 167, 25.6589, 6.07141
243, 0, 166, 25.4267, 6.08902
244, 0, 165, 26.7749, 6.11058
245, 0, 165, 26.4013, 6.1284
246, 0, 165, 25.9164, 6.15532
247, 0, 165, 25.7634, 6.1724
248, 0, 165, 25.5589, 6.19936
249, 0, 164, 26.3221, 6.21734
250, 0, 163, 27.0853, 6.23478
251, 0, 163, 26.7118, 6.2588
252, 0, 163, 26.3382, 6.30699
253, 0, 163, 26.1853, 6.33084
254, 0, 163, 26.0324, 6.37164
255, 0, 162, 27.0324, 6.39112
256, 0, 162, 26.6173, 6.40898
257, 0, 162, 26.4474, 6.44334
258, 0, 161, 26.2152, 6.46584
259, 0, 160, 27.5634, 6.49091
260, 0, 160, 27.1898, 6.51772
261, 0, 160, 26.7049, 6.55708
262, 0, 160, 26.5519, 6.57628
263, 0, 160, 26.3474, 6.60259
264, 0, 159, 27.1106, 6.62555
265, 0, 159, 26.7371, 6.64294
266, 0, 159, 26.3635, 6.66378
267, 0, 159, 26.2106, 6.68579
268, 0, 159, 26.0577, 6.70573
269, 0, 158, 26.8209, 6.72345
270, 0, 157, 27.8209, 6.74129
271, 0, 157, 27.4058, 6.75846
272, 0, 157, 27.2359, 6.77582
273, 0, 157, 27.1521, 6.79351
274, 0, 156, 27.3008, 6.81097
275, 0, 156, 27.2567, 6.82828
276, 0, 156, 27.1636, 6.85157
277, 0, 156, 27.0705, 6.8688
278, 0, 156, 26.9867, 6.88801
279, 0, 156, 26.6132, 6.93793
280, 0, 156, 26.5601, 6.98061
281, 0, 156, 26.4763, 6.99795
282, 0, 155, 27.2395, 7.01505
283, 0, 154, 28.0027, 7.04336
284, 0, 153, 29.0027, 7.06189
285, 0, 153, 28.5877, 7.0891
286, 0, 153, 28.4178, 7.10628
287, 0, 152, 29.181, 7.12683
288, 0, 152, 28.8074, 7.14422
289, 0, 152, 28.4339, 7.17801
290, 0, 152, 28.281, 7.20601
291, 0, 152, 28.128, 7.22325
292, 0, 151, 29.128, 7.24055
293, 0, 151, 28.713, 7.25778
294, 0, 151, 28.5431, 7.29261
295, 0, 151, 28.4593, 7.31037
296, 0, 151, 28.3662, 7.34562
297, 0, 151, 28.5292, 7.38795
298, 0, 151, 28.4454, 7.43161
299, 0, 151, 28.3523, 7.45499
300, 0, 151, 28.2685, 7.4955
301, 0, 151, 28.1847, 7.51287
302, 0, 151, 28.1009, 7.53003
303, 0, 151, 28.0171, 7.56327
304, 0, 151, 27.9641, 7.60058
305, 0, 151, 27.8803, 7.6323
306, 0, 151, 27.7965, 7.64981
307, 0, 151, 27.686, 7.70253
308, 0, 151, 27.6022, 7.73678
309, 0, 150, 28.3654, 7.75478
310, 0, 149, 29.1286, 7.78149
311, 0, 149, 28.7551, 7.805
312, 0, 149, 28.3815, 7.82236
313, 0, 149, 28.2286, 7.87039
314, 0, 148, 28.4699, 7.90968
315, 0, 148, 28.2654, 7.92869
316, 0, 147, 29.2654, 7.94649
317, 0, 147, 28.8504, 7.96843
318, 0, 147, 28.6804, 7.98606
319, 0, 146, 28.4483, 8.01486
320, 0, 145, 29.7964, 8.03411
321, 0, 144, 30.5596, 8.05189
322, 0, 143, 31.3228, 8.07384
323, 0, 143, 30.9493, 8.11501
324, 0, 143, 30.5757, 8.15062
325, 0, 143, 30.4228, 8.17099
326, 0, 143, 30.2699, 8.20219
327, 0, 142, 31.0331, 8.22117
328, 0, 142, 30.5481, 8.24155
329, 0, 142, 30.1746, 8.27491
330, 0, 142, 29.97, 8.29708
331, 0, 142, 29.8171, 8.3154
332, 0, 142, 29.7333, 8.36178
333, 0, 141, 30.4965, 8.37945
334, 0, 140, 30.2643, 8.40596
335, 0, 139, 31.6125, 8.43034
336, 0, 139, 31.2389, 8.4499
337, 0, 139, 30.754, 8.48356
338, 0, 139, 30.601, 8.50159
339, 0, 139, 30.3965, 8.52647
340, 0, 138, 31.3965, 8.54435
341, 0, 138, 30.9815, 8.57123
342, 0, 138, 30.8115, 8.58899
343, 0, 137, 31.5747, 8.60832
344, 0, 136, 32.5747, 8.63704
345, 0, 136, 32.1597, 8.65915
346, 0, 136, 31.9898, 8.68455
347, 0, 135, 32.9898, 8.71459
348, 0, 135, 32.5747, 8.73231
349, 0, 135, 32.4048, 8.75493
350, 0, 134, 33.168, 8.80566
351, 0, 133, 33.9312, 8.82397
352, 0, 132, 34.6944, 8.8418
353, 0, 132, 34.3209, 8.86944
354, 0, 132, 33.9473, 8.89371
355, 0, 132, 33.7944, 8.94945
356, 0, 132, 33.6415, 8.97474
357, 0, 131, 34.4047, 9.01229
358, 0, 131, 34.0311, 9.0434
359, 0, 131, 33.6576, 9.08157
360, 0, 131, 33.5047, 9.12166
361, 0, 131, 33.3517, 9.13951
362, 0, 131, 33.2679, 9.16596
363, 0, 130, 34.0311, 9.18342
364, 0, 130, 33.8266, 9.24053
365, 0, 130, 33.4531, 9.2603
366, 0, 130, 33.3426, 9.28519
367, 0, 130, 33.1896, 9.33284
368, 0, 129, 32.9574, 9.35485
369, 0, 128, 34.3056, 9.38809
370, 0, 128, 33.9321, 9.41322
371, 0, 128, 33.4471, 9.44677
372, 0, 128, 33.2942, 9.50026
373, 0, 128, 33.0896, 9.52415
374, 0, 128, 33.0058, 9.5491
375, 0, 128, 32.922, 9.5669
376, 0, 127, 33.922, 9.58595
377, 0, 127, 33.507, 9.62885
378, 0, 127, 33.3371, 9.65397
379, 0, 126, 34.1003, 9.68002
380, 0, 125, 35.1003, 9.70022
381, 0, 125, 34.6852, 9.72314
382, 0, 125, 34.5153, 9.7652
383, 0, 124, 35.2785, 9.83113
384, 0, 123, 36.0417, 9.85229
385, 0, 123, 35.9486, 9.87071
386, 0, 123, 35.8555, 9.89687
387, 0, 123, 35.7717, 9.94124
388, 0, 122, 36.5349, 9.96236
389, 0, 122, 36.5144, 9.9805
390, 0, 122, 36.4614, 9.99992
391, 0, 122, 36.6245, 10.0181
392, 0, 122, 36.7875, 10.0581
393, 0, 122, 36.7345, 10.1174
394, 0, 122, 36.361, 10.1826
395, 0, 122, 35.9874, 10.2072
396, 0, 122, 35.6139, 10.2247
397, 0, 122, 35.5609, 10.2433
398, 0, 122, 35.4771, 10.2904
399, 0, 122, 35.3242, 10.3168
400, 0, 121, 36.3242, 10.3565
401, 0, 121, 35.9091, 10.3938
402, 0, 121, 35.7392, 10.4279
403, 0, 120, 36.5024, 10.4685
404, 0, 119, 37.5024, 10.507
405, 0, 119, 37.0874, 10.5451
406, 0, 119, 36.9174, 10.5732
407, 0, 118, 37.9174, 10.591
408, 0, 118, 37.5024, 10.6279
409, 0, 118, 37.3325, 10.6679
410, 0, 117, 38.0957, 10.7074
411, 0, 117, 37.7221, 10.7564
412, 0, 117, 37.3486, 10.8053
413, 0, 117, 37.1957, 10.8381
414, 0, 117, 37.0427, 10.8586
415, 0, 116, 37.8059, 10.8771
416, 0, 115, 38.5691, 10.909
417, 0, 115, 38.4162, 10.9427
418, 0, 115, 38.0427, 10.9801
419, 0, 115, 37.9589, 10.9979
420, 0, 115, 37.8059, 11.0159
421, 0, 114, 38.5691, 11.0418
422, 0, 113, 39.5691, 11.0832
423, 0, 113, 39.1541, 11.107
424, 0, 113, 38.9842, 11.134
425, 0, 112, 39.7474, 11.1625
426, 0, 112, 39.3738, 11.2067
427, 0, 112, 39.0003, 11.2248
428, 0, 112, 38.8474, 11.2504
429, 0, 112, 38.6944, 11.2858
430, 0, 112, 38.6106, 11.3368
431, 0, 111, 39.3738, 11.3549
432, 0, 110, 40.137, 11.4059
433, 0, 109, 40.9002, 11.4247
434, 0, 108, 41.253, 11.4516
435, 0, 108, 40.768, 11.4697
436, 0, 108, 40.3945, 11.4881
437, 0, 108, 40.19, 11.5186
438, 0, 107, 40.4313, 11.5371
439, 0, 107, 40.2268, 11.5832
440, 0, 106, 41.2268, 11.6081
441, 0, 106, 40.8117, 11.6612
442, 0, 106, 40.6418, 11.6911
443, 0, 105, 41.405, 11.7347
444, 0, 105, 41.0315, 11.7547
445, 0, 105, 40.6579, 11.7726
446, 0, 105, 40.505, 11.8021
447, 0, 104, 40.7463, 11.8357
448, 0, 104, 40.5418, 11.8765
449, 0, 104, 40.458, 11.8945
450, 0, 103, 41.458, 11.9126
451, 0, 103, 41.043, 11.9667
452, 0, 103, 40.873, 11.9997
453, 0, 103, 40.7625, 12.0194
454, 0, 102, 41.5257, 12.0375
455, 0, 101, 42.2889, 12.0618
456, 0, 101, 41.9154, 12.0874
457, 0, 101, 41.5419, 12.1057
458, 0, 101, 41.3889, 12.147
459, 0, 101, 41.236, 12.1653
460, 0, 100, 42.236, 12.1836
461, 0, 100, 41.821, 12.2217
462, 0, 100, 41.651, 12.2397
463, 0, 100, 41.5672, 12.2644
464, 0, 100, 41.4834, 12.2938
465, 0, 100, 41.3903, 12.3117
466, 0, 100, 41.3065, 12.3399
467, 0, 100, 41.2227, 12.3577
468, 0, 100, 41.1389, 12.3757
469, 0, 99, 42.1389, 12.4292
470, 0, 99, 41.7239, 12.4476
471, 0, 99, 41.554, 12.4672
472, 0, 99, 41.4702, 12.4854
473, 0, 98, 41.238, 12.5059
474, 0, 97, 42.5861, 12.5258
475, 0, 96, 43.3493, 12.5694
476, 0, 96, 43.3128, 12.5884
477, 0, 96, 43.229, 12.6132
478, 0, 96, 43.1452, 12.6547
479, 0, 96, 42.7716, 12.6807
480, 0, 96, 42.7555, 12.7033
481, 0, 96, 42.7025, 12.7333
482, 0, 96, 42.6187, 12.7513
483, 0, 96, 42.2452, 12.7695
484, 0, 96, 42.2184, 12.7875
485, 0, 96, 42.0655, 12.8096
486, 0, 96, 42.0125, 12.8278
487, 0, 96, 41.9287, 12.846
488, 0, 95, 42.0662, 12.8641
489, 0, 95, 42.0255, 12.9019
490, 0, 95, 41.9849, 12.924
491, 0, 95, 41.9442, 12.9569
492, 0, 95, 41.9698, 12.9776
493, 0, 95, 41.94, 13.0025
494, 0, 95, 41.9103, 13.0426
495, 0, 95, 41.8805, 13.0657
496, 0, 95, 41.8592, 13.0838
497, 0, 95, 41.829, 13.1215
498, 0, 95, 41.7701, 13.1396
499, 0, 95, 41.7112, 13.191
500, 0, 95, 41.6907, 13.2427
501, 0, 95, 41.6377, 13.2904
502, 0, 95, 41.2642, 13.3168
503, 0, 95, 41.2112, 13.3516
504, 0, 95, 41.1582, 13.3817
505, 0, 95, 41.0744, 13.4381
506, 0, 94, 41.2374, 13.4741
507, 0, 94, 41.1701, 13.4924
508, 0, 94, 41.0863, 13.518
509, 0, 94, 41.0025, 13.5362
510, 0, 94, 40.9094, 13.5798
511, 0, 94, 40.8256, 13.6045
512, 0, 94, 40.7582, 13.6466
513, 0, 94, 40.6477, 13.6899
514, 0, 94, 40.5639, 13.7179
515, 0, 94, 40.5274, 13.7361
516, 0, 93, 41.2906, 13.7796
517, 0, 93, 40.917, 13.8426
518, 0, 93, 40.9009, 13.8936
519, 0, 93, 40.8741, 13.9212
520, 0, 92, 41.2269, 13.9427
521, 0, 92, 40.7419, 13.9836
522, 0, 91, 40.5097, 14.0018
523, 0, 90, 41.8579, 14.0248
524, 0, 90, 41.6534, 14.0625
525, 0, 90, 41.1684, 14.1035
526, 0, 90, 41.0579, 14.1392
527, 0, 89, 41.8211, 14.1859
528, 0, 89, 41.4476, 14.2072
529, 0, 89, 41.074, 14.2327
530, 0, 89, 40.9211, 14.251
531, 0, 88, 41.1624, 14.2852
532, 0, 88, 40.9579, 14.3107
533, 0, 87, 41.7211, 14.3457
534, 0, 87, 41.3476, 14.381
535, 0, 87, 40.974, 14.3993
536, 0, 87, 40.8211, 14.4251
537, 0, 87, 40.6682, 14.4431
538, 0, 86, 41.6682, 14.4706
539, 0, 86, 41.2531, 14.4889
540, 0, 86, 41.0832, 14.5071
541, 0, 86, 40.9994, 14.5362
542, 0, 86, 40.5144, 14.5714
543, 0, 85, 41.2776, 14.5907
544, 0, 84, 42.2776, 14.636
545, 0, 84, 41.8626, 14.6544
546, 0, 84, 41.6927, 14.6792
547, 0, 84, 41.5996, 14.6971
548, 0, 84, 41.395, 14.7156
549, 0, 83, 41.7478, 14.7579
550, 0, 83, 41.2628, 14.7928
551, 0, 83, 41.1523, 14.8333
552, 0, 83, 40.9478, 14.8716
553, 0, 82, 41.1375, 14.8932
554, 0, 82, 41.027, 14.9142
555, 0, 82, 40.974, 14.9469
556, 0, 82, 40.8902, 14.9817
557, 0, 82, 40.8064, 15.0032
558, 0, 82, 40.7133, 15.043
559, 0, 82, 40.6028, 15.0764
560, 0, 82, 40.5097, 15.2627
561, 0, 82, 40.4166, 15.2811
562, 0, 82, 40.539, 15.2994
563, 0, 82, 40.4285, 15.3181
564, 0, 82, 40.3755, 15.3622
565, 0, 82, 40.3166, 15.3808
566, 0, 82, 40.2577, 15.4092
567, 0, 82, 40.1606, 15.4277
568, 0, 82, 40.0768, 15.4593
569, 0, 82, 39.9837, 15.4914
570, 0, 81, 40.1467, 15.548
571, 0, 81, 40.0794, 15.5865
572, 0, 81, 40.012, 15.6241
573, 0, 81, 39.9282, 15.6432
574, 0, 80, 40.118, 15.6668
575, 0, 80, 40.0075, 15.6854
576, 0, 80, 39.9237, 15.7063
577, 0, 80, 39.8399, 15.725
578, 0, 80, 39.7294, 15.7451
579, 0, 80, 39.6189, 15.769
580, 0, 80, 39.5351, 15.8203
581, 0, 80, 39.4513, 15.8392
582, 0, 80, 39.3582, 15.8575
583, 0, 80, 39.2744, 15.8758
584, 0, 80, 39.1906, 15.8941
585, 0, 80, 39.0975, 15.9122
586, 0, 80, 39.0137, 15.9419
587, 0, 80, 38.9032, 15.9609
588, 0, 80, 38.8194, 16.0043
589, 0, 80, 38.7263, 16.033
590, 0, 80, 38.6425, 16.0527
591, 0, 80, 38.5494, 16.0895
592, 0, 80, 38.4389, 16.145
593, 0, 80, 38.3551, 16.1707
594, 0, 80, 38.3346, 16.2232
595, 0, 80, 38.2816, 16.2578
596, 0, 80, 38.2655, 16.2789
597, 0, 80, 38.1817, 16.3179
598, 0, 80, 38.0712, 16.3697
599, 0, 79, 38.2609, 16.4186
600, 0, 79, 38.1504, 16.4665
601, 0, 79, 38.0666, 16.5028
602, 0, 79, 37.9735, 16.5213
603, 0, 79, 37.863, 16.5556
604, 0, 79, 37.7792, 16.618
605, 0, 79, 37.6861, 16.6831
606, 0, 79, 37.593, 16.7072
607, 0, 79, 37.5257, 16.741
608, 0, 79, 37.4726, 16.7674
609, 0, 79, 37.595, 16.7946
610, 0, 79, 37.542, 16.8225
611, 0, 79, 37.489, 16.8439
612, 0, 79, 37.436, 16.8753
613, 0, 79, 37.383, 16.9056
614, 0, 79, 37.5054, 16.9297
615, 0, 79, 37.4465, 16.9646
616, 0, 79, 37.3792, 16.9899
617, 0, 79, 37.1746, 17.0148
618, 0, 79, 37.1073, 17.038
619, 0, 79, 37.0543, 17.0578
620, 0, 79, 36.987, 17.0912
621, 0, 79, 36.9281, 17.1313
622, 0, 79, 36.8751, 17.1509
623, 0, 79, 36.8162, 17.1963
624, 0, 79, 36.7573, 17.2381
625, 0, 79, 36.7132, 17.2568
626, 0, 79, 36.6543, 17.2798
627, 0, 79, 36.6177, 17.3084
628, 0, 79, 36.5647, 17.3315
629, 0, 79, 36.4542, 17.3746
630, 0, 78, 36.6172, 17.3939
631, 0, 78, 36.5499, 17.4337
632, 0, 78, 36.4394, 17.4893
633, 0, 78, 36.3721, 17.5201
634, 0, 78, 36.2883, 17.5482
635, 0, 78, 36.2353, 17.5719
636, 0, 78, 36.1822, 17.6038
637, 0, 77, 36.3309, 17.6222
638, 0, 77, 36.2869, 17.6561
639, 0, 77, 36.1937, 17.6745
640, 0, 77, 36.1099, 17.693
641, 0, 77, 36.0426, 17.7302
642, 0, 77, 35.9896, 17.761
643, 0, 77, 35.8965, 17.8051
644, 0, 77, 35.8127, 17.8368
645, 0, 76, 36.0024, 17.8623
646, 0, 76, 36.1655, 17.8924
647, 0, 76, 36.0817, 17.9241
648, 0, 76, 36.0451, 17.9423
649, 0, 76, 36.0085, 17.9834
650, 0, 76, 35.9247, 18.0358
651, 0, 76, 35.5512, 18.0568
652, 0, 76, 35.4982, 18.0771
653, 0, 76, 35.4144, 18.1072
654, 0, 76, 35.3213, 18.1403
655, 0, 76, 35.2282, 18.1888
656, 0, 75, 35.4179, 18.2076
657, 0, 75, 35.3074, 18.2316
658, 0, 75, 35.2143, 18.2502
659, 0, 75, 35.0613, 18.2703
660, 0, 75, 34.9776, 18.2962
661, 0, 75, 34.9245, 18.3156
662, 0, 75, 34.888, 18.3376
663, 0, 75, 34.835, 18.3757
664, 0, 75, 34.7245, 18.4137
665, 0, 75, 34.3509, 18.4343
666, 0, 75, 34.292, 18.4529
667, 0, 75, 34.2331, 18.4935
668, 0, 75, 34.1891, 18.5142
669, 0, 75, 34.1053, 18.5478
670, 0, 75, 34.0122, 18.5736
671, 0, 75, 33.9017, 18.5975
672, 0, 75, 33.8486, 18.6172
673, 0, 75, 33.7648, 18.6356
674, 0, 75, 33.7118, 18.6614
675, 0, 75, 33.6588, 18.683
676, 0, 75, 33.5657, 18.7064
677, 0, 75, 33.4819, 18.7273
678, 0, 75, 33.4146, 18.751
679, 0, 74, 33.5776, 18.7694
680, 0, 74, 33.5103, 18.7879
681, 0, 74, 33.4514, 18.8217
682, 0, 74, 33.3925, 18.8403
683, 0, 74, 33.3252, 18.8591
684, 0, 74, 33.2663, 18.8912
685, 0, 74, 33.1133, 18.9099
686, 0, 74, 33.0831, 18.9283
687, 0, 74, 33.0301, 18.9476
688, 0, 74, 32.9771, 18.9658
689, 0, 73, 33.1401, 18.9844
690, 0, 73, 33.0728, 19.0031
691, 0, 72, 33.2215, 19.022
692, 0, 72, 33.1774, 19.0412
693, 0, 72, 33.1408, 19.0623
694, 0, 72, 33.0878, 19.0807
695, 0, 72, 33.0289, 19.1063
696, 0, 72, 32.9616, 19.1258
697, 0, 72, 32.9086, 19.1442
698, 0, 72, 32.872, 19.1644
699, 0, 72, 32.8354, 19.1827
700, 0, 72, 32.8224, 19.2012
701, 0, 72, 32.7858, 19.2371
702, 0, 72, 32.6329, 19.2563
703, 0, 72, 32.616, 19.2812
704, 0, 72, 32.5794, 19.2998
705, 0, 72, 32.5264, 19.319
706, 0, 72, 32.4734, 19.3539
707, 0, 72, 32.4145, 19.3835
708, 0, 72, 32.3472, 19.4149
709, 0, 72, 32.2798, 19.4338
710, 0, 72, 32.196, 19.4581
711, 0, 72, 32.143, 19.477
712, 0, 72, 32.0841, 19.5159
713, 0, 72, 32.0311, 19.5479
714, 0, 72, 31.9946, 19.5726
715, 0, 72, 31.9643, 19.5973
716, 0, 72, 31.9054, 19.6329
717, 0, 72, 31.8524, 19.6592
718, 0, 72, 31.7013, 19.6794
719, 0, 72, 31.6483, 19.7128
720, 0, 72, 31.5645, 19.741
721, 0, 72, 31.5279, 19.7685
722, 0, 72, 31.4838, 19.7873
723, 0, 72, 31.3327, 19.806
724, 0, 72, 31.4966, 19.8248
725, 0, 72, 31.3995, 19.8458
726, 0, 72, 31.3465, 19.8644
727, 0, 72, 31.3099, 19.8878
728, 0, 71, 31.4586, 19.9066
729, 0, 71, 31.4145, 19.9254
730, 0, 71, 31.3704, 19.9531
731, 0, 71, 31.3174, 19.9716
732, 0, 71, 31.2644, 19.9975
733, 0, 71, 31.1971, 20.0267
734, 0, 71, 31.1297, 20.0477
735, 0, 71, 31.0192, 20.0664
736, 0, 71, 30.9752, 20.1123
737, 0, 71, 30.9386, 20.1537
738, 0, 71, 30.8415, 20.1768
739, 0, 71, 30.7885, 20.2142
740, 0, 71, 30.7519, 20.2477
741, 0, 71, 30.7251, 20.2664
742, 0, 71, 30.6578, 20.285
743, 0, 71, 30.5905, 20.3142
744, 0, 71, 30.5464, 20.3492
745, 0, 71, 30.4934, 20.3949
746, 0, 71, 30.4404, 20.4197
747, 0, 71, 30.3815, 20.446
748, 0, 71, 30.3141, 20.4671
749, 0, 71, 30.2839, 20.5009
750, 0, 71, 30.131, 20.5213
751, 0, 71, 30.1179, 20.5453
752, 0, 71, 30.0738, 20.5656
753, 0, 70, 30.2225, 20.5925
754, 0, 70, 30.1784, 20.6114
755, 0, 70, 30.1419, 20.6434
756, 0, 70, 30.0889, 20.6635
757, 0, 70, 29.9957, 20.6891
758, 0, 70, 29.9026, 20.7076
759, 0, 70, 29.8188, 20.726
760, 0, 70, 29.7599, 20.7447
761, 0, 70, 29.7069, 20.7723
762, 0, 70, 29.8293, 20.7938
763, 0, 70, 29.7763, 20.8245
764, 0, 70, 29.7397, 20.8626
765, 0, 70, 29.6809, 20.886
766, 0, 70, 29.622, 20.9046
767, 0, 70, 29.569, 20.9232
768, 0, 70, 29.5101, 20.9429
769, 0, 70, 29.4571, 20.9646
770, 0, 70, 29.4041, 20.9907
771, 0, 70, 29.2529, 21.026
772, 0, 70, 29.1999, 21.046
773, 0, 70, 29.1469, 21.081
774, 0, 70, 29.088, 21.0997
775, 0, 70, 29.0612, 21.1316
776, 0, 70, 29.0247, 21.1675
777, 0, 70, 28.9658, 21.194
778, 0, 70, 28.8984, 21.214
779, 0, 70, 28.8454, 21.2325
780, 0, 70, 28.9796, 21.2531
781, 0, 70, 28.9389, 21.2715
782, 0, 70, 28.9023, 21.2911
783, 0, 70, 28.8617, 21.31
784, 0, 70, 28.8349, 21.3286
785, 0, 70, 28.7943, 21.3551
786, 0, 70, 28.7536, 21.3737
787, 0, 69, 28.9023, 21.399
788, 0, 69, 28.8583, 21.4407
789, 0, 69, 28.8142, 21.4596
790, 0, 69, 28.7776, 21.5087
791, 0, 69, 28.7187, 21.5276
792, 0, 69, 28.6821, 21.5644
793, 0, 69, 28.5716, 21.5959
794, 0, 69, 28.5449, 21.6146
795, 0, 69, 28.486, 21.6334
796, 0, 69, 28.333, 21.6522
797, 0, 69, 28.2924, 21.6709
798, 0, 69, 28.2517, 21.7192
799, 0, 69, 28.225, 21.7595
800, 0, 69, 28.072, 21.7877
801, 0, 69, 28.0586, 21.8172
802, 0, 69, 28.0318, 21.8359
803, 0, 69, 27.9952, 21.8607
804, 0, 69, 27.9512, 21.9039
805, 0, 69, 27.8923, 21.9511
806, 0, 69, 27.8557, 21.996
807, 0, 69, 27.8191, 22.045
808, 0, 69, 27.7825, 22.0879
809, 0, 69, 27.7558, 22.1069
810, 0, 69, 27.8078, 22.1377
811, 0, 69, 27.741, 22.203
812, 0, 69, 27.7044, 22.2501
813, 0, 69, 27.6637, 22.2845
814, 0, 68, 27.8124, 22.3257
815, 0, 68, 27.7683, 22.3588
816, 0, 68, 27.7277, 22.378
817, 0, 68, 27.6975, 22.3968
818, 0, 68, 27.6568, 22.4465
819, 0, 68, 27.6127, 22.4709
820, 0, 68, 27.5454, 22.5053
821, 0, 68, 27.5152, 22.5243
822, 0, 68, 27.4786, 22.5677
823, 0, 68, 27.442, 22.5863
824, 0, 68, 27.4054, 22.6118
825, 0, 68, 27.3084, 22.6679
826, 0, 68, 27.2643, 22.7154
827, 0, 68, 27.1113, 22.7407
828, 0, 68, 27.0707, 22.778
829, 0, 68, 27.0341, 22.7971
830, 0, 67, 27.1828, 22.8299
831, 0, 67, 27.1387, 22.8643
832, 0, 67, 27.112, 22.9131
833, 0, 67, 27.0817, 22.9613
834, 0, 67, 27.0613, 22.9978
835, 0, 67, 27.0247, 23.0226
836, 0, 67, 26.995, 23.0415
837, 0, 67, 26.9682, 23.0702
838, 0, 67, 26.9275, 23.0939
839, 0, 67, 26.8973, 23.1332
840, 0, 67, 26.8443, 23.1523
841, 0, 67, 26.8229, 23.1918
842, 0, 67, 26.7823, 23.2135
843, 0, 67, 26.7555, 23.2326
844, 0, 67, 26.7025, 23.2787
845, 0, 66, 26.8402, 23.2977
846, 0, 66, 26.7962, 23.3184
847, 0, 65, 26.9449, 23.3375
848, 0, 65, 26.9008, 23.3604
849, 0, 65, 26.8794, 23.4042
850, 0, 65, 26.812, 23.4236
851, 0, 64, 26.9607, 23.4618
852, 0, 63, 27.1238, 23.4929
853, 0, 63, 27.0564, 23.5123
854, 0, 63, 27.0351, 23.5404
855, 0, 63, 26.991, 23.5665
856, 0, 63, 26.9503, 23.6093
857, 0, 63, 26.9299, 23.6285
858, 0, 63, 26.8858, 23.6587
859, 0, 63, 26.9784, 23.7019
860, 0, 63, 26.9378, 23.7304
861, 0, 63, 26.8972, 23.7508
862, 0, 63, 26.9898, 23.7738
863, 0, 63, 26.923, 23.7932
864, 0, 63, 26.8824, 23.8426
865, 0, 63, 26.8521, 23.866
866, 0, 63, 26.8224, 23.8854
867, 0, 63, 26.7926, 23.9273
868, 0, 63, 26.7258, 23.9641
869, 0, 63, 26.642, 23.9884
870, 0, 63, 26.5831, 24.0076
871, 0, 62, 26.7462, 24.0378
872, 0, 62, 26.6788, 24.0648
873, 0, 62, 26.6422, 24.113
874, 0, 62, 26.5892, 24.1669
875, 0, 61, 26.7304, 24.1882
876, 0, 61, 26.7002, 24.2324
877, 0, 60, 26.8414, 24.2561
878, 0, 60, 26.8007, 24.2883
879, 0, 60, 26.7705, 24.3323
880, 0, 59, 26.9192, 24.393
881, 0, 59, 26.8751, 24.4341
882, 0, 59, 26.827, 24.466
883, 0, 59, 26.7863, 24.4974
884, 0, 58, 26.9494, 24.5301
885, 0, 58, 26.882, 24.5494
886, 0, 58, 26.8454, 24.5819
887, 0, 57, 27.0085, 24.6015
888, 0, 57, 26.9411, 24.6358
889, 0, 57, 26.9207, 24.6568
890, 0, 57, 26.8236, 24.697
891, 0, 57, 26.7934, 24.7254
892, 0, 57, 26.772, 24.7451
893, 0, 57, 26.7506, 24.7911
894, 0, 57, 26.6668, 24.8291
895, 0, 57, 26.6514, 24.8487
896, 0, 57, 26.6246, 24.8818
897, 0, 57, 26.5944, 24.9071
898, 0, 57, 26.4415, 24.9265
899, 0, 57, 26.4306, 24.9629
900, 0, 57, 26.4093, 24.9984
901, 0, 57, 26.3727, 25.0203
902, 0, 57, 26.3459, 25.0533
903, 0, 57, 26.165, 25.0815
904, 0, 57, 26.112, 25.105
905, 0, 57, 26.141, 25.1331
906, 0, 57, 26.1183, 25.1793
907, 0, 57, 26.0955, 25.1993
908, 0, 57, 26.0728, 25.234
909, 0, 57, 26.0591, 25.2686
910, 0, 57, 26.0966, 25.2961
911, 0, 57, 26.0761, 25.3296
912, 0, 57, 26.0231, 25.3636
913, 0, 57, 26.007, 25.4089
914, 0, 57, 25.9856, 25.4451
915, 0, 57, 25.949, 25.4808
916, 0, 57, 25.9049, 25.5265
917, 0, 57, 25.8609, 25.5594
918, 0, 57, 25.8306, 25.5882
919, 0, 57, 25.794, 25.6112
920, 0, 57, 25.741, 25.6329
921, 0, 57, 25.7045, 25.6573
922, 0, 56, 25.8532, 25.6797
923, 0, 56, 25.8091, 25.7114
924, 0, 56, 25.7423, 25.7457
925, 0, 56, 25.6982, 25.7825
926, 0, 56, 25.6541, 25.8049
927, 0, 56, 25.6135, 25.8442
928, 0, 56, 25.5832, 25.871
929, 0, 56, 25.5426, 25.9039
930, 0, 56, 25.5019, 25.9403
931, 0, 56, 25.4717, 25.9688
932, 0, 56, 25.4449, 25.9884
933, 0, 56, 25.5149, 26.03
934, 0, 56, 25.4881, 26.0495
935, 0, 56, 25.4515, 26.0872
936, 0, 56, 25.4109, 26.1066
937, 0, 56, 25.3743, 26.1741
938, 0, 56, 25.3384, 26.1939
939, 0, 56, 25.3116, 26.227
940, 0, 56, 25.2676, 26.2465
941, 0, 56, 25.2408, 26.268
942, 0, 56, 25.211, 26.3034
943, 0, 56, 25.1897, 26.34
944, 0, 56, 25.1599, 26.3836
945, 0, 56, 25.1302, 26.4217
946, 0, 56, 25.082, 26.4715
947, 0, 56, 25.0518, 26.5
948, 0, 56, 25.0304, 26.529
949, 0, 56, 25.0036, 26.5503
950, 0, 56, 24.9739, 26.5738
951, 0, 56, 24.9534, 26.5931
952, 0, 56, 24.9267, 26.6299
953, 0, 56, 24.8429, 26.6656
954, 0, 56, 24.8794, 26.6919
955, 0, 56, 24.8638, 26.7206
956, 0, 56, 24.8433, 26.7679
957, 0, 56, 24.7952, 26.8014
958, 0, 56, 24.7747, 26.8235
959, 0, 56, 24.6549, 26.8436
960, 0, 56, 24.6419, 26.863
961, 0, 56, 24.6151, 26.8825
962, 0, 56, 24.5883, 26.9022
963, 0, 56, 24.5616, 26.9221
964, 0, 56, 24.5348, 26.9705
965, 0, 56, 24.5046, 26.9961
966, 0, 56, 24.4605, 27.0191
967, 0, 56, 24.498, 27.0419
968, 0, 56, 24.4766, 27.0614
969, 0, 56, 24.4285, 27.1053
970, 0, 56, 24.408, 27.1257
971, 0, 56, 24.3783, 27.1525
972, 0, 56, 24.3569, 27.1906
973, 0, 55, 24.4981, 27.2113
974, 0, 55, 24.4678, 27.2327
975, 0, 55, 24.4474, 27.2672
976, 0, 55, 24.4177, 27.2871
977, 0, 55, 24.3963, 27.316
978, 0, 55, 24.3808, 27.3354
979, 0, 55, 24.4508, 27.3645
980, 0, 55, 24.421, 27.407
981, 0, 55, 24.3996, 27.4269
982, 0, 55, 24.359, 27.4646
983, 0, 55, 24.3386, 27.4843
984, 0, 55, 24.3231, 27.5207
985, 0, 55, 24.2964, 27.5404
986, 0, 55, 24.2295, 27.5612
987, 0, 55, 24.1889, 27.5811
988, 0, 55, 24.1523, 27.6042
989, 0, 55, 24.1117, 27.6238
990, 0, 55, 24.071, 27.6469
991, 0, 55, 24.141, 27.6928
992, 0, 55, 24.1142, 27.7134
993, 0, 55, 24.0874, 27.765
994, 0, 55, 24.0468, 27.7953
995, 0, 55, 24.0027, 27.8332
996, 0, 55, 23.9661, 27.8801
997, 0, 55, 23.9295, 27.8998
998, 0, 55, 23.819, 27.9355
999, 0, 55, 23.775, 27.9794
