Seed is: 94
Number of samples is: 1000
Simulation name is: Simulation_1TV.sim
TimeStep, Distraction Rate, Missed States, Model Accuracy, Time (ms)
0, 0, 165, 0, 7e-05
1, 0, 164, 0.763197, 0.028925
2, 0, 163, 1.7632, 0.073169
3, 0, 163, 1.34816, 0.11562
4, 0, 163, 1.17823, 0.124437
5, 0, 162, 1.94143, 0.134807
6, 0, 162, 1.5679, 0.142822
7, 0, 161, 1.92067, 0.195552
8, 0, 161, 1.43571, 0.237522
9, 0, 161, 1.28277, 0.276326
10, 0, 161, 1.07823, 0.292567
11, 0, 160, 1.84143, 0.312265
12, 0, 159, 1.60924, 0.350988
13, 0, 158, 2.9574, 0.375806
14, 0, 158, 2.58387, 0.38882
15, 0, 158, 2.0989, 0.396715
16, 0, 157, 3.0989, 0.41483
17, 0, 157, 2.68387, 0.423356
18, 0, 157, 2.51394, 0.439287
19, 0, 156, 3.27714, 0.464505
20, 0, 155, 4.04033, 0.489632
21, 0, 154, 5.04033, 0.524188
22, 0, 154, 4.6253, 0.564084
23, 0, 154, 4.45537, 0.595173
24, 0, 153, 5.21857, 0.636693
25, 0, 153, 4.84504, 0.647223
26, 0, 153, 4.4715, 0.67208
27, 0, 153, 4.31857, 0.689042
28, 0, 152, 4.55991, 0.718168
29, 0, 151, 5.32311, 0.726464
30, 0, 150, 6.32311, 0.739679
31, 0, 150, 5.90807, 0.749938
32, 0, 150, 5.73814, 0.790305
33, 0, 149, 6.50134, 0.805103
34, 0, 149, 6.12781, 0.823037
35, 0, 149, 5.75427, 0.838687
36, 0, 149, 5.60134, 0.862703
37, 0, 149, 5.44841, 0.879996
38, 0, 148, 6.21161, 0.91892
39, 0, 147, 7.21161, 0.965889
40, 0, 147, 6.79657, 0.990035
41, 0, 147, 6.62664, 1.02032
42, 0, 146, 7.38984, 1.08499
43, 0, 145, 8.15304, 1.09427
44, 0, 145, 7.77951, 1.10242
45, 0, 145, 7.40597, 1.12473
46, 0, 145, 7.25304, 1.15017
47, 0, 145, 7.10011, 1.18507
48, 0, 144, 7.8633, 1.21894
49, 0, 144, 7.48977, 1.22763
50, 0, 144, 7.11624, 1.23585
51, 0, 144, 6.9633, 1.24707
52, 0, 144, 6.81037, 1.26773
53, 0, 144, 6.60583, 1.29087
54, 0, 143, 7.36903, 1.31063
55, 0, 142, 8.36903, 1.33189
56, 0, 142, 7.95399, 1.35298
57, 0, 142, 7.78407, 1.3892
58, 0, 141, 8.78407, 1.41712
59, 0, 141, 8.36903, 1.42708
60, 0, 141, 8.19911, 1.45966
61, 0, 140, 9.19911, 1.49405
62, 0, 140, 8.78407, 1.52217
63, 0, 140, 8.61414, 1.56837
64, 0, 139, 9.37734, 1.61342
65, 0, 138, 10.3773, 1.62234
66, 0, 138, 9.9623, 1.68051
67, 0, 138, 9.79238, 1.70201
68, 0, 137, 10.5556, 1.72246
69, 0, 136, 11.3188, 1.74931
70, 0, 136, 10.9452, 1.76306
71, 0, 136, 10.5717, 1.77175
72, 0, 136, 10.4188, 1.78033
73, 0, 136, 10.2658, 1.7889
74, 0, 135, 11.2658, 1.79747
75, 0, 135, 10.8508, 1.80625
76, 0, 135, 10.6809, 1.83036
77, 0, 134, 11.4441, 1.87645
78, 0, 133, 12.4441, 1.88579
79, 0, 133, 12.029, 1.91248
80, 0, 133, 11.8591, 1.96917
81, 0, 132, 12.8591, 1.99996
82, 0, 132, 12.4441, 2.04046
83, 0, 132, 12.2741, 2.06623
84, 0, 131, 13.0373, 2.09639
85, 0, 130, 13.3901, 2.10818
86, 0, 130, 12.9052, 2.14492
87, 0, 130, 12.5316, 2.15347
88, 0, 130, 12.7535, 2.17599
89, 0, 130, 12.4901, 2.20237
90, 0, 129, 12.7315, 2.21722
91, 0, 128, 13.4947, 2.23649
92, 0, 127, 13.2625, 2.24532
93, 0, 126, 14.6106, 2.25396
94, 0, 125, 15.3738, 2.2749
95, 0, 124, 16.3738, 2.2986
96, 0, 124, 15.9588, 2.31708
97, 0, 124, 15.7889, 2.34915
98, 0, 123, 16.5521, 2.37982
99, 0, 123, 16.1785, 2.40018
100, 0, 123, 15.805, 2.42208
101, 0, 123, 15.6521, 2.44053
102, 0, 123, 15.4991, 2.45484
103, 0, 122, 16.2623, 2.49583
104, 0, 121, 17.0255, 2.50559
105, 0, 120, 17.7887, 2.53062
106, 0, 120, 17.4152, 2.55289
107, 0, 120, 17.0416, 2.5618
108, 0, 120, 16.8887, 2.57053
109, 0, 120, 16.7358, 2.6168
110, 0, 119, 17.499, 2.6258
111, 0, 119, 17.1254, 2.66222
112, 0, 119, 16.7519, 2.70002
113, 0, 119, 16.599, 2.73176
114, 0, 119, 16.446, 2.76637
115, 0, 119, 16.2415, 2.78143
116, 0, 118, 16.4312, 2.79885
117, 0, 118, 16.3381, 2.82867
118, 0, 118, 16.245, 2.84332
119, 0, 118, 16.0939, 2.86388
120, 0, 118, 16.0101, 2.88265
121, 1, 117, 17.0101, 2.90734
122, 2, 117, 16.595, 2.92214
123, 3, 117, 16.4251, 2.93909
124, 4, 117, 16.332, 2.95857
125, 4, 117, 15.847, 2.99503
126, 4, 117, 15.4735, 3.01597
127, 4, 117, 15.269, 3.03126
128, 4, 116, 16.0322, 3.05422
129, 4, 115, 17.0322, 3.08737
130, 4, 115, 16.6171, 3.13621
131, 4, 115, 16.4472, 3.16416
132, 4, 114, 16.215, 3.19121
133, 4, 114, 16.1735, 3.22077
134, 4, 113, 17.8782, 3.24733
135, 4, 113, 17.7851, 3.27942
136, 4, 113, 17.692, 3.30283
137, 4, 113, 17.639, 3.31165
138, 4, 113, 17.5552, 3.36097
139, 4, 112, 18.3184, 3.38904
140, 4, 111, 19.0816, 3.42269
141, 4, 111, 18.7081, 3.44937
142, 4, 111, 18.3345, 3.48137
143, 4, 111, 18.1816, 3.51683
144, 4, 111, 18.0287, 3.53563
145, 4, 110, 18.7919, 3.54567
146, 4, 109, 19.5551, 3.57296
147, 4, 109, 19.4446, 3.60675
148, 4, 109, 19.6076, 3.61626
149, 4, 109, 19.5105, 3.62567
150, 4, 109, 19.4739, 3.6422
151, 4, 109, 19.3634, 3.65619
152, 4, 109, 18.9899, 3.72697
153, 4, 108, 19.7531, 3.74668
154, 4, 107, 20.7531, 3.75725
155, 4, 107, 20.338, 3.77191
156, 4, 107, 20.1681, 3.79345
157, 4, 106, 21.1681, 3.81659
158, 4, 106, 20.7531, 3.86466
159, 4, 106, 20.5832, 3.8778
160, 4, 105, 21.3464, 3.90873
161, 4, 105, 20.9728, 3.96031
162, 4, 105, 20.5993, 3.99512
163, 4, 105, 20.4464, 4.01997
164, 4, 105, 20.2934, 4.0603
165, 4, 104, 21.2934, 4.07634
166, 4, 104, 20.8784, 4.10519
167, 4, 104, 20.7085, 4.11851
168, 4, 104, 20.6247, 4.14453
169, 4, 104, 20.5316, 4.15352
170, 4, 104, 20.4384, 4.17325
171, 4, 104, 20.3546, 4.21129
172, 4, 103, 21.1178, 4.24234
173, 4, 102, 22.1178, 4.26569
174, 4, 102, 21.7028, 4.27548
175, 4, 102, 21.5329, 4.31549
176, 4, 101, 22.2961, 4.32496
177, 4, 101, 22.203, 4.36174
178, 4, 101, 22.1099, 4.39646
179, 4, 101, 21.5318, 4.41616
180, 4, 101, 21.4729, 4.46243
181, 4, 101, 21.414, 4.48014
182, 4, 101, 21.3872, 4.507
183, 4, 101, 21.3199, 4.51961
184, 4, 100, 22.3199, 4.57205
185, 4, 100, 21.9048, 4.5912
186, 4, 100, 21.7349, 4.61254
187, 4, 100, 21.6511, 4.63371
188, 4, 99, 22.4143, 4.64702
189, 4, 99, 22.0408, 4.66141
190, 4, 99, 21.9878, 4.70191
191, 4, 99, 21.904, 4.72617
192, 4, 99, 21.8451, 4.75659
193, 4, 99, 21.7862, 4.76596
194, 4, 99, 21.7496, 4.80727
195, 4, 99, 21.6966, 4.82713
196, 4, 99, 21.3231, 4.85567
197, 4, 98, 22.0863, 4.87647
198, 4, 98, 22.0025, 4.90352
199, 4, 98, 21.9659, 4.96406
200, 4, 98, 21.8728, 4.97867
201, 4, 98, 21.7199, 4.98923
202, 4, 98, 21.3463, 5.0197
203, 4, 98, 21.2625, 5.03329
204, 4, 97, 22.0257, 5.06337
205, 4, 97, 21.6522, 5.1044
206, 4, 97, 21.2787, 5.11368
207, 4, 97, 21.1257, 5.15301
208, 4, 96, 21.3671, 5.16276
209, 4, 96, 21.1625, 5.18523
210, 4, 95, 22.1625, 5.20047
211, 4, 95, 21.7475, 5.21371
212, 4, 95, 21.5776, 5.22362
213, 4, 95, 21.4938, 5.27698
214, 4, 95, 21.4007, 5.30989
215, 4, 95, 21.2902, 5.33208
216, 4, 95, 21.197, 5.34443
217, 4, 95, 21.1039, 5.39232
218, 4, 95, 21.0201, 5.40196
219, 4, 95, 20.8672, 5.41855
220, 4, 95, 20.8231, 5.44948
221, 4, 95, 20.73, 5.45852
222, 4, 95, 20.5771, 5.47492
223, 4, 95, 20.5503, 5.50016
224, 4, 95, 20.5235, 5.50966
225, 4, 95, 20.4705, 5.53887
226, 4, 95, 20.3176, 5.54952
227, 4, 95, 20.2646, 5.55888
228, 4, 95, 20.2057, 5.57578
229, 4, 95, 20.1468, 5.58672
230, 4, 95, 20.1264, 5.63011
231, 4, 95, 20.0426, 5.67312
232, 4, 95, 19.9588, 5.69497
233, 4, 95, 19.8656, 5.7075
234, 4, 95, 19.7725, 5.73971
235, 4, 95, 19.6887, 5.78563
236, 4, 95, 19.6049, 5.80027
237, 4, 94, 19.768, 5.82371
238, 4, 94, 19.7091, 5.8479
239, 4, 94, 19.6725, 5.87094
240, 4, 94, 19.6136, 5.87997
241, 4, 94, 19.5463, 5.9012
242, 4, 94, 19.4933, 5.91415
243, 4, 94, 19.4095, 5.97086
244, 4, 94, 19.5319, 6.00432
245, 4, 94, 19.4953, 6.02919
246, 4, 94, 19.4792, 6.06444
247, 4, 94, 19.4385, 6.09116
248, 4, 94, 19.4117, 6.10051
249, 4, 94, 19.2588, 6.13234
250, 4, 94, 18.9954, 6.18087
251, 4, 94, 18.9749, 6.19079
252, 4, 94, 18.9219, 6.21611
253, 4, 94, 18.5484, 6.25415
254, 4, 94, 18.1749, 6.28004
255, 4, 94, 18.1587, 6.29546
256, 4, 93, 18.3074, 6.30488
257, 4, 93, 18.4001, 6.33886
258, 5, 93, 18.3412, 6.40269
259, 5, 93, 18.2574, 6.41254
260, 5, 93, 18.2443, 6.44102
261, 5, 93, 18.2141, 6.48937
262, 5, 93, 18.1611, 6.52332
263, 5, 93, 18.1081, 6.54093
264, 5, 93, 18.0492, 6.56548
265, 5, 93, 17.9654, 6.58997
266, 5, 93, 17.8986, 6.59928
267, 5, 92, 18.8986, 6.60892
268, 5, 92, 18.4835, 6.64404
269, 5, 92, 18.3136, 6.65332
270, 5, 92, 18.2298, 6.66937
271, 5, 91, 19.2298, 6.69405
272, 5, 91, 18.8148, 6.70352
273, 5, 91, 18.6449, 6.71293
274, 5, 90, 19.4081, 6.74414
275, 5, 89, 20.1713, 6.7888
276, 5, 88, 21.1713, 6.82639
277, 5, 88, 20.7562, 6.85539
278, 5, 88, 20.5863, 6.87649
279, 5, 87, 21.3495, 6.90961
280, 5, 86, 22.1127, 6.92875
281, 5, 85, 22.8759, 6.98234
282, 5, 85, 22.5024, 6.99243
283, 5, 85, 22.1288, 7.04431
284, 5, 85, 21.9759, 7.05396
285, 5, 84, 22.2172, 7.07806
286, 5, 83, 23.2172, 7.0943
287, 5, 83, 22.8022, 7.13406
288, 5, 83, 22.6323, 7.1684
289, 5, 82, 23.3955, 7.20746
290, 5, 81, 23.1633, 7.23917
291, 5, 80, 24.5114, 7.24911
292, 5, 79, 25.2746, 7.27348
293, 5, 79, 24.9011, 7.29684
294, 5, 79, 24.8422, 7.31248
295, 5, 79, 24.7833, 7.34984
296, 5, 79, 24.6322, 7.37921
297, 5, 78, 25.3954, 7.41652
298, 5, 78, 25.0218, 7.42604
299, 5, 78, 24.9287, 7.46278
300, 5, 78, 24.8356, 7.48825
301, 5, 78, 24.7425, 7.50572
302, 5, 78, 24.6836, 7.52665
303, 5, 78, 24.6247, 7.53633
304, 5, 78, 24.5658, 7.58206
305, 5, 78, 24.4129, 7.63019
306, 5, 78, 24.547, 7.64867
307, 5, 78, 24.4272, 7.67533
308, 5, 78, 24.0537, 7.7008
309, 5, 77, 25.0537, 7.72821
310, 5, 77, 24.6387, 7.77089
311, 5, 77, 24.4687, 7.78045
312, 5, 76, 25.4687, 7.81459
313, 5, 76, 25.0537, 7.8302
314, 5, 76, 24.8838, 7.84516
315, 5, 75, 25.647, 7.89377
316, 5, 74, 25.4148, 7.90823
317, 5, 73, 26.7629, 7.92458
318, 5, 73, 26.3894, 7.93668
319, 5, 73, 25.9044, 7.9524
320, 5, 72, 26.9044, 7.97081
321, 5, 72, 26.4894, 8.04558
322, 5, 72, 26.3195, 8.05581
323, 5, 72, 26.1665, 8.10656
324, 5, 72, 26.0136, 8.1364
325, 5, 72, 25.6401, 8.16765
326, 5, 72, 25.5563, 8.19552
327, 5, 72, 25.4632, 8.20524
328, 5, 72, 25.3701, 8.23171
329, 5, 72, 25.2171, 8.27411
330, 5, 72, 25.1333, 8.30751
331, 5, 72, 24.7598, 8.33126
332, 5, 71, 25.7598, 8.37217
333, 5, 71, 25.3448, 8.41249
334, 5, 71, 25.1748, 8.42684
335, 5, 70, 25.938, 8.44963
336, 5, 69, 26.7012, 8.46364
337, 5, 68, 27.4644, 8.48428
338, 5, 67, 28.2276, 8.49521
339, 5, 67, 27.8541, 8.54085
340, 5, 67, 27.4805, 8.57157
341, 5, 66, 27.7219, 8.60874
342, 5, 66, 27.5174, 8.64649
343, 5, 65, 27.7587, 8.65656
344, 5, 64, 28.7587, 8.67816
345, 5, 64, 28.3437, 8.69952
346, 5, 64, 28.1737, 8.74756
347, 5, 63, 28.9369, 8.79811
348, 5, 63, 28.8531, 8.82096
349, 5, 63, 28.7684, 8.84543
350, 5, 63, 28.7154, 8.86821
351, 5, 62, 29.4786, 8.91109
352, 5, 62, 29.1051, 8.94167
353, 5, 62, 29.012, 8.96485
354, 5, 62, 28.9188, 8.99242
355, 5, 62, 28.835, 9.04098
356, 5, 62, 29.057, 9.09815
357, 5, 62, 28.9732, 9.11346
358, 5, 62, 28.9105, 9.13733
359, 5, 62, 28.8739, 9.1602
360, 5, 61, 29.2267, 9.17955
361, 5, 61, 28.7418, 9.20584
362, 5, 60, 29.7418, 9.27588
363, 5, 60, 29.3267, 9.31705
364, 5, 60, 29.1568, 9.3338
365, 5, 59, 29.92, 9.37582
366, 5, 59, 29.7154, 9.39224
367, 5, 58, 29.8566, 9.43621
368, 5, 58, 29.8264, 9.4543
369, 5, 58, 29.7159, 9.47538
370, 5, 58, 29.7679, 9.50003
371, 5, 58, 29.7149, 9.56245
372, 5, 57, 29.9562, 9.57255
373, 5, 57, 29.8725, 9.60089
374, 5, 57, 29.609, 9.61704
375, 5, 57, 29.5501, 9.62712
376, 5, 57, 29.4912, 9.63723
377, 5, 57, 29.4382, 9.65397
378, 5, 56, 29.6013, 9.72829
379, 5, 56, 29.5647, 9.77723
380, 5, 56, 29.5058, 9.82782
381, 5, 56, 29.4469, 9.85302
382, 5, 56, 29.2424, 9.87561
383, 5, 56, 29.1894, 9.9101
384, 5, 56, 29.1415, 9.96184
385, 5, 56, 29.1056, 9.9722
386, 5, 56, 29.0125, 10.0122
387, 5, 56, 28.8596, 10.0335
388, 5, 56, 28.4861, 10.0435
389, 5, 56, 28.1125, 10.0604
390, 5, 55, 28.8757, 10.0859
391, 5, 54, 29.8757, 10.1324
392, 5, 54, 29.4607, 10.1425
393, 5, 54, 29.2908, 10.18
394, 5, 53, 30.2908, 10.2218
395, 5, 53, 29.8757, 10.2368
396, 5, 53, 29.7058, 10.2601
397, 5, 52, 30.469, 10.3145
398, 5, 52, 30.3161, 10.3248
399, 5, 52, 29.9425, 10.3909
400, 5, 52, 29.8587, 10.4006
401, 5, 52, 29.7058, 10.4159
402, 5, 51, 29.4736, 10.4523
403, 5, 50, 30.8218, 10.4823
404, 5, 50, 30.738, 10.5287
405, 5, 50, 30.253, 10.5668
406, 5, 50, 30.416, 10.6095
407, 5, 50, 30.2649, 10.6421
408, 5, 50, 30.2242, 10.6628
409, 5, 50, 30.1836, 10.6729
410, 5, 50, 30.143, 10.7078
411, 5, 50, 30.1064, 10.7264
412, 5, 50, 30.0396, 10.7491
413, 5, 50, 29.9722, 10.7741
414, 5, 50, 29.9316, 10.7901
415, 5, 50, 29.891, 10.8093
416, 5, 50, 29.9649, 10.8319
417, 5, 50, 29.9168, 10.8416
418, 5, 50, 29.8761, 10.865
419, 5, 50, 29.8355, 10.9012
420, 5, 50, 29.8247, 10.9111
421, 5, 50, 29.7766, 10.9209
422, 5, 50, 29.6236, 10.9309
423, 5, 50, 29.4707, 10.9579
424, 5, 50, 29.4617, 10.9896
425, 5, 50, 29.4258, 11.0321
426, 5, 50, 29.3327, 11.0634
427, 5, 50, 29.2489, 11.0832
428, 5, 50, 29.2215, 11.1193
429, 5, 50, 29.1685, 11.1498
430, 5, 50, 28.7949, 11.1615
431, 5, 50, 28.4214, 11.1745
432, 5, 50, 28.2169, 11.1948
433, 5, 49, 27.9847, 11.2146
434, 5, 48, 29.3328, 11.2481
435, 5, 48, 29.1799, 11.2624
436, 5, 48, 28.6949, 11.2724
437, 5, 47, 29.6949, 11.3099
438, 5, 47, 29.2799, 11.35
439, 5, 47, 29.11, 11.3814
440, 5, 47, 29.0169, 11.3917
441, 5, 47, 28.9237, 11.4017
442, 5, 47, 28.8399, 11.4201
443, 5, 47, 28.8034, 11.4456
444, 5, 47, 28.7504, 11.4553
445, 5, 47, 28.6915, 11.4851
446, 5, 47, 28.6647, 11.5034
447, 5, 47, 28.5809, 11.5131
448, 5, 47, 28.4878, 11.5307
449, 5, 47, 28.2833, 11.5413
450, 5, 47, 28.2244, 11.551
451, 5, 47, 28.1655, 11.5735
452, 5, 47, 28.1125, 11.5883
453, 5, 47, 27.9595, 11.6342
454, 5, 47, 27.9189, 11.6542
455, 5, 47, 27.8782, 11.6664
456, 5, 47, 27.8417, 11.6864
457, 5, 47, 27.8143, 11.7163
458, 5, 47, 27.7038, 11.7266
459, 5, 47, 27.5508, 11.7446
460, 5, 47, 27.4978, 11.7677
461, 5, 47, 27.0129, 11.7778
462, 5, 47, 26.9763, 11.7885
463, 5, 47, 26.8832, 11.8122
464, 5, 47, 26.8302, 11.8562
465, 5, 47, 26.7371, 11.8713
466, 5, 47, 26.644, 11.8813
467, 5, 47, 26.491, 11.9121
468, 5, 47, 26.1175, 11.926
469, 5, 46, 26.3072, 11.9472
470, 5, 46, 26.1967, 11.9838
471, 5, 45, 27.1967, 12.0143
472, 5, 45, 26.7817, 12.0244
473, 5, 45, 26.6118, 12.0537
474, 5, 44, 26.3796, 12.0856
475, 5, 43, 27.7277, 12.1112
476, 5, 43, 27.6871, 12.1344
477, 5, 43, 27.6464, 12.1549
478, 5, 43, 27.5934, 12.165
479, 5, 43, 27.5721, 12.1752
480, 5, 43, 27.5132, 12.2018
481, 5, 42, 27.6544, 12.2417
482, 5, 42, 27.7768, 12.2762
483, 5, 42, 27.8992, 12.2889
484, 5, 42, 27.8586, 12.32
485, 5, 42, 27.8283, 12.3703
486, 5, 42, 27.7694, 12.4096
487, 5, 42, 27.7329, 12.4256
488, 5, 42, 27.6491, 12.4429
489, 5, 42, 27.4445, 12.4665
490, 5, 42, 27.4079, 12.5176
491, 5, 42, 27.2568, 12.6068
492, 5, 42, 27.23, 12.6527
493, 5, 42, 27.2132, 12.663
494, 5, 42, 27.1918, 12.7155
495, 5, 42, 27.165, 12.7551
496, 5, 42, 27.0977, 12.7657
497, 5, 42, 26.9872, 12.8145
498, 5, 42, 26.7827, 12.8443
499, 5, 42, 26.6895, 12.8768
500, 5, 42, 26.5366, 12.9068
501, 5, 42, 26.4777, 12.9201
502, 5, 42, 26.4188, 12.9384
503, 5, 42, 26.3747, 12.9593
504, 5, 42, 26.3074, 12.9768
505, 5, 42, 25.9339, 13.0017
506, 5, 42, 25.9071, 13.0122
507, 5, 42, 25.8773, 13.0262
508, 5, 42, 25.8476, 13.0514
509, 5, 42, 25.8117, 13.1366
510, 5, 42, 25.804, 13.1519
511, 5, 42, 25.7826, 13.1882
512, 5, 42, 25.7461, 13.2094
513, 5, 42, 25.6872, 13.2426
514, 5, 42, 25.6283, 13.2611
515, 5, 42, 25.5917, 13.2954
516, 5, 42, 25.5511, 13.3168
517, 5, 42, 25.5243, 13.3329
518, 5, 42, 25.4836, 13.3431
519, 5, 42, 25.443, 13.3532
520, 5, 42, 25.4064, 13.3879
521, 5, 42, 25.3623, 13.4175
522, 5, 42, 25.3356, 13.444
523, 5, 42, 25.2518, 13.466
524, 5, 42, 25.1006, 13.4933
525, 5, 42, 25.094, 13.515
526, 5, 42, 25.0727, 13.5255
527, 5, 42, 25.0522, 13.5576
528, 5, 42, 25.0156, 13.6103
529, 5, 42, 24.9567, 13.6233
530, 5, 42, 24.8729, 13.6334
531, 5, 42, 24.8575, 13.7015
532, 5, 42, 24.8371, 13.7117
533, 5, 42, 24.907, 13.7491
534, 5, 42, 24.8663, 13.7593
535, 5, 42, 24.8257, 13.778
536, 5, 42, 24.7727, 13.8045
537, 5, 42, 24.5682, 13.8468
538, 5, 42, 24.4711, 13.8573
539, 5, 42, 24.3606, 13.8766
540, 5, 42, 24.324, 13.8963
541, 5, 42, 24.2833, 13.9294
542, 5, 42, 24.2303, 13.9554
543, 6, 42, 24.1897, 13.9701
544, 6, 42, 24.1367, 14.0111
545, 6, 42, 24.1309, 14.0473
546, 7, 42, 24.1012, 14.078
547, 7, 42, 24.0843, 14.089
548, 7, 42, 24.0478, 14.1195
549, 7, 42, 24.0853, 14.1492
550, 8, 42, 24.0625, 14.1853
551, 8, 42, 24.026, 14.2542
552, 8, 42, 23.9819, 14.2955
553, 8, 42, 23.9545, 14.3128
554, 8, 42, 23.9247, 14.3231
555, 8, 42, 23.895, 14.351
556, 8, 42, 23.8899, 14.3797
557, 8, 42, 23.8765, 14.4145
558, 8, 42, 23.8603, 14.4312
559, 8, 42, 23.8197, 14.4814
560, 8, 42, 23.779, 14.495
561, 8, 42, 23.7523, 14.5233
562, 8, 42, 23.7116, 14.5338
563, 8, 42, 23.6278, 14.5746
564, 8, 41, 23.8176, 14.6034
565, 8, 41, 23.7878, 14.6336
566, 8, 41, 23.7581, 14.658
567, 8, 41, 23.7376, 14.6847
568, 8, 41, 23.7108, 14.6952
569, 8, 41, 23.6138, 14.7267
570, 8, 41, 23.584, 14.7387
571, 8, 41, 23.5543, 14.7734
572, 8, 41, 23.5245, 14.8064
573, 8, 41, 23.5041, 14.8289
574, 8, 41, 23.458, 14.8646
575, 8, 41, 23.3907, 14.8799
576, 8, 41, 23.3534, 14.8953
577, 8, 41, 23.34, 14.909
578, 8, 41, 23.2429, 14.9191
579, 8, 41, 23.1458, 14.9785
580, 8, 41, 23.1297, 14.9979
581, 8, 41, 23.1189, 15.0195
582, 8, 41, 23.1076, 15.05
583, 8, 41, 23.067, 15.0895
584, 8, 41, 23.0508, 15.125
585, 8, 41, 23.0142, 15.1507
586, 8, 41, 22.9845, 15.1611
587, 8, 41, 22.874, 15.1821
588, 8, 41, 22.8442, 15.2081
589, 8, 41, 22.8145, 15.2866
590, 8, 41, 22.7877, 15.2967
591, 8, 41, 22.779, 15.3306
592, 8, 41, 22.7122, 15.3462
593, 8, 41, 22.6448, 15.3717
594, 8, 41, 22.618, 15.4136
595, 8, 41, 22.5342, 15.4246
596, 8, 41, 22.4237, 15.4572
597, 8, 41, 22.401, 15.4937
598, 8, 41, 22.3783, 15.5303
599, 8, 41, 22.3481, 15.5405
600, 8, 41, 22.3254, 15.5669
601, 8, 41, 22.3026, 15.6018
602, 8, 41, 22.2813, 15.618
603, 8, 41, 22.2768, 15.6431
604, 8, 41, 22.266, 15.6796
605, 8, 41, 22.2362, 15.7036
606, 8, 41, 22.2232, 15.7503
607, 8, 41, 22.1934, 15.7788
608, 8, 41, 22.1637, 15.7893
609, 8, 41, 22.1433, 15.8099
610, 8, 41, 22.1135, 15.8212
611, 8, 41, 22.0605, 15.8702
612, 8, 41, 22.0308, 15.9038
613, 8, 41, 22.0225, 15.9346
614, 8, 41, 21.912, 15.9556
615, 8, 41, 22.0055, 16.0139
616, 8, 41, 21.9828, 16.0403
617, 8, 41, 21.916, 16.061
618, 8, 40, 22.0537, 16.1089
619, 8, 40, 22.0466, 16.1534
620, 8, 40, 22.0405, 16.1868
621, 8, 40, 22.0275, 16.2155
622, 8, 40, 21.9793, 16.2461
623, 8, 40, 21.9352, 16.2616
624, 8, 40, 21.8421, 16.2873
625, 8, 40, 21.6376, 16.2979
626, 8, 40, 21.264, 16.3261
627, 8, 40, 20.8905, 16.3581
628, 8, 40, 20.8678, 16.4352
629, 8, 40, 20.8451, 16.4507
630, 8, 40, 20.8223, 16.461
631, 8, 40, 20.8062, 16.4906
632, 8, 40, 20.7756, 16.5282
633, 8, 40, 20.7315, 16.6026
634, 8, 40, 20.7136, 16.6371
635, 8, 40, 20.6956, 16.6643
636, 8, 40, 20.6701, 16.6806
637, 8, 40, 20.6033, 16.6966
638, 8, 40, 20.5806, 16.7602
639, 8, 40, 20.5579, 16.7782
640, 8, 40, 20.5448, 16.7942
641, 8, 40, 20.5235, 16.8222
642, 8, 40, 20.4567, 16.8424
643, 8, 40, 20.4387, 16.8599
644, 8, 40, 20.4208, 16.8796
645, 8, 40, 20.4029, 16.8899
646, 8, 40, 20.3898, 16.9005
647, 8, 40, 20.3684, 16.9549
648, 8, 40, 20.3202, 17.0075
649, 8, 40, 20.2529, 17.0231
650, 8, 40, 20.2489, 17.0475
651, 8, 40, 20.2215, 17.0694
652, 8, 40, 20.1685, 17.1064
653, 8, 40, 20.1471, 17.1268
654, 8, 39, 20.3102, 17.1583
655, 8, 39, 20.2804, 17.1777
656, 8, 39, 20.26, 17.21
657, 8, 39, 20.2302, 17.2299
658, 8, 39, 20.2005, 17.2679
659, 8, 39, 20.1737, 17.2946
660, 8, 39, 20.1331, 17.311
661, 8, 39, 20.0493, 17.3285
662, 8, 39, 20.0086, 17.3584
663, 8, 39, 19.968, 17.369
664, 8, 39, 19.9475, 17.3795
665, 8, 39, 19.8945, 17.3911
666, 8, 39, 19.8784, 17.4164
667, 8, 39, 19.8378, 17.4376
668, 8, 39, 19.7971, 17.4491
669, 8, 39, 19.7841, 17.4692
670, 8, 39, 19.7636, 17.513
671, 8, 39, 19.7106, 17.5376
672, 8, 39, 19.6838, 17.5696
673, 8, 39, 19.6541, 17.5809
674, 8, 39, 19.6243, 17.6179
675, 8, 39, 19.6136, 17.6645
676, 8, 39, 19.5165, 17.6795
677, 8, 39, 19.4234, 17.6981
678, 8, 39, 19.3129, 17.7087
679, 8, 38, 20.0761, 17.7348
680, 8, 38, 19.9231, 17.7509
681, 8, 38, 19.5496, 17.7652
682, 8, 38, 19.4658, 17.7875
683, 8, 37, 20.229, 17.8209
684, 8, 37, 20.1924, 17.8843
685, 8, 37, 20.1627, 17.9274
686, 8, 37, 20.1329, 17.9866
687, 8, 37, 20.1199, 18.0135
688, 8, 37, 20.1108, 18.0239
689, 8, 37, 20.2223, 18.0509
690, 8, 37, 20.3328, 18.1094
691, 8, 37, 20.303, 18.194
692, 8, 37, 20.2038, 18.2176
693, 8, 37, 20.1364, 18.2281
694, 8, 37, 19.9835, 18.2571
695, 8, 37, 19.8306, 18.2771
696, 8, 37, 19.7201, 18.304
697, 8, 37, 19.627, 18.3324
698, 8, 36, 19.8167, 18.3661
699, 8, 36, 19.7637, 18.4202
700, 8, 36, 19.6799, 18.4378
701, 8, 36, 19.6358, 18.4482
702, 8, 36, 19.552, 18.4674
703, 8, 36, 19.4682, 18.5112
704, 8, 36, 19.4009, 18.5382
705, 8, 36, 19.2904, 18.5486
706, 8, 36, 19.1799, 18.5845
707, 8, 36, 19.1433, 18.5993
708, 8, 36, 18.7698, 18.6296
709, 8, 36, 18.7621, 18.6477
710, 8, 36, 18.6874, 18.6654
711, 8, 36, 18.6344, 18.6863
712, 8, 36, 18.5814, 18.7037
713, 8, 36, 18.5225, 18.7152
714, 8, 36, 18.4923, 18.743
715, 8, 36, 18.4393, 18.7764
716, 8, 36, 18.3804, 18.804
717, 8, 36, 18.3131, 18.8144
718, 8, 36, 18.2542, 18.841
719, 8, 36, 18.1953, 18.8784
720, 8, 36, 18.1279, 18.8946
721, 8, 36, 18.0749, 18.96
722, 8, 36, 17.9644, 18.978
723, 8, 36, 17.9055, 19.0107
724, 8, 36, 17.8753, 19.0387
725, 8, 36, 17.8164, 19.058
726, 8, 36, 17.7723, 19.1122
727, 8, 36, 17.7317, 19.1728
728, 8, 36, 17.6876, 19.2192
729, 8, 35, 17.8363, 19.2359
730, 8, 35, 17.7957, 19.2462
731, 8, 35, 17.755, 19.2875
732, 8, 35, 17.7109, 19.3018
733, 8, 35, 17.6743, 19.3155
734, 8, 35, 17.607, 19.35
735, 8, 35, 17.5232, 19.3707
736, 8, 35, 17.4873, 19.4002
737, 8, 35, 17.0024, 19.4507
738, 8, 35, 16.9796, 19.4676
739, 8, 35, 16.9569, 19.4779
740, 8, 35, 16.9365, 19.533
741, 8, 35, 16.921, 19.5507
742, 8, 35, 16.9031, 19.5669
743, 8, 35, 16.8852, 19.614
744, 8, 35, 16.8371, 19.6306
745, 8, 35, 16.8226, 19.6551
746, 8, 35, 16.8081, 19.6654
747, 8, 35, 16.7936, 19.6862
748, 8, 35, 16.7828, 19.7196
749, 8, 35, 16.7659, 19.7362
750, 8, 35, 16.7623, 19.7728
751, 8, 35, 16.7455, 19.7837
752, 8, 35, 16.6782, 19.8085
753, 8, 35, 16.5811, 19.8555
754, 8, 35, 16.5778, 19.8737
755, 8, 35, 16.551, 19.8839
756, 8, 35, 16.5331, 19.9048
757, 8, 35, 16.5152, 19.9367
758, 8, 35, 16.4938, 19.9752
759, 8, 35, 16.4793, 19.993
760, 8, 35, 16.4648, 20.0274
761, 8, 35, 16.4514, 20.0692
762, 8, 35, 16.4484, 20.0797
763, 8, 35, 16.4397, 20.1024
764, 8, 34, 16.5809, 20.1156
765, 8, 34, 16.5581, 20.146
766, 8, 34, 16.5474, 20.1722
767, 8, 34, 16.5269, 20.2066
768, 8, 33, 16.69, 20.234
769, 8, 32, 16.8317, 20.2595
770, 8, 32, 16.8015, 20.3021
771, 9, 32, 16.7836, 20.3182
772, 9, 32, 16.7701, 20.3762
773, 9, 32, 16.7474, 20.3869
774, 9, 32, 16.7313, 20.419
775, 9, 31, 16.869, 20.4382
776, 9, 31, 16.8486, 20.4794
777, 9, 31, 16.8355, 20.5038
778, 9, 31, 16.8128, 20.5194
779, 9, 31, 16.7901, 20.5299
780, 9, 31, 16.7687, 20.5455
781, 9, 31, 16.739, 20.5709
782, 9, 31, 16.686, 20.5992
783, 9, 31, 16.6632, 20.6149
784, 9, 31, 16.6405, 20.6497
785, 9, 31, 16.6297, 20.6621
786, 9, 31, 16.6231, 20.6953
787, 9, 31, 16.7064, 20.7055
788, 9, 31, 16.6399, 20.7296
789, 9, 31, 16.5869, 20.7608
790, 9, 31, 16.5335, 20.8032
791, 9, 31, 16.4969, 20.8247
792, 9, 31, 16.4529, 20.8503
793, 9, 31, 16.4122, 20.862
794, 9, 31, 16.3908, 20.8726
795, 9, 31, 16.3378, 20.8829
796, 9, 31, 16.3224, 20.9556
797, 9, 31, 16.2858, 20.9658
798, 9, 31, 16.2591, 20.978
799, 9, 30, 16.5004, 21.0118
800, 9, 29, 16.6416, 21.0339
801, 9, 29, 16.605, 21.0804
802, 9, 29, 16.5753, 21.091
803, 9, 29, 16.564, 21.1279
804, 9, 29, 16.3594, 21.1755
805, 9, 29, 16.3537, 21.2011
806, 9, 29, 16.4205, 21.2184
807, 9, 29, 16.4043, 21.2495
808, 9, 28, 16.553, 21.2753
809, 9, 28, 16.5228, 21.2856
810, 9, 28, 16.5074, 21.3188
811, 9, 28, 16.4847, 21.3472
812, 9, 28, 16.4406, 21.3732
813, 9, 28, 16.4201, 21.4127
814, 9, 28, 16.3974, 21.4471
815, 9, 28, 16.3747, 21.4575
816, 9, 28, 16.3696, 21.471
817, 9, 28, 16.3469, 21.5
818, 9, 28, 16.2975, 21.5186
819, 9, 28, 16.2708, 21.5477
820, 9, 28, 16.241, 21.5693
821, 9, 28, 16.2113, 21.5984
822, 9, 28, 16.181, 21.6172
823, 9, 28, 16.1445, 21.6387
824, 9, 28, 16.1314, 21.6737
825, 9, 28, 16.0948, 21.6908
826, 9, 28, 16.0858, 21.7282
827, 9, 28, 16.059, 21.7681
828, 9, 28, 16.0411, 21.7959
829, 9, 28, 16.0232, 21.8309
830, 9, 28, 16.0155, 21.8446
831, 9, 28, 15.9975, 21.8547
832, 9, 28, 15.9796, 21.8817
833, 9, 28, 15.9751, 21.8924
834, 9, 28, 15.9338, 21.9348
835, 9, 28, 15.9111, 21.9584
836, 9, 28, 15.8907, 21.9772
837, 9, 28, 15.8604, 21.9922
838, 9, 28, 15.8337, 22.0023
839, 9, 28, 15.793, 22.0264
840, 9, 28, 15.7489, 22.0435
841, 9, 28, 15.7083, 22.0751
842, 9, 28, 15.7603, 22.1016
843, 9, 28, 15.7244, 22.1125
844, 9, 28, 15.6942, 22.1397
845, 9, 28, 15.664, 22.1643
846, 9, 28, 15.6412, 22.1809
847, 9, 28, 15.6185, 22.2185
848, 9, 28, 15.5971, 22.2376
849, 9, 28, 15.5674, 22.2552
850, 9, 28, 15.547, 22.2699
851, 9, 28, 15.5172, 22.3038
852, 9, 28, 15.487, 22.3389
853, 9, 28, 15.4572, 22.379
854, 9, 28, 15.4042, 22.3892
855, 9, 28, 15.3768, 22.4081
856, 9, 28, 15.3402, 22.4303
857, 9, 28, 15.3105, 22.4499
858, 9, 28, 15.2808, 22.4777
859, 9, 28, 15.254, 22.4882
860, 9, 27, 15.3933, 22.5033
861, 9, 27, 15.3705, 22.5137
862, 9, 27, 15.3032, 22.5244
863, 9, 27, 15.2887, 22.556
864, 9, 27, 15.2742, 22.5987
865, 9, 27, 15.2581, 22.6109
866, 9, 27, 15.2776, 22.6263
867, 9, 27, 15.2473, 22.6416
868, 9, 27, 15.2291, 22.6608
869, 9, 27, 15.1932, 22.6782
870, 9, 27, 15.1753, 22.6889
871, 9, 27, 15.1574, 22.6999
872, 9, 27, 15.1466, 22.726
873, 9, 27, 15.1354, 22.7423
874, 9, 27, 15.1223, 22.7582
875, 9, 27, 15.0949, 22.7694
876, 9, 27, 15.0508, 22.7826
877, 9, 27, 15.0481, 22.7929
878, 9, 27, 15.041, 22.8146
879, 9, 27, 15.0231, 22.8255
880, 9, 27, 14.9557, 22.8444
881, 9, 27, 14.9413, 22.8605
882, 9, 27, 14.9268, 22.8713
883, 9, 27, 14.8965, 22.9305
884, 9, 27, 14.8941, 22.9627
885, 9, 27, 14.8832, 22.9796
886, 9, 27, 14.8467, 22.9962
887, 9, 27, 14.8379, 23.0068
888, 9, 27, 14.7938, 23.025
889, 9, 27, 14.727, 23.059
890, 9, 27, 14.7125, 23.1029
891, 9, 27, 14.698, 23.1361
892, 9, 27, 14.6958, 23.1474
893, 10, 27, 14.6813, 23.1648
894, 10, 27, 14.6741, 23.1788
895, 10, 27, 14.6562, 23.208
896, 10, 27, 14.6454, 23.2186
897, 10, 27, 14.6275, 23.2669
898, 10, 27, 14.6096, 23.2825
899, 10, 27, 14.5983, 23.316
900, 10, 27, 14.5804, 23.3305
901, 10, 27, 14.5502, 23.3551
902, 10, 26, 14.687, 23.3658
903, 10, 26, 14.6691, 23.3877
904, 10, 26, 14.6341, 23.4029
905, 10, 26, 14.618, 23.4134
906, 10, 26, 14.6025, 23.424
907, 10, 26, 14.5798, 23.4347
908, 10, 26, 14.5637, 23.4454
909, 10, 26, 14.4107, 23.4623
910, 10, 26, 14.4017, 23.473
911, 10, 26, 14.3909, 23.4876
912, 10, 26, 14.3888, 23.5138
913, 10, 26, 14.3683, 23.5385
914, 10, 26, 14.4058, 23.5781
915, 10, 26, 14.4039, 23.6085
916, 10, 26, 14.3981, 23.6196
917, 10, 26, 14.3768, 23.6513
918, 10, 26, 14.371, 23.6738
919, 10, 26, 14.3565, 23.6845
920, 10, 26, 14.3474, 23.6952
921, 10, 26, 14.3313, 23.7314
922, 10, 26, 14.3236, 23.758
923, 10, 26, 14.3091, 23.7752
924, 10, 26, 14.2946, 23.8162
925, 10, 26, 14.2863, 23.8266
926, 10, 26, 14.2649, 23.8425
927, 10, 26, 14.2589, 23.8565
928, 10, 26, 14.2321, 23.8717
929, 10, 26, 14.2176, 23.8868
930, 10, 26, 14.2031, 23.898
931, 10, 26, 14.1964, 23.9211
932, 10, 25, 14.3592, 23.9319
933, 10, 25, 14.3388, 23.9499
934, 10, 25, 14.333, 23.9755
935, 10, 25, 14.3185, 23.9888
936, 10, 25, 14.304, 24.0128
937, 10, 25, 14.3038, 24.0234
938, 10, 25, 14.2739, 24.0338
939, 10, 25, 14.2656, 24.0442
940, 10, 25, 14.1127, 24.0803
941, 10, 25, 14.1007, 24.091
942, 10, 25, 14.0887, 24.1044
943, 10, 25, 14.0767, 24.1441
944, 10, 25, 14.069, 24.1789
945, 10, 25, 14.0535, 24.2246
946, 10, 25, 14.0437, 24.235
947, 10, 25, 14.0393, 24.2454
948, 10, 25, 14.031, 24.2825
949, 10, 25, 14.0083, 24.2927
950, 10, 25, 13.9856, 24.3273
951, 10, 25, 13.9642, 24.3382
952, 10, 25, 13.9368, 24.3554
953, 10, 25, 13.9154, 24.3787
954, 10, 25, 13.895, 24.4106
955, 10, 25, 13.8682, 24.4211
956, 10, 25, 13.8622, 24.4484
957, 10, 25, 13.8319, 24.4688
958, 10, 25, 13.8189, 24.4797
959, 10, 25, 13.7962, 24.4903
960, 10, 25, 13.7748, 24.501
961, 10, 25, 13.7521, 24.5117
962, 10, 25, 13.7253, 24.5559
963, 10, 25, 13.7048, 24.5971
964, 10, 25, 13.6375, 24.6124
965, 10, 25, 13.5894, 24.6422
966, 10, 25, 13.581, 24.6613
967, 10, 25, 13.677, 24.6814
968, 10, 25, 13.6591, 24.7079
969, 10, 25, 13.656, 24.7522
970, 10, 25, 13.6381, 24.7807
971, 10, 25, 13.632, 24.7982
972, 10, 25, 13.6141, 24.8119
973, 10, 25, 13.5962, 24.8302
974, 10, 25, 13.6446, 24.8413
975, 10, 25, 13.6285, 24.8518
976, 10, 25, 13.5844, 24.8759
977, 10, 25, 13.5097, 24.8971
978, 10, 24, 13.6728, 24.9243
979, 10, 24, 13.6287, 24.9545
980, 10, 24, 13.606, 24.9658
981, 10, 24, 13.5833, 24.9929
982, 10, 24, 13.5671, 25.0112
983, 10, 24, 13.5444, 25.0219
984, 10, 24, 13.5078, 25.0412
985, 10, 24, 13.4499, 25.0717
986, 10, 24, 13.3826, 25.1112
987, 10, 24, 13.3612, 25.1508
988, 10, 24, 13.3492, 25.194
989, 10, 24, 13.3373, 25.2047
990, 10, 24, 13.3355, 25.2308
991, 11, 24, 13.3235, 25.2518
992, 11, 24, 13.3188, 25.289
993, 11, 24, 13.3127, 25.3012
994, 11, 24, 13.2948, 25.3225
995, 11, 24, 13.2769, 25.338
996, 11, 24, 13.2638, 25.3515
997, 11, 24, 13.2336, 25.4013
998, 11, 23, 13.3704, 25.4177
999, 11, 23, 13.3596, 25.458
