Seed is: 75
Number of samples is: 3000
Simulation name is: Simulation_2TV_10x10.sim
TimeStep, Distraction Rate, Missed States, Model Accuracy, Time (ms)
0, 0, 732, 0, 6e-05
1, 0, 731, 1, 0.067729
2, 0, 731, 0.584963, 0.132002
3, 0, 730, 1.34816, 0.195913
4, 0, 729, 2.11136, 0.259144
5, 0, 728, 3.11136, 0.322945
6, 0, 727, 3.87455, 0.386667
7, 0, 726, 4.87455, 0.450648
8, 0, 725, 5.63775, 0.51445
9, 0, 724, 6.40095, 0.580506
10, 0, 723, 7.16415, 0.643826
11, 0, 722, 8.16415, 0.707327
12, 0, 721, 8.92734, 0.770939
13, 0, 720, 8.69515, 0.83459
14, 0, 719, 9.45835, 0.898752
15, 0, 718, 10.2215, 0.962493
16, 0, 717, 10.9847, 1.04443
17, 0, 716, 11.7479, 1.10988
18, 0, 715, 12.5111, 1.17407
19, 0, 714, 13.2743, 1.23858
20, 0, 713, 13.0421, 1.30276
21, 0, 712, 14.0421, 1.36726
22, 0, 711, 14.8053, 1.43163
23, 0, 710, 15.5685, 1.49597
24, 0, 709, 16.3317, 1.56024
25, 0, 708, 17.0949, 1.62442
26, 0, 707, 18.0949, 1.68837
27, 0, 706, 17.8627, 1.75253
28, 0, 705, 17.6305, 1.81659
29, 0, 704, 18.3937, 1.88053
30, 0, 703, 19.1569, 1.94515
31, 0, 703, 18.7419, 2.01003
32, 0, 702, 20.0901, 2.07491
33, 0, 701, 20.8533, 2.14003
34, 0, 700, 21.6165, 2.20434
35, 1, 699, 22.6165, 2.26909
36, 2, 698, 23.6165, 2.33385
37, 2, 697, 23.9692, 2.39889
38, 2, 697, 23.4843, 2.47408
39, 2, 697, 22.9993, 2.53971
40, 2, 696, 23.3521, 2.60496
41, 2, 696, 22.8671, 2.6704
42, 2, 695, 23.6303, 2.73508
43, 2, 694, 24.3935, 2.79921
44, 2, 693, 25.1567, 2.86387
45, 2, 692, 25.9199, 2.9287
46, 2, 691, 26.6831, 2.99327
47, 2, 690, 27.6831, 3.05782
48, 2, 689, 28.4463, 3.12299
49, 2, 688, 29.2095, 3.19031
50, 2, 687, 29.9727, 3.2554
51, 2, 686, 29.7405, 3.32033
52, 2, 685, 30.7405, 3.38602
53, 2, 684, 31.5037, 3.45119
54, 2, 683, 32.2669, 3.51639
55, 2, 682, 33.0301, 3.58142
56, 2, 681, 33.7933, 3.64658
57, 2, 680, 34.5565, 3.71119
58, 2, 679, 35.3197, 3.77639
59, 2, 678, 36.0829, 3.84294
60, 2, 677, 36.8461, 3.90753
61, 2, 676, 37.6093, 3.97226
62, 2, 675, 38.3725, 4.03722
63, 2, 675, 37.9989, 4.10232
64, 2, 675, 37.6254, 4.16776
65, 2, 674, 38.9736, 4.23343
66, 2, 673, 39.7368, 4.29842
67, 2, 672, 40.5, 4.36355
68, 2, 671, 41.5, 4.4287
69, 2, 670, 42.2631, 4.49412
70, 2, 669, 43.0263, 4.5595
71, 2, 668, 43.7895, 4.62461
72, 2, 667, 44.5527, 4.68979
73, 2, 666, 45.3159, 4.75501
74, 2, 666, 44.9424, 4.82039
75, 2, 665, 45.7056, 4.88594
76, 2, 664, 46.4688, 4.95108
77, 2, 663, 47.232, 5.01632
78, 2, 662, 47.9952, 5.08165
79, 2, 661, 48.7584, 5.14705
80, 2, 660, 49.5216, 5.21255
81, 2, 659, 50.2848, 5.27821
82, 2, 658, 50.0526, 5.34359
83, 2, 657, 50.8158, 5.40903
84, 2, 656, 51.579, 5.47469
85, 2, 655, 52.3422, 5.54042
86, 2, 654, 53.1054, 5.60587
87, 2, 653, 53.8686, 5.67161
88, 2, 652, 53.6364, 5.73755
89, 2, 651, 54.3996, 5.81882
90, 2, 650, 55.1628, 5.88455
91, 2, 649, 56.1628, 5.95225
92, 2, 648, 56.926, 6.01781
93, 2, 647, 57.6892, 6.08304
94, 2, 646, 58.4524, 6.14861
95, 2, 645, 59.4524, 6.21439
96, 2, 644, 60.2156, 6.28008
97, 2, 643, 60.9788, 6.34582
98, 2, 642, 60.7466, 6.41151
99, 2, 641, 61.5098, 6.47734
100, 2, 640, 62.273, 6.54282
101, 2, 639, 62.0408, 6.60831
102, 2, 638, 62.804, 6.67424
103, 2, 637, 63.5672, 6.74024
104, 2, 636, 64.3304, 6.80773
105, 2, 635, 65.0936, 6.87424
106, 2, 634, 65.8568, 6.94027
107, 2, 633, 66.62, 7.00666
108, 2, 632, 67.3832, 7.07293
109, 2, 631, 68.1464, 7.13938
110, 2, 630, 69.1464, 7.20573
111, 2, 629, 68.9142, 7.27252
112, 2, 628, 69.6774, 7.3391
113, 2, 627, 70.6774, 7.40555
114, 2, 626, 71.4406, 7.47197
115, 2, 625, 72.2037, 7.53869
116, 2, 624, 72.9669, 7.60556
117, 2, 623, 73.7301, 7.67214
118, 2, 623, 73.3151, 7.73889
119, 2, 622, 74.0783, 7.80572
120, 2, 621, 74.8415, 7.87254
121, 2, 620, 75.8415, 7.93938
122, 2, 619, 76.6047, 8.00645
123, 2, 618, 77.3679, 8.07373
124, 2, 617, 78.1311, 8.14106
125, 2, 616, 79.4793, 8.2083
126, 2, 615, 80.2424, 8.27511
127, 2, 615, 79.8274, 8.34213
128, 2, 614, 81.1756, 8.4095
129, 2, 613, 81.9388, 8.47779
130, 2, 612, 82.9388, 8.54546
131, 2, 611, 83.702, 8.61335
132, 2, 610, 84.4652, 8.68052
133, 2, 609, 85.2284, 8.74808
134, 2, 608, 85.9916, 8.81681
135, 2, 607, 86.7548, 8.88473
136, 2, 606, 87.518, 8.95294
137, 2, 605, 88.2811, 9.02063
138, 2, 604, 89.0443, 9.10056
139, 2, 603, 89.8075, 9.17437
140, 2, 602, 90.5707, 9.2486
141, 2, 601, 91.5707, 9.31678
142, 2, 600, 92.3339, 9.38484
143, 2, 599, 93.0971, 9.45302
144, 2, 598, 94.0971, 9.52154
145, 2, 597, 93.8649, 9.58916
146, 2, 597, 93.4914, 9.65763
147, 2, 596, 94.4914, 9.72539
148, 2, 595, 95.2546, 9.79363
149, 2, 594, 96.0178, 9.86146
150, 2, 594, 95.6443, 9.92984
151, 2, 593, 96.6443, 9.99831
152, 2, 593, 96.2292, 10.0669
153, 2, 593, 95.8557, 10.1358
154, 2, 593, 95.4407, 10.2039
155, 2, 592, 95.7934, 10.2722
156, 2, 592, 95.3085, 10.3411
157, 2, 592, 94.9349, 10.4092
158, 2, 591, 95.6981, 10.4775
159, 2, 590, 96.4613, 10.5533
160, 2, 589, 97.4613, 10.648
161, 2, 588, 98.2245, 10.7374
162, 2, 587, 98.9877, 10.814
163, 2, 586, 99.7509, 10.8959
164, 2, 585, 100.514, 10.9877
165, 2, 585, 100.141, 11.1084
166, 2, 585, 99.7255, 11.1824
167, 2, 584, 101.074, 11.2785
168, 2, 583, 101.837, 11.389
169, 2, 582, 102.6, 11.4894
170, 2, 581, 102.368, 11.5737
171, 2, 581, 101.994, 11.6433
172, 2, 581, 101.509, 11.7125
173, 2, 580, 102.273, 11.7812
174, 2, 579, 103.036, 11.8498
175, 2, 579, 102.621, 11.9188
176, 2, 579, 102.247, 11.9875
177, 2, 578, 102.6, 12.0563
178, 2, 578, 102.395, 12.1244
179, 2, 578, 102.022, 12.1931
180, 2, 578, 101.648, 12.2615
181, 2, 578, 101.275, 12.3299
182, 2, 578, 100.79, 12.3988
183, 2, 577, 100.558, 12.482
184, 2, 577, 100.184, 12.5508
185, 2, 576, 100.537, 12.6196
186, 2, 576, 100.052, 12.6891
187, 2, 576, 99.8991, 12.7577
188, 2, 576, 99.4141, 12.8294
189, 2, 576, 99.0406, 12.8992
190, 2, 575, 99.8038, 12.9686
191, 2, 574, 100.567, 13.0374
192, 2, 573, 101.33, 13.1068
193, 2, 572, 102.093, 13.1767
194, 2, 572, 101.72, 13.2463
195, 2, 572, 101.346, 13.3161
196, 2, 572, 100.931, 13.3854
197, 2, 572, 100.558, 13.4551
198, 2, 572, 100.184, 13.5243
199, 2, 571, 99.952, 13.5937
200, 2, 571, 99.5784, 13.6634
201, 2, 571, 99.2049, 13.7328
202, 2, 571, 98.8314, 13.8024
203, 2, 571, 98.4578, 13.8716
204, 2, 570, 99.221, 13.941
205, 2, 569, 99.9842, 14.0102
206, 2, 568, 100.747, 14.0792
207, 2, 567, 101.511, 14.1486
208, 2, 567, 101.137, 14.2183
209, 2, 567, 100.764, 14.2882
210, 2, 567, 100.279, 14.3581
211, 2, 567, 99.9051, 14.428
212, 2, 567, 99.5315, 14.4973
213, 2, 566, 99.7729, 14.5665
214, 2, 566, 99.3993, 14.6363
215, 2, 566, 99.2464, 14.7063
216, 2, 565, 100.595, 14.7756
217, 2, 565, 100.221, 14.845
218, 2, 565, 99.8475, 14.9149
219, 2, 564, 101.196, 14.9842
220, 2, 564, 100.711, 15.0539
221, 2, 564, 100.226, 15.1238
222, 2, 564, 99.8522, 15.1939
223, 2, 564, 99.4787, 15.2635
224, 2, 564, 99.2741, 15.3336
225, 2, 564, 99.4961, 15.4032
226, 2, 564, 99.3431, 15.4723
227, 2, 564, 99.1386, 15.5422
228, 2, 564, 98.934, 15.6122
229, 2, 564, 98.7811, 15.6817
230, 2, 564, 98.6282, 15.7595
231, 2, 563, 98.981, 15.8301
232, 2, 563, 98.496, 15.9004
233, 2, 563, 98.081, 15.9703
234, 2, 562, 98.4337, 16.0399
235, 2, 562, 97.9488, 16.1094
236, 2, 562, 97.7442, 16.179
237, 2, 562, 97.5397, 16.2487
238, 2, 562, 97.3698, 16.3183
239, 2, 562, 97.2168, 16.3885
240, 2, 562, 97.0639, 16.4586
241, 2, 562, 96.911, 16.5284
242, 2, 562, 96.5374, 16.5985
243, 2, 561, 97.3006, 16.6679
244, 2, 560, 98.0638, 16.7373
245, 2, 559, 98.827, 16.8071
246, 2, 558, 99.5902, 16.8784
247, 2, 557, 100.353, 16.9474
248, 2, 556, 101.353, 17.0169
249, 2, 555, 102.117, 17.0868
250, 2, 555, 101.743, 17.1562
251, 2, 555, 101.37, 17.229
252, 2, 555, 100.996, 17.2987
253, 2, 555, 100.622, 17.3684
254, 2, 554, 101.622, 17.4375
255, 2, 554, 101.249, 17.5066
256, 2, 554, 100.834, 17.5761
257, 2, 554, 100.46, 17.6484
258, 2, 553, 101.224, 17.7184
259, 2, 552, 101.987, 17.7882
260, 2, 551, 102.75, 17.8579
261, 2, 550, 103.513, 17.9282
262, 2, 550, 103.14, 17.998
263, 2, 550, 102.766, 18.0679
264, 2, 550, 102.351, 18.1381
265, 2, 550, 101.978, 18.2084
266, 2, 550, 101.604, 18.2788
267, 2, 549, 101.372, 18.3483
268, 2, 549, 100.998, 18.4181
269, 2, 549, 100.828, 18.488
270, 2, 549, 100.675, 18.5578
271, 2, 549, 100.522, 18.6278
272, 2, 549, 100.37, 18.6982
273, 2, 549, 100.217, 18.7688
274, 2, 549, 100.047, 18.8405
275, 2, 549, 99.9536, 18.9096
276, 2, 548, 100.195, 18.9794
277, 2, 548, 100.025, 19.0482
278, 2, 548, 99.8205, 19.1259
279, 2, 548, 99.6505, 19.1957
280, 2, 548, 99.4976, 19.2654
281, 2, 548, 99.2342, 19.3351
282, 2, 548, 99.0812, 19.4044
283, 2, 548, 98.8767, 19.4743
284, 2, 548, 98.7238, 19.5441
285, 2, 548, 98.5708, 19.6139
286, 2, 547, 99.919, 19.684
287, 2, 546, 100.919, 19.7536
288, 2, 546, 100.545, 19.8229
289, 2, 545, 101.545, 19.8922
290, 2, 544, 101.898, 19.9617
291, 2, 544, 101.413, 20.0316
292, 2, 543, 102.413, 20.1014
293, 2, 543, 101.998, 20.1712
294, 2, 543, 101.625, 20.2408
295, 2, 543, 101.251, 20.3109
296, 2, 542, 102.599, 20.3807
297, 2, 541, 102.367, 20.4501
298, 2, 540, 103.13, 20.52
299, 2, 539, 103.894, 20.5898
300, 2, 538, 104.657, 20.6595
301, 2, 537, 104.425, 20.7295
302, 2, 536, 105.188, 20.799
303, 2, 535, 105.951, 20.871
304, 2, 534, 106.714, 20.941
305, 2, 533, 107.477, 21.0112
306, 2, 532, 108.241, 21.0815
307, 2, 531, 109.004, 21.152
308, 2, 531, 108.63, 21.2221
309, 2, 530, 108.983, 21.2928
310, 2, 530, 108.498, 21.3639
311, 2, 529, 109.846, 21.4343
312, 2, 528, 110.609, 21.5049
313, 2, 527, 111.373, 21.5754
314, 2, 527, 110.957, 21.6459
315, 2, 527, 110.584, 21.717
316, 2, 527, 110.169, 21.7877
317, 2, 527, 109.795, 21.8584
318, 2, 527, 109.422, 21.929
319, 2, 527, 109.048, 21.9993
320, 2, 527, 108.878, 22.0696
321, 2, 527, 108.725, 22.1403
322, 2, 527, 109.041, 22.211
323, 2, 527, 108.625, 22.2821
324, 2, 527, 108.252, 22.3545
325, 2, 527, 107.878, 22.4351
326, 2, 527, 107.505, 22.5057
327, 2, 527, 107.131, 22.577
328, 2, 526, 107.895, 22.6476
329, 2, 525, 108.658, 22.7182
330, 2, 524, 110.006, 22.7892
331, 2, 523, 110.769, 22.8745
332, 2, 522, 111.769, 22.9609
333, 2, 521, 112.532, 23.0459
334, 2, 520, 112.3, 23.1174
335, 2, 520, 111.927, 23.1878
336, 2, 520, 111.512, 23.2584
337, 2, 519, 111.864, 23.3296
338, 2, 519, 111.379, 23.4005
339, 2, 518, 111.732, 23.4713
340, 2, 518, 111.247, 23.5425
341, 2, 518, 110.669, 23.6137
342, 2, 518, 110.296, 23.6843
343, 2, 518, 109.922, 23.7557
344, 2, 518, 109.548, 23.8269
345, 2, 518, 109.396, 23.8983
346, 2, 518, 109.226, 23.9692
347, 2, 518, 109.073, 24.0401
348, 2, 518, 108.699, 24.1107
349, 2, 518, 108.284, 24.1814
350, 2, 518, 107.911, 24.2523
351, 2, 518, 107.426, 24.3238
352, 2, 518, 107.052, 24.3946
353, 2, 518, 106.882, 24.4659
354, 2, 518, 106.729, 24.5366
355, 2, 518, 106.356, 24.6074
356, 2, 517, 106.708, 24.6786
357, 2, 517, 106.223, 24.7501
358, 2, 517, 105.85, 24.8213
359, 2, 516, 106.203, 24.8926
360, 2, 516, 105.718, 24.9642
361, 2, 516, 105.344, 25.0351
362, 2, 516, 104.859, 25.1064
363, 2, 516, 104.486, 25.1775
364, 2, 516, 104.112, 25.248
365, 2, 516, 103.739, 25.3194
366, 2, 516, 103.365, 25.3903
367, 2, 516, 102.992, 25.4611
368, 2, 516, 102.618, 25.5326
369, 2, 515, 103.966, 25.6041
370, 2, 514, 104.729, 25.6752
371, 2, 513, 105.082, 25.7586
372, 2, 513, 105.397, 25.831
373, 2, 513, 105.024, 25.9037
374, 2, 512, 105.787, 25.9742
375, 2, 511, 106.55, 26.0443
376, 2, 510, 107.313, 26.115
377, 2, 509, 108.076, 26.1857
378, 2, 509, 107.703, 26.2571
379, 2, 508, 108.703, 26.3282
380, 2, 508, 108.329, 26.3995
381, 2, 507, 109.093, 26.4817
382, 3, 507, 108.678, 26.5676
383, 4, 507, 108.508, 26.6719
384, 5, 507, 108.093, 26.7832
385, 6, 507, 107.923, 26.9057
386, 7, 507, 107.83, 26.9971
387, 8, 507, 107.736, 27.0819
388, 9, 507, 107.678, 27.1558
389, 9, 507, 107.473, 27.2261
390, 9, 507, 107.099, 27.2969
391, 10, 507, 107.041, 27.3709
392, 11, 507, 107, 27.4457
393, 12, 507, 106.959, 27.5212
394, 13, 507, 106.93, 27.5971
395, 14, 507, 106.9, 27.6743
396, 14, 507, 106.695, 27.7521
397, 14, 507, 106.322, 27.8233
398, 14, 506, 106.675, 27.894
399, 14, 506, 106.19, 27.9651
400, 14, 505, 107.538, 28.0365
401, 14, 504, 108.301, 28.1073
402, 14, 504, 107.816, 28.1783
403, 14, 503, 108.816, 28.2484
404, 14, 503, 108.401, 28.3192
405, 14, 503, 108.027, 28.3901
406, 14, 502, 109.027, 28.4615
407, 14, 502, 108.654, 28.5328
408, 14, 502, 108.28, 28.6042
409, 14, 502, 108.076, 28.6763
410, 15, 502, 108.053, 28.7547
411, 16, 502, 108.03, 28.8345
412, 17, 502, 108.012, 28.9142
413, 17, 502, 107.902, 28.9847
414, 17, 502, 107.528, 29.0562
415, 17, 502, 107.155, 29.1413
416, 17, 502, 106.781, 29.2133
417, 17, 501, 107.134, 29.285
418, 17, 501, 106.649, 29.3579
419, 17, 500, 107.997, 29.4295
420, 17, 499, 108.76, 29.5008
421, 17, 498, 109.524, 29.5715
422, 17, 497, 110.287, 29.6434
423, 17, 497, 109.913, 29.715
424, 17, 497, 109.54, 29.7869
425, 17, 497, 109.166, 29.8606
426, 17, 497, 108.793, 29.9322
427, 17, 496, 109.556, 30.0037
428, 17, 495, 110.319, 30.0756
429, 17, 494, 111.082, 30.1475
430, 17, 493, 111.846, 30.2201
431, 17, 492, 112.609, 30.292
432, 17, 491, 113.372, 30.3643
433, 17, 490, 114.135, 30.4362
434, 17, 489, 114.898, 30.5083
435, 17, 488, 115.662, 30.5806
436, 17, 487, 116.425, 30.6529
437, 17, 486, 117.188, 30.7253
438, 17, 485, 117.951, 30.7974
439, 17, 484, 118.951, 30.87
440, 17, 483, 119.714, 30.9437
441, 17, 482, 120.714, 31.0159
442, 17, 481, 121.477, 31.0882
443, 17, 480, 122.477, 31.1606
444, 17, 479, 123.241, 31.2329
445, 17, 478, 124.241, 31.3049
446, 17, 477, 125.004, 31.3768
447, 17, 476, 125.767, 31.4492
448, 17, 475, 126.53, 31.5217
449, 17, 474, 127.293, 31.5942
450, 17, 473, 128.057, 31.6666
451, 17, 472, 128.82, 31.7389
452, 17, 471, 130.168, 31.8113
453, 17, 470, 130.931, 31.8839
454, 17, 469, 131.694, 31.9565
455, 17, 468, 132.458, 32.0295
456, 17, 467, 133.221, 32.1028
457, 17, 466, 133.984, 32.1773
458, 17, 465, 134.747, 32.2502
459, 17, 464, 135.51, 32.3227
460, 17, 463, 136.274, 32.3952
461, 17, 463, 135.9, 32.4793
462, 17, 463, 135.527, 32.552
463, 17, 463, 135.153, 32.625
464, 17, 463, 134.668, 32.6983
465, 17, 463, 134.295, 32.7714
466, 17, 463, 134.142, 32.8442
467, 17, 462, 134.494, 32.9165
468, 17, 462, 134.009, 32.9898
469, 17, 461, 134.362, 33.0628
470, 17, 461, 133.877, 33.136
471, 17, 461, 133.504, 33.2095
472, 17, 461, 133.13, 33.2822
473, 17, 461, 132.757, 33.3551
474, 17, 461, 132.383, 33.4283
475, 17, 461, 132.23, 33.5015
476, 17, 461, 131.857, 33.5741
477, 17, 461, 131.372, 33.6479
478, 17, 460, 132.372, 33.7247
479, 17, 460, 131.998, 33.7978
480, 17, 460, 131.625, 33.8712
481, 17, 460, 131.541, 33.9434
482, 17, 460, 131.167, 34.0155
483, 17, 460, 130.794, 34.0876
484, 17, 460, 130.42, 34.1609
485, 17, 460, 130.047, 34.234
486, 17, 459, 130.81, 34.3104
487, 17, 458, 131.573, 34.3833
488, 17, 457, 132.336, 34.4565
489, 17, 456, 133.099, 34.5299
490, 17, 455, 134.099, 34.6031
491, 17, 455, 133.726, 34.6765
492, 17, 455, 133.352, 34.7497
493, 17, 455, 133.148, 34.8243
494, 17, 455, 132.943, 34.8978
495, 17, 455, 132.57, 34.9715
496, 17, 455, 132.085, 35.0448
497, 17, 455, 131.711, 35.1182
498, 17, 455, 131.338, 35.1918
499, 17, 455, 130.964, 35.2653
500, 17, 455, 130.591, 35.3385
501, 17, 455, 130.217, 35.4114
502, 17, 455, 129.732, 35.4854
503, 17, 455, 129.247, 35.5586
504, 17, 455, 128.874, 35.6337
505, 17, 455, 128.5, 35.7721
506, 17, 455, 128.127, 35.8467
507, 17, 454, 129.475, 35.9218
508, 17, 453, 129.243, 35.9947
509, 17, 452, 130.006, 36.0673
510, 17, 452, 130.321, 36.1407
511, 17, 452, 129.947, 36.2139
512, 17, 452, 129.574, 36.2871
513, 17, 452, 129.369, 36.3629
514, 17, 452, 129.591, 36.4367
515, 17, 452, 129.438, 36.5098
516, 17, 452, 129.234, 36.5829
517, 17, 452, 129.081, 36.6574
518, 17, 451, 129.322, 36.7312
519, 17, 451, 129.118, 36.8048
520, 17, 451, 128.744, 36.8798
521, 17, 450, 129.507, 36.9524
522, 17, 449, 130.27, 37.0254
523, 17, 448, 131.034, 37.0984
524, 17, 447, 131.797, 37.1719
525, 17, 446, 132.56, 37.2445
526, 17, 445, 133.56, 37.318
527, 17, 444, 134.323, 37.3913
528, 17, 443, 135.086, 37.465
529, 17, 442, 135.85, 37.5382
530, 17, 441, 135.617, 37.6113
531, 17, 440, 136.381, 37.6848
532, 17, 439, 136.148, 37.7582
533, 17, 438, 135.916, 37.8321
534, 17, 437, 136.679, 37.9058
535, 17, 436, 137.443, 37.9793
536, 17, 435, 138.206, 38.0528
537, 17, 434, 138.969, 38.1266
538, 17, 433, 139.732, 38.2004
539, 17, 432, 139.5, 38.2741
540, 17, 431, 140.263, 38.3484
541, 17, 430, 141.026, 38.4229
542, 17, 429, 140.794, 38.4966
543, 17, 428, 141.557, 38.5704
544, 17, 427, 142.906, 38.6448
545, 17, 426, 143.669, 38.7302
546, 17, 425, 144.432, 38.8049
547, 17, 424, 144.2, 38.8789
548, 17, 423, 145.2, 38.9531
549, 17, 422, 145.963, 39.0278
550, 17, 421, 146.726, 39.11
551, 17, 421, 146.353, 39.1838
552, 17, 421, 145.868, 39.2584
553, 17, 420, 146.631, 39.3369
554, 17, 419, 147.394, 39.411
555, 17, 418, 147.162, 39.4852
556, 17, 417, 147.925, 39.5598
557, 17, 416, 148.688, 39.6339
558, 17, 415, 149.451, 39.7097
559, 17, 414, 150.215, 39.7848
560, 17, 413, 150.978, 39.8588
561, 17, 412, 151.741, 39.9332
562, 17, 411, 152.094, 40.0075
563, 17, 411, 152.409, 40.0825
564, 17, 410, 153.757, 40.1574
565, 17, 409, 154.52, 40.2317
566, 17, 408, 155.283, 40.3063
567, 17, 407, 156.047, 40.3807
568, 17, 406, 156.81, 40.4554
569, 17, 405, 157.573, 40.5297
570, 17, 404, 158.336, 40.6043
571, 17, 403, 159.099, 40.6789
572, 17, 402, 159.863, 40.7535
573, 17, 401, 159.63, 40.8281
574, 17, 401, 159.257, 40.9038
575, 17, 400, 160.257, 40.9794
576, 17, 399, 161.02, 41.0549
577, 17, 398, 162.02, 41.133
578, 17, 397, 162.783, 41.2083
579, 17, 396, 163.783, 41.2838
580, 17, 395, 164.136, 41.3597
581, 17, 395, 163.651, 41.4354
582, 17, 394, 164.651, 41.5134
583, 17, 394, 164.277, 41.5892
584, 17, 393, 165.041, 41.6647
585, 17, 392, 164.808, 41.7405
586, 17, 391, 165.572, 41.8178
587, 17, 390, 166.572, 41.895
588, 17, 390, 166.198, 41.9704
589, 17, 389, 167.198, 42.0456
590, 17, 389, 166.825, 42.1208
591, 17, 389, 166.451, 42.1967
592, 17, 389, 166.078, 42.2726
593, 17, 389, 165.704, 42.3482
594, 17, 388, 167.052, 42.4358
595, 17, 387, 168.4, 42.5193
596, 17, 387, 168.027, 42.6156
597, 17, 387, 167.542, 42.7098
598, 17, 387, 167.168, 42.817
599, 17, 387, 166.683, 42.915
600, 17, 386, 168.032, 43.0313
601, 17, 385, 169.38, 43.1253
602, 17, 384, 170.143, 43.2033
603, 17, 384, 169.769, 43.2782
604, 17, 384, 169.396, 43.3535
605, 17, 384, 169.022, 43.4513
606, 17, 383, 169.375, 43.5273
607, 17, 383, 168.89, 43.603
608, 17, 383, 168.517, 43.6784
609, 17, 383, 168.143, 43.7541
610, 17, 383, 167.769, 43.8299
611, 17, 383, 167.396, 43.9052
612, 17, 382, 168.159, 43.9805
613, 17, 381, 168.922, 44.0557
614, 17, 380, 169.686, 44.1315
615, 17, 379, 170.686, 44.2069
616, 17, 378, 171.449, 44.2823
617, 17, 377, 172.212, 44.3577
618, 17, 376, 172.975, 44.4346
619, 17, 375, 173.975, 44.5105
620, 17, 374, 174.738, 44.5865
621, 17, 373, 175.502, 44.662
622, 17, 372, 176.265, 44.7377
623, 17, 371, 177.265, 44.813
624, 17, 370, 178.028, 44.8887
625, 17, 369, 178.791, 44.9642
626, 17, 368, 179.554, 45.0401
627, 17, 367, 180.554, 45.116
628, 17, 366, 181.318, 45.1917
629, 17, 365, 182.081, 45.2673
630, 17, 364, 183.081, 45.3432
631, 17, 363, 183.844, 45.4191
632, 17, 362, 184.607, 45.4955
633, 17, 361, 184.375, 45.5732
634, 17, 361, 183.96, 45.6497
635, 17, 360, 185.308, 45.7253
636, 17, 359, 186.071, 45.8136
637, 17, 358, 187.071, 45.8918
638, 17, 358, 186.698, 45.9689
639, 17, 357, 187.05, 46.0479
640, 17, 357, 186.565, 46.1276
641, 17, 357, 186.192, 46.207
642, 17, 357, 185.818, 46.2841
643, 17, 356, 186.582, 46.361
644, 17, 355, 187.93, 46.4378
645, 17, 355, 187.556, 46.5146
646, 17, 355, 187.352, 46.5917
647, 17, 355, 186.978, 46.669
648, 17, 355, 186.605, 46.7458
649, 17, 355, 186.4, 46.8231
650, 17, 355, 186.622, 46.9001
651, 17, 355, 186.469, 46.9776
652, 17, 354, 186.822, 47.0543
653, 17, 354, 186.337, 47.1313
654, 17, 354, 185.963, 47.2082
655, 17, 354, 185.548, 47.285
656, 17, 354, 185.175, 47.362
657, 17, 354, 184.801, 47.4388
658, 17, 353, 185.564, 47.5157
659, 17, 352, 186.913, 47.5929
660, 17, 352, 186.539, 47.6698
661, 17, 352, 186.166, 47.7469
662, 17, 352, 185.792, 47.8237
663, 17, 352, 185.377, 47.9025
664, 17, 352, 185.003, 47.9799
665, 17, 352, 184.63, 48.0573
666, 17, 352, 184.256, 48.1345
667, 17, 352, 183.841, 48.2122
668, 17, 352, 183.468, 48.2899
669, 17, 352, 183.053, 48.3672
670, 17, 352, 182.638, 48.4448
671, 17, 352, 182.264, 48.5223
672, 17, 351, 182.617, 48.5998
673, 17, 351, 182.132, 48.6778
674, 17, 351, 181.758, 48.7557
675, 17, 351, 181.385, 48.8335
676, 17, 351, 181.011, 48.9113
677, 17, 351, 180.638, 48.989
678, 17, 351, 180.264, 49.067
679, 17, 351, 179.891, 49.1583
680, 17, 351, 179.517, 49.2359
681, 17, 351, 179.144, 49.3131
682, 17, 351, 178.939, 49.3908
683, 17, 351, 178.786, 49.4678
684, 17, 351, 178.633, 49.5451
685, 17, 351, 178.429, 49.6217
686, 17, 351, 178.014, 49.6994
687, 17, 351, 178.236, 49.7772
688, 17, 351, 178.083, 49.8549
689, 17, 351, 177.93, 49.9346
690, 17, 351, 177.725, 50.013
691, 17, 351, 177.572, 50.0909
692, 17, 351, 177.199, 50.1688
693, 17, 351, 176.825, 50.247
694, 17, 351, 176.41, 50.3254
695, 17, 351, 176.037, 50.4037
696, 17, 351, 175.663, 50.4821
697, 17, 351, 175.51, 50.5597
698, 17, 351, 175.357, 50.6379
699, 17, 351, 175.153, 50.716
700, 17, 351, 174.983, 50.7934
701, 17, 351, 174.83, 50.8714
702, 17, 351, 174.345, 50.9511
703, 17, 351, 173.971, 51.0288
704, 17, 351, 173.598, 51.106
705, 17, 351, 173.224, 51.1837
706, 17, 351, 172.851, 51.2615
707, 17, 351, 172.273, 51.3396
708, 17, 351, 172.068, 51.4171
709, 17, 351, 171.915, 51.4947
710, 17, 351, 171.542, 51.5721
711, 17, 351, 171.389, 51.6493
712, 17, 351, 171.305, 51.7266
713, 17, 351, 171.152, 51.8043
714, 17, 351, 170.999, 51.8819
715, 17, 351, 170.829, 51.9587
716, 17, 351, 170.719, 52.0366
717, 17, 351, 170.566, 52.1143
718, 17, 351, 170.482, 52.1918
719, 17, 351, 170.329, 52.2695
720, 17, 351, 170.176, 52.3477
721, 17, 351, 170.066, 52.4338
722, 17, 351, 169.982, 52.5119
723, 17, 351, 169.829, 52.5897
724, 17, 351, 170.051, 52.6676
725, 17, 351, 169.881, 52.7458
726, 17, 351, 169.728, 52.8236
727, 17, 351, 169.617, 52.9021
728, 17, 351, 169.507, 52.9808
729, 17, 351, 169.396, 53.0581
730, 17, 351, 169.313, 53.1356
731, 17, 351, 169.229, 53.213
732, 17, 351, 169.118, 53.2943
733, 17, 351, 169.025, 53.372
734, 17, 351, 168.941, 53.4494
735, 17, 351, 168.858, 53.5266
736, 17, 351, 168.774, 53.6038
737, 17, 351, 168.69, 53.6811
738, 17, 351, 168.597, 53.7589
739, 17, 351, 168.513, 53.8362
740, 17, 351, 168.677, 53.9138
741, 17, 351, 168.624, 53.9919
742, 17, 351, 168.54, 54.0686
743, 17, 351, 168.43, 54.1458
744, 17, 351, 168.346, 54.2228
745, 17, 351, 168.083, 54.2998
746, 17, 351, 167.709, 54.3767
747, 17, 350, 168.062, 54.4534
748, 17, 350, 167.577, 54.5303
749, 17, 350, 167.407, 54.6068
750, 17, 350, 167.254, 54.6835
751, 17, 350, 167.161, 54.7607
752, 17, 350, 167.077, 54.8379
753, 17, 350, 167.01, 54.9148
754, 17, 350, 166.917, 54.9917
755, 17, 350, 166.849, 55.069
756, 17, 350, 166.972, 55.1459
757, 17, 349, 167.135, 55.2223
758, 17, 349, 167.067, 55.2993
759, 17, 349, 167, 55.3763
760, 17, 349, 166.956, 55.4535
761, 17, 349, 166.912, 55.5307
762, 17, 349, 166.868, 55.6075
763, 17, 349, 166.824, 55.6886
764, 17, 349, 166.765, 55.7778
765, 17, 349, 166.735, 55.8543
766, 17, 349, 166.676, 55.9317
767, 17, 349, 166.617, 56.0088
768, 17, 349, 166.576, 56.0848
769, 17, 349, 166.646, 56.162
770, 17, 349, 166.616, 56.2391
771, 17, 349, 166.563, 56.3162
772, 17, 349, 166.51, 56.3928
773, 17, 349, 166.426, 56.4695
774, 17, 349, 166.273, 56.5462
775, 17, 349, 166.12, 56.6229
776, 17, 349, 165.967, 56.6998
777, 17, 349, 165.814, 56.7768
778, 17, 349, 165.661, 56.8534
779, 17, 349, 165.491, 56.93
780, 17, 349, 165.338, 57.0065
781, 17, 349, 165.186, 57.0831
782, 17, 348, 166.534, 57.175
783, 17, 348, 166.16, 57.253
784, 17, 348, 165.675, 57.3303
785, 17, 348, 165.302, 57.4073
786, 17, 348, 164.817, 57.4843
787, 17, 348, 165.039, 57.5611
788, 17, 348, 164.886, 57.6381
789, 17, 348, 164.733, 57.7156
790, 17, 348, 164.64, 57.7925
791, 17, 348, 164.556, 57.8693
792, 17, 348, 164.472, 57.9473
793, 17, 348, 164.388, 58.0235
794, 17, 348, 164.278, 58.1002
795, 17, 348, 164.125, 58.177
796, 17, 348, 163.71, 58.2535
797, 17, 348, 163.505, 58.3299
798, 17, 348, 163.09, 58.4061
799, 17, 348, 162.886, 58.4843
800, 17, 348, 162.733, 58.5618
801, 17, 348, 162.563, 58.6385
802, 17, 347, 162.804, 58.715
803, 17, 347, 162.711, 58.7906
804, 17, 347, 162.874, 58.8661
805, 17, 347, 162.67, 58.9446
806, 17, 347, 162.517, 59.0217
807, 17, 347, 162.102, 59.1077
808, 17, 347, 161.897, 59.1853
809, 17, 347, 161.482, 59.271
810, 17, 347, 161.277, 59.3492
811, 17, 347, 161.125, 59.4266
812, 17, 347, 160.92, 59.5034
813, 17, 347, 160.767, 59.5804
814, 17, 347, 160.614, 59.6573
815, 17, 347, 160.461, 59.7343
816, 17, 347, 160.308, 59.8112
817, 17, 347, 160.198, 59.8884
818, 17, 347, 160.105, 59.9651
819, 17, 347, 160.021, 60.0418
820, 17, 347, 159.91, 60.1193
821, 17, 347, 159.647, 60.1965
822, 17, 347, 159.494, 60.2737
823, 17, 347, 159.41, 60.3511
824, 17, 347, 159.147, 60.4284
825, 17, 347, 158.994, 60.5053
826, 17, 347, 158.91, 60.5825
827, 17, 347, 158.826, 60.6596
828, 17, 347, 158.773, 60.7363
829, 17, 347, 158.689, 60.8135
830, 17, 347, 158.631, 60.8905
831, 17, 347, 158.578, 60.9676
832, 17, 347, 158.525, 61.0446
833, 17, 347, 158.472, 61.1219
834, 17, 347, 158.413, 61.1992
835, 17, 347, 158.316, 61.2751
836, 17, 347, 158.232, 61.3522
837, 17, 346, 158.421, 61.4293
838, 17, 346, 158.311, 61.5062
839, 17, 346, 158.218, 61.5833
840, 17, 346, 158.165, 61.6597
841, 17, 346, 158.112, 61.7372
842, 17, 346, 157.931, 61.8141
843, 17, 346, 157.847, 61.8921
844, 17, 346, 157.763, 61.9706
845, 17, 346, 157.696, 62.0482
846, 17, 346, 157.576, 62.1257
847, 17, 346, 157.669, 62.2038
848, 17, 346, 157.616, 62.2816
849, 17, 346, 157.78, 62.3583
850, 17, 346, 157.712, 62.443
851, 17, 346, 157.659, 62.5211
852, 17, 346, 157.606, 62.5994
853, 17, 346, 157.539, 62.6771
854, 17, 346, 157.455, 62.7552
855, 17, 346, 157.285, 62.8327
856, 17, 346, 157.175, 62.9103
857, 17, 346, 157.005, 62.988
858, 17, 346, 156.894, 63.0657
859, 17, 345, 157.084, 63.1432
860, 17, 345, 156.974, 63.2211
861, 17, 345, 156.804, 63.2989
862, 17, 345, 156.967, 63.3766
863, 17, 345, 156.883, 63.4539
864, 17, 345, 156.799, 63.532
865, 17, 345, 156.732, 63.6099
866, 17, 345, 156.648, 63.6872
867, 17, 345, 156.604, 63.7649
868, 17, 345, 156.551, 63.8424
869, 17, 345, 156.484, 63.9219
870, 17, 345, 156.332, 64.0005
871, 17, 345, 156.249, 64.0791
872, 17, 345, 156.205, 64.1575
873, 17, 345, 156.16, 64.2358
874, 17, 345, 156.077, 64.3137
875, 17, 345, 155.984, 64.392
876, 17, 345, 155.916, 64.4711
877, 17, 345, 155.823, 64.5495
878, 17, 345, 155.756, 64.627
879, 17, 345, 155.605, 64.7057
880, 17, 345, 155.546, 64.7836
881, 17, 344, 155.709, 64.8619
882, 17, 344, 155.641, 64.9406
883, 17, 344, 155.597, 65.0197
884, 17, 344, 155.544, 65.098
885, 17, 344, 155.461, 65.1761
886, 17, 344, 155.308, 65.2545
887, 17, 344, 155.271, 65.3329
888, 17, 344, 155.204, 65.4111
889, 17, 344, 155.168, 65.489
890, 17, 344, 155.115, 65.5671
891, 17, 344, 155.056, 65.6455
892, 17, 344, 155.003, 65.7241
893, 17, 344, 154.962, 65.81
894, 17, 344, 154.926, 65.8884
895, 17, 343, 155.067, 65.9664
896, 17, 343, 155.036, 66.0448
897, 17, 343, 155, 66.1234
898, 17, 343, 155.151, 66.2019
899, 17, 343, 155.121, 66.2799
900, 17, 343, 155.084, 66.3584
901, 17, 343, 154.881, 66.437
902, 17, 343, 154.84, 66.5143
903, 17, 343, 154.796, 66.5923
904, 17, 343, 154.743, 66.6706
905, 17, 343, 154.706, 66.7487
906, 17, 343, 154.666, 66.8266
907, 17, 343, 154.629, 66.9072
908, 17, 343, 154.576, 66.9877
909, 17, 343, 154.492, 67.065
910, 17, 343, 154.439, 67.146
911, 17, 343, 154.562, 67.2246
912, 17, 343, 154.509, 67.3033
913, 17, 343, 154.425, 67.3819
914, 17, 343, 154.272, 67.4599
915, 17, 343, 154.119, 67.5383
916, 17, 343, 153.949, 67.6164
917, 17, 343, 153.865, 67.6937
918, 17, 343, 153.695, 67.7719
919, 17, 343, 153.525, 67.8497
920, 17, 343, 153.373, 67.9278
921, 17, 343, 153.168, 68.0062
922, 17, 342, 153.409, 68.0844
923, 17, 342, 153.205, 68.1626
924, 17, 342, 153.052, 68.2404
925, 17, 342, 152.882, 68.3186
926, 17, 341, 153.123, 68.3969
927, 17, 341, 152.919, 68.4755
928, 17, 341, 152.766, 68.5554
929, 17, 341, 152.613, 68.6337
930, 17, 341, 152.443, 68.712
931, 17, 341, 152.29, 68.7903
932, 17, 341, 152.197, 68.8684
933, 17, 341, 152.113, 68.9466
934, 17, 341, 151.96, 69.0246
935, 17, 341, 151.807, 69.112
936, 17, 341, 151.723, 69.1903
937, 17, 341, 151.63, 69.2682
938, 17, 341, 151.547, 69.3461
939, 17, 341, 151.463, 69.424
940, 17, 341, 151.31, 69.5019
941, 17, 341, 151.157, 69.5801
942, 17, 341, 151.073, 69.6581
943, 17, 341, 150.989, 69.7359
944, 17, 341, 150.922, 69.814
945, 17, 341, 150.863, 69.8922
946, 17, 341, 150.766, 69.9718
947, 17, 341, 150.713, 70.049
948, 17, 340, 150.854, 70.126
949, 17, 340, 150.824, 70.2039
950, 17, 340, 150.787, 70.2811
951, 17, 339, 150.936, 70.3593
952, 17, 339, 150.892, 70.4376
953, 17, 339, 150.855, 70.5146
954, 17, 339, 150.789, 70.5922
955, 17, 339, 150.752, 70.6695
956, 17, 339, 150.668, 70.7469
957, 17, 339, 150.515, 70.826
958, 17, 339, 150.362, 70.9035
959, 17, 339, 150.209, 70.9825
960, 17, 339, 150.056, 71.0594
961, 17, 339, 149.904, 71.137
962, 17, 339, 149.751, 71.2142
963, 17, 339, 149.598, 71.2911
964, 17, 339, 149.445, 71.3681
965, 17, 339, 149.292, 71.4449
966, 17, 339, 149.139, 71.5221
967, 17, 338, 149.38, 71.5994
968, 17, 338, 149.176, 71.677
969, 17, 338, 148.802, 71.7542
970, 17, 337, 149.565, 71.8312
971, 17, 336, 150.329, 71.9081
972, 17, 336, 149.955, 71.9844
973, 17, 336, 149.581, 72.0616
974, 17, 336, 149.166, 72.1387
975, 17, 336, 148.793, 72.2161
976, 17, 335, 149.556, 72.2931
977, 17, 334, 150.319, 72.3701
978, 17, 333, 151.082, 72.4553
979, 17, 332, 151.846, 72.5328
980, 17, 331, 152.609, 72.6154
981, 17, 330, 153.372, 72.6932
982, 17, 329, 153.14, 72.7703
983, 17, 329, 152.766, 72.8472
984, 17, 329, 152.351, 72.9243
985, 17, 329, 151.978, 73.0026
986, 17, 328, 152.741, 73.079
987, 17, 327, 153.504, 73.1556
988, 17, 326, 154.267, 73.2318
989, 17, 325, 155.267, 73.3085
990, 17, 324, 156.031, 73.3854
991, 17, 323, 156.794, 73.4622
992, 17, 322, 157.557, 73.5393
993, 17, 321, 158.32, 73.6164
994, 17, 320, 159.083, 73.6932
995, 17, 320, 158.71, 73.7701
996, 17, 320, 158.336, 73.8638
997, 17, 320, 157.851, 73.9435
998, 17, 320, 157.478, 74.0211
999, 17, 320, 157.063, 74.0987
1000, 17, 320, 156.91, 74.1762
1001, 17, 320, 156.757, 74.253
1002, 17, 320, 156.604, 74.3304
1003, 17, 320, 156.451, 74.408
1004, 17, 320, 156.298, 74.4857
1005, 17, 320, 156.145, 74.5633
1006, 17, 320, 155.992, 74.641
1007, 17, 319, 156.234, 74.7186
1008, 17, 319, 156.15, 74.7953
1009, 17, 319, 156.354, 74.873
1010, 17, 319, 156.27, 74.9503
1011, 17, 319, 156.101, 75.028
1012, 17, 319, 156.017, 75.1049
1013, 17, 319, 155.933, 75.1827
1014, 17, 319, 156.096, 75.2628
1015, 17, 319, 156.259, 75.3406
1016, 17, 319, 156.175, 75.4186
1017, 17, 319, 156.091, 75.5107
1018, 17, 319, 155.887, 75.5896
1019, 17, 319, 155.776, 75.6665
1020, 17, 319, 155.623, 75.744
1021, 17, 319, 155.454, 75.8312
1022, 17, 319, 155.301, 75.909
1023, 17, 319, 155.037, 75.9866
1024, 17, 319, 154.884, 76.0638
1025, 17, 319, 154.68, 76.1457
1026, 17, 319, 154.306, 76.2233
1027, 18, 319, 154.288, 76.3109
1028, 19, 319, 154.274, 76.3993
1029, 20, 319, 154.262, 76.4765
1030, 21, 319, 154.247, 76.5686
1031, 22, 319, 154.235, 76.6617
1032, 23, 319, 154.225, 76.7564
1033, 24, 319, 154.215, 76.8535
1034, 24, 319, 154.105, 76.9538
1035, 24, 319, 153.9, 77.0322
1036, 24, 319, 153.485, 77.1097
1037, 24, 319, 153.315, 77.1877
1038, 24, 319, 153.162, 77.2652
1039, 24, 319, 152.789, 77.3432
1040, 24, 319, 152.415, 77.4228
1041, 24, 319, 152.262, 77.5006
1042, 25, 319, 152.254, 77.5993
1043, 26, 319, 152.245, 77.7002
1044, 27, 319, 152.238, 77.8033
1045, 28, 319, 152.23, 77.9087
1046, 29, 319, 152.224, 78.0155
1047, 30, 319, 152.218, 78.1244
1048, 31, 319, 152.212, 78.2354
1049, 32, 319, 152.206, 78.3495
1050, 33, 319, 152.201, 78.466
1051, 34, 319, 152.196, 78.5857
1052, 35, 319, 152.192, 78.7079
1053, 36, 319, 152.187, 78.8328
1054, 36, 319, 152.12, 78.9603
1055, 36, 319, 151.95, 79.0393
1056, 36, 319, 151.797, 79.1259
1057, 36, 319, 151.593, 79.2045
1058, 36, 319, 151.509, 79.2821
1059, 36, 319, 151.339, 79.3607
1060, 36, 319, 151.228, 79.438
1061, 36, 319, 151.118, 79.5163
1062, 36, 319, 151.051, 79.6434
1063, 36, 319, 150.898, 79.7205
1064, 36, 319, 150.483, 79.7985
1065, 36, 319, 150.278, 79.8781
1066, 36, 319, 149.863, 79.9553
1067, 36, 319, 149.658, 80.0335
1068, 36, 319, 149.243, 80.1113
1069, 36, 319, 149.09, 80.1895
1070, 36, 318, 149.332, 80.268
1071, 36, 318, 149.127, 80.3464
1072, 36, 318, 148.974, 80.4246
1073, 36, 317, 149.327, 80.5025
1074, 36, 317, 148.842, 80.5808
1075, 37, 317, 148.838, 80.7084
1076, 38, 317, 148.834, 80.8394
1077, 39, 317, 148.831, 80.9729
1078, 40, 317, 148.827, 81.1098
1079, 41, 317, 148.824, 81.2505
1080, 42, 317, 148.82, 81.3946
1081, 42, 317, 148.776, 81.4719
1082, 42, 317, 148.666, 81.5505
1083, 42, 317, 148.513, 81.6285
1084, 42, 317, 148.42, 81.7066
1085, 42, 317, 148.352, 81.7851
1086, 43, 317, 148.349, 81.9319
1087, 44, 317, 148.346, 82.0836
1088, 45, 317, 148.344, 82.2947
1089, 46, 317, 148.341, 82.4958
1090, 47, 317, 148.338, 82.7181
1091, 48, 317, 148.336, 82.9585
1092, 48, 317, 148.292, 83.1651
1093, 48, 317, 148.139, 83.2443
1094, 48, 317, 147.561, 83.3224
1095, 48, 317, 147.408, 83.4018
1096, 48, 317, 147.255, 83.4801
1097, 48, 317, 147.102, 83.5579
1098, 48, 316, 147.343, 83.6359
1099, 48, 316, 147.139, 83.7142
1100, 48, 316, 146.986, 83.7917
1101, 48, 316, 146.902, 83.8696
1102, 48, 316, 146.749, 83.9473
1103, 48, 316, 146.596, 84.0246
1104, 48, 316, 146.443, 84.102
1105, 48, 316, 146.35, 84.1793
1106, 48, 316, 146.266, 84.2566
1107, 48, 316, 146.096, 84.3343
1108, 48, 316, 145.944, 84.4121
1109, 48, 316, 145.791, 84.4898
1110, 48, 316, 145.638, 84.5674
1111, 48, 316, 145.468, 84.6455
1112, 48, 316, 145.315, 84.723
1113, 48, 316, 145.204, 84.8002
1114, 48, 316, 145.121, 84.8779
1115, 48, 316, 144.968, 84.956
1116, 48, 316, 144.815, 85.0341
1117, 48, 316, 144.441, 85.1118
1118, 48, 315, 144.794, 85.1894
1119, 48, 315, 144.309, 85.2674
1120, 48, 315, 143.935, 85.3476
1121, 48, 315, 143.562, 85.4256
1122, 48, 315, 143.077, 85.5036
1123, 48, 315, 142.703, 85.5811
1124, 48, 315, 142.33, 85.6587
1125, 48, 315, 141.956, 85.7366
1126, 48, 315, 141.752, 85.8316
1127, 48, 315, 141.267, 85.9099
1128, 48, 315, 140.893, 85.9891
1129, 48, 315, 140.52, 86.0683
1130, 48, 315, 140.146, 86.1467
1131, 48, 315, 139.773, 86.2249
1132, 48, 314, 141.121, 86.3032
1133, 48, 313, 141.884, 86.3811
1134, 48, 313, 141.399, 86.4602
1135, 48, 312, 142.162, 86.5384
1136, 48, 311, 142.925, 86.6165
1137, 48, 310, 143.925, 86.6949
1138, 48, 309, 144.689, 86.7732
1139, 48, 309, 144.315, 86.8516
1140, 48, 308, 145.315, 86.9298
1141, 48, 307, 146.078, 87.0102
1142, 48, 306, 147.078, 87.089
1143, 48, 305, 148.078, 87.1681
1144, 48, 304, 148.842, 87.2471
1145, 48, 303, 149.605, 87.3258
1146, 48, 302, 150.368, 87.4059
1147, 48, 301, 151.716, 87.4854
1148, 48, 300, 152.716, 87.5644
1149, 48, 300, 152.343, 87.6431
1150, 48, 300, 151.858, 87.7232
1151, 48, 299, 152.621, 87.8025
1152, 48, 299, 152.247, 87.8814
1153, 48, 298, 153.595, 87.9607
1154, 48, 298, 153.222, 88.0395
1155, 48, 298, 152.807, 88.1191
1156, 48, 298, 152.433, 88.1987
1157, 48, 297, 152.786, 88.2781
1158, 48, 297, 152.301, 88.3574
1159, 48, 297, 151.928, 88.4367
1160, 48, 297, 151.554, 88.5162
1161, 48, 296, 151.907, 88.5955
1162, 48, 296, 151.422, 88.6748
1163, 48, 296, 151.217, 88.754
1164, 48, 296, 151.013, 88.8337
1165, 48, 296, 150.86, 88.9127
1166, 48, 296, 150.707, 88.9921
1167, 48, 296, 150.554, 89.0721
1168, 48, 296, 150.443, 89.1636
1169, 48, 296, 150.333, 89.2434
1170, 48, 296, 150.18, 89.3225
1171, 48, 296, 150.027, 89.4016
1172, 48, 296, 149.943, 89.4806
1173, 48, 296, 149.79, 89.5651
1174, 48, 296, 149.637, 89.6448
1175, 48, 296, 149.485, 89.7244
1176, 48, 296, 149.401, 89.8035
1177, 49, 296, 149.398, 89.9761
1178, 50, 296, 149.396, 90.155
1179, 51, 296, 149.394, 90.3381
1180, 52, 296, 149.392, 90.526
1181, 53, 296, 149.39, 90.7197
1182, 53, 296, 149.36, 90.7982
1183, 53, 296, 149.276, 90.8774
1184, 53, 296, 149.123, 90.9581
1185, 53, 296, 148.97, 91.0382
1186, 53, 296, 148.707, 91.1184
1187, 53, 296, 148.623, 91.2
1188, 53, 296, 148.47, 91.2797
1189, 53, 295, 148.66, 91.3597
1190, 53, 295, 148.549, 91.4399
1191, 53, 295, 148.439, 91.5197
1192, 53, 295, 148.065, 91.6
1193, 53, 295, 147.912, 91.6798
1194, 53, 295, 147.649, 91.7598
1195, 53, 295, 147.385, 91.8397
1196, 53, 295, 147.301, 91.9196
1197, 53, 295, 147.208, 92.0003
1198, 53, 295, 147.124, 92.0798
1199, 53, 295, 146.972, 92.1589
1200, 53, 295, 146.819, 92.2381
1201, 53, 295, 146.666, 92.3168
1202, 53, 295, 146.513, 92.3959
1203, 53, 295, 146.735, 92.4863
1204, 53, 295, 146.53, 92.5657
1205, 53, 295, 146.446, 92.6455
1206, 53, 295, 146.363, 92.7249
1207, 53, 295, 146.252, 92.8049
1208, 53, 295, 146.142, 92.8846
1209, 53, 294, 146.383, 92.9639
1210, 53, 294, 146.178, 93.0437
1211, 53, 294, 146.025, 93.1222
1212, 53, 294, 145.872, 93.2014
1213, 53, 294, 145.72, 93.281
1214, 53, 294, 145.346, 93.3612
1215, 53, 294, 144.861, 93.4406
1216, 53, 294, 144.488, 93.5199
1217, 53, 294, 144.114, 93.5992
1218, 53, 294, 143.699, 93.6785
1219, 53, 294, 143.546, 93.7573
1220, 53, 294, 143.131, 93.8364
1221, 53, 294, 142.716, 93.9155
1222, 53, 294, 142.342, 93.9946
1223, 53, 294, 141.927, 94.0739
1224, 53, 294, 141.554, 94.1531
1225, 53, 294, 141.401, 94.2322
1226, 53, 294, 141.231, 94.3113
1227, 53, 293, 141.421, 94.3913
1228, 53, 293, 141.047, 94.471
1229, 53, 293, 140.674, 94.5507
1230, 53, 293, 140.3, 94.6304
1231, 53, 293, 139.927, 94.7099
1232, 53, 292, 140.69, 94.7891
1233, 53, 291, 141.453, 94.8694
1234, 53, 291, 141.079, 94.9488
1235, 53, 291, 140.706, 95.0295
1236, 53, 291, 140.501, 95.109
1237, 53, 291, 140.348, 95.1878
1238, 53, 291, 140.144, 95.2667
1239, 53, 291, 139.991, 95.3469
1240, 53, 291, 139.838, 95.426
1241, 53, 291, 139.465, 95.5051
1242, 53, 290, 139.817, 95.5836
1243, 53, 290, 139.332, 95.6625
1244, 53, 290, 138.754, 95.742
1245, 53, 290, 138.381, 95.8289
1246, 53, 290, 138.228, 95.9077
1247, 53, 289, 138.469, 95.9864
1248, 53, 289, 138.265, 96.0656
1249, 53, 289, 138.112, 96.1467
1250, 53, 289, 138.001, 96.225
1251, 53, 289, 137.917, 96.3038
1252, 53, 289, 137.807, 96.3829
1253, 53, 289, 137.754, 96.4609
1254, 53, 289, 137.917, 96.5402
1255, 53, 289, 137.833, 96.6194
1256, 53, 289, 137.723, 96.6982
1257, 53, 289, 137.639, 96.777
1258, 53, 288, 137.829, 96.856
1259, 53, 288, 137.718, 96.9355
1260, 53, 288, 137.651, 97.0143
1261, 53, 288, 137.567, 97.0925
1262, 53, 288, 137.483, 97.1717
1263, 53, 288, 137.399, 97.2504
1264, 53, 288, 137.246, 97.3292
1265, 53, 288, 137.468, 97.4082
1266, 53, 288, 137.315, 97.4874
1267, 53, 288, 137.145, 97.5662
1268, 53, 288, 136.992, 97.6452
1269, 53, 288, 136.84, 97.7253
1270, 53, 288, 136.687, 97.8038
1271, 53, 288, 136.517, 97.883
1272, 53, 288, 136.364, 97.9623
1273, 53, 288, 136.211, 98.0582
1274, 53, 288, 136.058, 98.1601
1275, 53, 288, 135.974, 98.2523
1276, 53, 288, 135.711, 98.3737
1277, 53, 288, 135.558, 98.4924
1278, 53, 288, 135.474, 98.6109
1279, 53, 288, 135.39, 98.7187
1280, 53, 288, 135.306, 98.8098
1281, 53, 288, 135.153, 98.8898
1282, 53, 288, 135, 98.9686
1283, 53, 288, 134.933, 99.0467
1284, 53, 288, 134.88, 99.1402
1285, 53, 288, 134.787, 99.2191
1286, 53, 288, 134.703, 99.2977
1287, 53, 288, 134.619, 99.376
1288, 53, 288, 134.509, 99.455
1289, 53, 288, 134.425, 99.5337
1290, 53, 288, 134.272, 99.6125
1291, 53, 288, 134.068, 99.6911
1292, 53, 288, 133.915, 99.7699
1293, 53, 288, 133.762, 99.8488
1294, 53, 288, 133.651, 99.9269
1295, 53, 288, 133.541, 100.006
1296, 53, 288, 133.388, 100.084
1297, 53, 288, 133.235, 100.163
1298, 53, 288, 133.151, 100.241
1299, 53, 288, 132.998, 100.319
1300, 53, 288, 132.583, 100.398
1301, 53, 288, 132.379, 100.477
1302, 53, 288, 132.268, 100.555
1303, 53, 288, 132.115, 100.633
1304, 53, 288, 131.7, 100.711
1305, 53, 288, 131.496, 100.79
1306, 53, 288, 131.343, 100.868
1307, 53, 288, 130.969, 100.946
1308, 53, 288, 130.484, 101.026
1309, 53, 288, 130.28, 101.104
1310, 53, 288, 130.169, 101.182
1311, 53, 288, 130.085, 101.26
1312, 53, 288, 129.881, 101.339
1313, 53, 288, 129.466, 101.417
1314, 53, 288, 129.092, 101.495
1315, 53, 288, 128.719, 101.573
1316, 53, 287, 129.071, 101.651
1317, 53, 287, 128.902, 101.73
1318, 53, 287, 128.417, 101.809
1319, 53, 287, 128.002, 101.886
1320, 53, 287, 127.628, 101.964
1321, 53, 287, 127.423, 102.044
1322, 53, 287, 127.05, 102.122
1323, 53, 287, 126.635, 102.201
1324, 53, 287, 126.261, 102.28
1325, 53, 287, 126.108, 102.359
1326, 53, 287, 125.956, 102.451
1327, 53, 287, 125.54, 102.53
1328, 53, 287, 125.336, 102.609
1329, 53, 287, 125.183, 102.688
1330, 53, 287, 125.013, 102.766
1331, 53, 286, 125.254, 102.845
1332, 53, 286, 125.05, 102.924
1333, 53, 286, 124.897, 103.002
1334, 53, 286, 124.744, 103.081
1335, 53, 285, 124.985, 103.16
1336, 53, 285, 124.781, 103.239
1337, 53, 285, 124.628, 103.317
1338, 53, 285, 124.475, 103.396
1339, 53, 284, 124.716, 103.476
1340, 53, 284, 124.512, 103.554
1341, 53, 284, 124.359, 103.633
1342, 53, 284, 124.248, 103.712
1343, 53, 284, 124.165, 103.791
1344, 53, 284, 124.081, 103.87
1345, 53, 284, 123.997, 103.948
1346, 53, 284, 123.944, 104.029
1347, 53, 284, 123.891, 104.107
1348, 53, 284, 123.74, 104.186
1349, 53, 284, 123.656, 104.265
1350, 53, 284, 123.503, 104.344
1351, 53, 284, 123.199, 104.423
1352, 53, 284, 123.088, 104.502
1353, 53, 284, 123.005, 104.581
1354, 53, 284, 122.852, 104.66
1355, 53, 284, 122.799, 104.739
1356, 53, 284, 122.762, 104.818
1357, 53, 284, 122.726, 104.898
1358, 53, 284, 122.673, 104.979
1359, 53, 284, 122.651, 105.059
1360, 53, 284, 122.624, 105.139
1361, 53, 284, 122.694, 105.219
1362, 53, 284, 122.658, 105.299
1363, 53, 284, 122.628, 105.379
1364, 53, 284, 122.587, 105.459
1365, 53, 284, 122.566, 105.539
1366, 53, 284, 122.544, 105.619
1367, 53, 284, 122.496, 105.699
1368, 53, 284, 122.429, 105.792
1369, 53, 284, 122.393, 105.872
1370, 53, 284, 122.352, 105.953
1371, 53, 284, 122.315, 106.035
1372, 53, 284, 122.294, 106.115
1373, 53, 284, 122.264, 106.196
1374, 53, 284, 122.238, 106.277
1375, 53, 284, 122.189, 106.361
1376, 53, 284, 122.163, 106.441
1377, 53, 283, 122.326, 106.521
1378, 53, 283, 122.258, 106.601
1379, 53, 283, 122.214, 106.681
1380, 53, 283, 122.178, 106.762
1381, 53, 283, 122.125, 106.842
1382, 53, 283, 122.031, 106.922
1383, 53, 283, 121.948, 107.002
1384, 53, 283, 121.864, 107.082
1385, 53, 283, 121.753, 107.163
1386, 53, 283, 121.643, 107.243
1387, 53, 283, 121.559, 107.323
1388, 53, 283, 121.449, 107.403
1389, 53, 283, 121.365, 107.484
1390, 53, 283, 121.281, 107.564
1391, 53, 283, 121.228, 107.644
1392, 53, 283, 121.169, 107.724
1393, 53, 283, 121.116, 107.805
1394, 53, 283, 121.072, 107.885
1395, 53, 283, 121.042, 107.965
1396, 53, 283, 121.001, 108.047
1397, 53, 283, 120.953, 108.127
1398, 53, 282, 121.094, 108.207
1399, 53, 282, 121.064, 108.287
1400, 53, 282, 121.037, 108.367
1401, 53, 282, 121.016, 108.448
1402, 53, 282, 120.986, 108.527
1403, 53, 282, 120.963, 108.607
1404, 53, 282, 120.934, 108.686
1405, 53, 282, 120.918, 108.766
1406, 53, 282, 120.891, 108.846
1407, 53, 282, 120.851, 108.926
1408, 53, 282, 120.814, 109.006
1409, 53, 282, 120.799, 109.096
1410, 53, 282, 120.763, 109.177
1411, 53, 281, 120.904, 109.256
1412, 53, 281, 120.874, 109.35
1413, 53, 281, 120.789, 109.431
1414, 53, 281, 120.741, 109.51
1415, 53, 280, 120.882, 109.591
1416, 53, 280, 120.846, 109.67
1417, 53, 280, 120.825, 109.75
1418, 53, 280, 120.798, 109.83
1419, 53, 280, 120.762, 109.91
1420, 53, 280, 120.709, 109.99
1421, 53, 280, 120.615, 110.07
1422, 53, 280, 120.532, 110.15
1423, 53, 280, 120.439, 110.23
1424, 53, 280, 120.355, 110.31
1425, 53, 280, 120.302, 110.389
1426, 53, 280, 120.243, 110.469
1427, 53, 280, 120.19, 110.549
1428, 53, 280, 120.106, 110.628
1429, 53, 280, 120.022, 110.708
1430, 53, 280, 119.969, 110.788
1431, 53, 280, 119.916, 110.868
1432, 53, 280, 119.863, 110.948
1433, 53, 280, 119.796, 111.027
1434, 53, 280, 119.703, 111.107
1435, 53, 280, 119.619, 111.188
1436, 53, 280, 119.526, 111.267
1437, 53, 280, 119.442, 111.347
1438, 53, 280, 119.375, 111.427
1439, 53, 280, 119.291, 111.507
1440, 53, 280, 119.207, 111.587
1441, 53, 280, 119.123, 111.667
1442, 53, 280, 119.286, 111.747
1443, 53, 280, 119.203, 111.827
1444, 53, 280, 119.109, 111.907
1445, 53, 280, 118.958, 111.987
1446, 53, 280, 118.807, 112.067
1447, 53, 280, 118.656, 112.147
1448, 53, 280, 118.572, 112.227
1449, 53, 280, 118.488, 112.306
1450, 53, 280, 118.337, 112.386
1451, 53, 280, 118.184, 112.478
1452, 53, 280, 117.811, 112.557
1453, 53, 279, 118.574, 112.636
1454, 53, 278, 119.337, 112.716
1455, 53, 277, 120.1, 112.796
1456, 53, 276, 120.864, 112.875
1457, 53, 275, 121.627, 112.955
1458, 53, 274, 122.39, 113.034
1459, 53, 273, 123.153, 113.113
1460, 53, 272, 123.916, 113.193
1461, 53, 271, 124.68, 113.273
1462, 54, 270, 125.68, 113.352
1463, 54, 269, 126.443, 113.431
1464, 54, 268, 127.206, 113.535
1465, 54, 267, 127.969, 113.617
1466, 54, 266, 128.732, 113.696
1467, 54, 265, 129.496, 113.775
1468, 54, 265, 129.122, 113.873
1469, 55, 265, 128.707, 113.954
1470, 56, 265, 128.537, 114.04
1471, 56, 264, 128.89, 114.148
1472, 56, 264, 128.405, 114.277
1473, 56, 263, 129.168, 114.367
1474, 56, 262, 130.168, 114.488
1475, 56, 261, 130.931, 114.606
1476, 56, 260, 131.931, 114.689
1477, 56, 259, 132.694, 114.769
1478, 56, 258, 133.458, 114.848
1479, 56, 257, 134.221, 114.928
1480, 56, 256, 135.221, 115.007
1481, 56, 255, 136.221, 115.087
1482, 56, 254, 136.984, 115.166
1483, 56, 254, 136.611, 115.247
1484, 56, 253, 136.963, 115.327
1485, 56, 253, 136.478, 115.408
1486, 56, 253, 136.105, 115.487
1487, 56, 253, 135.731, 115.567
1488, 56, 252, 136.731, 115.647
1489, 56, 252, 136.358, 115.726
1490, 56, 252, 135.984, 115.825
1491, 56, 252, 135.569, 115.905
1492, 56, 252, 135.196, 115.985
1493, 56, 252, 134.822, 116.064
1494, 56, 252, 134.407, 116.144
1495, 56, 252, 134.034, 116.223
1496, 56, 252, 133.66, 116.304
1497, 56, 251, 134.423, 116.384
1498, 56, 250, 135.186, 116.464
1499, 56, 249, 136.186, 116.543
1500, 56, 249, 135.813, 116.623
1501, 56, 248, 136.813, 116.703
1502, 56, 248, 136.66, 116.782
1503, 56, 247, 137.013, 116.862
1504, 56, 247, 136.528, 116.942
1505, 56, 246, 137.528, 117.022
1506, 56, 245, 138.528, 117.101
1507, 56, 244, 139.291, 117.181
1508, 56, 244, 138.917, 117.261
1509, 56, 243, 139.27, 117.34
1510, 56, 243, 138.785, 117.421
1511, 56, 243, 138.412, 117.501
1512, 56, 242, 138.764, 117.581
1513, 56, 242, 138.279, 117.662
1514, 56, 241, 139.279, 117.742
1515, 56, 241, 138.864, 117.821
1516, 56, 240, 139.628, 117.901
1517, 56, 239, 140.391, 117.98
1518, 56, 238, 141.154, 118.06
1519, 56, 238, 140.78, 118.14
1520, 56, 238, 140.407, 118.22
1521, 56, 238, 140.033, 118.3
1522, 56, 238, 139.66, 118.38
1523, 56, 238, 139.286, 118.459
1524, 56, 238, 138.913, 118.539
1525, 56, 238, 138.539, 118.619
1526, 56, 238, 138.166, 118.699
1527, 56, 238, 137.792, 118.778
1528, 56, 238, 137.419, 118.858
1529, 56, 238, 137.214, 118.937
1530, 56, 237, 137.567, 119.017
1531, 56, 237, 137.882, 119.111
1532, 56, 237, 137.508, 119.192
1533, 56, 237, 137.093, 119.272
1534, 56, 237, 136.72, 119.352
1535, 56, 237, 136.55, 119.431
1536, 56, 237, 135.972, 119.513
1537, 56, 237, 135.557, 119.593
1538, 56, 237, 135.183, 119.673
1539, 56, 237, 134.768, 119.753
1540, 56, 237, 134.395, 119.832
1541, 56, 237, 133.98, 119.912
1542, 56, 237, 133.565, 119.992
1543, 56, 237, 133.191, 120.072
1544, 56, 237, 132.818, 120.152
1545, 56, 236, 133.17, 120.232
1546, 56, 236, 132.685, 120.312
1547, 56, 236, 132.592, 120.391
1548, 56, 236, 132.439, 120.471
1549, 56, 236, 132.024, 120.551
1550, 56, 236, 131.871, 120.631
1551, 56, 236, 131.456, 120.711
1552, 56, 236, 131.252, 120.791
1553, 56, 236, 131.082, 120.871
1554, 56, 235, 131.323, 120.951
1555, 56, 235, 131.119, 121.031
1556, 56, 235, 130.966, 121.111
1557, 56, 235, 130.592, 121.192
1558, 56, 235, 130.439, 121.272
1559, 56, 235, 130.066, 121.352
1560, 56, 235, 129.692, 121.432
1561, 56, 235, 129.319, 121.512
1562, 56, 234, 130.667, 121.591
1563, 57, 234, 130.574, 121.673
1564, 58, 234, 130.515, 121.755
1565, 59, 234, 130.474, 121.837
1566, 60, 234, 130.444, 121.92
1567, 60, 234, 130.24, 122.004
1568, 60, 234, 130.087, 122.084
1569, 60, 234, 129.882, 122.168
1570, 60, 233, 130.124, 122.248
1571, 60, 233, 129.919, 122.328
1572, 60, 233, 129.504, 122.408
1573, 60, 233, 129.131, 122.498
1574, 60, 233, 128.646, 122.579
1575, 61, 233, 128.623, 122.663
1576, 62, 233, 128.605, 122.748
1577, 62, 233, 128.452, 122.834
1578, 62, 233, 128.299, 122.914
1579, 62, 233, 127.926, 122.999
1580, 62, 233, 127.552, 123.082
1581, 62, 233, 127.137, 123.163
1582, 62, 232, 127.378, 123.243
1583, 62, 232, 127.174, 123.324
1584, 62, 232, 127.021, 123.405
1585, 62, 232, 126.851, 123.486
1586, 62, 232, 126.698, 123.566
1587, 62, 231, 126.939, 123.647
1588, 62, 231, 126.735, 123.728
1589, 62, 231, 126.582, 123.808
1590, 62, 231, 126.208, 123.889
1591, 62, 231, 125.835, 123.97
1592, 62, 231, 125.42, 124.051
1593, 62, 231, 125.046, 124.131
1594, 62, 231, 124.673, 124.211
1595, 62, 231, 124.468, 124.292
1596, 62, 231, 124.315, 124.373
1597, 62, 231, 124.145, 124.453
1598, 62, 231, 124.062, 124.534
1599, 62, 231, 124.009, 124.615
1600, 62, 231, 123.956, 124.696
1601, 62, 231, 123.862, 124.777
1602, 62, 231, 123.809, 124.858
1603, 62, 231, 123.756, 124.939
1604, 62, 231, 123.689, 125.02
1605, 62, 231, 123.636, 125.101
1606, 62, 231, 123.539, 125.182
1607, 62, 231, 123.48, 125.263
1608, 62, 231, 123.444, 125.343
1609, 62, 231, 123.513, 125.424
1610, 62, 231, 123.447, 125.505
1611, 62, 231, 123.35, 125.586
1612, 62, 231, 123.297, 125.667
1613, 62, 231, 123.244, 125.755
1614, 62, 231, 123.191, 125.836
1615, 62, 231, 123.138, 125.917
1616, 62, 231, 123.054, 125.998
1617, 62, 231, 122.97, 126.081
1618, 62, 231, 122.819, 126.162
1619, 62, 231, 122.735, 126.242
1620, 62, 231, 122.651, 126.323
1621, 62, 231, 122.498, 126.403
1622, 62, 231, 122.125, 126.484
1623, 62, 231, 121.751, 126.564
1624, 62, 231, 121.547, 126.645
1625, 62, 231, 121.283, 126.725
1626, 62, 231, 121.13, 126.805
1627, 62, 231, 120.977, 126.886
1628, 62, 231, 120.824, 126.966
1629, 62, 231, 120.741, 127.047
1630, 62, 231, 120.657, 127.127
1631, 62, 231, 120.504, 127.208
1632, 62, 231, 120.351, 127.288
1633, 62, 231, 119.936, 127.368
1634, 62, 231, 119.783, 127.449
1635, 62, 231, 119.63, 127.529
1636, 62, 231, 119.546, 127.609
1637, 62, 231, 119.463, 127.69
1638, 62, 231, 119.379, 127.77
1639, 62, 231, 119.295, 127.85
1640, 62, 231, 119.202, 127.931
1641, 62, 230, 119.392, 128.01
1642, 62, 230, 119.281, 128.091
1643, 62, 230, 119.13, 128.171
1644, 62, 230, 119.046, 128.251
1645, 62, 230, 118.962, 128.331
1646, 62, 230, 118.792, 128.412
1647, 62, 230, 118.682, 128.493
1648, 62, 230, 118.512, 128.573
1649, 62, 230, 118.401, 128.653
1650, 62, 230, 118.291, 128.733
1651, 62, 230, 118.121, 128.814
1652, 62, 230, 118.037, 128.894
1653, 62, 230, 117.953, 128.974
1654, 62, 230, 117.802, 129.055
1655, 62, 230, 117.735, 129.142
1656, 62, 230, 117.651, 129.223
1657, 62, 230, 117.567, 129.303
1658, 62, 230, 117.484, 129.384
1659, 62, 230, 117.39, 129.464
1660, 62, 230, 117.307, 129.544
1661, 62, 230, 117.223, 129.625
1662, 62, 230, 117.139, 129.705
1663, 62, 230, 117.046, 129.785
1664, 62, 230, 116.962, 129.866
1665, 62, 230, 116.878, 129.946
1666, 62, 230, 116.795, 130.027
1667, 62, 230, 116.75, 130.107
1668, 62, 230, 116.683, 130.187
1669, 62, 230, 116.42, 130.267
1670, 62, 230, 116.267, 130.347
1671, 62, 230, 116.183, 130.427
1672, 62, 230, 116.124, 130.507
1673, 62, 229, 116.287, 130.587
1674, 62, 229, 116.22, 130.668
1675, 62, 229, 116.127, 130.748
1676, 62, 229, 116.043, 130.829
1677, 62, 229, 115.959, 130.909
1678, 62, 229, 115.808, 130.991
1679, 62, 229, 115.657, 131.071
1680, 62, 229, 115.604, 131.151
1681, 62, 229, 115.56, 131.231
1682, 62, 229, 115.501, 131.313
1683, 62, 228, 115.664, 131.393
1684, 62, 228, 115.596, 131.474
1685, 62, 228, 115.513, 131.554
1686, 62, 228, 115.36, 131.635
1687, 63, 228, 115.358, 131.836
1688, 64, 228, 115.356, 132.042
1689, 65, 228, 115.354, 132.254
1690, 66, 228, 115.352, 132.475
1691, 67, 228, 115.351, 132.696
1692, 68, 228, 115.349, 132.921
1693, 69, 228, 115.348, 133.001
1694, 70, 228, 115.346, 133.239
1695, 71, 228, 115.344, 133.482
1696, 72, 228, 115.343, 133.731
1697, 72, 228, 115.322, 133.81
1698, 72, 228, 115.269, 133.89
1699, 73, 228, 115.267, 134.143
1700, 73, 228, 115.237, 134.403
1701, 73, 228, 115.17, 134.484
1702, 73, 228, 115, 134.564
1703, 73, 228, 114.907, 134.643
1704, 73, 228, 114.823, 134.722
1705, 73, 228, 114.408, 134.802
1706, 73, 228, 114.203, 134.882
1707, 74, 228, 114.202, 135.147
1708, 75, 228, 114.201, 135.417
1709, 75, 228, 114.185, 135.497
1710, 75, 228, 114.132, 135.578
1711, 75, 228, 114.079, 135.658
1712, 75, 228, 114.026, 135.738
1713, 75, 228, 113.973, 135.885
1714, 75, 227, 114.136, 135.987
1715, 75, 227, 114.069, 136.085
1716, 75, 227, 114.016, 136.17
1717, 75, 227, 113.948, 136.251
1718, 75, 227, 113.895, 136.332
1719, 75, 227, 113.842, 136.412
1720, 75, 227, 113.789, 136.492
1721, 75, 227, 113.706, 136.572
1722, 75, 227, 113.613, 136.653
1723, 75, 227, 113.529, 136.733
1724, 75, 227, 113.418, 136.814
1725, 75, 227, 113.374, 136.895
1726, 75, 227, 113.29, 136.975
1727, 75, 227, 113.237, 137.057
1728, 75, 227, 113.193, 137.138
1729, 75, 227, 113.14, 137.219
1730, 75, 227, 113.263, 137.301
1731, 75, 227, 113.195, 137.383
1732, 75, 227, 113.112, 137.464
1733, 75, 227, 113.028, 137.546
1734, 75, 227, 112.917, 137.629
1735, 75, 227, 112.833, 137.71
1736, 75, 226, 113.023, 137.791
1737, 75, 226, 112.913, 137.873
1738, 75, 226, 112.829, 137.954
1739, 75, 226, 112.951, 138.035
1740, 75, 226, 113.044, 138.117
1741, 75, 225, 113.207, 138.198
1742, 75, 225, 113.11, 138.279
1743, 75, 225, 113.057, 138.36
1744, 75, 225, 112.99, 138.441
1745, 75, 225, 112.945, 138.523
1746, 75, 225, 112.901, 138.605
1747, 75, 225, 112.848, 138.686
1748, 75, 225, 112.804, 138.768
1749, 75, 225, 112.768, 138.849
1750, 75, 225, 112.715, 138.929
1751, 75, 225, 112.837, 139.011
1752, 75, 225, 112.77, 139.104
1753, 75, 224, 112.933, 139.187
1754, 75, 224, 112.865, 139.269
1755, 75, 224, 112.812, 139.356
1756, 75, 224, 112.768, 139.438
1757, 75, 224, 112.587, 139.522
1758, 75, 223, 112.777, 139.604
1759, 75, 223, 112.667, 139.688
1760, 75, 223, 112.547, 139.77
1761, 75, 223, 112.48, 139.851
1762, 75, 223, 112.427, 139.932
1763, 75, 223, 112.374, 140.015
1764, 75, 223, 112.337, 140.096
1765, 75, 223, 112.31, 140.177
1766, 75, 223, 112.274, 140.259
1767, 75, 223, 112.215, 140.341
1768, 75, 223, 112.156, 140.424
1769, 75, 223, 112.103, 140.505
1770, 75, 223, 112.05, 140.586
1771, 75, 223, 111.997, 140.668
1772, 75, 222, 112.16, 140.749
1773, 75, 222, 112.092, 140.831
1774, 75, 222, 111.982, 140.913
1775, 75, 222, 111.929, 140.995
1776, 75, 222, 111.892, 141.077
1777, 75, 222, 111.839, 141.159
1778, 75, 222, 111.756, 141.242
1779, 75, 222, 111.729, 141.324
1780, 75, 221, 111.878, 141.406
1781, 75, 221, 111.833, 141.488
1782, 75, 221, 111.78, 141.57
1783, 75, 221, 111.873, 141.652
1784, 75, 221, 111.829, 141.735
1785, 75, 221, 111.762, 141.818
1786, 75, 221, 111.703, 141.899
1787, 75, 221, 111.606, 141.981
1788, 75, 221, 111.509, 142.062
1789, 75, 221, 111.442, 142.145
1790, 75, 221, 111.405, 142.226
1791, 75, 221, 111.365, 142.307
1792, 75, 221, 111.298, 142.389
1793, 75, 221, 111.245, 142.479
1794, 75, 221, 111.208, 142.561
1795, 75, 221, 111.172, 142.642
1796, 75, 221, 111.119, 142.725
1797, 75, 221, 111.088, 142.806
1798, 75, 221, 111.035, 142.888
1799, 75, 221, 111.014, 142.969
1800, 75, 221, 110.984, 143.051
1801, 75, 221, 110.953, 143.134
1802, 75, 221, 110.917, 143.216
1803, 75, 221, 110.887, 143.297
1804, 75, 221, 110.86, 143.378
1805, 75, 221, 110.812, 143.461
1806, 75, 221, 110.776, 143.542
1807, 75, 221, 110.754, 143.624
1808, 75, 221, 110.718, 143.705
1809, 75, 221, 110.659, 143.787
1810, 75, 221, 110.629, 143.868
1811, 75, 221, 110.588, 143.95
1812, 75, 221, 110.54, 144.031
1813, 75, 221, 110.503, 144.114
1814, 75, 221, 110.467, 144.195
1815, 75, 221, 110.37, 144.276
1816, 75, 221, 110.286, 144.357
1817, 75, 221, 110.133, 144.438
1818, 75, 220, 110.374, 144.519
1819, 75, 220, 110.17, 144.601
1820, 75, 220, 109.965, 144.682
1821, 75, 219, 110.206, 144.763
1822, 75, 219, 110.002, 144.844
1823, 75, 218, 110.243, 144.924
1824, 75, 218, 110.039, 145.005
1825, 75, 218, 109.869, 145.087
1826, 75, 218, 109.716, 145.171
1827, 75, 218, 109.879, 145.251
1828, 75, 218, 109.726, 145.332
1829, 75, 218, 109.573, 145.412
1830, 75, 218, 109.368, 145.492
1831, 75, 218, 109.105, 145.573
1832, 75, 218, 108.952, 145.652
1833, 75, 218, 108.782, 145.732
1834, 75, 218, 108.629, 145.819
1835, 75, 218, 108.476, 145.899
1836, 75, 218, 108.323, 145.979
1837, 75, 218, 108.153, 146.059
1838, 75, 218, 107.984, 146.14
1839, 75, 218, 107.831, 146.22
1840, 75, 218, 107.678, 146.3
1841, 75, 218, 107.525, 146.38
1842, 75, 218, 107.372, 146.46
1843, 76, 218, 107.357, 146.546
1844, 77, 218, 107.345, 146.634
1845, 78, 218, 107.335, 146.723
1846, 78, 218, 107.225, 146.813
1847, 78, 217, 107.415, 146.894
1848, 78, 217, 107.304, 146.974
1849, 78, 217, 107.194, 147.064
1850, 78, 217, 107.024, 147.144
1851, 78, 217, 106.871, 147.225
1852, 79, 217, 106.862, 147.315
1853, 80, 217, 106.855, 147.407
1854, 81, 217, 106.848, 147.502
1855, 82, 217, 106.843, 147.598
1856, 82, 216, 107.032, 147.697
1857, 82, 216, 106.922, 147.796
1858, 82, 215, 107.163, 147.876
1859, 82, 215, 106.959, 147.956
1860, 82, 214, 107.2, 148.037
1861, 82, 214, 106.995, 148.118
1862, 82, 214, 106.885, 148.198
1863, 82, 213, 107.126, 148.279
1864, 82, 213, 106.922, 148.36
1865, 82, 213, 106.769, 148.44
1866, 82, 213, 106.932, 148.521
1867, 82, 213, 107.095, 148.602
1868, 82, 213, 106.984, 148.683
1869, 82, 213, 106.901, 148.763
1870, 82, 213, 106.748, 148.843
1871, 82, 213, 106.374, 148.923
1872, 82, 213, 106.221, 149.003
1873, 82, 213, 106.051, 149.092
1874, 82, 213, 105.958, 149.172
1875, 82, 213, 105.805, 149.252
1876, 82, 213, 105.652, 149.332
1877, 82, 213, 105.569, 149.412
1878, 82, 213, 105.485, 149.492
1879, 82, 213, 105.374, 149.572
1880, 82, 213, 105.204, 149.652
1881, 82, 213, 105.051, 149.732
1882, 82, 213, 104.678, 149.812
1883, 82, 213, 104.525, 149.893
1884, 82, 213, 104.372, 149.973
1885, 82, 213, 104.202, 150.054
1886, 82, 213, 104.092, 150.134
1887, 82, 213, 104.008, 150.215
1888, 82, 213, 103.915, 150.295
1889, 82, 213, 103.831, 150.375
1890, 82, 213, 103.72, 150.456
1891, 82, 213, 103.637, 150.537
1892, 82, 213, 103.484, 150.618
1893, 82, 213, 103.314, 150.699
1894, 82, 213, 103.161, 150.779
1895, 82, 213, 103.383, 150.86
1896, 82, 213, 103.23, 150.939
1897, 82, 212, 103.419, 151.021
1898, 82, 212, 103.309, 151.101
1899, 82, 212, 103.139, 151.181
1900, 82, 212, 102.986, 151.261
1901, 82, 212, 102.833, 151.341
1902, 82, 212, 102.749, 151.421
1903, 82, 212, 102.666, 151.502
1904, 82, 212, 102.572, 151.582
1905, 82, 212, 102.489, 151.662
1906, 83, 212, 102.484, 151.762
1907, 84, 212, 102.479, 151.864
1908, 84, 212, 102.412, 151.968
1909, 84, 211, 102.602, 152.05
1910, 84, 211, 102.765, 152.133
1911, 84, 211, 102.672, 152.214
1912, 84, 211, 102.588, 152.296
1913, 84, 211, 102.495, 152.378
1914, 84, 211, 102.402, 152.472
1915, 84, 211, 102.318, 152.554
1916, 84, 211, 102.25, 152.635
1917, 84, 211, 102.183, 152.74
1918, 84, 211, 102.116, 152.821
1919, 84, 211, 102.023, 152.903
1920, 84, 211, 101.939, 152.984
1921, 84, 211, 101.786, 153.065
1922, 84, 211, 101.633, 153.148
1923, 84, 211, 101.522, 153.23
1924, 84, 211, 101.439, 153.312
1925, 84, 211, 101.346, 153.393
1926, 84, 211, 101.293, 153.474
1927, 84, 211, 101.195, 153.57
1928, 84, 211, 101.142, 153.683
1929, 84, 211, 101.235, 153.79
1930, 84, 211, 101.191, 153.873
1931, 84, 211, 101.154, 153.96
1932, 84, 211, 101.057, 154.068
1933, 84, 211, 101.004, 154.174
1934, 84, 211, 100.937, 154.286
1935, 84, 211, 100.893, 154.376
1936, 84, 211, 100.84, 154.504
1937, 84, 211, 100.787, 154.62
1938, 84, 211, 100.72, 154.707
1939, 84, 211, 100.622, 154.79
1940, 84, 211, 100.569, 154.872
1941, 84, 211, 100.502, 154.954
1942, 84, 211, 100.405, 155.036
1943, 84, 211, 100.352, 155.119
1944, 84, 211, 100.463, 155.201
1945, 84, 211, 100.427, 155.283
1946, 84, 211, 100.374, 155.364
1947, 84, 211, 100.321, 155.446
1948, 84, 211, 100.277, 155.529
1949, 84, 211, 100.247, 155.612
1950, 84, 211, 100.21, 155.693
1951, 84, 211, 100.157, 155.791
1952, 84, 211, 100.064, 155.874
1953, 84, 211, 99.98, 155.956
1954, 84, 211, 99.8962, 156.038
1955, 84, 211, 99.7857, 156.12
1956, 84, 211, 99.6158, 156.202
1957, 84, 211, 99.5227, 156.287
1958, 84, 211, 99.3698, 156.369
1959, 84, 211, 99.1999, 156.45
1960, 84, 211, 99.0299, 156.532
1961, 84, 211, 98.877, 156.615
1962, 84, 210, 99.1183, 156.696
1963, 84, 210, 98.9138, 156.778
1964, 84, 210, 98.7609, 156.86
1965, 84, 210, 98.6504, 156.942
1966, 84, 210, 98.5399, 157.024
1967, 84, 210, 98.3869, 157.108
1968, 84, 210, 97.9719, 157.19
1969, 84, 210, 97.7674, 157.272
1970, 84, 210, 97.6144, 157.354
1971, 84, 210, 97.4615, 157.436
1972, 84, 210, 97.3086, 157.518
1973, 84, 210, 97.1556, 157.601
1974, 84, 209, 97.397, 157.683
1975, 84, 209, 97.1924, 157.767
1976, 84, 209, 97.0395, 157.849
1977, 84, 209, 96.8866, 157.932
1978, 84, 209, 96.7166, 158.014
1979, 84, 209, 96.5637, 158.097
1980, 84, 209, 96.4532, 158.179
1981, 84, 209, 96.3694, 158.262
1982, 84, 209, 96.2589, 158.343
1983, 84, 209, 96.1658, 158.426
1984, 84, 209, 96.082, 158.508
1985, 84, 209, 95.9982, 158.59
1986, 84, 209, 95.8877, 158.673
1987, 84, 209, 95.7772, 158.755
1988, 84, 209, 95.6934, 158.837
1989, 84, 209, 95.6096, 158.92
1990, 84, 209, 95.4585, 159.002
1991, 84, 209, 95.3654, 159.102
1992, 84, 209, 95.2816, 159.186
1993, 84, 209, 95.1978, 159.269
1994, 84, 209, 95.114, 159.352
1995, 84, 209, 95.061, 159.444
1996, 84, 209, 95.0021, 159.526
1997, 84, 209, 94.9491, 159.608
1998, 84, 209, 94.8961, 159.691
1999, 84, 209, 94.8287, 159.773
2000, 84, 209, 94.7449, 159.855
2001, 84, 209, 94.6611, 159.937
2002, 84, 209, 94.5773, 160.019
2003, 84, 209, 94.4935, 160.101
2004, 84, 209, 94.4262, 160.184
2005, 84, 209, 94.3732, 160.265
2006, 84, 209, 94.2894, 160.346
2007, 84, 209, 94.1194, 160.428
2008, 84, 209, 94.0089, 160.51
2009, 84, 209, 93.839, 160.591
2010, 84, 209, 93.7285, 160.673
2011, 84, 209, 93.6447, 160.755
2012, 84, 209, 93.5342, 160.837
2013, 84, 209, 93.4504, 160.918
2014, 84, 209, 93.3666, 161
2015, 84, 209, 93.2561, 161.082
2016, 84, 209, 93.1888, 161.166
2017, 84, 209, 93.1214, 161.247
2018, 84, 209, 93.2141, 161.328
2019, 84, 209, 93.1611, 161.409
2020, 84, 209, 93.0506, 161.49
2021, 84, 209, 92.9668, 161.571
2022, 84, 209, 92.883, 161.652
2023, 84, 209, 92.7992, 161.733
2024, 84, 209, 92.7154, 161.813
2025, 84, 209, 92.6316, 161.894
2026, 84, 209, 92.5643, 161.976
2027, 84, 208, 92.7273, 162.058
2028, 84, 208, 92.6599, 162.141
2029, 84, 208, 92.6159, 162.221
2030, 84, 208, 92.5718, 162.302
2031, 84, 208, 92.5188, 162.382
2032, 84, 208, 92.4658, 162.472
2033, 84, 208, 92.4292, 162.554
2034, 84, 208, 92.3926, 162.634
2035, 84, 208, 92.3258, 162.715
2036, 84, 208, 92.2728, 162.796
2037, 84, 208, 92.189, 162.877
2038, 84, 208, 92.0191, 162.957
2039, 84, 208, 91.9086, 163.037
2040, 84, 208, 91.7386, 163.118
2041, 84, 208, 91.6281, 163.2
2042, 84, 208, 91.5444, 163.28
2043, 84, 208, 91.4339, 163.36
2044, 84, 208, 91.3501, 163.439
2045, 84, 208, 91.2663, 163.52
2046, 84, 208, 91.4293, 163.602
2047, 84, 208, 91.3188, 163.683
2048, 84, 208, 91.235, 163.764
2049, 84, 208, 91.1512, 163.851
2050, 84, 208, 90.9813, 163.931
2051, 84, 208, 90.8708, 164.011
2052, 84, 208, 90.787, 164.091
2053, 84, 208, 90.7196, 164.17
2054, 84, 208, 90.5685, 164.259
2055, 84, 208, 90.4847, 164.34
2056, 84, 207, 90.6744, 164.42
2057, 84, 207, 90.5639, 164.5
2058, 84, 207, 90.4966, 164.605
2059, 84, 207, 90.4292, 164.685
2060, 85, 207, 90.4252, 164.789
2061, 85, 207, 90.3812, 164.87
2062, 85, 207, 90.3138, 164.95
2063, 85, 207, 90.2465, 165.031
2064, 85, 206, 90.4095, 165.11
2065, 85, 206, 90.3422, 165.19
2066, 85, 206, 90.249, 165.27
2067, 85, 205, 90.4388, 165.35
2068, 85, 205, 90.3283, 165.43
2069, 85, 205, 90.1771, 165.51
2070, 85, 205, 90.1098, 165.59
2071, 85, 205, 90.0657, 165.671
2072, 86, 205, 90.0621, 165.79
2073, 87, 205, 90.0588, 165.902
2074, 88, 205, 90.0558, 166.018
2075, 89, 205, 90.0531, 166.139
2076, 90, 205, 90.0506, 166.262
2077, 90, 205, 90.0065, 166.389
2078, 90, 205, 89.9476, 166.47
2079, 90, 204, 90.1107, 166.551
2080, 90, 204, 90.0433, 166.632
2081, 90, 204, 89.9903, 166.713
2082, 90, 204, 89.9462, 166.793
2083, 90, 204, 89.8789, 166.873
2084, 90, 204, 89.7858, 166.953
2085, 90, 204, 89.702, 167.034
2086, 90, 204, 89.6089, 167.114
2087, 90, 204, 89.5251, 167.194
2088, 90, 203, 89.7664, 167.275
2089, 90, 203, 89.5619, 167.357
2090, 90, 203, 89.4781, 167.437
2091, 90, 203, 89.6411, 167.518
2092, 90, 203, 89.3777, 167.599
2093, 90, 203, 89.3336, 167.726
2094, 90, 203, 89.2806, 167.807
2095, 90, 203, 89.2217, 167.889
2096, 90, 203, 89.1628, 167.971
2097, 90, 203, 89.1098, 168.052
2098, 90, 203, 89.0657, 168.135
2099, 90, 203, 89.0291, 168.216
2100, 90, 203, 88.9702, 168.297
2101, 90, 203, 88.9172, 168.379
2102, 91, 203, 88.9149, 168.506
2103, 92, 203, 88.9128, 168.641
2104, 93, 203, 88.9108, 168.779
2105, 94, 203, 88.909, 168.922
2106, 95, 203, 88.9072, 169.071
2107, 96, 203, 88.9056, 169.238
2108, 97, 203, 88.9041, 169.398
2109, 98, 203, 88.9027, 169.63
2110, 98, 203, 88.8725, 169.859
2111, 98, 203, 88.7754, 169.978
2112, 98, 203, 88.7165, 170.082
2113, 98, 203, 88.6492, 170.164
2114, 98, 203, 88.5962, 170.247
2115, 98, 203, 88.5288, 170.33
2116, 98, 202, 88.7186, 170.412
2117, 98, 202, 88.8816, 170.495
2118, 98, 202, 88.7305, 170.577
2119, 98, 202, 88.5793, 170.66
2120, 98, 202, 88.4955, 170.743
2121, 98, 202, 88.4024, 170.825
2122, 98, 202, 88.3351, 170.906
2123, 98, 202, 88.2821, 170.988
2124, 98, 202, 88.2232, 171.069
2125, 98, 202, 88.1702, 171.155
2126, 98, 202, 88.1028, 171.238
2127, 98, 202, 88.0498, 171.32
2128, 98, 202, 87.9567, 171.402
2129, 98, 202, 87.8729, 171.485
2130, 98, 202, 87.7891, 171.567
2131, 98, 202, 87.9115, 171.652
2132, 98, 202, 87.8585, 171.736
2133, 98, 202, 87.8144, 171.818
2134, 98, 202, 87.7778, 171.9
2135, 98, 202, 87.7248, 171.982
2136, 98, 202, 87.6317, 172.065
2137, 98, 202, 87.5644, 172.148
2138, 98, 202, 87.4806, 172.23
2139, 98, 202, 87.3835, 172.313
2140, 98, 202, 87.2323, 172.397
2141, 98, 202, 87.1735, 172.492
2142, 98, 202, 87.1205, 172.576
2143, 98, 202, 87.0273, 172.659
2144, 98, 202, 86.9342, 172.741
2145, 98, 202, 86.8901, 172.829
2146, 98, 202, 86.7931, 172.912
2147, 98, 202, 86.749, 172.995
2148, 98, 202, 86.7187, 173.078
2149, 98, 202, 86.6885, 173.255
2150, 98, 202, 86.6583, 173.338
2151, 98, 202, 86.6142, 173.421
2152, 98, 202, 86.5553, 173.503
2153, 98, 202, 86.4964, 173.586
2154, 98, 202, 86.4434, 173.671
2155, 98, 202, 86.3904, 173.754
2156, 98, 202, 86.3538, 173.837
2157, 98, 202, 86.3132, 173.92
2158, 98, 202, 86.2725, 174.004
2159, 98, 202, 86.236, 174.087
2160, 98, 202, 86.2057, 174.17
2161, 98, 202, 86.179, 174.253
2162, 98, 202, 86.1383, 174.337
2163, 98, 202, 86.1017, 174.42
2164, 98, 202, 86.0715, 174.594
2165, 98, 202, 86.0274, 174.678
2166, 98, 202, 85.9833, 174.762
2167, 98, 202, 85.9165, 174.845
2168, 98, 202, 85.8635, 174.929
2169, 98, 202, 85.8194, 175.012
2170, 98, 202, 85.7981, 175.094
2171, 98, 202, 85.7767, 175.178
2172, 98, 202, 85.7178, 175.261
2173, 98, 202, 85.6648, 175.343
2174, 98, 202, 85.581, 175.425
2175, 98, 202, 85.4972, 175.509
2176, 98, 201, 85.6602, 175.59
2177, 98, 201, 85.5929, 175.673
2178, 98, 200, 85.7826, 175.765
2179, 98, 200, 85.6721, 175.848
2180, 98, 200, 85.5883, 175.93
2181, 98, 200, 85.521, 176.013
2182, 98, 200, 85.4536, 176.095
2183, 98, 200, 85.4006, 176.178
2184, 98, 200, 85.3417, 176.26
2185, 98, 199, 85.4904, 176.342
2186, 98, 199, 85.4464, 176.424
2187, 98, 199, 85.5578, 176.506
2188, 98, 199, 85.5212, 176.588
2189, 98, 199, 85.4365, 176.67
2190, 98, 199, 85.3835, 176.751
2191, 98, 199, 85.3167, 176.833
2192, 98, 199, 85.2637, 176.917
2193, 98, 199, 85.2048, 177
2194, 98, 199, 85.1518, 177.081
2195, 98, 199, 85.0844, 177.165
2196, 98, 199, 85.0403, 177.247
2197, 98, 199, 84.9962, 177.329
2198, 98, 199, 85.0889, 177.41
2199, 98, 199, 85.0359, 177.492
2200, 98, 199, 84.9918, 177.574
2201, 98, 199, 84.9329, 177.656
2202, 98, 199, 84.8799, 177.737
2203, 98, 199, 84.8433, 177.819
2204, 98, 199, 84.8027, 177.902
2205, 98, 199, 84.7661, 177.983
2206, 98, 199, 84.7295, 178.064
2207, 98, 199, 84.693, 178.145
2208, 98, 199, 84.6564, 178.226
2209, 98, 199, 84.6261, 178.307
2210, 98, 199, 84.5673, 178.388
2211, 98, 199, 84.5142, 178.471
2212, 98, 198, 84.6773, 178.552
2213, 98, 198, 84.6099, 178.634
2214, 98, 198, 84.5734, 178.716
2215, 98, 198, 84.5368, 178.797
2216, 98, 198, 84.47, 178.877
2217, 98, 198, 84.4432, 178.958
2218, 98, 198, 84.3764, 179.039
2219, 98, 198, 84.3462, 179.131
2220, 98, 198, 84.2932, 179.215
2221, 98, 197, 84.4829, 179.296
2222, 98, 197, 84.3724, 179.377
2223, 98, 197, 84.2195, 179.457
2224, 98, 197, 84.0665, 179.538
2225, 98, 197, 83.956, 179.619
2226, 98, 197, 83.8049, 179.7
2227, 98, 197, 83.7211, 179.78
2228, 98, 197, 83.6538, 179.861
2229, 98, 197, 83.57, 179.942
2230, 98, 197, 83.4862, 180.024
2231, 98, 197, 83.4024, 180.107
2232, 98, 197, 83.2324, 180.187
2233, 98, 197, 83.1486, 180.268
2234, 98, 196, 83.3384, 180.349
2235, 98, 196, 83.2279, 180.43
2236, 98, 196, 83.1441, 180.511
2237, 98, 196, 83.0603, 180.594
2238, 98, 196, 82.9765, 180.674
2239, 98, 196, 83.0989, 180.755
2240, 98, 196, 83.0459, 180.836
2241, 98, 196, 82.9621, 180.917
2242, 98, 196, 82.8783, 180.998
2243, 98, 196, 82.8109, 181.079
2244, 98, 196, 82.7668, 181.161
2245, 98, 196, 82.7138, 181.241
2246, 98, 196, 82.6608, 181.323
2247, 98, 196, 82.5677, 181.403
2248, 98, 196, 82.5004, 181.484
2249, 98, 196, 82.4166, 181.565
2250, 98, 196, 82.2636, 181.646
2251, 98, 196, 82.1798, 181.727
2252, 98, 196, 82.1358, 181.807
2253, 99, 196, 82.1345, 182.079
2254, 100, 196, 82.1333, 182.352
2255, 101, 196, 82.1321, 182.648
2256, 102, 196, 82.1309, 182.944
2257, 103, 196, 82.1298, 183.252
2258, 104, 196, 82.1287, 183.567
2259, 105, 196, 82.1276, 183.916
2260, 106, 196, 82.1266, 184.247
2261, 107, 196, 82.1256, 184.583
2262, 108, 196, 82.1246, 184.924
2263, 109, 196, 82.1236, 185.276
2264, 110, 196, 82.1227, 185.719
2265, 111, 196, 82.1218, 186.193
2266, 112, 196, 82.1209, 186.577
2267, 112, 196, 82.0995, 186.962
2268, 112, 196, 82.0693, 187.044
2269, 113, 196, 82.0684, 187.429
2270, 114, 196, 82.0676, 187.821
2271, 114, 196, 82.0563, 187.903
2272, 114, 196, 82.0033, 187.986
2273, 114, 196, 81.9195, 188.068
2274, 114, 196, 81.8892, 188.152
2275, 114, 196, 81.8362, 188.235
2276, 114, 195, 81.9849, 188.318
2277, 114, 195, 81.9409, 188.402
2278, 115, 195, 81.94, 188.808
2279, 116, 195, 81.9392, 189.256
2280, 117, 195, 81.9384, 189.715
2281, 118, 195, 81.9377, 190.154
2282, 119, 195, 81.9369, 190.604
2283, 120, 195, 81.9362, 191.066
2284, 121, 195, 81.9355, 191.536
2285, 122, 195, 81.9347, 192.012
2286, 123, 195, 81.9341, 192.508
2287, 124, 195, 81.9334, 193.017
2288, 125, 195, 81.9327, 193.541
2289, 126, 195, 81.9321, 194.078
2290, 127, 195, 81.9314, 194.623
2291, 128, 195, 81.9308, 195.177
2292, 129, 195, 81.9302, 195.739
2293, 130, 195, 81.9296, 196.328
2294, 130, 195, 81.9142, 196.913
2295, 130, 195, 81.8701, 196.994
2296, 130, 195, 81.777, 197.075
2297, 130, 195, 81.7181, 197.156
2298, 130, 194, 81.8811, 197.237
2299, 130, 194, 81.8138, 197.32
2300, 130, 194, 81.6609, 197.401
2301, 130, 194, 81.5677, 197.482
2302, 130, 194, 81.5004, 197.563
2303, 130, 194, 81.4331, 197.644
2304, 130, 194, 81.34, 197.727
2305, 130, 194, 81.2726, 197.808
2306, 130, 194, 81.1795, 197.89
2307, 130, 194, 81.1265, 197.971
2308, 130, 194, 81.0824, 198.052
2309, 130, 194, 81.0294, 198.134
2310, 130, 194, 80.9363, 198.216
2311, 130, 194, 80.869, 198.296
2312, 130, 194, 80.8249, 198.378
2313, 130, 194, 80.9175, 198.459
2314, 130, 194, 80.8645, 198.54
2315, 130, 194, 80.8115, 198.622
2316, 130, 194, 80.7442, 198.703
2317, 130, 194, 80.7001, 198.785
2318, 130, 194, 80.6471, 198.866
2319, 130, 194, 80.5941, 198.947
2320, 130, 194, 80.55, 199.029
2321, 130, 194, 80.4832, 199.124
2322, 130, 194, 80.4466, 199.207
2323, 130, 194, 80.41, 199.288
2324, 130, 194, 80.3798, 199.369
2325, 130, 194, 80.353, 199.452
2326, 130, 194, 80.3049, 199.534
2327, 130, 194, 80.2683, 199.615
2328, 130, 194, 80.2201, 199.696
2329, 130, 194, 80.1934, 199.777
2330, 130, 194, 80.1266, 199.857
2331, 130, 194, 80.0825, 199.94
2332, 130, 194, 80.0459, 200.02
2333, 130, 194, 80.0245, 200.102
2334, 130, 194, 79.9715, 200.183
2335, 130, 194, 79.9126, 200.264
2336, 130, 194, 79.8537, 200.344
2337, 130, 194, 79.9879, 200.425
2338, 130, 194, 79.9576, 200.506
2339, 130, 194, 79.917, 200.588
2340, 130, 194, 79.8956, 200.668
2341, 130, 194, 79.8689, 200.75
2342, 130, 194, 79.8421, 200.831
2343, 130, 194, 79.8055, 200.912
2344, 130, 194, 79.7217, 200.992
2345, 130, 194, 79.6687, 201.073
2346, 130, 194, 79.6385, 201.154
2347, 130, 194, 79.6117, 201.235
2348, 130, 194, 79.5636, 201.316
2349, 130, 194, 79.5333, 201.398
2350, 130, 194, 79.6438, 201.478
2351, 130, 194, 79.6171, 201.559
2352, 130, 194, 79.5903, 201.64
2353, 130, 194, 79.5537, 201.721
2354, 130, 194, 79.5235, 201.801
2355, 130, 194, 79.5021, 201.883
2356, 130, 193, 79.6433, 201.964
2357, 130, 193, 79.6131, 202.046
2358, 130, 193, 79.5765, 202.127
2359, 130, 193, 79.5176, 202.209
2360, 130, 193, 79.4646, 202.292
2361, 130, 193, 79.4116, 202.394
2362, 130, 193, 79.3442, 202.485
2363, 130, 192, 79.534, 202.566
2364, 130, 192, 79.4235, 202.648
2365, 130, 192, 79.3304, 202.728
2366, 130, 192, 79.2372, 202.809
2367, 130, 192, 79.1535, 202.889
2368, 130, 192, 79.0861, 202.97
2369, 130, 192, 79.0331, 203.052
2370, 130, 192, 78.9658, 203.133
2371, 130, 192, 78.9069, 203.216
2372, 130, 192, 78.848, 203.298
2373, 130, 192, 78.795, 203.38
2374, 130, 192, 78.7276, 203.462
2375, 130, 192, 78.6603, 203.543
2376, 130, 192, 78.5672, 203.626
2377, 130, 191, 78.7569, 203.708
2378, 130, 191, 78.6464, 203.79
2379, 130, 191, 78.4765, 203.872
2380, 130, 191, 78.366, 203.954
2381, 130, 191, 78.1961, 204.035
2382, 130, 191, 78.0856, 204.117
2383, 130, 191, 78.0326, 204.2
2384, 130, 191, 77.9652, 204.283
2385, 130, 191, 77.9211, 204.365
2386, 130, 191, 77.8538, 204.447
2387, 130, 191, 77.7949, 204.528
2388, 130, 191, 77.7419, 204.609
2389, 130, 191, 77.6978, 204.692
2390, 130, 190, 77.8465, 204.774
2391, 130, 190, 77.9391, 204.857
2392, 130, 190, 77.8723, 204.94
2393, 130, 190, 77.8283, 205.023
2394, 130, 190, 77.7876, 205.105
2395, 130, 190, 77.747, 205.19
2396, 130, 190, 77.7104, 205.273
2397, 130, 190, 77.6663, 205.356
2398, 130, 190, 77.6133, 205.438
2399, 130, 190, 77.546, 205.521
2400, 130, 190, 77.5094, 205.604
2401, 130, 190, 77.4653, 205.687
2402, 130, 190, 77.4123, 205.785
2403, 130, 190, 77.3593, 205.868
2404, 130, 190, 77.2755, 205.951
2405, 130, 189, 77.4652, 206.034
2406, 130, 189, 77.3547, 206.117
2407, 130, 189, 77.2709, 206.199
2408, 130, 189, 77.1871, 206.282
2409, 130, 189, 77.094, 206.365
2410, 130, 189, 77.0267, 206.448
2411, 130, 189, 76.9336, 206.532
2412, 130, 189, 76.8662, 206.614
2413, 130, 189, 76.7731, 206.698
2414, 130, 189, 76.7058, 206.782
2415, 130, 189, 76.6528, 206.865
2416, 130, 189, 76.6087, 206.947
2417, 130, 189, 76.5721, 207.031
2418, 130, 188, 76.7351, 207.113
2419, 130, 188, 76.6678, 207.198
2420, 130, 188, 76.6004, 207.282
2421, 130, 188, 76.5564, 207.366
2422, 130, 188, 76.5123, 207.45
2423, 130, 188, 76.4593, 207.532
2424, 130, 188, 76.5817, 207.616
2425, 130, 188, 76.5376, 207.701
2426, 130, 188, 76.4787, 207.784
2427, 130, 188, 76.4485, 207.867
2428, 130, 188, 76.4044, 207.95
2429, 130, 188, 76.3514, 208.034
2430, 130, 188, 76.2984, 208.117
2431, 130, 188, 76.2454, 208.199
2432, 130, 187, 76.4084, 208.284
2433, 130, 187, 76.3113, 208.366
2434, 130, 187, 76.2142, 208.45
2435, 130, 187, 76.1776, 208.533
2436, 130, 187, 76.1335, 208.616
2437, 130, 187, 76.0805, 208.699
2438, 130, 187, 76.0275, 208.782
2439, 130, 187, 75.9602, 208.865
2440, 130, 186, 76.1232, 208.948
2441, 130, 186, 76.0559, 209.032
2442, 130, 186, 76.0118, 209.13
2443, 130, 186, 75.9588, 209.213
2444, 130, 186, 75.9286, 209.299
2445, 130, 186, 75.892, 209.383
2446, 130, 185, 76.055, 209.471
2447, 130, 185, 75.9877, 209.561
2448, 130, 185, 75.9347, 209.645
2449, 130, 185, 75.8673, 209.729
2450, 130, 185, 75.8084, 209.853
2451, 130, 184, 75.9571, 209.985
2452, 130, 184, 75.9131, 210.107
2453, 130, 184, 75.86, 210.228
2454, 130, 184, 75.816, 210.37
2455, 130, 184, 75.7719, 210.504
2456, 130, 184, 75.7278, 210.63
2457, 130, 184, 75.6748, 210.718
2458, 130, 184, 75.6218, 210.802
2459, 130, 184, 75.5629, 210.885
2460, 130, 184, 75.5327, 210.968
2461, 130, 184, 75.5024, 211.051
2462, 130, 184, 75.4659, 211.135
2463, 130, 184, 75.4129, 211.219
2464, 130, 184, 75.3158, 211.303
2465, 130, 184, 75.2855, 211.387
2466, 131, 184, 75.285, 211.989
2467, 132, 184, 75.2844, 212.68
2468, 133, 184, 75.2838, 213.59
2469, 134, 184, 75.2833, 214.218
2470, 135, 184, 75.2827, 214.843
2471, 135, 184, 75.2745, 214.925
2472, 135, 184, 75.2379, 215.008
2473, 135, 184, 75.1711, 215.091
2474, 135, 184, 75.1345, 215.174
2475, 135, 184, 75.0815, 215.256
2476, 135, 184, 74.9116, 215.339
2477, 135, 184, 74.8011, 215.422
2478, 136, 184, 74.8005, 216.073
2479, 137, 184, 74.8, 216.718
2480, 138, 184, 74.7995, 217.377
2481, 139, 184, 74.799, 218.049
2482, 140, 184, 74.7985, 218.739
2483, 141, 184, 74.798, 219.452
2484, 142, 184, 74.7976, 220.18
2485, 143, 184, 74.7971, 220.944
2486, 144, 184, 74.7966, 221.695
2487, 145, 184, 74.7962, 222.458
2488, 146, 184, 74.7958, 223.247
2489, 147, 184, 74.7953, 224.075
2490, 148, 184, 74.7949, 224.913
2491, 149, 184, 74.7945, 226.03
2492, 150, 184, 74.7941, 226.921
2493, 150, 184, 74.7828, 227.824
2494, 150, 184, 74.7239, 227.909
2495, 150, 184, 74.6709, 227.993
2496, 150, 183, 74.8606, 228.078
2497, 150, 183, 74.7501, 228.162
2498, 150, 183, 74.6912, 228.247
2499, 150, 183, 74.6382, 228.33
2500, 150, 183, 74.5852, 228.414
2501, 150, 183, 74.5411, 228.497
2502, 150, 183, 74.4881, 228.58
2503, 150, 183, 74.4043, 228.664
2504, 151, 183, 74.4039, 228.747
2505, 152, 183, 74.4035, 229.677
2506, 153, 183, 74.4032, 230.618
2507, 154, 183, 74.4028, 231.575
2508, 155, 183, 74.4024, 232.564
2509, 156, 183, 74.402, 233.55
2510, 157, 183, 74.4017, 233.632
2511, 158, 183, 74.4013, 234.656
2512, 159, 183, 74.4009, 235.69
2513, 160, 183, 74.4006, 236.737
2514, 161, 183, 74.4002, 237.805
2515, 162, 183, 74.3999, 238.897
2516, 163, 183, 74.3996, 240.046
2517, 164, 183, 74.3992, 241.269
2518, 165, 183, 74.3989, 242.52
2519, 166, 183, 74.3986, 243.695
2520, 167, 183, 74.3983, 244.903
2521, 168, 183, 74.398, 246.13
2522, 169, 183, 74.3977, 247.358
2523, 170, 183, 74.3974, 248.62
2524, 171, 183, 74.3971, 249.91
2525, 172, 183, 74.3968, 251.215
2526, 172, 183, 74.3907, 251.296
2527, 172, 183, 74.3693, 251.378
2528, 172, 183, 74.3611, 252.706
2529, 172, 183, 74.3308, 252.789
2530, 172, 183, 74.4235, 252.87
2531, 172, 183, 74.3705, 252.952
2532, 172, 183, 74.3298, 253.034
2533, 172, 183, 74.2933, 253.116
2534, 172, 183, 74.4156, 253.199
2535, 172, 183, 74.3483, 253.281
2536, 172, 183, 74.3269, 253.364
2537, 173, 183, 74.3266, 254.717
2538, 174, 183, 74.3264, 256.069
2539, 174, 183, 74.322, 256.152
2540, 174, 183, 74.374, 256.234
2541, 174, 183, 74.3472, 256.316
2542, 174, 183, 74.3106, 256.398
2543, 174, 183, 74.2804, 256.48
2544, 174, 183, 74.2363, 256.562
2545, 174, 183, 74.1997, 256.644
2546, 174, 183, 74.1631, 256.725
2547, 174, 183, 74.1329, 256.807
2548, 174, 183, 74.1027, 256.889
2549, 174, 183, 74.0353, 256.985
2550, 174, 183, 73.9988, 257.089
2551, 174, 183, 73.9622, 257.212
2552, 174, 183, 73.932, 257.303
2553, 174, 183, 73.8954, 257.43
2554, 174, 183, 73.8588, 257.562
2555, 174, 183, 73.8147, 257.661
2556, 174, 183, 73.73, 257.744
2557, 174, 183, 73.6934, 257.827
2558, 174, 183, 73.6568, 257.91
2559, 174, 183, 73.5979, 257.993
2560, 174, 183, 73.5677, 258.076
2561, 174, 183, 73.5147, 258.158
2562, 174, 183, 73.4788, 258.241
2563, 174, 183, 73.4423, 258.325
2564, 174, 183, 73.3892, 258.407
2565, 174, 183, 73.3527, 258.489
2566, 174, 183, 73.3259, 258.572
2567, 174, 183, 73.267, 258.655
2568, 174, 183, 73.2368, 258.737
2569, 174, 183, 73.2065, 258.82
2570, 174, 183, 73.1659, 258.902
2571, 174, 183, 73.1293, 258.985
2572, 174, 183, 73.0928, 259.067
2573, 174, 183, 73.0487, 259.166
2574, 174, 183, 73.0121, 259.248
2575, 174, 183, 72.9532, 259.334
2576, 174, 183, 72.923, 259.417
2577, 174, 183, 72.9929, 259.5
2578, 174, 182, 73.1416, 259.598
2579, 174, 182, 73.0975, 259.682
2580, 174, 182, 73.0445, 259.765
2581, 174, 181, 73.2342, 259.847
2582, 174, 181, 73.3973, 259.93
2583, 174, 181, 73.3042, 260.013
2584, 174, 181, 73.4681, 260.096
2585, 174, 181, 73.424, 260.179
2586, 174, 181, 73.3651, 260.279
2587, 174, 181, 73.3348, 260.362
2588, 174, 181, 73.3046, 260.445
2589, 174, 181, 73.2075, 260.529
2590, 174, 181, 73.1402, 260.612
2591, 174, 181, 73.0734, 260.695
2592, 174, 181, 73.0431, 260.779
2593, 174, 181, 72.9901, 260.864
2594, 174, 181, 72.8931, 260.947
2595, 174, 181, 72.8342, 261.03
2596, 174, 180, 72.9972, 261.113
2597, 174, 180, 72.9299, 261.196
2598, 174, 180, 72.8933, 261.28
2599, 174, 180, 72.8526, 261.363
2600, 174, 180, 72.8161, 261.447
2601, 174, 180, 72.772, 261.531
2602, 174, 180, 72.7279, 261.615
2603, 174, 180, 72.6977, 261.699
2604, 174, 180, 72.6447, 261.783
2605, 174, 180, 72.5778, 261.867
2606, 174, 180, 72.5476, 261.951
2607, 174, 180, 72.5174, 262.035
2608, 174, 180, 72.5873, 262.119
2609, 174, 180, 72.5205, 262.203
2610, 174, 180, 72.4903, 262.286
2611, 174, 180, 72.4537, 262.371
2612, 174, 180, 72.4171, 262.468
2613, 174, 180, 72.487, 262.552
2614, 174, 180, 72.4657, 262.635
2615, 174, 180, 72.4291, 262.718
2616, 174, 180, 72.499, 262.802
2617, 174, 180, 72.4688, 262.886
2618, 174, 180, 72.4322, 262.969
2619, 174, 180, 72.4108, 263.052
2620, 174, 180, 72.3743, 263.135
2621, 174, 180, 72.3377, 263.218
2622, 174, 180, 72.3011, 263.301
2623, 174, 180, 72.2645, 263.385
2624, 174, 180, 72.2279, 263.468
2625, 174, 180, 72.1839, 263.553
2626, 174, 180, 72.1536, 263.64
2627, 174, 180, 72.0863, 263.726
2628, 174, 180, 72.0274, 263.81
2629, 174, 180, 71.9685, 263.893
2630, 174, 180, 71.7876, 263.977
2631, 174, 180, 71.7435, 264.059
2632, 174, 180, 71.7133, 264.143
2633, 174, 180, 71.6465, 264.226
2634, 174, 180, 71.6024, 264.31
2635, 174, 180, 71.5658, 264.393
2636, 174, 180, 71.5128, 264.493
2637, 174, 180, 71.4687, 264.577
2638, 174, 180, 71.4322, 264.66
2639, 174, 180, 71.3881, 264.744
2640, 174, 180, 71.3351, 264.827
2641, 174, 180, 71.2985, 264.911
2642, 174, 180, 71.1787, 264.994
2643, 174, 180, 71.1257, 265.077
2644, 174, 180, 71.0891, 265.16
2645, 174, 180, 71.0485, 265.243
2646, 174, 180, 71.0217, 265.327
2647, 174, 180, 70.981, 265.41
2648, 174, 180, 70.9404, 265.493
2649, 174, 180, 70.919, 265.575
2650, 174, 180, 70.8976, 265.658
2651, 174, 180, 70.857, 265.741
2652, 174, 180, 70.909, 265.836
2653, 174, 180, 70.8876, 265.919
2654, 174, 180, 70.8395, 266.001
2655, 174, 180, 70.8093, 266.083
2656, 174, 180, 70.7611, 266.166
2657, 174, 180, 70.7343, 266.247
2658, 174, 180, 70.6813, 266.334
2659, 174, 180, 70.614, 266.417
2660, 174, 180, 70.5699, 266.504
2661, 174, 180, 70.5431, 266.586
2662, 174, 180, 70.5164, 266.668
2663, 174, 180, 70.495, 266.751
2664, 174, 180, 70.4682, 266.833
2665, 174, 180, 70.4014, 266.916
2666, 174, 180, 70.3484, 266.999
2667, 174, 180, 70.3043, 267.084
2668, 174, 180, 70.2513, 267.168
2669, 174, 180, 70.3439, 267.252
2670, 174, 180, 70.2909, 267.336
2671, 174, 180, 70.2607, 267.418
2672, 174, 180, 70.2241, 267.502
2673, 174, 180, 70.1974, 267.587
2674, 174, 180, 70.1306, 267.669
2675, 174, 180, 70.0824, 267.754
2676, 174, 180, 70.0458, 267.837
2677, 174, 180, 70.0093, 267.918
2678, 174, 180, 69.9686, 268.001
2679, 174, 180, 69.9472, 268.083
2680, 174, 180, 69.9205, 268.164
2681, 174, 180, 69.8839, 268.247
2682, 174, 180, 69.8357, 268.329
2683, 174, 180, 69.8732, 268.411
2684, 174, 180, 69.8528, 268.493
2685, 174, 180, 69.826, 268.575
2686, 174, 180, 69.8046, 268.657
2687, 174, 180, 69.7681, 268.739
2688, 174, 180, 69.7315, 268.821
2689, 174, 180, 69.6647, 268.904
2690, 174, 180, 69.6281, 268.986
2691, 174, 180, 69.5915, 269.068
2692, 174, 180, 69.5701, 269.157
2693, 174, 180, 69.522, 269.239
2694, 174, 180, 69.4952, 269.322
2695, 174, 180, 69.5651, 269.404
2696, 174, 180, 69.5384, 269.485
2697, 174, 180, 69.5116, 269.567
2698, 174, 180, 69.4848, 269.65
2699, 174, 180, 69.4581, 269.731
2700, 174, 180, 69.4313, 269.813
2701, 174, 180, 69.4099, 269.895
2702, 174, 180, 69.3885, 269.977
2703, 174, 180, 69.2374, 270.061
2704, 174, 180, 69.1933, 270.145
2705, 174, 180, 69.1719, 270.227
2706, 174, 180, 69.113, 270.31
2707, 174, 180, 69.0462, 270.392
2708, 174, 180, 68.9624, 270.474
2709, 174, 180, 68.9218, 270.556
2710, 174, 180, 68.892, 270.637
2711, 174, 180, 68.8555, 270.719
2712, 174, 180, 68.84, 270.801
2713, 175, 180, 68.8397, 272.158
2714, 176, 180, 68.8395, 273.54
2715, 177, 180, 68.8392, 274.939
2716, 178, 180, 68.8389, 276.395
2717, 179, 180, 68.8387, 277.875
2718, 180, 180, 68.8384, 279.372
2719, 181, 180, 68.8381, 280.898
2720, 182, 180, 68.8379, 282.428
2721, 183, 180, 68.8376, 283.962
2722, 184, 180, 68.8374, 285.523
2723, 185, 180, 68.8371, 287.113
2724, 186, 180, 68.8369, 288.75
2725, 187, 180, 68.8367, 290.496
2726, 188, 180, 68.8364, 292.248
2727, 189, 180, 68.8362, 294.035
2728, 190, 180, 68.836, 295.831
2729, 191, 180, 68.8357, 297.837
2730, 192, 180, 68.8355, 299.686
2731, 193, 180, 68.8353, 301.547
2732, 194, 180, 68.8351, 303.448
2733, 194, 180, 68.829, 305.338
2734, 194, 180, 68.7993, 305.424
2735, 194, 180, 68.7725, 305.507
2736, 194, 180, 68.7136, 305.59
2737, 194, 180, 68.6606, 305.673
2738, 194, 180, 68.6165, 305.766
2739, 194, 180, 68.5897, 305.85
2740, 194, 180, 68.563, 305.932
2741, 194, 180, 68.5416, 306.015
2742, 194, 180, 68.5148, 306.098
2743, 194, 180, 68.488, 306.181
2744, 194, 180, 68.4578, 306.263
2745, 194, 180, 68.431, 306.355
2746, 194, 180, 68.4043, 306.437
2747, 194, 180, 68.3888, 306.52
2748, 194, 180, 68.3621, 306.603
2749, 194, 180, 68.3353, 306.685
2750, 194, 180, 68.2947, 306.769
2751, 194, 180, 68.2733, 306.852
2752, 194, 180, 68.2367, 306.935
2753, 194, 180, 68.1529, 307.017
2754, 194, 180, 68.1163, 307.099
2755, 194, 180, 68.0959, 307.182
2756, 194, 180, 68.0552, 307.265
2757, 194, 180, 68.0339, 307.348
2758, 194, 180, 68.0859, 307.431
2759, 194, 180, 68.0591, 307.514
2760, 194, 180, 68.1381, 307.596
2761, 194, 180, 68.1176, 307.679
2762, 194, 180, 68.0909, 307.762
2763, 194, 180, 68.0641, 307.845
2764, 194, 180, 68.0373, 307.928
2765, 194, 180, 68.0159, 308.012
2766, 194, 180, 67.9892, 308.095
2767, 194, 180, 67.9687, 308.177
2768, 194, 180, 67.939, 308.26
2769, 194, 180, 67.9236, 308.343
2770, 194, 180, 67.8968, 308.426
2771, 194, 180, 67.8037, 308.509
2772, 194, 180, 67.7363, 308.591
2773, 195, 180, 67.7361, 310.507
2774, 196, 180, 67.7359, 312.485
2775, 197, 180, 67.7357, 314.581
2776, 197, 180, 67.7313, 314.698
2777, 197, 180, 67.7108, 314.781
2778, 197, 180, 67.6138, 314.865
2779, 197, 180, 67.5608, 314.949
2780, 197, 180, 67.5019, 315.033
2781, 197, 180, 67.4489, 315.116
2782, 197, 180, 67.3958, 315.199
2783, 197, 180, 67.3656, 315.282
2784, 197, 180, 67.4031, 315.365
2785, 197, 180, 67.3919, 315.45
2786, 198, 180, 67.3916, 317.442
2787, 199, 180, 67.3914, 319.459
2788, 200, 180, 67.3912, 319.545
2789, 200, 180, 67.3881, 319.628
2790, 200, 180, 67.3607, 319.713
2791, 201, 180, 67.3605, 321.774
2792, 202, 180, 67.3603, 323.872
2793, 203, 180, 67.3601, 325.98
2794, 204, 180, 67.3599, 328.073
2795, 205, 180, 67.3597, 330.371
2796, 206, 180, 67.3595, 330.487
2797, 206, 180, 67.3574, 330.57
2798, 206, 180, 67.33, 330.654
2799, 206, 180, 67.3033, 330.737
2800, 206, 180, 67.2667, 330.82
2801, 206, 180, 67.2301, 330.903
2802, 206, 180, 67.1895, 330.986
2803, 206, 179, 67.3382, 331.069
2804, 206, 179, 67.4308, 331.152
2805, 206, 179, 67.5422, 331.235
2806, 206, 178, 67.6909, 331.318
2807, 206, 178, 67.6468, 331.402
2808, 206, 178, 67.6166, 331.485
2809, 206, 178, 67.5195, 331.568
2810, 206, 178, 67.4606, 331.651
2811, 206, 178, 67.4076, 331.734
2812, 206, 178, 67.371, 331.816
2813, 206, 178, 67.3443, 331.899
2814, 206, 178, 67.3281, 331.983
2815, 206, 178, 67.3077, 332.066
2816, 206, 178, 67.2923, 332.149
2817, 206, 178, 67.2768, 332.232
2818, 206, 177, 67.4399, 332.316
2819, 206, 177, 67.5623, 332.399
2820, 206, 177, 67.5093, 332.496
2821, 207, 177, 67.5091, 336.549
2822, 208, 177, 67.5089, 340.458
2823, 209, 177, 67.5087, 344.382
2824, 210, 177, 67.5085, 348.375
2825, 211, 177, 67.5083, 352.459
2826, 212, 177, 67.5082, 356.653
2827, 213, 177, 67.508, 360.941
2828, 214, 177, 67.5078, 365.189
2829, 215, 177, 67.5076, 369.482
2830, 216, 177, 67.5075, 373.88
2831, 217, 177, 67.5073, 378.315
2832, 218, 177, 67.5071, 382.785
2833, 219, 177, 67.507, 387.29
2834, 220, 177, 67.5068, 391.852
2835, 221, 177, 67.5067, 396.481
2836, 222, 177, 67.5065, 401.092
2837, 223, 177, 67.5063, 405.735
2838, 224, 177, 67.5062, 410.469
2839, 225, 177, 67.506, 415.298
2840, 226, 177, 67.5059, 420.177
2841, 227, 177, 67.5057, 425.134
2842, 228, 177, 67.5056, 430.155
2843, 229, 177, 67.5054, 435.281
2844, 230, 177, 67.5053, 435.365
2845, 231, 177, 67.5051, 440.658
2846, 231, 177, 67.4982, 440.742
2847, 232, 177, 67.4981, 446.115
2848, 232, 177, 67.5271, 446.2
2849, 233, 177, 67.5269, 451.646
2850, 234, 177, 67.5268, 457.065
2851, 235, 177, 67.5266, 462.632
2852, 236, 177, 67.5265, 468.284
2853, 237, 177, 67.5264, 473.915
2854, 238, 177, 67.5262, 479.791
2855, 239, 177, 67.5261, 485.57
2856, 240, 177, 67.526, 491.412
2857, 241, 177, 67.5258, 497.405
2858, 242, 177, 67.5257, 497.49
2859, 243, 177, 67.5256, 503.514
2860, 244, 177, 67.5254, 509.636
2861, 245, 177, 67.5253, 515.758
2862, 246, 177, 67.5252, 521.931
2863, 247, 177, 67.5251, 528.174
2864, 248, 177, 67.5249, 534.486
2865, 249, 177, 67.5248, 541.22
2866, 250, 177, 67.5247, 548.526
2867, 251, 177, 67.5246, 555.036
2868, 252, 177, 67.5245, 562.05
2869, 253, 177, 67.5244, 568.823
2870, 254, 177, 67.5242, 575.792
2871, 255, 177, 67.5241, 582.747
2872, 256, 177, 67.524, 589.666
2873, 257, 177, 67.5239, 596.844
2874, 258, 177, 67.5238, 603.876
2875, 259, 177, 67.5237, 611.294
2876, 260, 177, 67.5236, 618.607
2877, 261, 177, 67.5234, 625.803
2878, 262, 177, 67.5233, 633.097
2879, 263, 177, 67.5232, 640.417
2880, 264, 177, 67.5231, 648.12
2881, 265, 177, 67.523, 655.583
2882, 266, 177, 67.5229, 663.388
2883, 267, 177, 67.5228, 671.004
2884, 268, 177, 67.5227, 678.738
2885, 269, 177, 67.5226, 686.491
2886, 270, 177, 67.5225, 694.287
2887, 271, 177, 67.5224, 702.154
2888, 272, 177, 67.5223, 710.034
2889, 272, 177, 67.521, 710.118
2890, 272, 176, 67.6578, 710.207
2891, 272, 176, 67.6423, 710.291
2892, 272, 176, 67.6156, 710.373
2893, 272, 176, 67.6043, 710.455
2894, 272, 176, 67.5745, 710.538
2895, 272, 176, 67.5591, 710.62
2896, 272, 176, 67.6381, 710.702
2897, 272, 176, 67.6637, 710.784
2898, 272, 176, 67.6432, 710.866
2899, 272, 176, 67.6228, 710.948
2900, 272, 176, 67.6, 711.03
2901, 272, 176, 67.5522, 711.112
2902, 272, 176, 67.5254, 711.194
2903, 272, 176, 67.51, 711.279
2904, 272, 176, 67.4618, 711.362
2905, 272, 176, 67.4405, 711.445
2906, 272, 176, 67.4191, 711.527
2907, 272, 176, 67.3709, 711.61
2908, 272, 176, 67.3442, 711.693
2909, 272, 176, 67.2853, 711.775
2910, 272, 176, 67.1882, 711.857
2911, 272, 176, 67.0911, 711.939
2912, 272, 176, 67.0609, 712.022
2913, 272, 176, 67.0243, 712.104
2914, 272, 175, 67.173, 712.186
2915, 272, 175, 67.2656, 712.267
2916, 272, 175, 67.1988, 712.35
2917, 272, 175, 67.132, 712.443
2918, 272, 175, 67.0652, 712.526
2919, 272, 174, 67.2139, 712.608
2920, 272, 174, 67.1698, 712.69
2921, 272, 174, 67.1396, 712.774
2922, 272, 174, 67.0769, 712.856
2923, 272, 174, 67.1025, 712.938
2924, 272, 174, 67.082, 713.021
2925, 272, 174, 67.0552, 713.104
2926, 272, 174, 67.0285, 713.187
2927, 272, 173, 67.1772, 713.269
2928, 272, 173, 67.1331, 713.352
2929, 272, 173, 67.1117, 713.434
2930, 272, 173, 67.0849, 713.516
2931, 272, 172, 67.2336, 713.598
2932, 272, 172, 67.1895, 713.68
2933, 272, 172, 67.1306, 713.762
2934, 272, 172, 67.1004, 713.844
2935, 272, 172, 67.0598, 713.926
2936, 272, 172, 67.0232, 714.008
2937, 272, 172, 66.9643, 714.09
2938, 272, 172, 66.9341, 714.172
2939, 272, 172, 67.0276, 714.254
2940, 272, 172, 66.9978, 714.336
2941, 272, 172, 66.9681, 714.418
2942, 272, 172, 66.9413, 714.5
2943, 272, 172, 67.0112, 714.582
2944, 272, 172, 66.9747, 714.664
2945, 272, 172, 66.9217, 714.746
2946, 272, 172, 66.8914, 714.834
2947, 272, 172, 66.8701, 714.916
2948, 272, 172, 66.8335, 714.998
2949, 272, 172, 66.7969, 715.081
2950, 272, 172, 66.7603, 715.162
2951, 272, 172, 66.7301, 715.244
2952, 272, 172, 66.6895, 715.327
2953, 272, 172, 66.6681, 715.409
2954, 272, 172, 66.6054, 715.492
2955, 272, 172, 66.5752, 715.574
2956, 272, 172, 66.5346, 715.656
2957, 272, 172, 66.5141, 715.737
2958, 272, 172, 66.4844, 715.827
2959, 272, 172, 66.4576, 715.909
2960, 272, 172, 66.421, 715.991
2961, 272, 172, 66.4006, 716.072
2962, 272, 171, 66.5417, 716.154
2963, 272, 171, 66.5115, 716.236
2964, 272, 171, 66.4911, 716.317
2965, 272, 171, 66.4284, 716.399
2966, 272, 171, 66.3616, 716.481
2967, 272, 171, 66.2948, 716.562
2968, 272, 171, 66.211, 716.644
2969, 272, 171, 66.158, 716.726
2970, 272, 171, 66.0907, 716.808
2971, 272, 171, 66.0541, 716.89
2972, 272, 171, 66.0273, 716.972
2973, 272, 171, 65.9976, 717.054
2974, 272, 171, 65.9617, 717.139
2975, 272, 171, 65.9349, 717.221
2976, 272, 171, 65.9145, 717.305
2977, 272, 171, 65.8847, 717.387
2978, 272, 171, 65.8488, 717.479
2979, 272, 171, 65.8007, 717.561
2980, 272, 171, 65.7641, 717.643
2981, 272, 171, 65.7373, 717.725
2982, 272, 171, 65.7106, 717.808
2983, 272, 171, 65.6951, 717.89
2984, 272, 170, 65.8363, 717.972
2985, 272, 170, 65.8061, 718.054
2986, 272, 170, 65.7948, 718.136
2987, 272, 170, 65.7735, 718.22
2988, 272, 170, 65.7507, 718.302
2989, 272, 170, 65.7303, 718.384
2990, 272, 169, 65.8715, 718.467
2991, 272, 169, 65.8412, 718.55
2992, 272, 169, 65.7035, 718.633
2993, 272, 169, 65.6733, 718.715
2994, 272, 169, 65.6579, 718.796
2995, 272, 168, 65.8066, 718.878
2996, 272, 168, 65.7625, 718.961
2997, 272, 168, 65.7327, 719.044
2998, 272, 168, 65.7059, 719.135
2999, 272, 167, 65.8437, 719.217
