Seed is: 26
Number of samples is: 3000
Simulation name is: Simulation_2TV_10x10.sim
TimeStep, Distraction Rate, Missed States, Model Accuracy, Time (ms)
0, 0, 732, 0, 8e-05
1, 0, 731, 1, 0.108947
2, 0, 730, 1.7632, 0.205772
3, 0, 729, 2.52639, 0.289461
4, 0, 728, 3.52639, 0.354264
5, 0, 727, 4.28959, 0.418507
6, 0, 726, 5.28959, 0.481557
7, 0, 725, 6.05279, 0.547072
8, 0, 724, 6.81599, 0.610933
9, 0, 723, 7.57918, 0.703109
10, 0, 723, 7.16415, 0.813339
11, 0, 723, 6.79061, 0.911536
12, 0, 722, 7.55381, 1.00821
13, 0, 721, 8.31701, 1.11165
14, 0, 720, 9.31701, 1.21622
15, 0, 719, 10.0802, 1.31288
16, 0, 718, 9.84801, 1.40615
17, 0, 717, 10.6112, 1.49909
18, 0, 717, 10.2377, 1.59163
19, 0, 717, 9.82264, 1.68277
20, 0, 717, 9.65271, 1.74962
21, 0, 717, 9.27918, 1.8145
22, 0, 716, 10.0424, 1.87887
23, 0, 715, 11.0424, 1.94319
24, 0, 714, 11.8056, 2.00795
25, 0, 713, 12.5688, 2.0719
26, 0, 712, 13.332, 2.13665
27, 0, 712, 12.9169, 2.20137
28, 0, 712, 12.5434, 2.26582
29, 0, 711, 13.3066, 2.33058
30, 0, 710, 14.0698, 2.39502
31, 0, 709, 14.833, 2.45973
32, 0, 708, 15.5962, 2.52454
33, 0, 708, 15.2227, 2.58962
34, 0, 708, 14.8491, 2.65442
35, 0, 707, 15.0905, 2.73941
36, 0, 707, 14.8859, 2.80654
37, 0, 707, 14.5124, 2.87166
38, 0, 706, 15.5124, 2.93569
39, 0, 705, 16.2756, 2.99992
40, 0, 704, 16.0434, 3.0663
41, 0, 703, 16.8066, 3.13144
42, 0, 702, 17.5698, 3.19642
43, 0, 701, 18.5698, 3.26754
44, 0, 701, 18.1963, 3.33872
45, 0, 700, 18.9594, 3.40456
46, 0, 699, 19.7226, 3.46988
47, 0, 698, 20.4858, 3.53469
48, 0, 697, 21.249, 3.59926
49, 0, 696, 22.0122, 3.6639
50, 0, 695, 22.7754, 3.72918
51, 0, 694, 23.5386, 3.79628
52, 0, 693, 24.5386, 3.86177
53, 0, 692, 25.3018, 3.92755
54, 0, 691, 26.065, 3.99358
55, 0, 690, 26.8282, 4.0597
56, 0, 689, 27.5914, 4.12531
57, 0, 688, 28.3546, 4.19091
58, 0, 687, 29.1178, 4.2579
59, 0, 686, 29.881, 4.32395
60, 0, 685, 30.881, 4.39001
61, 0, 684, 30.6488, 4.45617
62, 0, 683, 31.412, 4.52241
63, 0, 682, 32.412, 4.58858
64, 0, 681, 33.1752, 4.65507
65, 0, 680, 33.9384, 4.7221
66, 0, 679, 34.7016, 4.7882
67, 0, 678, 35.7016, 4.85414
68, 0, 677, 36.4648, 4.92062
69, 0, 676, 37.228, 4.98692
70, 0, 675, 37.9912, 5.05352
71, 0, 674, 38.9912, 5.12003
72, 0, 673, 39.7544, 5.18615
73, 0, 672, 40.5176, 5.25271
74, 0, 671, 41.5176, 5.31953
75, 0, 670, 42.2808, 5.38652
76, 0, 669, 42.0486, 5.45359
77, 0, 669, 41.6336, 5.52071
78, 0, 669, 41.5921, 5.58698
79, 0, 669, 41.2185, 5.65354
80, 0, 668, 41.9817, 5.71948
81, 0, 667, 42.7449, 5.78624
82, 0, 666, 43.5081, 5.85276
83, 0, 665, 43.2759, 5.91919
84, 0, 664, 44.0391, 5.98581
85, 0, 663, 44.8023, 6.07101
86, 0, 662, 45.8023, 6.14416
87, 0, 662, 45.4288, 6.21153
88, 0, 662, 45.0137, 6.27905
89, 0, 662, 44.6402, 6.34617
90, 0, 662, 44.2667, 6.42099
91, 0, 661, 45.0299, 6.50463
92, 0, 660, 45.7931, 6.5722
93, 0, 659, 46.7931, 6.63961
94, 0, 658, 47.5563, 6.70699
95, 0, 657, 48.3195, 6.77849
96, 0, 656, 49.0827, 6.89032
97, 0, 655, 48.8505, 6.98977
98, 0, 654, 49.6137, 7.06508
99, 0, 653, 49.3815, 7.13269
100, 0, 652, 50.3815, 7.20004
101, 0, 651, 50.1493, 7.26726
102, 0, 650, 50.9125, 7.33506
103, 0, 649, 51.6757, 7.40281
104, 0, 648, 52.4389, 7.47066
105, 0, 647, 53.2021, 7.53801
106, 0, 646, 53.9653, 7.60541
107, 0, 645, 54.7285, 7.67305
108, 0, 644, 56.0766, 7.74362
109, 0, 643, 56.8398, 7.832
110, 0, 643, 56.3549, 7.90282
111, 0, 642, 57.1181, 7.97094
112, 0, 641, 56.8859, 8.03852
113, 0, 641, 56.5123, 8.10625
114, 0, 641, 56.1388, 8.17404
115, 0, 641, 55.7238, 8.2418
116, 0, 641, 55.3502, 8.30968
117, 0, 641, 55.1803, 8.37878
118, 0, 641, 55.0274, 8.44692
119, 0, 641, 54.6538, 8.51456
120, 0, 641, 54.2803, 8.58185
121, 0, 641, 53.8653, 8.64882
122, 0, 640, 55.2134, 8.71694
123, 0, 639, 55.4548, 8.78438
124, 0, 639, 55.0812, 8.85178
125, 0, 639, 54.7077, 8.91992
126, 0, 639, 54.2927, 8.9874
127, 0, 638, 55.6408, 9.05488
128, 0, 638, 55.4879, 9.12205
129, 0, 638, 55.335, 9.19181
130, 0, 638, 55.165, 9.25958
131, 0, 638, 55.0121, 9.32752
132, 0, 638, 54.5271, 9.41232
133, 0, 637, 55.8753, 9.48133
134, 0, 636, 56.6385, 9.54915
135, 0, 635, 57.4017, 9.61681
136, 0, 634, 57.1695, 9.68455
137, 0, 633, 57.9327, 9.75248
138, 0, 632, 58.6959, 9.82136
139, 0, 632, 58.3224, 9.88908
140, 0, 631, 59.0856, 9.95657
141, 0, 630, 59.4383, 10.0239
142, 0, 630, 58.9534, 10.092
143, 0, 629, 59.7166, 10.1595
144, 0, 628, 60.4798, 10.2268
145, 0, 627, 61.243, 10.2941
146, 0, 627, 60.8279, 10.3633
147, 0, 627, 60.7864, 10.4307
148, 0, 627, 60.4129, 10.4982
149, 0, 627, 59.9978, 10.5656
150, 0, 627, 59.6243, 10.633
151, 0, 627, 59.2508, 10.7007
152, 0, 627, 59.0462, 10.7675
153, 0, 627, 58.6727, 10.8353
154, 0, 627, 58.1877, 10.9035
155, 0, 627, 57.8142, 10.971
156, 0, 626, 58.5774, 11.0383
157, 0, 626, 58.2039, 11.1052
158, 0, 625, 59.2039, 11.1731
159, 0, 625, 58.7888, 11.2412
160, 0, 625, 58.4153, 11.3086
161, 0, 624, 59.1785, 11.3762
162, 0, 624, 58.805, 11.4438
163, 0, 624, 58.4314, 11.5115
164, 0, 623, 58.7842, 11.5789
165, 0, 623, 59.0992, 11.6467
166, 0, 623, 58.6842, 11.7145
167, 0, 623, 58.1061, 11.7824
168, 0, 623, 57.9362, 11.8514
169, 0, 622, 59.6409, 11.9193
170, 0, 622, 59.2674, 11.9868
171, 0, 622, 58.8938, 12.054
172, 0, 621, 59.657, 12.1214
173, 0, 620, 60.4202, 12.1892
174, 0, 619, 61.1834, 12.2568
175, 0, 618, 61.9466, 12.3244
176, 0, 617, 62.7098, 12.3918
177, 0, 616, 63.473, 12.4591
178, 0, 615, 64.2362, 12.5264
179, 0, 614, 64.9994, 12.594
180, 0, 613, 65.7626, 12.6616
181, 0, 612, 66.5258, 12.7417
182, 0, 611, 67.289, 12.8105
183, 0, 610, 68.0522, 12.8783
184, 0, 609, 68.8154, 12.9464
185, 0, 608, 69.5786, 13.0141
186, 0, 607, 70.3418, 13.0821
187, 0, 606, 71.105, 13.1501
188, 0, 605, 71.8682, 13.2182
189, 0, 604, 71.636, 13.2987
190, 0, 604, 71.2625, 13.4046
191, 0, 603, 71.0303, 13.5187
192, 0, 602, 72.3784, 13.6268
193, 0, 601, 73.1416, 13.725
194, 0, 600, 72.9094, 13.8142
195, 0, 599, 73.6726, 13.8834
196, 0, 598, 74.4358, 13.9518
197, 0, 597, 75.199, 14.0201
198, 0, 597, 74.8255, 14.0885
199, 0, 597, 74.4105, 14.157
200, 0, 597, 74.0369, 14.2252
201, 0, 596, 75.3851, 14.2936
202, 0, 595, 76.1483, 14.3621
203, 0, 594, 76.9115, 14.4304
204, 0, 593, 77.6747, 14.4986
205, 0, 592, 78.4379, 14.5671
206, 0, 591, 79.2011, 14.6357
207, 0, 590, 78.9689, 14.704
208, 0, 589, 79.7321, 14.7724
209, 0, 588, 80.4953, 14.8409
210, 0, 587, 81.2585, 14.9091
211, 0, 586, 82.0217, 14.9782
212, 0, 585, 82.7849, 15.047
213, 0, 584, 84.133, 15.1158
214, 0, 584, 83.6481, 15.1854
215, 0, 584, 83.1631, 15.2542
216, 0, 584, 82.7896, 15.3231
217, 0, 584, 82.6366, 15.3923
218, 0, 584, 82.4667, 15.4612
219, 0, 584, 82.3138, 15.5321
220, 0, 584, 81.9402, 15.6011
221, 0, 583, 82.7034, 15.6698
222, 0, 582, 83.7034, 15.7388
223, 0, 581, 83.4712, 15.8093
224, 0, 580, 84.2344, 15.8786
225, 0, 580, 83.8194, 15.9484
226, 0, 580, 83.4459, 16.0179
227, 0, 579, 84.2091, 16.1088
228, 1, 578, 85.2091, 16.179
229, 2, 577, 86.2091, 16.2488
230, 2, 576, 87.5572, 16.3186
231, 2, 575, 88.3204, 16.3882
232, 2, 574, 89.3204, 16.4577
233, 2, 573, 90.0836, 16.53
234, 2, 572, 90.8468, 16.5994
235, 2, 571, 91.61, 16.669
236, 2, 570, 92.9582, 16.7384
237, 2, 570, 93.2732, 16.8088
238, 2, 570, 92.8997, 16.8791
239, 2, 569, 93.2524, 16.9485
240, 2, 568, 94.0156, 17.0189
241, 2, 567, 94.7788, 17.0885
242, 2, 566, 95.542, 17.1587
243, 2, 565, 96.3052, 17.232
244, 2, 564, 96.073, 17.3018
245, 2, 563, 96.8362, 17.3714
246, 2, 562, 97.5994, 17.441
247, 2, 561, 98.3626, 17.5114
248, 2, 560, 99.1258, 17.5816
249, 2, 559, 99.889, 17.655
250, 2, 558, 100.652, 17.7253
251, 2, 557, 101.415, 17.7957
252, 2, 556, 102.179, 17.8661
253, 2, 555, 102.942, 17.9362
254, 2, 554, 103.705, 18.0065
255, 2, 554, 103.22, 18.0777
256, 2, 554, 102.847, 18.1614
257, 2, 554, 102.431, 18.2378
258, 2, 553, 103.78, 18.3092
259, 2, 552, 104.543, 18.3796
260, 2, 551, 105.306, 18.4499
261, 2, 550, 106.069, 18.5212
262, 2, 549, 106.832, 18.5919
263, 2, 548, 107.596, 18.6635
264, 2, 547, 108.596, 18.7341
265, 2, 546, 109.944, 18.8066
266, 2, 545, 110.707, 18.877
267, 2, 545, 110.222, 18.9516
268, 2, 545, 109.848, 19.022
269, 2, 545, 109.475, 19.0925
270, 2, 545, 109.101, 19.1627
271, 2, 545, 108.931, 19.233
272, 2, 545, 108.779, 19.3035
273, 2, 545, 108.405, 19.3757
274, 2, 545, 108.031, 19.4601
275, 2, 545, 107.658, 19.5305
276, 2, 545, 107.284, 19.6008
277, 2, 545, 106.911, 19.6713
278, 2, 545, 106.537, 19.7417
279, 2, 544, 106.89, 19.8268
280, 2, 544, 106.405, 19.8981
281, 2, 544, 106.032, 19.9688
282, 2, 544, 105.617, 20.0392
283, 2, 544, 105.464, 20.109
284, 2, 544, 105.311, 20.1791
285, 2, 544, 104.937, 20.2492
286, 2, 544, 104.564, 20.3197
287, 2, 544, 104.19, 20.3903
288, 2, 544, 103.817, 20.4606
289, 3, 544, 103.402, 20.5329
290, 4, 544, 103.232, 20.604
291, 5, 544, 102.817, 20.6753
292, 6, 544, 102.647, 20.7453
293, 7, 544, 102.554, 20.817
294, 8, 544, 102.46, 20.8893
295, 9, 544, 102.402, 20.9618
296, 10, 544, 102.343, 21.0347
297, 11, 544, 102.302, 21.1083
298, 12, 544, 102.261, 21.1827
299, 13, 544, 102.232, 21.2581
300, 14, 544, 102.202, 21.3341
301, 14, 544, 101.624, 21.4109
302, 14, 544, 101.139, 21.4818
303, 15, 544, 101.116, 21.5584
304, 16, 544, 101.093, 21.6363
305, 17, 544, 101.075, 21.7155
306, 18, 544, 101.058, 21.7954
307, 18, 544, 100.905, 21.8768
308, 18, 544, 100.531, 21.9477
309, 18, 544, 100.158, 22.018
310, 18, 544, 99.784, 22.0886
311, 18, 543, 100.784, 22.1591
312, 18, 543, 100.41, 22.2294
313, 18, 542, 101.174, 22.2997
314, 19, 542, 101.159, 22.3803
315, 20, 542, 101.145, 22.4626
316, 21, 542, 101.133, 22.5459
317, 22, 542, 101.121, 22.6317
318, 23, 542, 101.111, 22.7314
319, 23, 542, 100.847, 22.8024
320, 23, 542, 100.432, 22.8735
321, 23, 542, 100.059, 22.9443
322, 23, 542, 99.6852, 23.0146
323, 23, 542, 99.3116, 23.0852
324, 23, 541, 100.312, 23.1553
325, 23, 541, 99.8966, 23.2397
326, 23, 541, 99.5231, 23.3317
327, 23, 540, 100.523, 23.403
328, 23, 539, 100.876, 23.4738
329, 23, 539, 100.391, 23.5444
330, 23, 539, 100.017, 23.6148
331, 23, 539, 99.8128, 23.6852
332, 24, 539, 99.8027, 23.7754
333, 25, 539, 99.7942, 23.8668
334, 26, 539, 99.7856, 23.9369
335, 27, 539, 99.7782, 24.0323
336, 28, 539, 99.7709, 24.1296
337, 29, 539, 99.7644, 24.1995
338, 30, 539, 99.758, 24.3014
339, 31, 539, 99.7524, 24.4051
340, 32, 539, 99.7467, 24.5118
341, 32, 539, 99.6629, 24.6212
342, 32, 539, 99.4584, 24.6919
343, 32, 538, 99.6997, 24.7622
344, 32, 538, 99.4952, 24.8343
345, 32, 538, 99.1216, 24.9053
346, 32, 538, 98.9171, 24.976
347, 32, 538, 98.7126, 25.0468
348, 32, 538, 98.5596, 25.1173
349, 32, 538, 98.4665, 25.1873
350, 32, 538, 98.3136, 25.2578
351, 32, 538, 98.2205, 25.3275
352, 32, 538, 98.1616, 25.3971
353, 32, 538, 98.0511, 25.4713
354, 32, 538, 97.8812, 25.5419
355, 32, 537, 98.1225, 25.6119
356, 32, 537, 97.918, 25.6826
357, 32, 537, 97.765, 25.7529
358, 32, 537, 97.6545, 25.8234
359, 32, 537, 97.5016, 25.8945
360, 32, 536, 97.8544, 25.9647
361, 32, 536, 98.1694, 26.0354
362, 32, 536, 97.5913, 26.117
363, 33, 536, 97.5863, 26.2263
364, 34, 536, 97.5813, 26.3382
365, 35, 536, 97.5769, 26.4524
366, 36, 536, 97.5724, 26.5694
367, 37, 536, 97.5684, 26.6896
368, 38, 536, 97.5644, 26.8127
369, 38, 536, 97.4133, 26.9387
370, 38, 536, 97.2433, 27.0095
371, 38, 536, 97.0904, 27.0806
372, 38, 536, 96.9205, 27.1506
373, 38, 536, 96.7676, 27.2235
374, 38, 536, 96.6146, 27.2943
375, 38, 536, 96.4617, 27.3667
376, 38, 536, 96.3088, 27.4374
377, 38, 536, 96.1558, 27.5081
378, 38, 536, 96.0029, 27.5788
379, 38, 536, 95.5879, 27.6493
380, 38, 536, 95.4349, 27.7196
381, 38, 536, 95.3244, 27.7905
382, 39, 536, 95.3208, 27.9168
383, 40, 536, 95.3172, 28.0463
384, 41, 536, 95.3139, 28.1791
385, 42, 536, 95.3106, 28.315
386, 43, 536, 95.3077, 28.4546
387, 44, 536, 95.3047, 28.5984
388, 45, 536, 95.302, 28.7465
389, 46, 536, 95.2992, 28.9006
390, 47, 536, 95.2967, 29.0615
391, 48, 536, 95.2942, 29.2233
392, 49, 536, 95.2919, 29.4019
393, 50, 536, 95.2896, 29.5752
394, 50, 536, 95.2366, 29.7537
395, 50, 536, 95.0837, 29.8251
396, 51, 536, 95.0815, 30.0039
397, 52, 536, 95.0794, 30.1869
398, 52, 536, 94.9823, 30.3882
399, 52, 536, 94.8892, 30.4608
400, 52, 535, 95.0789, 30.5321
401, 52, 535, 94.9684, 30.6022
402, 52, 535, 94.8753, 30.6726
403, 52, 535, 94.7915, 30.7515
404, 52, 535, 94.6386, 30.8223
405, 52, 535, 94.4856, 30.8931
406, 52, 535, 94.1121, 30.9637
407, 52, 534, 94.8753, 31.034
408, 52, 533, 95.6385, 31.1045
409, 52, 533, 95.265, 31.1749
410, 52, 532, 96.0282, 31.2458
411, 52, 531, 96.7914, 31.3166
412, 52, 530, 97.5546, 31.3874
413, 52, 529, 98.3178, 31.4584
414, 52, 528, 99.081, 31.5295
415, 52, 527, 99.8442, 31.601
416, 52, 526, 99.612, 31.6723
417, 52, 525, 100.375, 31.7438
418, 52, 525, 100.222, 31.8147
419, 52, 525, 99.8487, 31.8861
420, 52, 524, 100.612, 31.9567
421, 52, 523, 101.375, 32.028
422, 52, 522, 102.138, 32.0988
423, 52, 521, 102.901, 32.17
424, 52, 521, 102.528, 32.2413
425, 52, 520, 102.296, 32.3125
426, 52, 519, 103.059, 32.3837
427, 52, 518, 102.827, 32.4548
428, 52, 517, 103.59, 32.5262
429, 52, 516, 104.59, 32.5974
430, 52, 515, 105.353, 32.6687
431, 52, 514, 106.116, 32.7534
432, 52, 513, 106.88, 32.8254
433, 52, 512, 107.643, 32.8966
434, 52, 511, 108.406, 32.9683
435, 52, 510, 109.169, 33.0394
436, 52, 509, 109.932, 33.1106
437, 52, 508, 110.696, 33.1818
438, 52, 508, 110.322, 33.2533
439, 52, 508, 109.948, 33.3251
440, 52, 508, 109.575, 33.3964
441, 52, 507, 110.575, 33.4677
442, 52, 507, 110.201, 33.5392
443, 52, 506, 111.201, 33.6105
444, 52, 506, 110.828, 33.6819
445, 52, 506, 110.454, 33.7537
446, 52, 506, 110.081, 33.8253
447, 52, 506, 109.707, 33.899
448, 52, 506, 109.334, 33.9711
449, 52, 505, 109.686, 34.0429
450, 52, 505, 109.202, 34.115
451, 52, 505, 108.828, 34.1864
452, 52, 504, 110.176, 34.2579
453, 52, 504, 109.691, 34.3301
454, 52, 504, 109.318, 34.4023
455, 52, 503, 110.081, 34.4737
456, 52, 502, 110.844, 34.545
457, 52, 501, 111.607, 34.6182
458, 52, 500, 112.37, 34.6901
459, 52, 499, 113.134, 34.7642
460, 52, 498, 114.134, 34.845
461, 52, 497, 114.897, 34.9179
462, 52, 496, 115.66, 34.99
463, 52, 495, 116.423, 35.0622
464, 52, 495, 116.05, 35.1346
465, 52, 494, 117.398, 35.207
466, 52, 494, 117.024, 35.2797
467, 52, 494, 116.82, 35.3523
468, 52, 494, 116.615, 35.4244
469, 52, 494, 116.411, 35.4966
470, 52, 494, 116.037, 35.5686
471, 52, 493, 117.742, 35.6405
472, 52, 493, 117.368, 35.7123
473, 52, 493, 117.215, 35.7838
474, 52, 493, 117.045, 35.8561
475, 52, 492, 117.287, 35.9284
476, 52, 492, 117.509, 36.0006
477, 52, 492, 117.339, 36.0866
478, 52, 492, 117.075, 36.1636
479, 52, 491, 118.075, 36.2401
480, 52, 490, 118.428, 36.3127
481, 52, 490, 117.943, 36.3853
482, 52, 490, 117.57, 36.4577
483, 52, 490, 117.196, 36.5305
484, 52, 490, 116.823, 36.6026
485, 52, 490, 116.67, 36.6752
486, 52, 490, 116.296, 36.748
487, 52, 490, 115.811, 36.8215
488, 52, 490, 116.033, 36.8942
489, 52, 490, 115.863, 36.9668
490, 52, 490, 115.71, 37.04
491, 52, 490, 115.337, 37.1123
492, 52, 490, 114.963, 37.1844
493, 52, 490, 114.759, 37.2567
494, 52, 490, 114.648, 37.3318
495, 52, 490, 114.495, 37.4046
496, 52, 490, 114.342, 37.4769
497, 52, 490, 114.189, 37.5485
498, 52, 490, 114.036, 37.6212
499, 52, 489, 114.278, 37.6937
500, 52, 489, 114.073, 37.7656
501, 52, 489, 113.903, 37.8379
502, 52, 489, 113.81, 37.9097
503, 52, 489, 113.657, 37.9818
504, 52, 489, 113.079, 38.0541
505, 52, 489, 112.909, 38.1264
506, 52, 489, 112.756, 38.1989
507, 52, 489, 112.603, 38.2716
508, 52, 489, 112.23, 38.3435
509, 52, 489, 111.815, 38.4159
510, 52, 489, 112.037, 38.4879
511, 52, 489, 111.884, 38.5602
512, 52, 489, 111.62, 38.6331
513, 52, 489, 111.042, 38.7081
514, 52, 489, 110.889, 38.781
515, 52, 489, 110.626, 38.8528
516, 52, 489, 110.473, 38.9255
517, 52, 489, 110.32, 38.9983
518, 52, 488, 110.561, 39.0701
519, 52, 488, 110.357, 39.1424
520, 52, 488, 110.246, 39.2151
521, 52, 488, 110.093, 39.2875
522, 52, 488, 109.83, 39.3594
523, 52, 488, 109.677, 39.4429
524, 52, 488, 109.524, 39.5185
525, 52, 488, 109.431, 39.5907
526, 52, 488, 109.347, 39.6626
527, 52, 487, 109.537, 39.7349
528, 52, 487, 109.426, 39.8079
529, 52, 487, 109.333, 39.8802
530, 52, 487, 109.25, 39.9524
531, 52, 487, 109.097, 40.0254
532, 52, 487, 108.723, 40.0978
533, 52, 487, 108.35, 40.1701
534, 52, 487, 107.935, 40.2422
535, 52, 487, 107.561, 40.3144
536, 52, 487, 107.076, 40.3873
537, 52, 487, 106.923, 40.4594
538, 52, 487, 106.753, 40.5321
539, 52, 487, 106.916, 40.6048
540, 52, 487, 106.806, 40.6786
541, 52, 487, 106.695, 40.752
542, 52, 487, 106.611, 40.8248
543, 52, 487, 106.816, 40.8978
544, 52, 487, 106.723, 40.9705
545, 52, 487, 106.639, 41.0433
546, 52, 487, 106.486, 41.1159
547, 52, 487, 106.113, 41.1884
548, 52, 487, 105.739, 41.2609
549, 52, 487, 105.366, 41.3328
550, 52, 487, 104.992, 41.4052
551, 52, 486, 105.345, 41.4772
552, 52, 486, 104.86, 41.5498
553, 52, 485, 105.623, 41.6313
554, 52, 485, 105.249, 41.704
555, 52, 485, 104.876, 41.7773
556, 52, 485, 104.809, 41.8515
557, 52, 485, 104.725, 41.9242
558, 52, 485, 104.641, 41.9966
559, 52, 485, 104.548, 42.0696
560, 52, 485, 104.464, 42.1422
561, 52, 485, 104.38, 42.2154
562, 52, 485, 104.176, 42.2961
563, 52, 484, 104.417, 42.3693
564, 52, 484, 104.639, 42.4424
565, 52, 484, 104.469, 42.5151
566, 52, 484, 104.316, 42.5878
567, 52, 484, 104.112, 42.6606
568, 52, 484, 103.808, 42.7509
569, 52, 483, 104.049, 42.8275
570, 52, 483, 103.844, 42.9012
571, 52, 482, 104.197, 42.9737
572, 52, 482, 103.824, 43.0457
573, 52, 482, 103.45, 43.1181
574, 52, 482, 103.077, 43.1916
575, 52, 481, 104.077, 43.2645
576, 52, 480, 103.844, 43.3369
577, 52, 480, 103.471, 43.4093
578, 52, 480, 103.266, 43.4902
579, 52, 480, 102.893, 43.5646
580, 52, 480, 102.408, 43.6372
581, 52, 479, 103.171, 43.71
582, 52, 478, 103.934, 43.7826
583, 52, 477, 104.697, 43.8557
584, 52, 476, 105.461, 43.9284
585, 52, 475, 106.224, 44.002
586, 52, 474, 107.224, 44.0749
587, 52, 473, 107.987, 44.1483
588, 52, 473, 107.613, 44.222
589, 52, 473, 107.24, 44.2955
590, 52, 473, 106.866, 44.3684
591, 52, 472, 107.219, 44.4413
592, 52, 472, 107.534, 44.5147
593, 52, 472, 107.161, 44.5888
594, 52, 471, 108.161, 44.6617
595, 52, 470, 109.161, 44.7345
596, 52, 469, 109.924, 44.8075
597, 52, 469, 109.55, 44.8808
598, 52, 469, 109.177, 44.9537
599, 52, 468, 110.177, 45.0266
600, 52, 467, 110.94, 45.0992
601, 52, 467, 110.566, 45.1718
602, 52, 467, 110.151, 45.2457
603, 52, 467, 109.778, 45.3192
604, 52, 467, 109.404, 45.3918
605, 52, 467, 108.826, 45.4647
606, 52, 467, 108.411, 45.5377
607, 52, 467, 108.038, 45.6107
608, 52, 467, 107.885, 45.6846
609, 52, 467, 108.048, 45.7587
610, 52, 467, 107.937, 45.8326
611, 52, 467, 107.674, 45.906
612, 52, 467, 107.521, 45.9789
613, 52, 467, 107.437, 46.0629
614, 52, 467, 107.353, 46.1369
615, 52, 467, 107.26, 46.2098
616, 52, 467, 107.176, 46.2823
617, 52, 467, 107.066, 46.3555
618, 52, 467, 107.022, 46.4287
619, 52, 467, 106.938, 46.5012
620, 52, 467, 106.785, 46.5742
621, 52, 466, 107.026, 46.6474
622, 52, 466, 106.822, 46.7207
623, 52, 466, 106.711, 46.7934
624, 52, 466, 106.644, 46.8678
625, 52, 466, 106.56, 46.94
626, 52, 466, 106.516, 47.0127
627, 52, 466, 106.432, 47.0841
628, 52, 466, 106.339, 47.1565
629, 52, 466, 106.255, 47.2284
630, 52, 466, 106.197, 47.3008
631, 52, 466, 106.144, 47.373
632, 52, 466, 106.091, 47.4454
633, 52, 466, 106.032, 47.5179
634, 52, 466, 105.979, 47.5906
635, 52, 466, 105.826, 47.6645
636, 52, 466, 105.411, 47.7364
637, 52, 466, 105.258, 47.8086
638, 52, 466, 105.088, 47.881
639, 52, 466, 104.977, 47.9534
640, 52, 466, 104.894, 48.0255
641, 52, 466, 104.81, 48.0974
642, 52, 466, 104.717, 48.1699
643, 52, 466, 104.565, 48.2415
644, 52, 466, 104.414, 48.3138
645, 52, 466, 104.331, 48.3859
646, 52, 466, 104.22, 48.4583
647, 52, 466, 104.039, 48.5309
648, 52, 466, 103.955, 48.6038
649, 52, 466, 103.872, 48.6759
650, 52, 466, 103.778, 48.7484
651, 52, 466, 103.711, 48.8206
652, 52, 466, 103.644, 48.893
653, 52, 466, 103.591, 48.9648
654, 52, 466, 103.547, 49.037
655, 52, 466, 103.494, 49.1094
656, 52, 466, 103.41, 49.1816
657, 52, 466, 103.614, 49.2544
658, 52, 466, 103.531, 49.3276
659, 52, 466, 103.437, 49.4121
660, 52, 466, 103.286, 49.4858
661, 52, 466, 103.193, 49.5583
662, 52, 466, 103.126, 49.6309
663, 52, 466, 103.059, 49.7031
664, 52, 466, 103.028, 49.7755
665, 52, 465, 103.191, 49.8476
666, 52, 465, 103.138, 49.9191
667, 52, 465, 103.079, 49.9928
668, 52, 465, 103.026, 50.0651
669, 52, 465, 102.959, 50.1373
670, 52, 465, 103.081, 50.2184
671, 52, 465, 102.93, 50.3148
672, 52, 465, 102.886, 50.3917
673, 52, 465, 102.827, 50.4647
674, 52, 465, 102.774, 50.5375
675, 52, 465, 102.721, 50.6103
676, 52, 465, 102.624, 50.6825
677, 52, 465, 102.54, 50.7547
678, 52, 465, 102.443, 50.8275
679, 52, 465, 102.413, 50.902
680, 52, 465, 102.346, 50.9753
681, 52, 465, 102.287, 51.0484
682, 52, 465, 102.234, 51.1214
683, 52, 465, 102.083, 51.1946
684, 52, 465, 102.024, 51.2684
685, 52, 464, 102.187, 51.3411
686, 52, 464, 102.12, 51.4145
687, 52, 464, 102.053, 51.498
688, 52, 464, 102.013, 51.58
689, 52, 463, 102.161, 51.6537
690, 52, 463, 102.117, 51.7275
691, 52, 463, 102.081, 51.8008
692, 52, 463, 102.05, 51.8747
693, 52, 462, 102.192, 51.9472
694, 52, 462, 102.161, 52.0204
695, 52, 462, 102.042, 52.0936
696, 52, 462, 101.974, 52.1678
697, 52, 462, 101.823, 52.2409
698, 52, 462, 101.67, 52.3137
699, 52, 462, 101.517, 52.3869
700, 52, 462, 101.102, 52.4597
701, 52, 462, 100.687, 52.5324
702, 52, 462, 100.314, 52.6054
703, 52, 461, 101.077, 52.6783
704, 52, 461, 100.703, 52.7658
705, 52, 461, 100.288, 52.8394
706, 52, 460, 100.53, 52.9141
707, 52, 459, 100.882, 52.9985
708, 52, 459, 100.397, 53.0733
709, 52, 459, 99.9824, 53.1468
710, 52, 458, 101.331, 53.2205
711, 52, 458, 100.916, 53.2942
712, 52, 458, 100.542, 53.3678
713, 52, 458, 100.389, 53.4416
714, 52, 458, 100.219, 53.5152
715, 52, 457, 100.46, 53.5892
716, 52, 457, 100.256, 53.6633
717, 52, 457, 99.8824, 53.739
718, 52, 457, 99.5089, 53.8131
719, 52, 457, 99.3559, 53.8887
720, 52, 457, 99.1514, 53.9637
721, 52, 457, 98.9985, 54.0382
722, 52, 457, 98.6249, 54.1122
723, 52, 457, 98.472, 54.1859
724, 52, 457, 98.0985, 54.2611
725, 52, 457, 98.057, 54.3356
726, 52, 457, 97.6834, 54.4099
727, 52, 457, 97.4789, 54.4846
728, 52, 457, 97.1054, 54.5591
729, 52, 457, 96.7318, 54.6331
730, 52, 456, 98.08, 54.7072
731, 52, 456, 97.7064, 54.7812
732, 52, 456, 97.3329, 54.857
733, 52, 455, 98.0961, 54.9318
734, 52, 454, 97.8639, 55.0065
735, 52, 454, 97.4904, 55.0815
736, 52, 454, 97.1168, 55.1564
737, 52, 454, 96.7433, 55.2316
738, 52, 454, 96.3698, 55.3057
739, 52, 454, 95.8848, 55.3806
740, 52, 453, 96.2376, 55.4556
741, 52, 453, 95.7526, 55.5309
742, 52, 453, 95.3791, 55.6061
743, 52, 453, 94.8941, 55.6817
744, 52, 453, 94.5206, 55.7569
745, 52, 453, 94.1471, 55.8313
746, 52, 453, 93.7735, 55.906
747, 52, 452, 94.5367, 55.9806
748, 52, 451, 95.2999, 56.0712
749, 52, 450, 96.0631, 56.1475
750, 52, 449, 96.8263, 56.223
751, 52, 449, 96.4528, 56.2988
752, 52, 449, 96.0793, 56.3744
753, 52, 449, 95.9263, 56.4496
754, 52, 449, 95.7734, 56.525
755, 52, 449, 95.6205, 56.6005
756, 52, 449, 95.8424, 56.6762
757, 52, 449, 95.6894, 56.7518
758, 52, 448, 96.0422, 56.8272
759, 52, 448, 95.5573, 56.9029
760, 52, 448, 95.1837, 56.9781
761, 52, 448, 94.9792, 57.0536
762, 52, 448, 94.8263, 57.1293
763, 52, 448, 94.6217, 57.205
764, 52, 448, 94.4688, 57.2803
765, 52, 448, 94.2642, 57.3569
766, 52, 448, 94.1113, 57.4322
767, 52, 448, 93.9584, 57.5068
768, 52, 447, 95.3065, 57.582
769, 52, 446, 96.6547, 57.6572
770, 52, 445, 97.4179, 57.7319
771, 52, 444, 98.1811, 57.8068
772, 52, 443, 98.9443, 57.8836
773, 52, 443, 98.5708, 57.9581
774, 52, 442, 99.334, 58.0324
775, 52, 441, 100.097, 58.1067
776, 52, 440, 100.86, 58.1819
777, 52, 439, 101.624, 58.2567
778, 52, 438, 102.387, 58.3327
779, 52, 437, 103.15, 58.4074
780, 52, 436, 103.913, 58.4821
781, 52, 435, 105.261, 58.5572
782, 52, 434, 105.029, 58.6315
783, 52, 433, 106.029, 58.7059
784, 52, 432, 106.792, 58.7807
785, 52, 432, 106.419, 58.855
786, 52, 432, 106.045, 58.9312
787, 52, 432, 105.56, 59.0062
788, 52, 432, 105.145, 59.0802
789, 52, 431, 106.493, 59.1557
790, 52, 430, 107.493, 59.23
791, 52, 429, 108.257, 59.3044
792, 52, 429, 107.772, 59.3797
793, 52, 428, 107.539, 59.4722
794, 52, 427, 108.303, 59.547
795, 52, 426, 109.066, 59.6212
796, 52, 425, 109.829, 59.6959
797, 52, 424, 110.592, 59.7705
798, 52, 424, 110.219, 59.8454
799, 52, 424, 109.845, 59.9221
800, 52, 423, 110.608, 59.9965
801, 52, 422, 111.372, 60.0708
802, 52, 421, 112.135, 60.1449
803, 52, 420, 112.898, 60.2192
804, 52, 419, 113.661, 60.2934
805, 52, 419, 113.288, 60.3695
806, 52, 419, 112.914, 60.4713
807, 52, 419, 112.541, 60.5811
808, 52, 419, 112.167, 60.6874
809, 52, 419, 111.793, 60.7911
810, 52, 419, 111.42, 60.9089
811, 52, 419, 111.046, 61.0277
812, 52, 418, 111.399, 61.1433
813, 52, 418, 110.914, 61.2537
814, 52, 417, 111.267, 61.3456
815, 52, 417, 110.782, 61.4364
816, 52, 417, 110.408, 61.5423
817, 52, 416, 111.172, 61.6288
818, 52, 415, 111.935, 61.7041
819, 52, 414, 112.698, 61.7787
820, 52, 413, 113.698, 61.8533
821, 52, 412, 114.461, 61.9294
822, 52, 412, 114.088, 62.0037
823, 52, 412, 113.603, 62.0783
824, 52, 412, 113.229, 62.1525
825, 52, 411, 113.992, 62.2269
826, 52, 410, 114.756, 62.3006
827, 52, 409, 115.519, 62.3747
828, 52, 408, 116.282, 62.4489
829, 52, 408, 115.908, 62.5233
830, 52, 408, 115.535, 62.5975
831, 52, 408, 115.382, 62.6713
832, 52, 408, 114.897, 62.7654
833, 52, 408, 114.524, 62.8406
834, 52, 408, 114.319, 62.9156
835, 52, 408, 113.945, 62.9897
836, 52, 408, 113.572, 63.0636
837, 52, 408, 113.087, 63.138
838, 52, 408, 112.713, 63.2121
839, 52, 408, 112.34, 63.2862
840, 52, 407, 113.34, 63.3607
841, 52, 407, 112.966, 63.436
842, 52, 407, 112.593, 63.521
843, 52, 407, 112.219, 63.5963
844, 52, 407, 112.015, 63.6713
845, 52, 407, 111.641, 63.7454
846, 52, 407, 111.268, 63.8223
847, 52, 406, 112.268, 63.8967
848, 52, 406, 111.894, 63.9712
849, 52, 406, 111.521, 64.0454
850, 52, 406, 111.368, 64.1197
851, 52, 406, 111.215, 64.1943
852, 52, 406, 110.841, 64.2688
853, 52, 406, 110.468, 64.343
854, 52, 405, 110.709, 64.4171
855, 52, 405, 110.504, 64.4915
856, 52, 405, 110.352, 64.566
857, 52, 405, 110.199, 64.6409
858, 52, 405, 110.046, 64.7159
859, 52, 405, 109.893, 64.7907
860, 52, 405, 109.74, 64.8653
861, 52, 405, 109.476, 64.9406
862, 52, 405, 109.323, 65.0149
863, 52, 405, 109.154, 65.0892
864, 52, 405, 109.07, 65.164
865, 52, 404, 109.311, 65.2387
866, 52, 404, 109.107, 65.3135
867, 52, 404, 108.902, 65.3884
868, 52, 404, 108.697, 65.4632
869, 52, 404, 108.587, 65.5372
870, 52, 404, 108.434, 65.6118
871, 52, 404, 108.019, 65.6863
872, 52, 404, 107.866, 65.7602
873, 52, 404, 107.451, 65.835
874, 52, 404, 107.246, 65.9093
875, 52, 404, 106.873, 65.9834
876, 52, 404, 106.72, 66.0718
877, 52, 404, 106.305, 66.1473
878, 52, 404, 106.152, 66.226
879, 52, 403, 106.505, 66.3196
880, 52, 403, 106.02, 66.3956
881, 53, 403, 106.018, 66.5848
882, 54, 403, 106.016, 66.7776
883, 54, 403, 105.979, 66.8518
884, 54, 403, 105.869, 66.9286
885, 54, 403, 105.716, 67.0037
886, 54, 403, 105.632, 67.0786
887, 55, 403, 105.63, 67.2777
888, 56, 403, 105.628, 67.4796
889, 57, 403, 105.627, 67.5545
890, 58, 403, 105.625, 67.7666
891, 59, 403, 105.623, 67.9837
892, 60, 403, 105.622, 68.2256
893, 61, 403, 105.62, 68.4588
894, 62, 403, 105.619, 68.697
895, 63, 403, 105.617, 68.9429
896, 63, 403, 105.591, 69.0186
897, 63, 403, 105.507, 69.0944
898, 63, 403, 105.354, 69.1705
899, 63, 403, 105.201, 69.2461
900, 63, 403, 105.048, 69.3349
901, 63, 403, 104.895, 69.4274
902, 63, 403, 104.742, 69.5036
903, 63, 403, 104.327, 69.5793
904, 63, 403, 104.174, 69.6546
905, 63, 403, 104.021, 69.7295
906, 63, 403, 103.911, 69.805
907, 63, 403, 103.758, 69.88
908, 63, 403, 103.384, 69.9554
909, 63, 402, 104.147, 70.0318
910, 63, 401, 104.911, 70.1261
911, 63, 400, 105.674, 70.2188
912, 63, 399, 106.437, 70.307
913, 63, 398, 107.2, 70.3826
914, 63, 398, 106.827, 70.4582
915, 63, 398, 106.453, 70.5339
916, 63, 397, 107.216, 70.61
917, 63, 396, 107.569, 70.6857
918, 63, 395, 108.332, 70.7624
919, 63, 395, 108.179, 70.838
920, 63, 395, 108.026, 70.9136
921, 63, 394, 108.79, 70.9891
922, 63, 393, 108.557, 71.065
923, 63, 393, 108.184, 71.141
924, 63, 393, 107.81, 71.2163
925, 63, 393, 107.437, 71.2925
926, 63, 393, 107.063, 71.3683
927, 63, 393, 106.578, 71.4443
928, 63, 392, 106.931, 71.5204
929, 63, 392, 107.246, 71.5965
930, 63, 392, 106.668, 71.6835
931, 63, 392, 106.295, 71.7596
932, 63, 392, 105.921, 71.8353
933, 63, 392, 105.548, 71.911
934, 63, 392, 105.395, 71.9872
935, 63, 392, 105.242, 72.0631
936, 63, 391, 105.483, 72.1391
937, 63, 391, 105.278, 72.2153
938, 63, 391, 105.126, 72.2914
939, 63, 391, 104.973, 72.3675
940, 63, 391, 105.195, 72.4437
941, 63, 391, 105.042, 72.5664
942, 63, 391, 104.889, 72.6621
943, 63, 391, 104.736, 72.7769
944, 63, 391, 104.583, 72.8954
945, 63, 390, 104.824, 73.0285
946, 63, 390, 104.62, 73.1286
947, 63, 390, 104.415, 73.2139
948, 63, 390, 104.637, 73.2911
949, 63, 390, 104.374, 73.3669
950, 63, 389, 105.722, 73.4429
951, 63, 388, 106.485, 73.5189
952, 63, 388, 106, 73.5954
953, 63, 387, 106.763, 73.6719
954, 63, 386, 107.526, 73.7481
955, 63, 385, 108.526, 73.8247
956, 63, 384, 109.29, 73.9016
957, 63, 383, 110.053, 73.9778
958, 63, 382, 110.816, 74.0542
959, 63, 381, 111.579, 74.1312
960, 63, 380, 112.342, 74.2093
961, 63, 379, 113.106, 74.2863
962, 63, 378, 113.869, 74.3632
963, 63, 377, 114.632, 74.4406
964, 63, 377, 114.258, 74.5175
965, 63, 377, 113.843, 74.5947
966, 63, 377, 113.47, 74.6719
967, 63, 377, 113.096, 74.7488
968, 63, 377, 112.723, 74.8255
969, 63, 377, 112.349, 74.9025
970, 63, 377, 112.571, 74.9797
971, 63, 377, 112.418, 75.0573
972, 63, 377, 112.265, 75.134
973, 63, 377, 112.061, 75.211
974, 63, 377, 111.95, 75.2878
975, 63, 377, 111.797, 75.3652
976, 63, 377, 111.644, 75.4416
977, 63, 377, 111.474, 75.5187
978, 63, 377, 111.364, 75.5957
979, 63, 377, 111.211, 75.6721
980, 63, 376, 111.452, 75.7485
981, 63, 376, 111.248, 75.8253
982, 63, 376, 111.137, 75.9019
983, 63, 376, 110.984, 75.9785
984, 63, 376, 110.874, 76.0689
985, 63, 376, 110.763, 76.1469
986, 63, 376, 110.68, 76.2236
987, 63, 376, 110.596, 76.3003
988, 63, 375, 110.786, 76.3915
989, 63, 375, 110.675, 76.504
990, 63, 375, 110.591, 76.6153
991, 63, 375, 110.498, 76.7281
992, 63, 375, 110.414, 76.8479
993, 63, 375, 110.331, 76.9659
994, 63, 375, 110.263, 77.066
995, 63, 375, 110.179, 77.1434
996, 63, 374, 110.369, 77.2198
997, 63, 374, 110.259, 77.3064
998, 63, 374, 110.191, 77.3832
999, 63, 374, 110.124, 77.4587
1000, 63, 374, 110.08, 77.5338
1001, 63, 374, 109.996, 77.61
1002, 63, 374, 110.201, 77.6858
1003, 63, 374, 110.117, 77.7615
1004, 63, 374, 110.033, 77.8374
1005, 63, 374, 109.98, 77.9128
1006, 63, 374, 109.936, 77.9887
1007, 63, 374, 109.843, 78.0648
1008, 63, 374, 109.79, 78.1405
1009, 63, 374, 109.731, 78.2164
1010, 63, 374, 109.678, 78.2925
1011, 63, 374, 109.594, 78.3681
1012, 63, 374, 109.51, 78.4438
1013, 63, 374, 109.426, 78.5205
1014, 63, 374, 109.257, 78.5967
1015, 63, 374, 109.104, 78.6728
1016, 63, 374, 108.73, 78.749
1017, 63, 373, 108.971, 78.8252
1018, 63, 373, 108.802, 78.9011
1019, 63, 373, 108.597, 78.9783
1020, 63, 373, 108.444, 79.0542
1021, 63, 373, 108.334, 79.1298
1022, 63, 373, 108.25, 79.2054
1023, 63, 373, 108.097, 79.2808
1024, 63, 373, 108.029, 79.356
1025, 63, 373, 107.946, 79.4527
1026, 63, 373, 107.862, 79.5284
1027, 63, 373, 107.778, 79.6036
1028, 63, 373, 107.941, 79.6792
1029, 63, 373, 107.857, 79.7548
1030, 63, 373, 107.774, 79.8306
1031, 63, 373, 107.621, 79.9067
1032, 63, 373, 107.468, 79.9822
1033, 63, 373, 107.315, 80.0578
1034, 63, 373, 107.162, 80.1334
1035, 63, 373, 107.009, 80.2088
1036, 63, 373, 106.635, 80.2843
1037, 63, 373, 106.262, 80.36
1038, 63, 373, 105.847, 80.4353
1039, 63, 373, 105.694, 80.51
1040, 63, 373, 105.541, 80.5846
1041, 63, 373, 105.388, 80.6597
1042, 63, 373, 105.235, 80.734
1043, 63, 373, 105.03, 80.8092
1044, 63, 372, 105.272, 80.8843
1045, 63, 372, 105.119, 80.9594
1046, 63, 372, 104.966, 81.0356
1047, 63, 372, 104.761, 81.1117
1048, 63, 372, 104.276, 81.187
1049, 63, 372, 104.124, 81.2623
1050, 63, 372, 103.971, 81.3379
1051, 63, 372, 103.86, 81.4142
1052, 63, 372, 103.707, 81.4895
1053, 63, 372, 103.334, 81.5647
1054, 63, 372, 103.181, 81.6404
1055, 63, 372, 103.028, 81.7163
1056, 63, 372, 102.823, 81.7922
1057, 63, 372, 102.653, 81.8678
1058, 63, 372, 102.5, 81.9433
1059, 63, 372, 102.33, 82.0187
1060, 63, 372, 102.161, 82.0943
1061, 63, 372, 102.008, 82.1697
1062, 63, 372, 101.855, 82.2452
1063, 63, 372, 101.702, 82.3213
1064, 63, 372, 101.549, 82.3971
1065, 63, 372, 101.465, 82.4728
1066, 63, 372, 101.312, 82.5495
1067, 63, 372, 101.142, 82.6564
1068, 63, 372, 100.989, 82.7599
1069, 63, 372, 100.836, 82.886
1070, 63, 372, 100.463, 82.9984
1071, 63, 372, 100.31, 83.1285
1072, 63, 372, 100.157, 83.2389
1073, 63, 372, 100.116, 83.3281
1074, 63, 372, 100.08, 83.4054
1075, 63, 372, 99.9958, 83.4815
1076, 63, 372, 99.9518, 83.5576
1077, 63, 372, 99.9152, 83.6334
1078, 63, 371, 100.078, 83.7088
1079, 63, 371, 100.011, 83.7848
1080, 63, 371, 99.9435, 83.8614
1081, 63, 371, 99.9221, 83.9375
1082, 63, 371, 99.8856, 84.0141
1083, 63, 371, 99.8326, 84.09
1084, 63, 371, 99.7796, 84.166
1085, 63, 371, 99.7207, 84.2411
1086, 63, 371, 99.6618, 84.3171
1087, 63, 371, 99.5647, 84.3927
1088, 63, 371, 99.2606, 84.4685
1089, 63, 371, 99.1077, 84.5442
1090, 63, 371, 99.0239, 84.6315
1091, 63, 371, 98.8193, 84.7159
1092, 63, 371, 98.7355, 84.7923
1093, 63, 371, 98.5656, 84.8677
1094, 63, 371, 98.4818, 84.9455
1095, 63, 371, 98.4377, 85.0225
1096, 63, 371, 98.3847, 85.0983
1097, 63, 371, 98.3174, 85.1745
1098, 63, 371, 98.2327, 85.2514
1099, 63, 371, 98.0815, 85.3284
1100, 63, 371, 97.971, 85.4051
1101, 63, 371, 97.8872, 85.4805
1102, 63, 371, 97.7343, 85.5581
1103, 63, 371, 97.5814, 85.6345
1104, 63, 371, 97.4284, 85.7106
1105, 63, 370, 99.1331, 85.7869
1106, 63, 369, 99.8963, 85.879
1107, 63, 369, 99.3182, 85.9588
1108, 63, 368, 100.081, 86.0355
1109, 63, 367, 100.845, 86.1248
1110, 63, 366, 101.608, 86.202
1111, 63, 365, 102.608, 86.2783
1112, 63, 364, 103.371, 86.3547
1113, 63, 363, 104.134, 86.4313
1114, 63, 362, 104.897, 86.5089
1115, 63, 361, 105.897, 86.5962
1116, 63, 360, 106.661, 86.6798
1117, 63, 359, 107.424, 86.757
1118, 63, 358, 108.187, 86.8346
1119, 63, 357, 109.187, 86.9119
1120, 63, 356, 109.95, 86.9892
1121, 63, 355, 110.713, 87.0658
1122, 63, 354, 111.477, 87.1429
1123, 63, 353, 112.24, 87.2204
1124, 63, 352, 113.003, 87.2975
1125, 63, 351, 114.003, 87.375
1126, 63, 350, 115.003, 87.4518
1127, 63, 349, 115.766, 87.5288
1128, 63, 348, 116.529, 87.6062
1129, 63, 348, 116.156, 87.6835
1130, 63, 348, 115.782, 87.7607
1131, 63, 347, 116.546, 87.8383
1132, 63, 346, 117.309, 87.9166
1133, 63, 345, 118.309, 87.9951
1134, 63, 345, 117.935, 88.0731
1135, 63, 344, 118.177, 88.1516
1136, 63, 344, 118.024, 88.2296
1137, 63, 344, 117.913, 88.3083
1138, 63, 344, 117.743, 88.3868
1139, 63, 344, 117.59, 88.4653
1140, 63, 344, 117.437, 88.5435
1141, 63, 343, 117.79, 88.6217
1142, 63, 343, 117.305, 88.6999
1143, 63, 343, 116.932, 88.778
1144, 63, 342, 117.695, 88.8565
1145, 63, 341, 118.458, 88.9345
1146, 63, 340, 119.221, 89.0122
1147, 63, 339, 119.984, 89.0903
1148, 63, 339, 119.611, 89.1687
1149, 63, 339, 119.527, 89.2462
1150, 63, 339, 119.374, 89.3241
1151, 63, 339, 119.221, 89.4251
1152, 63, 339, 119.137, 89.5106
1153, 63, 339, 119.027, 89.5903
1154, 63, 339, 118.763, 89.6715
1155, 63, 339, 118.653, 89.7496
1156, 63, 339, 118.5, 89.8277
1157, 63, 339, 118.347, 89.9057
1158, 63, 339, 117.974, 89.9839
1159, 63, 338, 118.737, 90.0619
1160, 63, 337, 119.5, 90.1399
1161, 63, 336, 120.263, 90.2178
1162, 63, 335, 121.026, 90.2954
1163, 63, 335, 120.653, 90.3731
1164, 63, 334, 120.421, 90.4517
1165, 63, 333, 121.421, 90.53
1166, 63, 333, 121.047, 90.6081
1167, 63, 332, 122.047, 90.6858
1168, 63, 331, 122.81, 90.764
1169, 63, 331, 122.437, 90.8424
1170, 63, 331, 122.063, 90.9208
1171, 63, 331, 121.859, 90.9998
1172, 63, 331, 121.595, 91.0779
1173, 63, 331, 121.511, 91.1558
1174, 63, 331, 121.359, 91.2338
1175, 63, 331, 121.206, 91.3115
1176, 63, 330, 121.447, 91.3893
1177, 63, 330, 121.242, 91.4674
1178, 63, 330, 120.869, 91.5457
1179, 63, 330, 120.495, 91.6238
1180, 63, 330, 120.08, 91.7021
1181, 63, 330, 119.927, 91.7827
1182, 63, 330, 119.774, 91.8611
1183, 63, 330, 119.691, 91.9387
1184, 63, 330, 119.607, 92.0168
1185, 63, 330, 119.539, 92.0942
1186, 63, 330, 119.495, 92.1724
1187, 63, 330, 119.412, 92.2509
1188, 63, 330, 119.359, 92.3291
1189, 64, 330, 119.357, 92.586
1190, 65, 330, 119.356, 92.8662
1191, 66, 330, 119.355, 93.1348
1192, 66, 330, 119.288, 93.2122
1193, 66, 330, 119.22, 93.2903
1194, 67, 330, 119.219, 93.5769
1195, 68, 330, 119.218, 93.8641
1196, 69, 330, 119.217, 94.1616
1197, 70, 330, 119.216, 94.4641
1198, 71, 330, 119.214, 94.7736
1199, 72, 330, 119.213, 95.0902
1200, 73, 330, 119.212, 95.4147
1201, 74, 330, 119.211, 95.7468
1202, 75, 330, 119.21, 96.0983
1203, 76, 330, 119.209, 96.4456
1204, 77, 330, 119.208, 96.7988
1205, 78, 330, 119.207, 97.1654
1206, 79, 330, 119.206, 97.5399
1207, 80, 330, 119.205, 97.9236
1208, 81, 330, 119.205, 98.3269
1209, 82, 330, 119.204, 98.4048
1210, 83, 330, 119.203, 98.905
1211, 84, 330, 119.202, 99.4484
1212, 85, 330, 119.201, 99.8803
1213, 86, 330, 119.201, 100.319
1214, 86, 330, 119.152, 100.767
1215, 86, 330, 119.275, 100.845
1216, 86, 330, 119.231, 100.924
1217, 87, 330, 119.23, 101.375
1218, 88, 330, 119.229, 101.851
1219, 89, 330, 119.229, 102.332
1220, 90, 330, 119.228, 102.84
1221, 91, 330, 119.227, 103.356
1222, 92, 330, 119.226, 103.884
1223, 93, 330, 119.226, 104.438
1224, 94, 330, 119.225, 104.991
1225, 95, 330, 119.225, 105.556
1226, 96, 330, 119.224, 106.149
1227, 97, 330, 119.223, 106.732
1228, 98, 330, 119.223, 107.331
1229, 99, 330, 119.222, 107.942
1230, 100, 330, 119.222, 108.554
1231, 101, 330, 119.221, 109.184
1232, 101, 330, 119.185, 109.26
1233, 101, 330, 119.126, 109.338
1234, 101, 329, 119.289, 109.432
1235, 101, 329, 119.222, 109.511
1236, 101, 329, 119.052, 109.589
1237, 101, 329, 118.959, 109.667
1238, 101, 329, 118.875, 109.744
1239, 101, 329, 118.46, 109.821
1240, 101, 329, 118.255, 109.899
1241, 101, 329, 118.172, 109.977
1242, 101, 329, 118.128, 110.056
1243, 101, 329, 118.075, 110.133
1244, 101, 329, 118.209, 110.21
1245, 101, 329, 118.179, 110.288
1246, 102, 329, 118.178, 110.916
1247, 103, 329, 118.177, 111.557
1248, 104, 329, 118.177, 112.21
1249, 105, 329, 118.176, 112.887
1250, 106, 329, 118.176, 113.571
1251, 107, 329, 118.175, 114.367
1252, 108, 329, 118.175, 115.203
1253, 109, 329, 118.174, 115.916
1254, 110, 329, 118.174, 116.676
1255, 111, 329, 118.173, 117.461
1256, 112, 329, 118.173, 118.276
1257, 113, 329, 118.173, 119.092
1258, 114, 329, 118.172, 119.951
1259, 115, 329, 118.172, 120.835
1260, 116, 329, 118.171, 121.706
1261, 117, 329, 118.171, 122.59
1262, 118, 329, 118.17, 123.504
1263, 118, 329, 118.15, 123.585
1264, 118, 329, 118.097, 123.665
1265, 118, 328, 118.287, 123.745
1266, 118, 328, 118.379, 123.823
1267, 118, 328, 118.269, 123.903
1268, 118, 328, 118.185, 123.982
1269, 118, 327, 118.426, 124.063
1270, 118, 327, 118.222, 124.143
1271, 118, 327, 118.111, 124.221
1272, 118, 326, 118.301, 124.3
1273, 118, 326, 118.191, 124.38
1274, 118, 326, 118.08, 124.459
1275, 118, 326, 117.927, 124.539
1276, 118, 326, 117.774, 124.617
1277, 118, 326, 117.664, 124.696
1278, 118, 326, 117.553, 124.776
1279, 118, 326, 117.716, 124.855
1280, 118, 326, 117.632, 124.934
1281, 118, 326, 117.549, 125.015
1282, 118, 326, 117.465, 125.094
1283, 118, 326, 117.381, 125.172
1284, 118, 326, 117.314, 125.251
1285, 118, 326, 117.23, 125.329
1286, 118, 326, 117.06, 125.407
1287, 118, 326, 116.976, 125.486
1288, 118, 326, 116.806, 125.564
1289, 118, 326, 116.696, 125.643
1290, 118, 326, 116.585, 125.721
1291, 118, 326, 116.501, 125.799
1292, 118, 326, 116.418, 125.878
1293, 118, 326, 116.248, 125.956
1294, 118, 326, 116.137, 126.037
1295, 118, 326, 115.984, 126.124
1296, 118, 326, 115.611, 126.201
1297, 118, 325, 116.959, 126.278
1298, 118, 324, 117.722, 126.355
1299, 118, 324, 117.237, 126.435
1300, 118, 323, 118.237, 126.512
1301, 118, 322, 119, 126.589
1302, 118, 321, 119.764, 126.666
1303, 118, 320, 120.764, 126.743
1304, 118, 319, 121.527, 126.82
1305, 118, 318, 122.527, 126.897
1306, 118, 317, 123.29, 126.974
1307, 118, 316, 124.29, 127.052
1308, 118, 315, 125.29, 127.129
1309, 118, 314, 126.053, 127.207
1310, 118, 313, 125.821, 127.284
1311, 118, 313, 125.447, 127.361
1312, 118, 313, 125.074, 127.438
1313, 118, 313, 124.659, 127.516
1314, 118, 313, 124.285, 127.593
1315, 118, 313, 123.912, 127.671
1316, 118, 313, 123.538, 127.748
1317, 118, 313, 123.123, 127.825
1318, 118, 313, 122.708, 127.903
1319, 118, 313, 122.335, 127.98
1320, 118, 312, 123.683, 128.059
1321, 118, 311, 124.446, 128.136
1322, 118, 310, 125.446, 128.213
1323, 118, 309, 126.209, 128.29
1324, 118, 308, 127.209, 128.367
1325, 118, 308, 126.836, 128.445
1326, 118, 308, 126.462, 128.522
1327, 118, 307, 126.815, 128.599
1328, 118, 307, 126.33, 128.676
1329, 118, 307, 126.177, 128.753
1330, 118, 307, 125.804, 128.83
1331, 118, 306, 127.152, 128.907
1332, 118, 305, 127.504, 128.984
1333, 118, 305, 127.019, 129.061
1334, 118, 305, 126.535, 129.139
1335, 118, 305, 126.119, 129.215
1336, 118, 305, 125.915, 129.293
1337, 118, 305, 125.762, 129.37
1338, 118, 304, 126.003, 129.456
1339, 118, 304, 125.799, 129.534
1340, 118, 304, 125.715, 129.611
1341, 118, 304, 125.562, 129.688
1342, 118, 304, 125.189, 129.766
1343, 118, 304, 124.815, 129.843
1344, 118, 303, 125.168, 129.92
1345, 118, 303, 124.753, 129.997
1346, 118, 303, 124.268, 130.077
1347, 118, 303, 123.894, 130.155
1348, 118, 302, 124.247, 130.233
1349, 118, 302, 123.762, 130.341
1350, 118, 302, 123.389, 130.454
1351, 118, 302, 123.236, 130.566
1352, 118, 302, 122.821, 130.683
1353, 118, 302, 122.447, 130.803
1354, 118, 302, 122.277, 130.916
1355, 118, 302, 121.792, 131.002
1356, 118, 302, 121.639, 131.09
1357, 118, 302, 121.266, 131.169
1358, 118, 302, 120.892, 131.247
1359, 118, 302, 120.477, 131.325
1360, 118, 302, 120.104, 131.403
1361, 118, 302, 119.73, 131.481
1362, 118, 302, 119.356, 131.559
1363, 118, 302, 118.983, 131.637
1364, 118, 302, 118.83, 131.716
1365, 118, 302, 118.677, 131.794
1366, 118, 302, 118.473, 131.872
1367, 118, 302, 118.32, 131.951
1368, 118, 302, 118.115, 132.031
1369, 118, 301, 118.356, 132.111
1370, 118, 301, 118.152, 132.19
1371, 118, 301, 117.999, 132.269
1372, 118, 301, 117.846, 132.348
1373, 118, 301, 117.676, 132.427
1374, 118, 301, 117.592, 132.506
1375, 118, 301, 117.508, 132.585
1376, 118, 300, 117.698, 132.664
1377, 118, 300, 117.588, 132.758
1378, 118, 300, 117.52, 132.838
1379, 118, 299, 117.71, 132.918
1380, 118, 299, 117.873, 133.008
1381, 118, 298, 118.063, 133.088
1382, 118, 298, 117.952, 133.167
1383, 118, 297, 118.142, 133.247
1384, 118, 297, 118.032, 133.327
1385, 118, 297, 117.964, 133.405
1386, 118, 297, 117.88, 133.484
1387, 118, 297, 117.797, 133.564
1388, 118, 297, 117.686, 133.643
1389, 118, 297, 117.602, 133.725
1390, 118, 297, 117.519, 133.804
1391, 118, 297, 117.451, 133.883
1392, 118, 297, 117.358, 133.963
1393, 118, 297, 117.291, 134.044
1394, 118, 297, 117.198, 134.124
1395, 118, 297, 117.114, 134.203
1396, 118, 297, 117.03, 134.283
1397, 118, 297, 116.963, 134.363
1398, 118, 297, 116.91, 134.443
1399, 118, 297, 116.866, 134.523
1400, 118, 297, 116.807, 134.602
1401, 118, 297, 116.777, 134.682
1402, 118, 297, 116.709, 134.762
1403, 118, 297, 116.642, 134.86
1404, 118, 297, 116.598, 134.94
1405, 118, 297, 116.447, 135.022
1406, 118, 297, 116.379, 135.103
1407, 118, 297, 116.295, 135.182
1408, 118, 297, 116.251, 135.263
1409, 118, 297, 116.168, 135.343
1410, 118, 297, 116.124, 135.424
1411, 118, 297, 116.087, 135.504
1412, 118, 297, 116.057, 135.585
1413, 118, 297, 116.02, 135.666
1414, 118, 297, 115.967, 135.756
1415, 118, 297, 115.9, 135.844
1416, 118, 297, 115.816, 135.925
1417, 118, 297, 115.732, 136.005
1418, 118, 297, 115.528, 136.1
1419, 118, 297, 115.358, 136.182
1420, 118, 297, 115.205, 136.262
1421, 118, 297, 115.094, 136.342
1422, 118, 297, 114.984, 136.422
1423, 118, 297, 114.873, 136.509
1424, 118, 297, 114.72, 136.593
1425, 118, 297, 114.567, 136.673
1426, 118, 297, 114.457, 136.753
1427, 118, 297, 114.413, 136.834
1428, 118, 297, 114.383, 136.915
1429, 118, 297, 114.356, 136.996
1430, 118, 297, 114.303, 137.077
1431, 118, 297, 114.25, 137.157
1432, 118, 297, 114.197, 137.238
1433, 118, 297, 114.1, 137.318
1434, 118, 297, 114.003, 137.398
1435, 118, 297, 113.973, 137.477
1436, 118, 297, 113.952, 137.558
1437, 118, 297, 113.93, 137.637
1438, 118, 297, 113.889, 137.717
1439, 118, 297, 113.853, 137.797
1440, 118, 297, 113.809, 137.877
1441, 118, 297, 113.765, 137.957
1442, 118, 297, 113.712, 138.037
1443, 118, 297, 113.668, 138.117
1444, 118, 296, 113.831, 138.197
1445, 118, 296, 113.763, 138.277
1446, 118, 296, 113.71, 138.357
1447, 118, 296, 113.651, 138.436
1448, 118, 295, 113.814, 138.516
1449, 118, 295, 113.774, 138.596
1450, 118, 295, 113.707, 138.677
1451, 118, 295, 113.662, 138.757
1452, 118, 295, 113.647, 138.836
1453, 118, 295, 113.626, 138.917
1454, 118, 295, 113.563, 138.997
1455, 118, 295, 113.51, 139.078
1456, 118, 295, 113.473, 139.156
1457, 118, 295, 113.447, 139.235
1458, 118, 295, 113.403, 139.314
1459, 118, 295, 113.344, 139.406
1460, 118, 295, 113.247, 139.487
1461, 118, 295, 113.202, 139.566
1462, 118, 295, 113.154, 139.646
1463, 118, 295, 113.124, 139.725
1464, 118, 295, 113.076, 139.804
1465, 118, 295, 113.046, 139.884
1466, 118, 295, 113.019, 139.964
1467, 118, 295, 113.089, 140.045
1468, 118, 295, 113.059, 140.124
1469, 118, 295, 113.028, 140.203
1470, 118, 295, 112.998, 140.283
1471, 118, 295, 112.971, 140.362
1472, 118, 295, 112.935, 140.441
1473, 118, 295, 113.046, 140.52
1474, 118, 295, 113.006, 140.598
1475, 118, 295, 112.969, 140.677
1476, 118, 295, 112.948, 140.755
1477, 118, 295, 112.932, 140.834
1478, 118, 295, 112.896, 140.913
1479, 118, 295, 112.866, 140.991
1480, 118, 294, 113.015, 141.07
1481, 118, 294, 112.97, 141.149
1482, 118, 294, 112.904, 141.228
1483, 118, 294, 112.845, 141.307
1484, 118, 294, 112.664, 141.386
1485, 118, 294, 112.58, 141.465
1486, 118, 294, 112.41, 141.544
1487, 118, 294, 112.326, 141.623
1488, 118, 294, 112.243, 141.701
1489, 118, 294, 112.19, 141.78
1490, 118, 294, 112.106, 141.859
1491, 118, 294, 112.022, 141.938
1492, 118, 294, 111.911, 142.017
1493, 118, 294, 111.801, 142.096
1494, 118, 294, 111.717, 142.174
1495, 118, 294, 111.633, 142.252
1496, 118, 294, 111.54, 142.331
1497, 118, 294, 111.456, 142.418
1498, 118, 294, 111.373, 142.496
1499, 118, 294, 111.577, 142.575
1500, 118, 293, 111.767, 142.654
1501, 118, 293, 111.889, 142.744
1502, 118, 293, 111.779, 142.823
1503, 118, 293, 111.686, 142.902
1504, 118, 293, 111.593, 142.98
1505, 118, 293, 111.509, 143.058
1506, 118, 293, 111.425, 143.136
1507, 118, 293, 111.255, 143.215
1508, 118, 293, 111.171, 143.293
1509, 118, 293, 111.061, 143.37
1510, 118, 293, 110.908, 143.448
1511, 118, 293, 110.824, 143.527
1512, 118, 293, 110.731, 143.609
1513, 118, 293, 110.647, 143.692
1514, 118, 293, 110.58, 143.77
1515, 118, 293, 110.496, 143.849
1516, 118, 293, 110.412, 143.928
1517, 118, 293, 110.328, 144.006
1518, 118, 293, 110.235, 144.085
1519, 118, 293, 110.168, 144.164
1520, 118, 293, 110.115, 144.242
1521, 118, 293, 109.811, 144.322
1522, 118, 293, 109.727, 144.402
1523, 118, 293, 109.683, 144.481
1524, 118, 293, 109.586, 144.56
1525, 118, 293, 109.502, 144.638
1526, 118, 293, 109.472, 144.717
1527, 118, 293, 109.375, 144.796
1528, 118, 293, 109.291, 144.874
1529, 118, 293, 109.247, 144.953
1530, 118, 293, 109.188, 145.031
1531, 118, 293, 109.129, 145.111
1532, 118, 293, 109.076, 145.19
1533, 118, 293, 109.023, 145.268
1534, 118, 292, 109.186, 145.347
1535, 118, 292, 109.119, 145.426
1536, 118, 292, 109.035, 145.504
1537, 118, 292, 108.942, 145.583
1538, 118, 292, 108.858, 145.662
1539, 118, 292, 108.774, 145.74
1540, 118, 292, 108.621, 145.818
1541, 118, 292, 108.554, 145.897
1542, 118, 292, 108.51, 145.975
1543, 118, 292, 108.466, 146.064
1544, 118, 292, 108.413, 146.142
1545, 118, 292, 108.329, 146.221
1546, 118, 292, 108.245, 146.3
1547, 118, 292, 108.161, 146.378
1548, 118, 291, 108.351, 146.464
1549, 118, 291, 108.241, 146.543
1550, 118, 291, 108.157, 146.621
1551, 118, 291, 107.893, 146.7
1552, 118, 290, 108.246, 146.779
1553, 118, 290, 107.761, 146.857
1554, 118, 290, 107.388, 146.936
1555, 118, 290, 107.014, 147.014
1556, 118, 290, 106.599, 147.095
1557, 118, 289, 106.952, 147.174
1558, 118, 289, 106.467, 147.253
1559, 118, 288, 107.23, 147.332
1560, 118, 287, 107.993, 147.41
1561, 118, 286, 108.757, 147.49
1562, 118, 285, 109.52, 147.569
1563, 118, 284, 110.283, 147.648
1564, 118, 283, 111.046, 147.727
1565, 118, 282, 111.809, 147.806
1566, 119, 281, 112.809, 147.885
1567, 119, 280, 113.573, 147.964
1568, 119, 279, 114.336, 148.043
1569, 119, 278, 115.099, 148.131
1570, 119, 277, 115.862, 148.213
1571, 119, 276, 116.625, 148.293
1572, 119, 275, 117.625, 148.372
1573, 119, 274, 117.393, 148.452
1574, 119, 274, 117.02, 148.531
1575, 119, 273, 118.02, 148.61
1576, 119, 272, 118.783, 148.689
1577, 119, 271, 119.546, 148.769
1578, 119, 271, 119.172, 148.849
1579, 119, 271, 118.757, 148.928
1580, 119, 270, 119.11, 149.007
1581, 119, 270, 118.625, 149.087
1582, 119, 270, 118.252, 149.167
1583, 119, 270, 117.878, 149.247
1584, 119, 269, 118.878, 149.326
1585, 119, 268, 119.878, 149.419
1586, 119, 267, 120.641, 149.499
1587, 119, 266, 121.405, 149.579
1588, 119, 265, 122.168, 149.658
1589, 119, 264, 123.168, 149.738
1590, 119, 263, 123.931, 149.817
1591, 119, 263, 123.557, 149.897
1592, 119, 263, 123.142, 149.977
1593, 119, 262, 124.491, 150.057
1594, 119, 261, 125.254, 150.136
1595, 119, 260, 126.017, 150.216
1596, 119, 259, 126.78, 150.295
1597, 119, 258, 127.543, 150.375
1598, 120, 258, 127.128, 150.455
1599, 121, 258, 126.958, 150.535
1600, 121, 258, 126.585, 150.616
1601, 121, 257, 127.348, 150.696
1602, 121, 256, 128.348, 150.776
1603, 121, 255, 129.111, 150.856
1604, 121, 255, 128.738, 150.936
1605, 121, 255, 128.364, 151.016
1606, 121, 255, 127.879, 151.096
1607, 121, 255, 127.506, 151.177
1608, 121, 254, 128.269, 151.257
1609, 121, 253, 129.032, 151.348
1610, 121, 252, 129.795, 151.428
1611, 121, 251, 130.558, 151.508
1612, 121, 251, 130.185, 151.589
1613, 121, 250, 130.948, 151.668
1614, 121, 249, 131.711, 151.748
1615, 121, 248, 132.475, 151.828
1616, 121, 247, 133.238, 151.908
1617, 121, 247, 133.085, 151.987
1618, 121, 247, 132.67, 152.068
1619, 121, 247, 132.892, 152.148
1620, 121, 247, 132.739, 152.229
1621, 121, 247, 132.655, 152.309
1622, 121, 247, 132.571, 152.389
1623, 121, 247, 132.504, 152.469
1624, 121, 247, 132.42, 152.549
1625, 121, 247, 132.267, 152.628
1626, 121, 247, 132.183, 152.711
1627, 121, 247, 132.099, 152.805
1628, 121, 247, 132.032, 152.886
1629, 121, 247, 131.979, 152.966
1630, 121, 247, 131.886, 153.047
1631, 121, 247, 131.833, 153.127
1632, 121, 247, 131.803, 153.207
1633, 121, 247, 131.766, 153.288
1634, 121, 247, 131.736, 153.368
1635, 121, 247, 131.725, 153.448
1636, 121, 247, 131.709, 153.528
1637, 121, 247, 131.687, 153.608
1638, 121, 247, 131.666, 153.69
1639, 121, 247, 131.63, 153.771
1640, 121, 247, 131.603, 153.85
1641, 121, 247, 131.566, 153.93
1642, 121, 247, 131.522, 154.01
1643, 121, 247, 131.486, 154.09
1644, 121, 247, 131.433, 154.17
1645, 121, 247, 131.339, 154.25
1646, 121, 247, 131.272, 154.33
1647, 121, 247, 131.188, 154.411
1648, 121, 247, 131.104, 154.492
1649, 121, 247, 131.051, 154.571
1650, 121, 247, 130.968, 154.651
1651, 121, 247, 130.9, 154.732
1652, 121, 247, 130.807, 154.812
1653, 121, 247, 130.723, 154.892
1654, 121, 247, 130.64, 154.972
1655, 121, 247, 130.556, 155.052
1656, 121, 247, 130.472, 155.134
1657, 121, 247, 130.388, 155.213
1658, 121, 247, 130.304, 155.293
1659, 121, 247, 130.152, 155.373
1660, 121, 247, 129.999, 155.454
1661, 121, 247, 129.794, 155.533
1662, 121, 247, 129.624, 155.613
1663, 121, 246, 129.865, 155.692
1664, 121, 246, 129.661, 155.772
1665, 121, 246, 129.568, 155.851
1666, 121, 246, 129.415, 155.93
1667, 121, 246, 129.331, 156.009
1668, 121, 246, 129.247, 156.105
1669, 121, 246, 129.094, 156.185
1670, 121, 246, 128.941, 156.265
1671, 121, 246, 128.678, 156.344
1672, 121, 246, 128.525, 156.424
1673, 121, 246, 128.355, 156.503
1674, 121, 246, 128.202, 156.583
1675, 121, 246, 128.092, 156.661
1676, 121, 246, 128.008, 156.741
1677, 121, 246, 127.857, 156.82
1678, 121, 246, 127.773, 156.9
1679, 121, 246, 127.72, 156.98
1680, 121, 246, 127.653, 157.06
1681, 121, 246, 127.501, 157.14
1682, 121, 246, 127.418, 157.22
1683, 121, 246, 127.334, 157.3
1684, 121, 245, 127.524, 157.38
1685, 121, 245, 127.413, 157.46
1686, 121, 245, 127.346, 157.54
1687, 121, 245, 127.278, 157.618
1688, 121, 245, 127.225, 157.698
1689, 121, 245, 127.142, 157.777
1690, 121, 245, 127.074, 157.857
1691, 121, 245, 127.007, 157.937
1692, 121, 245, 126.856, 158.016
1693, 121, 245, 126.948, 158.096
1694, 121, 244, 127.111, 158.176
1695, 121, 244, 127.044, 158.256
1696, 121, 244, 127, 158.336
1697, 121, 244, 126.933, 158.416
1698, 121, 244, 126.88, 158.496
1699, 121, 244, 126.812, 158.576
1700, 121, 244, 126.661, 158.655
1701, 121, 244, 126.617, 158.735
1702, 121, 244, 126.564, 158.816
1703, 121, 244, 126.48, 158.895
1704, 121, 244, 126.414, 158.973
1705, 121, 244, 126.361, 159.053
1706, 121, 244, 126.277, 159.132
1707, 121, 244, 126.072, 159.213
1708, 122, 244, 126.072, 160.114
1709, 123, 244, 126.071, 161.015
1710, 124, 244, 126.071, 161.939
1711, 125, 244, 126.071, 162.892
1712, 126, 244, 126.07, 163.868
1713, 127, 244, 126.07, 164.849
1714, 128, 244, 126.069, 165.877
1715, 129, 244, 126.069, 166.915
1716, 129, 244, 126.042, 167.953
1717, 129, 244, 126.011, 168.035
1718, 129, 244, 125.918, 168.12
1719, 129, 244, 125.859, 168.207
1720, 129, 244, 125.801, 168.287
1721, 129, 243, 125.964, 168.368
1722, 129, 243, 125.896, 168.449
1723, 129, 243, 125.743, 168.53
1724, 129, 243, 125.66, 168.611
1725, 129, 243, 125.623, 168.69
1726, 130, 243, 125.623, 169.747
1727, 131, 243, 125.622, 170.795
1728, 132, 243, 125.622, 171.852
1729, 133, 243, 125.622, 172.925
1730, 134, 243, 125.621, 174.009
1731, 135, 243, 125.621, 175.14
1732, 136, 243, 125.621, 176.32
1733, 137, 243, 125.62, 177.508
1734, 138, 243, 125.62, 178.722
1735, 138, 243, 125.604, 178.802
1736, 138, 243, 125.574, 178.882
1737, 138, 243, 125.521, 178.962
1738, 138, 243, 125.468, 179.044
1739, 138, 243, 125.415, 179.124
1740, 138, 243, 125.378, 179.204
1741, 138, 243, 125.294, 179.284
1742, 138, 243, 125.241, 179.363
1743, 138, 243, 125.157, 179.458
1744, 138, 243, 125.074, 179.541
1745, 138, 243, 125.006, 179.622
1746, 138, 243, 124.962, 179.703
1747, 138, 243, 124.909, 179.782
1748, 138, 243, 124.816, 179.863
1749, 138, 243, 124.749, 179.943
1750, 138, 243, 124.665, 180.024
1751, 138, 243, 124.512, 180.104
1752, 138, 243, 124.097, 180.184
1753, 138, 243, 124.319, 180.264
1754, 138, 242, 124.56, 180.345
1755, 138, 242, 124.356, 180.425
1756, 138, 242, 124.186, 180.506
1757, 138, 242, 124.075, 180.586
1758, 138, 242, 123.991, 180.667
1759, 138, 242, 123.881, 180.747
1760, 138, 242, 123.797, 180.827
1761, 138, 242, 123.646, 180.908
1762, 138, 242, 123.562, 181.007
1763, 138, 242, 123.478, 181.09
1764, 138, 242, 123.327, 181.171
1765, 138, 242, 123.243, 181.252
1766, 138, 242, 123.091, 181.333
1767, 138, 242, 122.886, 181.414
1768, 138, 242, 122.776, 181.495
1769, 138, 242, 122.665, 181.576
1770, 138, 242, 122.581, 181.657
1771, 138, 242, 122.428, 181.738
1772, 138, 242, 122.055, 181.819
1773, 138, 242, 121.64, 181.899
1774, 138, 242, 121.266, 181.98
1775, 138, 242, 121.062, 182.061
1776, 138, 242, 120.909, 182.142
1777, 138, 241, 121.15, 182.223
1778, 138, 241, 120.946, 182.304
1779, 138, 240, 121.187, 182.384
1780, 138, 240, 120.982, 182.465
1781, 138, 240, 120.829, 182.545
1782, 138, 240, 120.676, 182.626
1783, 138, 240, 120.507, 182.707
1784, 138, 240, 120.354, 182.8
1785, 138, 240, 120.201, 182.881
1786, 138, 240, 120.048, 182.962
1787, 138, 240, 119.895, 183.043
1788, 138, 240, 119.742, 183.125
1789, 138, 240, 119.631, 183.219
1790, 138, 240, 119.548, 183.325
1791, 138, 240, 119.464, 183.423
1792, 138, 240, 119.371, 183.51
1793, 138, 240, 119.318, 183.591
1794, 138, 240, 119.25, 183.67
1795, 138, 240, 119.206, 183.752
1796, 138, 240, 119.139, 183.833
1797, 138, 240, 119.086, 183.913
1798, 138, 240, 119.042, 183.994
1799, 138, 240, 118.989, 184.074
1800, 138, 240, 118.905, 184.154
1801, 138, 240, 118.821, 184.233
1802, 138, 240, 118.984, 184.314
1803, 138, 240, 118.9, 184.394
1804, 138, 240, 118.79, 184.475
1805, 138, 240, 118.706, 184.555
1806, 138, 240, 118.596, 184.635
1807, 138, 240, 118.512, 184.715
1808, 138, 240, 118.428, 184.8
1809, 138, 240, 118.344, 184.886
1810, 138, 240, 118.26, 184.966
1811, 138, 240, 118.207, 185.046
1812, 138, 240, 118.154, 185.127
1813, 138, 240, 118.101, 185.207
1814, 138, 240, 118.057, 185.288
1815, 138, 240, 118.013, 185.369
1816, 138, 240, 117.954, 185.449
1817, 138, 240, 117.901, 185.529
1818, 138, 240, 117.848, 185.61
1819, 138, 240, 117.765, 185.69
1820, 138, 240, 117.671, 185.771
1821, 138, 240, 117.52, 185.851
1822, 138, 240, 117.437, 185.931
1823, 138, 239, 117.626, 186.01
1824, 138, 239, 117.516, 186.101
1825, 138, 239, 117.448, 186.182
1826, 138, 239, 117.395, 186.263
1827, 138, 239, 117.298, 186.343
1828, 138, 239, 117.231, 186.424
1829, 138, 239, 117.164, 186.512
1830, 138, 239, 117.111, 186.592
1831, 138, 239, 117.027, 186.673
1832, 138, 239, 116.943, 186.754
1833, 138, 239, 117.165, 186.835
1834, 138, 239, 116.995, 186.915
1835, 138, 239, 116.842, 186.999
1836, 138, 239, 116.427, 187.079
1837, 138, 239, 116.274, 187.161
1838, 138, 239, 116.104, 187.241
1839, 138, 239, 115.994, 187.321
1840, 138, 239, 115.91, 187.402
1841, 138, 239, 115.646, 187.482
1842, 138, 239, 115.477, 187.563
1843, 138, 239, 115.324, 187.642
1844, 138, 239, 115.213, 187.723
1845, 138, 239, 115.129, 187.802
1846, 138, 239, 115.046, 187.884
1847, 138, 239, 114.893, 187.964
1848, 138, 239, 115.015, 188.043
1849, 138, 239, 114.752, 188.123
1850, 138, 239, 114.641, 188.203
1851, 138, 239, 114.488, 188.293
1852, 138, 239, 114.318, 188.372
1853, 138, 239, 114.225, 188.452
1854, 138, 239, 114.055, 188.531
1855, 138, 239, 113.902, 188.611
1856, 138, 239, 114.065, 188.691
1857, 138, 239, 113.981, 188.77
1858, 138, 239, 113.898, 188.85
1859, 138, 239, 113.814, 188.929
1860, 138, 239, 113.721, 189.008
1861, 138, 239, 113.637, 189.088
1862, 138, 239, 113.486, 189.168
1863, 138, 238, 113.676, 189.247
1864, 138, 238, 113.839, 189.327
1865, 138, 238, 113.745, 189.421
1866, 138, 238, 113.662, 189.503
1867, 138, 238, 113.569, 189.583
1868, 138, 238, 113.485, 189.663
1869, 138, 238, 113.315, 189.742
1870, 138, 238, 113.231, 189.821
1871, 138, 238, 113.147, 189.901
1872, 138, 238, 113.063, 189.981
1873, 138, 238, 112.97, 190.061
1874, 138, 238, 112.903, 190.142
1875, 138, 238, 112.81, 190.222
1876, 138, 238, 112.743, 190.302
1877, 138, 238, 112.69, 190.382
1878, 138, 238, 112.622, 190.463
1879, 138, 238, 112.555, 190.543
1880, 138, 238, 112.647, 190.623
1881, 138, 238, 112.603, 190.703
1882, 138, 238, 112.559, 190.783
1883, 138, 238, 112.506, 190.864
1884, 138, 238, 112.355, 190.945
1885, 138, 238, 112.262, 191.025
1886, 138, 238, 112.178, 191.105
1887, 138, 238, 112.027, 191.185
1888, 138, 238, 111.96, 191.266
1889, 138, 238, 111.907, 191.346
1890, 138, 238, 111.756, 191.427
1891, 138, 238, 111.663, 191.507
1892, 138, 238, 111.579, 191.587
1893, 138, 238, 111.526, 191.667
1894, 138, 238, 111.482, 191.748
1895, 138, 238, 111.385, 191.828
1896, 138, 238, 111.348, 191.907
1897, 138, 238, 111.295, 191.987
1898, 138, 238, 111.251, 192.069
1899, 138, 238, 111.214, 192.15
1900, 138, 238, 111.161, 192.231
1901, 138, 238, 111.284, 192.312
1902, 138, 238, 111.231, 192.393
1903, 138, 238, 111.178, 192.474
1904, 138, 238, 111.125, 192.554
1905, 138, 238, 111.081, 192.636
1906, 138, 238, 111.028, 192.726
1907, 138, 238, 110.934, 192.808
1908, 138, 238, 111.057, 192.889
1909, 138, 237, 111.22, 192.97
1910, 138, 237, 111.123, 193.051
1911, 138, 237, 111.07, 193.132
1912, 138, 237, 111.026, 193.213
1913, 138, 237, 110.995, 193.296
1914, 138, 237, 111.13, 193.418
1915, 138, 237, 111.099, 193.537
1916, 138, 237, 111.055, 193.66
1917, 138, 237, 111.002, 193.785
1918, 138, 237, 110.936, 193.906
1919, 138, 237, 110.899, 193.996
1920, 138, 237, 110.846, 194.089
1921, 138, 237, 110.793, 194.171
1922, 138, 237, 110.74, 194.252
1923, 138, 237, 110.703, 194.336
1924, 138, 237, 110.65, 194.417
1925, 138, 237, 110.784, 194.498
1926, 138, 237, 110.754, 194.58
1927, 138, 237, 110.695, 194.66
1928, 138, 237, 110.651, 194.741
1929, 138, 237, 110.592, 194.822
1930, 138, 237, 110.539, 194.902
1931, 138, 237, 110.495, 194.983
1932, 138, 237, 110.375, 195.064
1933, 138, 237, 110.322, 195.145
1934, 138, 237, 110.292, 195.226
1935, 138, 237, 110.252, 195.307
1936, 138, 237, 110.23, 195.388
1937, 138, 237, 110.177, 195.469
1938, 138, 237, 110.118, 195.551
1939, 138, 237, 110.065, 195.632
1940, 138, 237, 110.012, 195.713
1941, 138, 237, 109.708, 195.794
1942, 139, 237, 109.708, 197.032
1943, 140, 237, 109.708, 198.273
1944, 141, 237, 109.707, 199.56
1945, 142, 237, 109.707, 200.851
1946, 143, 237, 109.707, 202.17
1947, 143, 237, 109.694, 202.251
1948, 143, 237, 109.657, 202.331
1949, 143, 237, 109.564, 202.424
1950, 143, 237, 109.497, 202.506
1951, 143, 237, 109.404, 202.586
1952, 143, 237, 109.336, 202.666
1953, 143, 237, 109.292, 202.76
1954, 143, 237, 109.248, 202.84
1955, 143, 236, 109.411, 202.92
1956, 143, 236, 109.344, 203
1957, 143, 236, 109.174, 203.08
1958, 143, 236, 109.063, 203.164
1959, 143, 236, 109.019, 203.248
1960, 143, 236, 108.909, 203.328
1961, 144, 236, 108.908, 204.65
1962, 145, 236, 108.908, 205.997
1963, 146, 236, 108.908, 207.394
1964, 147, 236, 108.908, 208.781
1965, 148, 236, 108.907, 210.197
1966, 149, 236, 108.907, 211.65
1967, 150, 236, 108.907, 213.147
1968, 151, 236, 108.907, 214.659
1969, 152, 236, 108.906, 214.74
1970, 153, 236, 108.906, 216.289
1971, 153, 236, 108.885, 217.833
1972, 153, 236, 109.013, 217.916
1973, 153, 236, 108.972, 217.997
1974, 153, 236, 108.951, 218.078
1975, 154, 236, 108.951, 219.658
1976, 155, 236, 108.951, 221.227
1977, 156, 236, 108.95, 222.961
1978, 157, 236, 108.95, 224.666
1979, 158, 236, 108.95, 226.326
1980, 159, 236, 108.95, 228.002
1981, 160, 236, 108.949, 229.747
1982, 161, 236, 108.949, 231.499
1983, 162, 236, 108.949, 233.269
1984, 163, 236, 108.949, 235.051
1985, 164, 236, 108.949, 236.852
1986, 165, 236, 108.948, 238.765
1987, 166, 236, 108.948, 240.685
1988, 167, 236, 108.948, 242.588
1989, 168, 236, 108.948, 244.541
1990, 169, 236, 108.947, 246.507
1991, 170, 236, 108.947, 248.482
1992, 171, 236, 108.947, 250.47
1993, 172, 236, 108.947, 252.494
1994, 172, 236, 108.93, 252.586
1995, 172, 236, 108.982, 252.667
1996, 172, 236, 108.844, 252.758
1997, 172, 236, 108.785, 252.838
1998, 172, 236, 108.732, 252.925
1999, 172, 236, 108.679, 253.006
2000, 172, 236, 108.626, 253.086
2001, 172, 236, 108.573, 253.166
2002, 172, 236, 108.52, 253.246
2003, 172, 236, 108.491, 253.326
2004, 172, 236, 108.475, 253.407
2005, 173, 236, 108.475, 255.677
2006, 174, 236, 108.475, 257.745
2007, 175, 236, 108.475, 259.85
2008, 176, 236, 108.474, 261.969
2009, 177, 236, 108.474, 264.946
2010, 178, 236, 108.474, 265.032
2011, 179, 236, 108.474, 265.112
2012, 180, 236, 108.474, 269.01
2013, 181, 236, 108.473, 272.967
2014, 182, 236, 108.473, 276.964
2015, 183, 236, 108.473, 280.992
2016, 184, 236, 108.473, 281.072
2017, 185, 236, 108.473, 285.395
2018, 186, 236, 108.473, 289.652
2019, 187, 236, 108.472, 293.9
2020, 188, 236, 108.472, 298.349
2021, 189, 236, 108.472, 302.97
2022, 190, 236, 108.472, 307.435
2023, 191, 236, 108.472, 311.855
2024, 192, 236, 108.472, 311.936
2025, 193, 236, 108.471, 316.446
2026, 194, 236, 108.471, 321.292
2027, 195, 236, 108.471, 326.025
2028, 196, 236, 108.471, 331.299
2029, 197, 236, 108.471, 338.118
2030, 198, 236, 108.471, 345.011
2031, 199, 236, 108.471, 351.948
2032, 200, 236, 108.47, 358.697
2033, 201, 236, 108.47, 363.809
2034, 202, 236, 108.47, 368.945
2035, 203, 236, 108.47, 374.188
2036, 204, 236, 108.47, 379.433
2037, 205, 236, 108.47, 384.911
2038, 205, 236, 108.456, 390.341
2039, 205, 236, 108.535, 390.425
2040, 205, 236, 108.436, 390.507
2041, 205, 236, 108.395, 390.588
2042, 205, 236, 108.359, 390.669
2043, 205, 236, 108.306, 390.75
2044, 205, 235, 108.469, 390.832
2045, 205, 235, 108.401, 390.913
2046, 205, 235, 108.304, 390.995
2047, 205, 235, 108.26, 391.077
2048, 205, 235, 108.224, 391.157
2049, 205, 235, 108.187, 391.245
2050, 205, 235, 108.143, 391.326
2051, 205, 235, 108.09, 391.407
2052, 205, 235, 108.06, 391.487
2053, 205, 235, 108.016, 391.569
2054, 205, 235, 107.972, 391.651
2055, 205, 235, 107.919, 391.731
2056, 205, 235, 107.866, 391.812
2057, 205, 235, 107.746, 391.893
2058, 205, 235, 107.693, 391.973
2059, 205, 235, 107.64, 392.053
2060, 205, 235, 107.587, 392.134
2061, 205, 235, 107.534, 392.214
2062, 205, 235, 107.437, 392.295
2063, 205, 235, 107.4, 392.375
2064, 205, 235, 107.364, 392.455
2065, 205, 235, 107.266, 392.536
2066, 205, 235, 107.236, 392.617
2067, 205, 235, 107.2, 392.698
2068, 205, 235, 107.133, 392.808
2069, 205, 235, 107.106, 392.889
2070, 205, 235, 107.076, 392.97
2071, 205, 235, 107.046, 393.051
2072, 205, 235, 107.138, 393.132
2073, 205, 235, 107.085, 393.212
2074, 205, 235, 107.032, 393.292
2075, 205, 235, 106.979, 393.373
2076, 205, 235, 106.935, 393.453
2077, 205, 235, 106.882, 393.534
2078, 205, 235, 106.838, 393.615
2079, 205, 235, 106.785, 393.695
2080, 205, 235, 106.732, 393.778
2081, 205, 235, 106.639, 393.859
2082, 205, 235, 106.58, 393.939
2083, 205, 235, 106.496, 394.02
2084, 205, 235, 106.429, 394.101
2085, 205, 235, 106.362, 394.181
2086, 205, 235, 106.294, 394.262
2087, 205, 235, 106.235, 394.342
2088, 205, 235, 106.182, 394.422
2089, 205, 235, 106.146, 394.503
2090, 205, 235, 106.087, 394.584
2091, 205, 235, 105.99, 394.665
2092, 205, 235, 105.937, 394.745
2093, 205, 235, 105.884, 394.825
2094, 205, 235, 105.84, 394.906
2095, 205, 235, 105.803, 394.987
2096, 205, 235, 105.75, 395.068
2097, 205, 235, 105.901, 395.149
2098, 205, 235, 105.871, 395.23
2099, 205, 235, 105.83, 395.31
2100, 205, 235, 105.79, 395.39
2101, 205, 234, 105.938, 395.471
2102, 205, 234, 106.031, 395.553
2103, 205, 234, 105.964, 395.633
2104, 205, 234, 105.924, 395.714
2105, 205, 234, 105.894, 395.793
2106, 205, 234, 105.857, 395.873
2107, 205, 234, 105.951, 395.954
2108, 205, 233, 106.092, 396.034
2109, 205, 233, 106.062, 396.127
2110, 205, 233, 106.173, 396.207
2111, 205, 233, 106.311, 396.288
2112, 205, 233, 106.27, 396.369
2113, 205, 233, 106.249, 396.45
2114, 205, 233, 106.228, 396.533
2115, 205, 233, 106.353, 396.614
2116, 205, 233, 106.269, 396.695
2117, 205, 233, 106.238, 396.776
2118, 205, 232, 106.401, 396.857
2119, 205, 232, 106.334, 396.938
2120, 205, 232, 106.304, 397.019
2121, 205, 232, 106.256, 397.101
2122, 205, 232, 106.189, 397.183
2123, 205, 232, 106.282, 397.264
2124, 205, 232, 106.229, 397.345
2125, 205, 232, 106.176, 397.426
2126, 205, 232, 106.145, 397.507
2127, 205, 232, 106.109, 397.588
2128, 205, 232, 106.088, 397.669
2129, 205, 232, 106.021, 397.75
2130, 205, 232, 105.984, 397.83
2131, 205, 231, 106.133, 397.911
2132, 205, 231, 106.089, 397.992
2133, 205, 231, 106.022, 398.072
2134, 205, 231, 105.969, 398.153
2135, 205, 231, 105.939, 398.234
2136, 205, 231, 105.924, 398.316
2137, 205, 231, 105.894, 398.397
2138, 205, 231, 105.864, 398.478
2139, 205, 231, 105.849, 398.559
2140, 205, 231, 105.613, 398.641
2141, 205, 231, 105.554, 398.721
2142, 205, 231, 105.501, 398.802
2143, 205, 231, 105.448, 398.883
2144, 205, 230, 105.638, 398.964
2145, 205, 230, 105.801, 399.045
2146, 205, 230, 105.717, 399.126
2147, 205, 230, 105.65, 399.207
2148, 205, 229, 105.839, 399.288
2149, 205, 229, 105.729, 399.371
2150, 205, 229, 105.699, 399.467
2151, 205, 229, 105.662, 399.548
2152, 205, 229, 105.625, 399.629
2153, 205, 229, 105.572, 399.71
2154, 205, 229, 105.528, 399.805
2155, 205, 229, 105.445, 399.935
2156, 205, 229, 105.392, 400.058
2157, 205, 229, 105.324, 400.206
2158, 205, 229, 105.257, 400.303
2159, 205, 229, 105.236, 400.412
2160, 205, 229, 105.199, 400.58
2161, 205, 229, 105.169, 400.675
2162, 205, 229, 105.148, 400.756
2163, 205, 229, 105.126, 400.838
2164, 205, 229, 105.118, 400.919
2165, 205, 229, 105.107, 401
2166, 205, 229, 105.077, 401.082
2167, 205, 229, 105.05, 401.163
2168, 205, 229, 105.02, 401.244
2169, 205, 229, 104.953, 401.325
2170, 205, 229, 104.932, 401.407
2171, 205, 229, 104.891, 401.488
2172, 205, 229, 104.862, 401.568
2173, 205, 229, 104.821, 401.649
2174, 205, 229, 104.773, 401.73
2175, 205, 229, 104.653, 401.812
2176, 205, 229, 104.6, 401.892
2177, 205, 229, 104.579, 401.973
2178, 205, 229, 104.561, 402.054
2179, 205, 229, 104.523, 402.135
2180, 205, 229, 104.475, 402.216
2181, 205, 229, 104.454, 402.297
2182, 205, 229, 104.417, 402.378
2183, 205, 229, 104.354, 402.46
2184, 205, 229, 104.318, 402.541
2185, 205, 229, 104.265, 402.622
2186, 205, 229, 104.206, 402.703
2187, 205, 229, 104.153, 402.802
2188, 205, 229, 104.109, 402.883
2189, 205, 229, 104.056, 402.964
2190, 205, 229, 104.003, 403.045
2191, 205, 229, 104.055, 403.126
2192, 205, 229, 104.028, 403.207
2193, 205, 229, 104.001, 403.288
2194, 205, 229, 103.975, 403.369
2195, 205, 229, 103.963, 403.451
2196, 205, 229, 103.941, 403.531
2197, 205, 229, 103.878, 403.613
2198, 205, 229, 103.851, 403.694
2199, 205, 229, 103.877, 403.774
2200, 205, 229, 103.854, 403.856
2201, 205, 229, 103.806, 403.937
2202, 205, 229, 103.779, 404.017
2203, 205, 229, 103.849, 404.099
2204, 205, 229, 103.801, 404.179
2205, 205, 229, 103.781, 404.26
2206, 205, 229, 103.754, 404.341
2207, 205, 229, 103.701, 404.422
2208, 205, 229, 103.648, 404.516
2209, 205, 229, 103.595, 404.598
2210, 205, 229, 103.565, 404.679
2211, 205, 229, 103.512, 404.761
2212, 205, 229, 103.445, 404.843
2213, 205, 229, 103.408, 404.925
2214, 205, 229, 103.311, 405.008
2215, 205, 229, 103.258, 405.09
2216, 205, 229, 103.205, 405.172
2217, 205, 229, 103.152, 405.254
2218, 205, 229, 103.001, 405.336
2219, 205, 229, 102.848, 405.418
2220, 205, 229, 102.475, 405.5
2221, 205, 229, 102.059, 405.582
2222, 205, 229, 101.686, 405.663
2223, 205, 229, 101.271, 405.745
2224, 205, 229, 100.897, 405.826
2225, 205, 228, 101.661, 405.907
2226, 205, 228, 101.287, 405.989
2227, 205, 228, 100.914, 406.104
2228, 205, 227, 101.677, 406.186
2229, 205, 226, 101.445, 406.268
2230, 205, 225, 102.445, 406.351
2231, 205, 224, 103.208, 406.433
2232, 205, 223, 103.56, 406.515
2233, 205, 223, 103.076, 406.596
2234, 205, 223, 102.702, 406.678
2235, 206, 223, 102.609, 406.761
2236, 207, 223, 102.55, 406.844
2237, 208, 223, 102.509, 406.927
2238, 209, 223, 102.48, 407.012
2239, 210, 223, 102.457, 407.093
2240, 211, 223, 102.439, 407.179
2241, 211, 223, 102.286, 407.266
2242, 211, 223, 101.871, 407.347
2243, 211, 223, 101.497, 407.429
2244, 211, 223, 101.082, 407.511
2245, 211, 223, 100.667, 407.593
2246, 211, 222, 101.02, 407.675
2247, 211, 222, 100.535, 407.756
2248, 211, 222, 100.162, 407.837
2249, 211, 222, 99.7466, 407.919
2250, 211, 222, 99.3731, 408.001
2251, 211, 222, 99.2202, 408.082
2252, 211, 222, 99.0672, 408.169
2253, 211, 222, 98.9143, 408.25
2254, 211, 222, 99.1362, 408.331
2255, 211, 222, 98.9833, 408.412
2256, 211, 222, 98.7787, 408.494
2257, 211, 222, 98.6258, 408.581
2258, 211, 222, 98.2523, 408.662
2259, 211, 222, 97.8787, 408.743
2260, 211, 221, 98.2315, 408.824
2261, 211, 221, 98.5466, 408.906
2262, 211, 221, 98.1315, 408.987
2263, 211, 221, 97.758, 409.069
2264, 211, 221, 97.3844, 409.15
2265, 211, 220, 98.7326, 409.232
2266, 211, 219, 99.4958, 409.313
2267, 211, 218, 100.259, 409.411
2268, 211, 217, 101.259, 409.493
2269, 211, 216, 102.022, 409.575
2270, 211, 216, 101.537, 409.657
2271, 211, 215, 102.537, 409.738
2272, 211, 214, 102.89, 409.819
2273, 211, 214, 102.405, 409.9
2274, 211, 213, 103.168, 409.983
2275, 211, 212, 103.931, 410.066
2276, 211, 211, 104.931, 410.147
2277, 211, 211, 104.558, 410.228
2278, 211, 210, 105.321, 410.31
2279, 211, 210, 104.948, 410.391
2280, 211, 210, 104.574, 410.473
2281, 211, 210, 104.404, 410.555
2282, 211, 210, 104.141, 410.636
2283, 211, 209, 105.141, 410.718
2284, 211, 209, 104.767, 410.805
2285, 211, 209, 104.394, 410.889
2286, 211, 209, 103.979, 410.971
2287, 211, 209, 103.605, 411.052
2288, 211, 209, 103.452, 411.133
2289, 211, 209, 103.674, 411.215
2290, 211, 209, 103.504, 411.296
2291, 211, 209, 103.351, 411.378
2292, 211, 209, 103.181, 411.459
2293, 211, 209, 103.028, 411.54
2294, 211, 209, 102.858, 411.623
2295, 211, 209, 102.688, 411.704
2296, 211, 209, 102.425, 411.797
2297, 211, 209, 102.272, 411.917
2298, 211, 209, 102.188, 412.034
2299, 211, 209, 102.105, 412.149
2300, 212, 209, 102.09, 412.271
2301, 213, 209, 102.078, 412.361
2302, 214, 209, 102.068, 412.45
2303, 215, 209, 102.059, 412.541
2304, 216, 209, 102.052, 412.644
2305, 217, 209, 102.046, 412.753
2306, 218, 209, 102.04, 412.851
2307, 218, 209, 101.956, 412.952
2308, 218, 209, 101.863, 413.033
2309, 218, 209, 101.779, 413.114
2310, 218, 209, 101.695, 413.195
2311, 218, 209, 101.543, 413.276
2312, 218, 209, 101.127, 413.366
2313, 218, 209, 100.754, 413.447
2314, 218, 209, 100.38, 413.528
2315, 218, 209, 100.007, 413.609
2316, 218, 209, 99.5919, 413.69
2317, 218, 209, 99.2183, 413.771
2318, 218, 209, 98.8448, 413.852
2319, 218, 209, 98.4713, 413.933
2320, 218, 209, 98.2667, 414.014
2321, 218, 209, 97.8932, 414.094
2322, 218, 209, 97.5196, 414.176
2323, 218, 209, 97.1461, 414.256
2324, 218, 209, 96.7726, 414.337
2325, 218, 208, 97.1253, 414.418
2326, 218, 208, 96.6404, 414.499
2327, 218, 208, 96.2669, 414.582
2328, 218, 208, 95.8933, 414.663
2329, 218, 208, 95.7404, 414.744
2330, 218, 208, 95.5358, 414.825
2331, 218, 208, 95.3829, 414.906
2332, 218, 208, 95.2724, 414.988
2333, 218, 208, 95.1886, 415.088
2334, 218, 208, 95.0187, 415.17
2335, 218, 208, 94.9349, 415.251
2336, 218, 208, 94.765, 415.333
2337, 218, 208, 94.612, 415.414
2338, 218, 208, 94.2385, 415.497
2339, 218, 208, 94.1547, 415.598
2340, 218, 208, 94.0018, 415.693
2341, 218, 208, 93.6282, 415.8
2342, 218, 208, 93.4753, 415.927
2343, 218, 208, 93.3054, 416.02
2344, 218, 208, 93.1524, 416.138
2345, 218, 208, 92.9825, 416.271
2346, 218, 207, 93.2239, 416.367
2347, 218, 207, 93.0193, 416.453
2348, 218, 207, 92.8664, 416.535
2349, 218, 207, 92.7135, 416.617
2350, 218, 207, 92.5435, 416.699
2351, 218, 207, 92.3906, 416.78
2352, 218, 207, 92.0171, 416.863
2353, 218, 207, 91.8641, 416.945
2354, 218, 207, 91.7112, 417.026
2355, 218, 207, 91.5583, 417.108
2356, 218, 207, 90.9802, 417.19
2357, 218, 207, 90.6067, 417.271
2358, 218, 207, 90.4537, 417.352
2359, 219, 207, 90.4487, 417.454
2360, 220, 207, 90.4443, 417.558
2361, 220, 207, 90.3913, 417.639
2362, 220, 207, 90.3383, 417.72
2363, 220, 207, 90.2452, 417.802
2364, 220, 207, 90.094, 417.883
2365, 220, 207, 90.0102, 417.965
2366, 220, 207, 89.7468, 418.046
2367, 220, 206, 89.9365, 418.128
2368, 220, 206, 89.7836, 418.209
2369, 220, 206, 89.4101, 418.292
2370, 220, 206, 89.0365, 418.373
2371, 220, 206, 88.8836, 418.455
2372, 220, 206, 88.679, 418.536
2373, 220, 206, 88.5952, 418.619
2374, 220, 206, 88.4423, 418.702
2375, 220, 206, 88.2894, 418.784
2376, 220, 206, 88.2056, 418.866
2377, 220, 206, 88.1615, 418.949
2378, 220, 206, 88.1174, 419.031
2379, 220, 206, 88.0808, 419.113
2380, 220, 206, 88.0506, 419.196
2381, 220, 206, 88.2145, 419.279
2382, 220, 206, 88.1615, 419.361
2383, 220, 205, 88.3102, 419.458
2384, 220, 205, 88.2661, 419.542
2385, 220, 205, 88.2255, 419.625
2386, 220, 205, 88.1987, 419.706
2387, 220, 205, 88.1685, 419.789
2388, 220, 205, 88.1319, 419.872
2389, 220, 205, 88.0789, 419.954
2390, 220, 205, 88.0259, 420.037
2391, 220, 205, 87.9893, 420.119
2392, 220, 204, 88.1523, 420.201
2393, 220, 204, 88.085, 420.284
2394, 220, 204, 88.0484, 420.365
2395, 220, 204, 88.0118, 420.448
2396, 220, 204, 87.9821, 420.529
2397, 220, 204, 87.9594, 420.611
2398, 220, 204, 87.9112, 420.693
2399, 220, 204, 87.8265, 420.776
2400, 220, 204, 87.7899, 420.858
2401, 220, 204, 87.7493, 420.941
2402, 220, 204, 87.7279, 421.023
2403, 220, 204, 87.7065, 421.106
2404, 220, 204, 87.6952, 421.188
2405, 220, 204, 87.6791, 421.271
2406, 220, 204, 87.6523, 421.353
2407, 220, 204, 87.6256, 421.435
2408, 220, 204, 87.5988, 421.518
2409, 220, 204, 87.5834, 421.601
2410, 220, 204, 87.5629, 421.683
2411, 220, 204, 87.5415, 421.766
2412, 220, 204, 87.5211, 421.848
2413, 220, 204, 87.4943, 421.93
2414, 220, 204, 87.6048, 422.013
2415, 220, 203, 87.746, 422.096
2416, 220, 203, 87.7158, 422.179
2417, 220, 203, 87.6799, 422.261
2418, 220, 203, 87.7319, 422.344
2419, 220, 203, 87.7022, 422.427
2420, 220, 203, 87.6867, 422.509
2421, 220, 203, 87.6713, 422.591
2422, 220, 203, 87.663, 422.676
2423, 220, 203, 87.6476, 422.77
2424, 220, 203, 87.6117, 422.852
2425, 220, 203, 87.6004, 422.935
2426, 220, 203, 87.5922, 423.018
2427, 220, 203, 87.5991, 423.1
2428, 220, 203, 87.5692, 423.183
2429, 220, 203, 87.5538, 423.265
2430, 220, 203, 87.5056, 423.347
2431, 220, 203, 87.469, 423.429
2432, 220, 203, 87.4423, 423.512
2433, 220, 203, 87.4016, 423.595
2434, 220, 203, 87.3803, 423.678
2435, 220, 203, 87.3505, 423.761
2436, 220, 203, 87.3351, 423.844
2437, 220, 203, 87.3083, 423.927
2438, 220, 203, 87.2602, 424.01
2439, 220, 203, 87.2447, 424.093
2440, 220, 203, 87.2302, 424.175
2441, 220, 203, 87.2172, 424.258
2442, 220, 203, 87.1904, 424.34
2443, 220, 202, 87.3534, 424.422
2444, 220, 202, 87.2861, 424.505
2445, 220, 202, 87.242, 424.589
2446, 220, 202, 87.1831, 424.671
2447, 220, 202, 87.1465, 424.753
2448, 220, 202, 87.0935, 424.836
2449, 220, 202, 87.0494, 424.918
2450, 220, 202, 86.9906, 425
2451, 220, 202, 86.9603, 425.082
2452, 220, 202, 86.9237, 425.163
2453, 220, 202, 86.897, 425.245
2454, 220, 202, 86.8563, 425.327
2455, 220, 202, 86.8266, 425.408
2456, 220, 202, 86.7998, 425.49
2457, 220, 202, 86.8788, 425.572
2458, 220, 202, 86.7796, 425.655
2459, 220, 202, 86.7528, 425.736
2460, 220, 202, 86.7162, 425.817
2461, 220, 202, 86.686, 425.899
2462, 220, 201, 86.8237, 425.98
2463, 220, 201, 86.8024, 426.075
2464, 220, 201, 86.7721, 426.158
2465, 220, 201, 86.7419, 426.241
2466, 220, 201, 86.7053, 426.323
2467, 220, 201, 86.6523, 426.405
2468, 220, 201, 86.6221, 426.488
2469, 220, 201, 86.5815, 426.569
2470, 220, 201, 86.5147, 426.652
2471, 220, 201, 86.4706, 426.734
2472, 220, 201, 86.4176, 426.816
2473, 220, 201, 86.3646, 426.898
2474, 220, 201, 86.3057, 426.98
2475, 220, 201, 86.2527, 427.062
2476, 220, 201, 86.1997, 427.143
2477, 220, 201, 86.1467, 427.225
2478, 220, 201, 86.0878, 427.307
2479, 220, 201, 86.0348, 427.392
2480, 220, 201, 85.9982, 427.493
2481, 220, 201, 85.9314, 427.575
2482, 220, 201, 85.8948, 427.657
2483, 220, 201, 85.8646, 427.739
2484, 220, 201, 85.828, 427.821
2485, 220, 201, 85.8979, 427.903
2486, 220, 201, 85.8613, 427.985
2487, 220, 201, 85.8248, 428.067
2488, 220, 201, 85.7882, 428.148
2489, 220, 201, 85.758, 428.231
2490, 220, 200, 85.9066, 428.313
2491, 220, 200, 85.8626, 428.394
2492, 220, 200, 85.826, 428.476
2493, 220, 200, 85.7958, 428.558
2494, 220, 200, 85.7476, 428.64
2495, 220, 200, 85.6505, 428.722
2496, 220, 200, 85.5975, 428.803
2497, 220, 200, 85.5386, 428.884
2498, 220, 200, 85.4797, 428.965
2499, 220, 200, 85.4267, 429.047
2500, 220, 200, 85.3296, 429.128
2501, 220, 200, 85.1785, 429.21
2502, 220, 200, 85.1111, 429.292
2503, 220, 200, 85.0581, 429.374
2504, 220, 200, 85.0141, 429.47
2505, 220, 200, 84.917, 429.552
2506, 220, 200, 84.8581, 429.633
2507, 220, 200, 84.8051, 429.714
2508, 220, 200, 84.7383, 429.796
2509, 220, 200, 84.7017, 429.878
2510, 220, 200, 84.6715, 429.959
2511, 220, 200, 84.6184, 430.041
2512, 220, 200, 84.5516, 430.123
2513, 220, 200, 84.5151, 430.204
2514, 220, 200, 84.4785, 430.285
2515, 220, 200, 84.4378, 430.366
2516, 220, 200, 84.4013, 430.447
2517, 220, 200, 84.3647, 430.528
2518, 220, 200, 84.3345, 430.61
2519, 220, 200, 84.2815, 430.691
2520, 220, 200, 84.2285, 430.773
2521, 220, 200, 84.1611, 430.854
2522, 220, 200, 84.1081, 430.936
2523, 220, 200, 84.0715, 431.017
2524, 220, 200, 84.0185, 431.099
2525, 220, 200, 83.9819, 431.18
2526, 220, 200, 83.9454, 431.262
2527, 220, 200, 83.9088, 431.343
2528, 220, 200, 83.842, 431.425
2529, 220, 200, 83.7979, 431.507
2530, 220, 200, 83.7613, 431.589
2531, 220, 200, 83.7247, 431.67
2532, 220, 200, 83.6717, 431.774
2533, 220, 200, 83.6128, 431.872
2534, 220, 200, 83.5598, 431.98
2535, 220, 200, 83.5009, 432.102
2536, 220, 200, 83.4479, 432.211
2537, 220, 200, 83.3548, 432.34
2538, 220, 200, 83.3018, 432.449
2539, 220, 200, 83.2577, 432.542
2540, 220, 200, 83.1988, 432.624
2541, 220, 200, 83.1686, 432.708
2542, 220, 200, 83.1384, 432.806
2543, 220, 200, 83.0716, 432.888
2544, 220, 200, 83.0127, 432.97
2545, 220, 200, 82.9761, 433.05
2546, 220, 200, 82.9355, 433.131
2547, 220, 200, 82.8989, 433.214
2548, 220, 200, 82.8459, 433.296
2549, 220, 200, 82.8018, 433.377
2550, 220, 200, 82.7804, 433.457
2551, 220, 200, 82.8324, 433.54
2552, 220, 200, 82.7966, 433.622
2553, 220, 200, 82.76, 433.705
2554, 220, 200, 82.7234, 433.787
2555, 220, 200, 82.6868, 433.87
2556, 220, 200, 82.6502, 433.952
2557, 220, 200, 82.5972, 434.035
2558, 220, 200, 82.5607, 434.116
2559, 220, 200, 82.5304, 434.199
2560, 220, 200, 82.4774, 434.281
2561, 220, 200, 82.5474, 434.363
2562, 220, 200, 82.5171, 434.445
2563, 220, 200, 82.4904, 434.528
2564, 220, 200, 82.4497, 434.61
2565, 220, 200, 82.4091, 434.692
2566, 220, 200, 82.3725, 434.773
2567, 220, 200, 82.3318, 434.855
2568, 220, 200, 82.2953, 434.937
2569, 220, 200, 82.2587, 435.019
2570, 220, 200, 82.2221, 435.101
2571, 220, 200, 82.2007, 435.183
2572, 220, 200, 82.174, 435.265
2573, 220, 200, 82.1333, 435.348
2574, 220, 200, 82.0967, 435.43
2575, 220, 200, 82.0665, 435.513
2576, 220, 200, 82.0299, 435.597
2577, 220, 200, 81.9934, 435.679
2578, 220, 200, 81.9631, 435.762
2579, 220, 200, 81.9266, 435.844
2580, 220, 200, 81.8998, 435.926
2581, 220, 200, 81.8632, 436.008
2582, 220, 200, 81.8418, 436.106
2583, 220, 200, 81.7977, 436.189
2584, 220, 200, 81.9082, 436.272
2585, 220, 200, 81.8928, 436.354
2586, 220, 200, 81.8626, 436.437
2587, 220, 200, 81.8412, 436.52
2588, 220, 200, 81.8115, 436.603
2589, 220, 200, 81.796, 436.685
2590, 220, 200, 81.7595, 436.768
2591, 220, 200, 81.5786, 436.851
2592, 221, 200, 81.5784, 441.993
2593, 221, 200, 81.5677, 442.076
2594, 221, 200, 81.5463, 442.159
2595, 221, 200, 81.6162, 442.241
2596, 221, 199, 81.7649, 442.324
2597, 221, 199, 81.7208, 442.406
2598, 221, 199, 81.6842, 442.488
2599, 221, 199, 81.6312, 442.57
2600, 221, 199, 81.5782, 442.652
2601, 221, 199, 81.6481, 442.747
2602, 221, 199, 81.6116, 442.83
2603, 221, 199, 81.5848, 442.912
2604, 221, 199, 81.5546, 442.995
2605, 221, 199, 81.5278, 443.077
2606, 221, 199, 81.461, 443.159
2607, 221, 198, 81.6097, 443.242
2608, 221, 198, 81.5656, 443.325
2609, 221, 197, 81.7143, 443.407
2610, 221, 197, 81.6702, 443.491
2611, 221, 197, 81.64, 443.574
2612, 221, 197, 81.6132, 443.657
2613, 221, 197, 81.583, 443.739
2614, 221, 197, 81.5528, 443.821
2615, 221, 197, 81.5121, 443.903
2616, 221, 197, 81.4907, 443.985
2617, 221, 197, 81.464, 444.066
2618, 221, 197, 81.4426, 444.148
2619, 221, 197, 81.406, 444.23
2620, 221, 197, 81.3694, 444.313
2621, 221, 196, 81.5181, 444.397
2622, 221, 196, 81.474, 444.479
2623, 221, 196, 81.4375, 444.56
2624, 221, 196, 81.4072, 444.642
2625, 221, 196, 81.3707, 444.724
2626, 221, 195, 81.5193, 444.805
2627, 221, 195, 81.4753, 444.887
2628, 221, 195, 81.445, 444.969
2629, 221, 195, 81.4148, 445.051
2630, 221, 195, 81.3846, 445.133
2631, 221, 195, 81.3548, 445.214
2632, 221, 195, 81.3281, 445.296
2633, 221, 195, 81.2874, 445.378
2634, 221, 195, 81.2508, 445.46
2635, 221, 195, 81.1537, 445.542
2636, 221, 195, 81.07, 445.624
2637, 221, 195, 80.9595, 445.706
2638, 221, 195, 80.8065, 445.787
2639, 221, 195, 80.6536, 445.869
2640, 221, 195, 80.449, 445.951
2641, 221, 195, 80.034, 446.033
2642, 221, 195, 79.8295, 446.13
2643, 221, 195, 79.4144, 446.212
2644, 221, 195, 79.2615, 446.294
2645, 221, 195, 78.8465, 446.375
2646, 221, 195, 78.6935, 446.456
2647, 221, 195, 78.5406, 446.538
2648, 221, 195, 78.3707, 446.619
2649, 221, 195, 78.2177, 446.701
2650, 221, 195, 78.0478, 446.783
2651, 221, 195, 77.964, 446.867
2652, 221, 195, 77.8709, 446.949
2653, 221, 195, 77.7871, 447.031
2654, 221, 195, 77.6766, 447.113
2655, 221, 195, 77.5661, 447.194
2656, 221, 195, 77.4132, 447.275
2657, 221, 195, 77.2602, 447.361
2658, 221, 195, 77.1497, 447.443
2659, 221, 195, 76.9968, 447.525
2660, 221, 194, 77.2382, 447.606
2661, 221, 194, 77.0336, 447.688
2662, 221, 194, 76.8807, 447.769
2663, 221, 194, 76.7278, 447.851
2664, 221, 194, 76.5748, 447.933
2665, 221, 194, 76.4643, 448.015
2666, 221, 194, 76.3805, 448.097
2667, 221, 194, 76.2967, 448.179
2668, 221, 194, 76.1456, 448.261
2669, 221, 194, 76.0618, 448.343
2670, 222, 194, 76.0578, 448.424
2671, 223, 194, 76.0542, 448.533
2672, 224, 194, 76.0509, 448.646
2673, 225, 194, 76.0479, 448.761
2674, 226, 194, 76.0452, 448.882
2675, 227, 194, 76.0427, 449.009
2676, 228, 194, 76.0404, 449.091
2677, 228, 194, 75.9874, 449.226
2678, 228, 193, 76.1771, 449.308
2679, 228, 193, 76.0666, 449.402
2680, 228, 193, 75.9735, 449.485
2681, 228, 193, 75.9205, 449.567
2682, 228, 193, 75.8274, 449.649
2683, 228, 193, 75.76, 449.731
2684, 228, 193, 75.7011, 449.831
2685, 228, 193, 75.6422, 449.914
2686, 228, 193, 75.5452, 449.996
2687, 228, 193, 75.4921, 450.077
2688, 228, 193, 75.4391, 450.213
2689, 228, 193, 75.3553, 450.296
2690, 228, 193, 75.2715, 450.378
2691, 228, 193, 75.1877, 450.46
2692, 228, 193, 75.0946, 450.542
2693, 228, 193, 75.0108, 450.624
2694, 228, 193, 74.9003, 450.705
2695, 228, 193, 74.8165, 450.787
2696, 228, 193, 74.6636, 450.869
2697, 228, 193, 74.5107, 450.951
2698, 228, 193, 74.3408, 451.032
2699, 228, 193, 74.1708, 451.114
2700, 228, 193, 74.0179, 451.196
2701, 228, 193, 73.865, 451.278
2702, 228, 193, 73.7719, 451.36
2703, 228, 193, 73.6881, 451.442
2704, 228, 193, 73.5949, 451.524
2705, 228, 193, 73.5111, 451.608
2706, 228, 193, 73.3582, 451.692
2707, 229, 193, 73.3561, 451.829
2708, 229, 193, 73.3195, 451.911
2709, 229, 193, 73.2522, 451.994
2710, 230, 193, 73.2502, 452.136
2711, 231, 193, 73.2483, 452.282
2712, 232, 193, 73.2466, 452.433
2713, 233, 193, 73.245, 452.589
2714, 234, 193, 73.2435, 452.767
2715, 235, 193, 73.2421, 452.937
2716, 236, 193, 73.2408, 453.111
2717, 237, 193, 73.2395, 453.292
2718, 237, 193, 73.2128, 453.374
2719, 237, 193, 73.1687, 453.457
2720, 237, 193, 73.2801, 453.539
2721, 237, 193, 73.2395, 453.623
2722, 237, 193, 73.2029, 453.705
2723, 237, 193, 73.2955, 453.789
2724, 237, 193, 73.2425, 453.873
2725, 237, 193, 73.1587, 453.955
2726, 237, 193, 73.0482, 454.04
2727, 237, 193, 72.9644, 454.123
2728, 237, 193, 72.8976, 454.207
2729, 238, 193, 72.8964, 454.289
2730, 238, 193, 72.8599, 454.491
2731, 238, 193, 72.801, 454.574
2732, 238, 193, 72.748, 454.657
2733, 238, 193, 72.6891, 454.74
2734, 238, 193, 72.6361, 454.824
2735, 238, 193, 72.5995, 454.906
2736, 238, 193, 72.5629, 455.108
2737, 238, 193, 72.4956, 455.191
2738, 238, 193, 72.4118, 455.274
2739, 238, 193, 72.328, 455.357
2740, 238, 193, 72.175, 455.44
2741, 238, 193, 72.0051, 455.523
2742, 238, 193, 71.9213, 455.606
2743, 238, 193, 71.7514, 455.691
2744, 238, 193, 71.6676, 455.774
2745, 238, 193, 71.5838, 455.857
2746, 238, 193, 71.5165, 455.94
2747, 238, 193, 71.4327, 456.023
2748, 238, 193, 71.3489, 456.119
2749, 238, 193, 71.5534, 456.203
2750, 238, 193, 71.4603, 456.287
2751, 238, 193, 71.3929, 456.371
2752, 238, 193, 71.223, 456.455
2753, 238, 193, 71.1299, 456.539
2754, 238, 193, 71.0461, 456.622
2755, 238, 193, 70.742, 456.707
2756, 238, 193, 70.6582, 456.789
2757, 238, 193, 70.6142, 456.872
2758, 238, 193, 70.5611, 456.955
2759, 238, 193, 70.4773, 457.038
2760, 238, 193, 70.41, 457.121
2761, 238, 192, 70.5997, 457.204
2762, 238, 192, 70.4892, 457.287
2763, 238, 192, 70.4054, 457.37
2764, 238, 192, 70.3123, 457.453
2765, 238, 192, 70.2534, 457.535
2766, 238, 192, 70.1023, 457.618
2767, 238, 191, 70.292, 457.7
2768, 238, 191, 70.1815, 457.783
2769, 238, 191, 70.1142, 457.867
2770, 238, 190, 70.2629, 457.949
2771, 238, 190, 70.2188, 458.032
2772, 238, 190, 70.3412, 458.115
2773, 238, 190, 70.2823, 458.198
2774, 238, 190, 70.2293, 458.281
2775, 238, 190, 70.1455, 458.364
2776, 238, 190, 70.0524, 458.447
2777, 238, 190, 69.9593, 458.53
2778, 238, 190, 69.8755, 458.613
2779, 238, 190, 69.7917, 458.696
2780, 238, 190, 69.7387, 458.779
2781, 238, 189, 69.9284, 458.862
2782, 238, 189, 70.0914, 458.946
2783, 238, 189, 69.9403, 459.029
2784, 238, 189, 69.8873, 459.112
2785, 238, 189, 69.8571, 459.195
2786, 238, 189, 69.8357, 459.278
2787, 238, 189, 69.7991, 459.362
2788, 238, 189, 69.7625, 459.461
2789, 238, 189, 69.7267, 459.544
2790, 238, 189, 69.6901, 459.627
2791, 238, 189, 69.6535, 459.712
2792, 238, 189, 69.6308, 459.795
2793, 238, 189, 69.5829, 459.878
2794, 238, 189, 69.5625, 459.96
2795, 238, 189, 69.5398, 460.043
2796, 238, 189, 69.5193, 460.125
2797, 238, 189, 69.5014, 460.208
2798, 238, 189, 69.4869, 460.289
2799, 238, 189, 69.469, 460.372
2800, 238, 189, 69.4477, 460.466
2801, 238, 189, 69.2834, 460.568
2802, 238, 189, 69.2428, 460.666
2803, 238, 188, 69.3915, 460.753
2804, 238, 188, 69.4841, 460.837
2805, 238, 188, 69.4173, 460.922
2806, 238, 188, 69.3808, 461.005
2807, 238, 188, 69.3367, 461.087
2808, 238, 188, 69.2885, 461.17
2809, 238, 188, 69.2527, 461.253
2810, 238, 188, 69.2259, 461.336
2811, 238, 188, 69.1961, 461.418
2812, 238, 188, 69.148, 461.5
2813, 238, 188, 69.1212, 461.583
2814, 238, 188, 69.0682, 461.667
2815, 238, 188, 69.0316, 461.749
2816, 238, 188, 68.8507, 461.831
2817, 238, 188, 68.8373, 461.913
2818, 238, 188, 68.8212, 461.996
2819, 238, 188, 68.7944, 462.078
2820, 238, 188, 68.7646, 462.16
2821, 238, 188, 68.7288, 462.242
2822, 238, 188, 68.6881, 462.326
2823, 238, 188, 68.6475, 462.407
2824, 238, 188, 68.6261, 462.491
2825, 238, 188, 68.6034, 462.574
2826, 238, 187, 68.7411, 462.656
2827, 238, 187, 68.7197, 462.751
2828, 238, 187, 68.7043, 462.834
2829, 238, 187, 68.7563, 462.917
2830, 238, 187, 68.8498, 463
2831, 238, 187, 68.8201, 463.082
2832, 238, 187, 68.8046, 463.165
2833, 238, 187, 68.7688, 463.247
2834, 238, 187, 68.742, 463.329
2835, 238, 187, 68.7146, 463.411
2836, 238, 186, 68.8558, 463.493
2837, 238, 186, 68.8256, 463.575
2838, 238, 186, 68.8173, 463.657
2839, 238, 186, 68.7798, 463.747
2840, 238, 186, 68.7594, 463.832
2841, 238, 186, 68.7235, 463.914
2842, 238, 186, 68.7074, 463.996
2843, 238, 185, 68.8451, 464.077
2844, 238, 185, 68.8237, 464.159
2845, 238, 185, 68.8058, 464.241
2846, 238, 185, 68.7683, 464.323
2847, 238, 185, 68.7529, 464.404
2848, 238, 185, 68.723, 464.485
2849, 238, 185, 68.7118, 464.567
2850, 238, 185, 68.5905, 464.65
2851, 238, 185, 68.5691, 464.732
2852, 238, 185, 68.5631, 464.817
2853, 238, 185, 68.5462, 464.918
2854, 238, 185, 68.5317, 465.001
2855, 238, 185, 68.4385, 465.084
2856, 238, 185, 68.4231, 465.166
2857, 238, 185, 68.3988, 465.247
2858, 238, 185, 68.3784, 465.329
2859, 238, 185, 68.3418, 465.412
2860, 238, 185, 68.3052, 465.494
2861, 238, 185, 68.2687, 465.576
2862, 238, 185, 68.2384, 465.661
2863, 238, 185, 68.2117, 465.743
2864, 238, 185, 68.171, 465.826
2865, 238, 185, 68.1496, 465.909
2866, 238, 185, 68.1229, 465.991
2867, 238, 185, 68.1604, 466.088
2868, 238, 185, 68.1449, 466.171
2869, 238, 185, 68.1207, 466.254
2870, 238, 185, 68.1095, 466.337
2871, 238, 185, 68.0982, 466.419
2872, 238, 185, 68.0869, 466.502
2873, 238, 185, 68.0749, 466.585
2874, 238, 185, 68.0642, 466.667
2875, 238, 185, 68.0529, 466.75
2876, 238, 185, 68.033, 466.832
2877, 238, 185, 68.0126, 466.915
2878, 238, 185, 68.0381, 466.997
2879, 238, 185, 68.0227, 467.081
2880, 238, 185, 68.0065, 467.164
2881, 238, 185, 68.0321, 467.246
2882, 238, 185, 68.0116, 467.329
2883, 238, 185, 67.9962, 467.412
2884, 238, 185, 67.9688, 467.494
2885, 238, 185, 67.9209, 467.575
2886, 238, 185, 68, 467.658
2887, 238, 185, 67.9772, 467.74
2888, 238, 185, 67.9294, 467.822
2889, 238, 185, 67.8667, 467.905
2890, 238, 185, 67.8463, 467.988
2891, 238, 185, 67.8258, 468.071
2892, 238, 185, 67.8054, 468.153
2893, 238, 185, 67.7941, 468.237
2894, 238, 184, 67.9309, 468.319
2895, 238, 184, 67.9155, 468.402
2896, 238, 184, 67.9042, 468.485
2897, 238, 184, 67.8863, 468.568
2898, 238, 184, 67.8684, 468.652
2899, 238, 184, 67.8471, 468.735
2900, 238, 184, 67.8243, 468.818
2901, 238, 184, 67.7497, 468.901
2902, 238, 184, 67.7293, 468.984
2903, 238, 184, 67.6714, 469.066
2904, 238, 184, 67.6509, 469.15
2905, 238, 184, 67.6295, 469.233
2906, 238, 184, 67.6028, 469.317
2907, 238, 184, 67.536, 469.414
2908, 238, 184, 67.4829, 469.497
2909, 238, 184, 67.4389, 469.581
2910, 238, 184, 67.3715, 469.665
2911, 238, 184, 67.2784, 469.748
2912, 238, 184, 67.2111, 469.832
2913, 238, 184, 67.167, 469.915
2914, 238, 183, 67.33, 469.998
2915, 238, 183, 67.4524, 470.082
2916, 238, 183, 67.3994, 470.167
2917, 238, 183, 67.2465, 470.25
2918, 238, 183, 67.1534, 470.334
2919, 238, 183, 67.0696, 470.416
2920, 238, 183, 66.9858, 470.499
2921, 239, 183, 66.9847, 470.701
2922, 240, 183, 66.9836, 470.908
2923, 241, 183, 66.9826, 471.125
2924, 242, 183, 66.9816, 471.351
2925, 243, 183, 66.9807, 471.587
2926, 244, 183, 66.9799, 471.83
2927, 245, 183, 66.9791, 472.084
2928, 246, 183, 66.9783, 472.347
2929, 247, 183, 66.9775, 472.619
2930, 248, 183, 66.9768, 472.913
2931, 249, 183, 66.9762, 472.997
2932, 250, 183, 66.9755, 473.079
2933, 250, 183, 66.9487, 473.4
2934, 250, 183, 66.9081, 473.484
2935, 250, 183, 66.8715, 473.567
2936, 250, 183, 66.8309, 473.65
2937, 250, 183, 66.7461, 473.735
2938, 250, 183, 66.7096, 473.817
2939, 250, 183, 66.6566, 473.9
2940, 250, 183, 66.6125, 473.983
2941, 250, 183, 66.5194, 474.066
2942, 250, 183, 66.4753, 474.149
2943, 250, 183, 66.3822, 474.232
2944, 250, 183, 66.3292, 474.314
2945, 250, 183, 66.2851, 474.397
2946, 250, 183, 66.241, 474.48
2947, 250, 183, 66.188, 474.563
2948, 250, 183, 66.0909, 474.646
2949, 250, 183, 66.0379, 474.73
2950, 250, 183, 65.9849, 474.812
2951, 250, 183, 65.926, 474.895
2952, 250, 183, 65.873, 474.978
2953, 250, 183, 65.8141, 475.061
2954, 250, 183, 65.7611, 475.144
2955, 250, 183, 65.8952, 475.227
2956, 250, 183, 65.7754, 475.309
2957, 250, 183, 65.7224, 475.392
2958, 250, 183, 65.6818, 475.474
2959, 250, 183, 65.6452, 475.557
2960, 250, 183, 65.6184, 475.66
2961, 250, 183, 65.5917, 475.982
2962, 250, 183, 65.5387, 476.076
2963, 251, 183, 65.538, 476.397
2964, 251, 183, 65.5176, 476.48
2965, 251, 183, 65.4878, 476.563
2966, 251, 183, 65.4611, 476.646
2967, 251, 183, 65.4343, 476.73
2968, 251, 183, 65.3754, 476.813
2969, 251, 183, 65.3452, 476.895
2970, 251, 183, 65.3154, 476.978
2971, 251, 183, 65.2857, 477.06
2972, 251, 183, 65.223, 477.143
2973, 251, 183, 65.1962, 477.225
2974, 251, 183, 65.1597, 477.308
2975, 251, 183, 64.9788, 477.391
2976, 251, 183, 64.895, 477.474
2977, 251, 183, 64.842, 477.556
2978, 251, 183, 64.789, 477.638
2979, 251, 183, 64.736, 477.721
2980, 251, 183, 64.6771, 477.804
2981, 251, 183, 64.6241, 477.886
2982, 251, 183, 64.5875, 477.968
2983, 251, 183, 64.5286, 478.05
2984, 251, 183, 64.4756, 478.133
2985, 251, 183, 64.3651, 478.215
2986, 251, 183, 64.3121, 478.3
2987, 251, 183, 64.2591, 478.385
2988, 251, 183, 64.2061, 478.467
2989, 251, 183, 64.1759, 478.549
2990, 251, 183, 64.117, 478.632
2991, 251, 183, 64.0867, 478.716
2992, 251, 183, 64.0502, 478.797
2993, 251, 183, 64.0095, 478.879
2994, 251, 183, 63.9729, 478.962
2995, 251, 183, 63.8531, 479.044
2996, 251, 183, 63.8001, 479.126
2997, 251, 183, 63.7471, 479.208
2998, 251, 183, 63.6941, 479.29
2999, 251, 183, 63.6352, 479.372
