Seed is: 62
Number of samples is: 3000
Simulation name is: Simulation_2TV_10x10.sim
TimeStep, Distraction Rate, Missed States, Model Accuracy, Time (ms)
0, 0, 732, 0, 8e-05
1, 0, 731, 1, 0.068781
2, 0, 730, 1.7632, 0.133414
3, 0, 729, 1.531, 0.197065
4, 0, 728, 1.29881, 0.260426
5, 0, 727, 2.29881, 0.324197
6, 0, 726, 3.06201, 0.387628
7, 0, 725, 3.82521, 0.450808
8, 0, 724, 4.82521, 0.528907
9, 0, 723, 5.5884, 0.592889
10, 0, 722, 6.3516, 0.656029
11, 0, 721, 7.1148, 0.71927
12, 0, 720, 7.87799, 0.782981
13, 0, 719, 9.22615, 0.846362
14, 0, 718, 10.2262, 0.909502
15, 0, 717, 10.9894, 0.973103
16, 0, 716, 11.7525, 1.03586
17, 0, 716, 11.3375, 1.09933
18, 0, 715, 11.6903, 1.1625
19, 0, 715, 11.2752, 1.22559
20, 0, 715, 10.9017, 1.28841
21, 0, 714, 11.6649, 1.35165
22, 0, 713, 12.6649, 1.41467
23, 0, 712, 13.4281, 1.47783
24, 0, 711, 14.1913, 1.54103
25, 0, 710, 13.9591, 1.6041
26, 0, 709, 13.7269, 1.66787
27, 0, 708, 15.0751, 1.73087
28, 0, 708, 14.66, 1.7945
29, 0, 708, 14.2865, 1.85853
30, 0, 707, 15.0497, 1.92212
31, 0, 707, 14.6762, 1.98538
32, 0, 707, 14.1912, 2.04851
33, 0, 707, 13.8177, 2.11259
34, 0, 707, 13.3327, 2.17638
35, 0, 707, 12.8477, 2.24044
36, 0, 707, 12.6948, 2.30382
37, 0, 707, 12.3213, 2.37004
38, 0, 707, 11.9062, 2.43377
39, 0, 707, 11.5327, 2.49769
40, 0, 706, 12.2959, 2.56151
41, 0, 705, 13.0591, 2.62544
42, 0, 704, 13.8223, 2.68947
43, 0, 703, 14.1751, 2.75307
44, 0, 703, 14.4901, 2.81713
45, 0, 703, 14.1166, 2.88056
46, 0, 702, 15.4647, 2.94451
47, 0, 701, 16.2279, 3.00821
48, 0, 701, 15.743, 3.07265
49, 0, 700, 16.5062, 3.1361
50, 0, 699, 17.2694, 3.20016
51, 0, 698, 18.2694, 3.26461
52, 0, 697, 18.0372, 3.32939
53, 0, 697, 17.6636, 3.39412
54, 0, 697, 17.2486, 3.45955
55, 0, 697, 16.8751, 3.52434
56, 0, 697, 16.5015, 3.58943
57, 0, 697, 16.3486, 3.65355
58, 0, 697, 15.9751, 3.7182
59, 0, 696, 16.2164, 3.78195
60, 0, 695, 16.9796, 3.85501
61, 0, 694, 17.7428, 3.91993
62, 0, 693, 18.7428, 3.98416
63, 0, 692, 19.506, 4.04853
64, 0, 691, 20.2692, 4.11336
65, 0, 690, 21.0324, 4.17877
66, 1, 689, 22.0324, 4.24362
67, 2, 688, 23.0324, 4.30807
68, 2, 687, 23.3852, 4.37334
69, 2, 687, 23.7002, 4.43824
70, 2, 687, 23.3267, 4.50313
71, 2, 686, 24.0899, 4.56802
72, 2, 685, 24.8531, 4.6326
73, 2, 685, 24.4795, 4.69705
74, 2, 684, 25.2427, 4.7616
75, 2, 683, 26.0059, 4.82794
76, 2, 682, 26.7691, 4.89266
77, 2, 681, 27.5323, 4.95669
78, 2, 680, 28.2955, 5.02117
79, 2, 679, 29.0587, 5.08568
80, 2, 678, 29.8219, 5.15108
81, 2, 677, 30.5851, 5.21589
82, 2, 676, 31.3483, 5.27981
83, 2, 675, 32.1115, 5.34406
84, 2, 674, 32.8747, 5.40832
85, 2, 673, 33.6379, 5.47274
86, 2, 672, 34.4011, 5.53735
87, 2, 671, 35.1643, 5.60199
88, 2, 670, 35.9275, 5.66668
89, 2, 669, 36.6907, 5.73148
90, 2, 668, 37.4539, 5.79634
91, 2, 667, 38.2171, 5.86128
92, 2, 666, 38.9803, 5.92573
93, 2, 665, 39.7435, 5.99022
94, 2, 664, 40.7435, 6.05475
95, 2, 663, 41.5067, 6.11953
96, 2, 662, 42.2699, 6.18462
97, 2, 661, 42.0377, 6.24906
98, 2, 660, 42.8009, 6.3141
99, 2, 659, 43.5641, 6.37899
100, 2, 658, 44.3273, 6.44375
101, 2, 657, 44.0951, 6.50917
102, 2, 656, 44.8583, 6.57465
103, 2, 655, 45.6215, 6.64015
104, 2, 654, 46.3847, 6.70577
105, 2, 653, 47.3847, 6.77103
106, 2, 653, 47.0111, 6.83795
107, 2, 652, 47.7743, 6.90267
108, 3, 652, 47.3593, 6.9676
109, 4, 652, 47.1894, 7.03336
110, 5, 652, 46.7743, 7.09908
111, 6, 652, 46.6812, 7.17031
112, 6, 652, 46.5283, 7.23557
113, 6, 652, 46.1548, 7.30103
114, 7, 652, 45.9848, 7.36797
115, 8, 652, 45.8917, 7.43513
116, 9, 652, 45.8328, 7.50402
117, 10, 652, 45.7739, 7.57224
118, 11, 652, 45.7333, 7.64107
119, 12, 652, 45.6926, 7.71083
120, 13, 652, 45.6629, 7.7811
121, 14, 652, 45.6332, 7.85249
122, 14, 652, 45.0551, 7.92435
123, 14, 651, 45.8183, 7.98919
124, 14, 650, 47.1664, 8.05475
125, 14, 649, 47.9296, 8.11983
126, 14, 648, 48.6928, 8.18483
127, 14, 648, 48.2778, 8.25016
128, 14, 647, 48.6306, 8.31512
129, 14, 647, 48.1456, 8.38231
130, 15, 647, 48.1229, 8.45629
131, 16, 647, 48.1002, 8.5324
132, 17, 647, 48.0822, 8.60686
133, 18, 647, 48.0643, 8.68236
134, 19, 647, 48.0498, 8.75887
135, 20, 647, 48.0353, 8.83674
136, 21, 647, 48.0233, 8.90171
137, 22, 647, 48.0114, 8.98232
138, 23, 647, 48.0013, 9.06489
139, 24, 647, 47.9913, 9.14872
140, 25, 647, 47.9827, 9.21365
141, 26, 647, 47.9741, 9.30076
142, 26, 647, 47.7107, 9.38895
143, 26, 647, 47.3372, 9.45463
144, 26, 647, 46.8522, 9.52011
145, 26, 647, 46.4787, 9.58537
146, 26, 646, 47.4787, 9.65052
147, 26, 646, 47.0636, 9.71575
148, 26, 646, 46.6901, 9.78263
149, 26, 645, 47.6901, 9.84808
150, 26, 645, 47.3166, 9.91414
151, 26, 645, 46.943, 9.97982
152, 26, 645, 46.7385, 10.0462
153, 26, 645, 46.5874, 10.1117
154, 26, 645, 46.4174, 10.1781
155, 26, 645, 46.2645, 10.2444
156, 26, 645, 46.06, 10.3107
157, 26, 645, 45.89, 10.3764
158, 26, 645, 45.7371, 10.4424
159, 26, 645, 45.5326, 10.5169
160, 26, 645, 45.7545, 10.6004
161, 26, 645, 45.55, 10.667
162, 26, 645, 45.397, 10.7325
163, 26, 645, 45.2271, 10.7985
164, 26, 645, 45.0742, 10.8649
165, 26, 645, 44.4961, 10.9312
166, 26, 645, 44.1226, 10.9974
167, 26, 644, 44.3639, 11.0631
168, 26, 644, 44.1594, 11.1299
169, 26, 644, 44.0663, 11.1954
170, 26, 644, 43.9133, 11.2608
171, 26, 644, 43.7088, 11.3274
172, 26, 644, 43.5559, 11.3938
173, 26, 644, 43.4029, 11.4594
174, 26, 644, 43.0294, 11.5253
175, 26, 643, 44.3775, 11.5915
176, 26, 642, 45.1407, 11.6574
177, 26, 641, 45.9039, 11.7233
178, 26, 640, 46.6671, 11.7914
179, 26, 640, 46.2936, 11.8584
180, 26, 640, 45.9201, 11.925
181, 26, 640, 45.5465, 11.9916
182, 26, 640, 45.173, 12.0588
183, 26, 640, 44.7995, 12.1254
184, 26, 640, 44.4259, 12.1922
185, 26, 640, 44.0524, 12.2589
186, 26, 640, 43.6789, 12.3257
187, 26, 640, 43.3053, 12.3927
188, 26, 640, 43.2638, 12.4589
189, 26, 640, 42.8903, 12.5254
190, 26, 639, 43.2431, 12.5916
191, 26, 639, 42.7581, 12.6583
192, 26, 639, 42.3846, 12.7432
193, 26, 639, 41.8996, 12.8155
194, 26, 639, 41.5261, 12.8823
195, 26, 638, 42.2893, 12.9491
196, 26, 637, 43.0525, 13.0158
197, 26, 636, 43.8157, 13.0831
198, 26, 635, 44.5789, 13.1503
199, 26, 634, 45.3421, 13.2174
200, 26, 633, 46.1053, 13.3095
201, 26, 632, 45.8731, 13.4021
202, 26, 631, 46.6363, 13.4856
203, 26, 630, 47.3995, 13.5671
204, 26, 629, 48.1627, 13.6379
205, 26, 628, 48.9259, 13.7048
206, 26, 627, 49.6891, 13.7717
207, 26, 627, 49.3155, 13.8521
208, 26, 626, 50.0787, 13.9204
209, 26, 625, 50.8419, 13.9878
210, 26, 624, 51.6051, 14.0554
211, 26, 623, 52.3683, 14.1227
212, 26, 622, 52.1361, 14.1901
213, 26, 621, 52.8993, 14.2573
214, 26, 620, 53.6625, 14.3247
215, 26, 619, 54.4257, 14.3919
216, 26, 618, 55.1889, 14.459
217, 26, 617, 55.9521, 14.5268
218, 26, 616, 56.7153, 14.5972
219, 26, 615, 56.4831, 14.665
220, 26, 614, 57.2463, 14.7324
221, 26, 613, 58.0095, 14.8337
222, 26, 612, 58.7727, 14.945
223, 26, 611, 59.5359, 15.0413
224, 26, 611, 59.1624, 15.1425
225, 26, 610, 58.9302, 15.2416
226, 26, 609, 59.6934, 15.3411
227, 26, 608, 60.6934, 15.4397
228, 26, 607, 61.4566, 15.5443
229, 26, 606, 62.2198, 15.6187
230, 26, 605, 62.983, 15.6927
231, 26, 604, 63.7462, 15.7771
232, 26, 603, 64.5093, 15.8451
233, 26, 602, 65.5093, 15.9132
234, 26, 601, 66.2725, 15.9817
235, 26, 600, 67.0357, 16.0505
236, 26, 599, 67.7989, 16.1188
237, 26, 598, 68.5621, 16.1871
238, 26, 597, 69.3253, 16.2555
239, 26, 596, 70.3253, 16.3245
240, 26, 595, 71.0885, 16.3934
241, 26, 594, 71.8517, 16.4621
242, 26, 593, 72.6149, 16.5304
243, 26, 592, 73.3781, 16.5988
244, 27, 591, 74.3781, 16.6674
245, 27, 590, 75.1413, 16.7365
246, 27, 589, 75.9045, 16.8055
247, 28, 589, 75.4895, 16.8747
248, 28, 588, 76.2527, 16.9446
249, 28, 587, 77.0159, 17.0132
250, 28, 586, 77.7791, 17.082
251, 28, 585, 78.5423, 17.1511
252, 29, 585, 78.3723, 17.2382
253, 29, 585, 77.9988, 17.3088
254, 29, 584, 78.9988, 17.3784
255, 29, 583, 79.762, 17.4481
256, 29, 582, 80.5252, 17.5174
257, 29, 581, 81.2884, 17.5891
258, 29, 580, 82.0516, 17.6587
259, 29, 579, 83.0516, 17.7284
260, 29, 578, 83.8148, 17.7978
261, 29, 577, 84.578, 17.8686
262, 29, 576, 85.3412, 17.9376
263, 29, 575, 86.3412, 18.007
264, 29, 574, 87.1044, 18.0761
265, 29, 573, 87.8676, 18.1457
266, 29, 572, 88.8676, 18.2153
267, 29, 571, 89.6308, 18.285
268, 29, 571, 89.2572, 18.3546
269, 29, 571, 88.8837, 18.4253
270, 29, 570, 89.8837, 18.4945
271, 29, 569, 90.2365, 18.5631
272, 29, 569, 89.7515, 18.6329
273, 29, 568, 90.7515, 18.702
274, 29, 568, 90.378, 18.771
275, 29, 568, 90.0045, 18.841
276, 29, 567, 91.0045, 18.9104
277, 29, 566, 90.7723, 18.9796
278, 29, 566, 90.3987, 19.048
279, 29, 565, 91.3987, 19.1168
280, 29, 564, 91.1665, 19.1857
281, 29, 564, 90.7515, 19.2557
282, 29, 564, 90.3365, 19.3248
283, 29, 564, 89.9629, 19.3936
284, 29, 564, 89.5894, 19.4622
285, 29, 564, 89.1744, 19.5311
286, 29, 563, 89.5271, 19.6008
287, 29, 563, 89.0422, 19.6703
288, 29, 563, 88.6686, 19.7405
289, 29, 562, 89.4318, 19.8094
290, 29, 561, 90.195, 19.8778
291, 29, 560, 90.9582, 19.9469
292, 29, 560, 90.5847, 20.0155
293, 29, 559, 91.5847, 20.0845
294, 29, 558, 92.3479, 20.1534
295, 29, 557, 93.1111, 20.2225
296, 29, 556, 93.8743, 20.2918
297, 29, 555, 94.6375, 20.3607
298, 29, 554, 95.4007, 20.4297
299, 29, 553, 96.1639, 20.5067
300, 29, 552, 97.1639, 20.5776
301, 29, 552, 96.7903, 20.6472
302, 29, 551, 97.5535, 20.7165
303, 29, 550, 97.3213, 20.7856
304, 29, 549, 98.3213, 20.8563
305, 29, 548, 99.0845, 20.9251
306, 29, 547, 99.8477, 20.9931
307, 29, 546, 100.611, 21.062
308, 29, 545, 101.374, 21.1313
309, 29, 544, 102.137, 21.2002
310, 29, 543, 102.901, 21.2693
311, 29, 542, 103.664, 21.3382
312, 29, 541, 104.427, 21.407
313, 29, 540, 105.19, 21.4759
314, 29, 540, 104.817, 21.545
315, 29, 539, 105.58, 21.6142
316, 29, 538, 106.343, 21.6834
317, 29, 537, 106.111, 21.7524
318, 29, 536, 106.874, 21.8213
319, 29, 535, 106.642, 21.8939
320, 29, 534, 107.99, 21.9638
321, 29, 534, 107.616, 22.0327
322, 29, 534, 107.243, 22.1189
323, 29, 533, 107.011, 22.2066
324, 29, 532, 108.011, 22.2797
325, 29, 531, 109.359, 22.35
326, 29, 531, 108.874, 22.4202
327, 29, 531, 108.389, 22.4902
328, 29, 531, 108.015, 22.5602
329, 29, 531, 107.642, 22.6298
330, 29, 531, 107.268, 22.6997
331, 29, 531, 106.895, 22.7691
332, 29, 530, 107.658, 22.8387
333, 29, 529, 108.421, 22.9078
334, 29, 528, 109.184, 22.9772
335, 29, 527, 109.948, 23.0466
336, 29, 526, 110.948, 23.1162
337, 29, 525, 111.711, 23.1953
338, 29, 524, 112.474, 23.2653
339, 29, 523, 113.237, 23.335
340, 29, 522, 114, 23.4046
341, 29, 521, 114.764, 23.4745
342, 29, 520, 115.527, 23.5446
343, 29, 519, 116.29, 23.6143
344, 29, 518, 117.053, 23.6837
345, 29, 517, 117.816, 23.7532
346, 29, 516, 118.816, 23.832
347, 29, 515, 119.58, 23.903
348, 29, 514, 120.343, 23.9732
349, 29, 513, 121.343, 24.0433
350, 29, 512, 122.106, 24.1132
351, 29, 511, 122.869, 24.183
352, 29, 510, 123.632, 24.2528
353, 29, 509, 124.396, 24.3223
354, 29, 508, 125.396, 24.392
355, 29, 507, 126.159, 24.4619
356, 29, 506, 126.922, 24.5324
357, 29, 505, 127.685, 24.6025
358, 29, 504, 128.448, 24.6726
359, 29, 503, 129.448, 24.7447
360, 29, 502, 130.212, 24.8167
361, 29, 501, 130.975, 24.8872
362, 29, 500, 131.738, 24.9571
363, 29, 499, 132.501, 25.0276
364, 29, 498, 133.264, 25.0983
365, 29, 497, 134.028, 25.1693
366, 29, 497, 133.654, 25.2695
367, 29, 496, 134.417, 25.3734
368, 29, 495, 135.18, 25.4441
369, 29, 494, 135.944, 25.5153
370, 29, 493, 136.707, 25.5866
371, 29, 492, 137.47, 25.658
372, 29, 491, 138.233, 25.7294
373, 29, 490, 138.996, 25.8005
374, 29, 490, 138.623, 25.8717
375, 29, 489, 139.386, 25.9428
376, 29, 488, 139.154, 26.0144
377, 29, 487, 139.917, 26.086
378, 29, 486, 140.68, 26.1572
379, 29, 485, 141.68, 26.228
380, 29, 484, 142.443, 26.299
381, 29, 483, 143.207, 26.3701
382, 29, 482, 143.97, 26.4411
383, 29, 481, 144.733, 26.5128
384, 29, 481, 144.359, 26.5847
385, 29, 480, 145.123, 26.6563
386, 29, 479, 145.886, 26.7276
387, 29, 479, 145.471, 26.7993
388, 29, 479, 145.097, 26.8711
389, 29, 479, 144.724, 26.9419
390, 29, 478, 145.724, 27.0138
391, 29, 478, 145.35, 27.0857
392, 29, 477, 146.35, 27.1669
393, 29, 477, 145.935, 27.2699
394, 29, 477, 145.562, 27.3722
395, 29, 477, 145.188, 27.4762
396, 29, 476, 145.951, 27.5951
397, 29, 475, 146.951, 27.699
398, 29, 474, 148.299, 27.8017
399, 29, 473, 149.063, 27.9183
400, 29, 472, 149.826, 28.014
401, 29, 471, 150.826, 28.0876
402, 29, 471, 150.452, 28.1604
403, 29, 470, 150.805, 28.2333
404, 29, 470, 150.32, 28.3063
405, 29, 470, 149.947, 28.3791
406, 29, 470, 149.573, 28.4516
407, 29, 469, 150.921, 28.5237
408, 29, 469, 150.548, 28.6137
409, 29, 468, 150.316, 28.6978
410, 29, 468, 150.163, 28.7699
411, 29, 467, 150.515, 28.8444
412, 29, 467, 150.03, 28.9177
413, 29, 467, 149.615, 28.9906
414, 29, 467, 149.242, 29.0633
415, 29, 467, 148.868, 29.1362
416, 29, 466, 149.631, 29.22
417, 29, 465, 150.631, 29.3032
418, 29, 464, 151.395, 29.377
419, 29, 463, 152.158, 29.4506
420, 29, 463, 151.784, 29.5239
421, 29, 462, 152.137, 29.5984
422, 29, 462, 151.652, 29.6715
423, 29, 462, 151.279, 29.7448
424, 29, 462, 150.794, 29.8178
425, 29, 462, 150.589, 29.891
426, 29, 462, 150.216, 29.9639
427, 29, 462, 149.842, 30.0651
428, 29, 461, 150.605, 30.1399
429, 29, 461, 150.12, 30.2136
430, 29, 461, 149.747, 30.2865
431, 29, 461, 149.373, 30.3596
432, 29, 461, 149, 30.4323
433, 29, 460, 149.352, 30.5177
434, 29, 460, 148.867, 30.5921
435, 29, 459, 150.216, 30.6652
436, 29, 458, 150.979, 30.7381
437, 29, 457, 152.327, 30.8111
438, 29, 456, 153.09, 30.8838
439, 29, 455, 153.853, 30.9562
440, 29, 454, 154.617, 31.0289
441, 29, 453, 155.38, 31.1023
442, 29, 452, 156.143, 31.1755
443, 29, 451, 156.906, 31.2485
444, 29, 450, 156.674, 31.3216
445, 29, 449, 157.437, 31.3946
446, 29, 448, 158.2, 31.4677
447, 29, 447, 158.964, 31.5411
448, 29, 446, 159.727, 31.614
449, 29, 445, 160.49, 31.6876
450, 29, 444, 161.253, 31.7605
451, 29, 443, 162.016, 31.8345
452, 29, 442, 163.016, 31.9082
453, 29, 441, 162.784, 31.9824
454, 29, 441, 162.411, 32.0615
455, 29, 441, 162.037, 32.1851
456, 29, 440, 162.39, 32.2956
457, 29, 440, 161.905, 32.4047
458, 29, 440, 161.531, 32.5189
459, 29, 439, 162.531, 32.6269
460, 29, 438, 163.295, 32.734
461, 29, 437, 164.295, 32.8325
462, 29, 436, 165.058, 32.9086
463, 29, 436, 164.684, 33.0022
464, 29, 435, 165.447, 33.0763
465, 29, 435, 165.032, 33.1495
466, 29, 435, 164.659, 33.2225
467, 29, 435, 164.285, 33.2953
468, 29, 435, 163.912, 33.3689
469, 29, 435, 163.759, 33.4417
470, 29, 435, 163.344, 33.5149
471, 29, 435, 162.97, 33.5883
472, 29, 435, 162.597, 33.6614
473, 29, 434, 163.36, 33.734
474, 29, 433, 164.123, 33.8078
475, 29, 432, 164.886, 33.899
476, 29, 431, 165.65, 33.9727
477, 29, 431, 165.165, 34.0469
478, 29, 431, 164.791, 34.1207
479, 29, 431, 164.418, 34.1959
480, 29, 431, 164.044, 34.2696
481, 29, 431, 163.891, 34.343
482, 29, 431, 163.781, 34.4158
483, 29, 431, 163.611, 34.4895
484, 29, 431, 163.458, 34.5631
485, 29, 431, 163.084, 34.6368
486, 29, 431, 162.88, 34.7108
487, 29, 431, 162.465, 34.7844
488, 29, 431, 162.312, 34.8575
489, 29, 431, 162.142, 34.9314
490, 29, 431, 161.989, 35.0043
491, 29, 430, 162.989, 35.0774
492, 29, 429, 163.752, 35.1504
493, 29, 428, 164.515, 35.2231
494, 29, 427, 165.278, 35.2958
495, 29, 426, 166.042, 35.369
496, 29, 426, 165.668, 35.4424
497, 29, 426, 165.295, 35.5156
498, 29, 425, 166.295, 35.5884
499, 29, 424, 167.295, 35.6618
500, 29, 423, 168.058, 35.7348
501, 29, 422, 169.058, 35.8078
502, 29, 421, 169.821, 35.8826
503, 29, 421, 169.447, 35.9557
504, 29, 421, 169.032, 36.0283
505, 29, 420, 170.381, 36.1014
506, 29, 419, 171.729, 36.1738
507, 29, 419, 171.355, 36.246
508, 29, 418, 171.708, 36.3189
509, 29, 418, 171.223, 36.3918
510, 29, 418, 171.07, 36.4644
511, 29, 418, 170.696, 36.5368
512, 29, 418, 170.323, 36.6099
513, 29, 418, 170.17, 36.6855
514, 29, 418, 169.965, 36.7588
515, 29, 418, 169.813, 36.8319
516, 29, 418, 169.398, 36.9045
517, 29, 417, 170.746, 36.9772
518, 29, 417, 170.331, 37.0499
519, 29, 417, 169.957, 37.1226
520, 29, 417, 169.584, 37.2205
521, 29, 417, 169.379, 37.3072
522, 29, 417, 169.295, 37.3821
523, 29, 417, 169.142, 37.4554
524, 29, 417, 168.769, 37.5286
525, 29, 417, 168.395, 37.6012
526, 29, 417, 168.191, 37.6743
527, 29, 417, 168.038, 37.7491
528, 29, 417, 167.885, 37.8225
529, 29, 417, 167.511, 37.9029
530, 29, 417, 167.826, 37.9763
531, 29, 417, 167.453, 38.0485
532, 29, 417, 167.079, 38.121
533, 29, 417, 166.706, 38.1938
534, 29, 417, 166.536, 38.2667
535, 29, 417, 166.383, 38.3398
536, 29, 417, 166.23, 38.4128
537, 29, 417, 166.077, 38.4856
538, 29, 417, 165.703, 38.5587
539, 29, 417, 165.33, 38.6316
540, 29, 417, 165.645, 38.7046
541, 29, 417, 165.23, 38.7777
542, 29, 417, 164.856, 38.8509
543, 29, 416, 165.856, 38.9235
544, 29, 415, 165.624, 38.9966
545, 29, 415, 165.251, 39.0703
546, 29, 415, 164.877, 39.1438
547, 29, 414, 165.64, 39.2166
548, 29, 414, 165.267, 39.2895
549, 29, 414, 164.893, 39.3625
550, 29, 414, 164.8, 39.4354
551, 29, 414, 164.716, 39.5086
552, 29, 414, 164.563, 39.5816
553, 29, 414, 164.41, 39.6548
554, 29, 414, 164.037, 39.7281
555, 29, 414, 163.622, 39.8009
556, 29, 414, 163.248, 39.8916
557, 29, 414, 162.875, 39.9652
558, 29, 414, 162.297, 40.0482
559, 29, 414, 162.127, 40.1222
560, 29, 414, 161.974, 40.1954
561, 29, 414, 161.821, 40.2688
562, 29, 413, 162.062, 40.3422
563, 29, 413, 161.858, 40.4162
564, 29, 413, 161.484, 40.4995
565, 29, 413, 160.999, 40.5757
566, 29, 413, 160.626, 40.6492
567, 29, 413, 160.211, 40.7219
568, 29, 413, 159.837, 40.7947
569, 29, 413, 159.464, 40.8677
570, 29, 413, 159.09, 40.9406
571, 29, 413, 158.717, 41.0138
572, 29, 413, 158.302, 41.087
573, 29, 413, 158.149, 41.1594
574, 29, 413, 157.775, 41.2324
575, 29, 413, 157.402, 41.3056
576, 29, 412, 158.165, 41.3825
577, 29, 411, 159.513, 41.4556
578, 29, 411, 159.139, 41.5288
579, 29, 411, 158.766, 41.6036
580, 29, 411, 158.281, 41.6776
581, 29, 411, 157.907, 41.751
582, 29, 411, 157.534, 41.8241
583, 29, 411, 157.16, 41.8974
584, 29, 410, 157.402, 41.9707
585, 29, 410, 157.249, 42.0433
586, 29, 410, 156.764, 42.1165
587, 29, 410, 156.349, 42.1894
588, 29, 410, 155.975, 42.2624
589, 29, 410, 155.56, 42.3357
590, 29, 410, 155.145, 42.4091
591, 29, 410, 154.772, 42.4817
592, 29, 410, 154.398, 42.5551
593, 29, 410, 154.024, 42.6285
594, 29, 410, 153.855, 42.7015
595, 29, 409, 154.207, 42.7751
596, 29, 409, 153.722, 42.8487
597, 29, 408, 154.075, 42.9218
598, 29, 408, 153.59, 42.9952
599, 29, 408, 153.012, 43.0687
600, 29, 408, 152.639, 43.1423
601, 29, 408, 152.265, 43.2159
602, 29, 408, 152.112, 43.2887
603, 29, 408, 151.908, 43.3616
604, 29, 408, 151.755, 43.4349
605, 29, 408, 151.602, 43.5079
606, 29, 408, 151.228, 43.5812
607, 29, 408, 151.075, 43.6548
608, 29, 407, 151.317, 43.7447
609, 29, 407, 151.112, 43.8199
610, 29, 407, 150.959, 43.9039
611, 29, 407, 150.849, 43.9782
612, 29, 407, 150.696, 44.0515
613, 29, 407, 150.491, 44.1254
614, 29, 407, 150.338, 44.1991
615, 29, 407, 150.185, 44.2731
616, 29, 407, 149.981, 44.3472
617, 29, 407, 149.828, 44.4211
618, 29, 407, 149.675, 44.4951
619, 29, 407, 149.522, 44.5687
620, 29, 406, 149.763, 44.6423
621, 29, 406, 149.559, 44.7166
622, 29, 406, 149.389, 44.79
623, 29, 405, 149.63, 44.8636
624, 29, 405, 149.426, 44.9376
625, 29, 405, 149.273, 45.0112
626, 29, 405, 148.899, 45.0851
627, 29, 405, 148.526, 45.1587
628, 29, 405, 148.321, 45.232
629, 29, 405, 147.906, 45.3062
630, 29, 405, 147.753, 45.3797
631, 29, 405, 147.338, 45.4532
632, 29, 405, 147.134, 45.5267
633, 29, 405, 146.981, 45.6007
634, 29, 405, 146.828, 45.6746
635, 29, 405, 146.413, 45.7486
636, 29, 405, 146.243, 45.8225
637, 29, 405, 146.09, 45.8981
638, 29, 405, 145.937, 45.9723
639, 29, 405, 145.784, 46.0582
640, 29, 404, 146.137, 46.1397
641, 29, 404, 145.652, 46.2148
642, 29, 404, 145.499, 46.2897
643, 29, 404, 145.346, 46.3643
644, 29, 404, 145.262, 46.4386
645, 29, 403, 145.503, 46.5134
646, 29, 403, 145.42, 46.587
647, 29, 403, 145.309, 46.6608
648, 29, 403, 145.225, 46.735
649, 29, 403, 145.055, 46.809
650, 29, 403, 144.902, 46.8835
651, 29, 403, 144.749, 46.9575
652, 29, 403, 144.486, 47.0316
653, 29, 403, 144.333, 47.1059
654, 29, 403, 144.163, 47.1931
655, 29, 403, 144.01, 47.2683
656, 29, 403, 143.857, 47.3425
657, 29, 403, 143.764, 47.4165
658, 29, 403, 143.594, 47.491
659, 29, 402, 143.836, 47.5649
660, 29, 402, 143.631, 47.6393
661, 29, 402, 143.547, 47.7132
662, 29, 402, 143.437, 47.7877
663, 29, 401, 143.678, 47.8636
664, 29, 401, 143.474, 47.9388
665, 29, 401, 143.381, 48.0131
666, 29, 401, 143.297, 48.0983
667, 29, 401, 143.213, 48.2215
668, 29, 401, 143.129, 48.3261
669, 29, 401, 143.019, 48.4399
670, 29, 401, 142.96, 48.5463
671, 29, 401, 142.876, 48.6564
672, 29, 401, 142.723, 48.7648
673, 29, 401, 142.57, 48.8578
674, 29, 401, 142.477, 48.9435
675, 29, 401, 142.393, 49.0303
676, 29, 401, 142.309, 49.1059
677, 29, 401, 142.226, 49.1805
678, 29, 401, 142.074, 49.2547
679, 29, 401, 141.981, 49.3292
680, 29, 401, 141.898, 49.4039
681, 29, 401, 141.745, 49.4786
682, 29, 401, 141.575, 49.5524
683, 29, 401, 141.422, 49.6265
684, 29, 401, 141.311, 49.7009
685, 29, 401, 141.258, 49.7744
686, 29, 401, 141.174, 49.8487
687, 29, 401, 141.064, 49.9238
688, 29, 401, 140.953, 49.998
689, 29, 401, 140.87, 50.0724
690, 29, 401, 140.786, 50.1468
691, 29, 401, 140.702, 50.2209
692, 29, 401, 140.618, 50.2953
693, 29, 401, 140.508, 50.3699
694, 29, 400, 140.697, 50.4443
695, 29, 400, 140.587, 50.5377
696, 29, 400, 140.476, 50.6137
697, 29, 400, 140.423, 50.6881
698, 29, 400, 140.356, 50.7644
699, 29, 400, 140.297, 50.839
700, 29, 400, 140.244, 50.9135
701, 29, 400, 140.16, 50.9886
702, 29, 400, 140.077, 51.0635
703, 29, 400, 139.984, 51.1376
704, 29, 400, 139.9, 51.2119
705, 29, 400, 139.832, 51.2862
706, 29, 400, 139.749, 51.3607
707, 29, 400, 139.665, 51.4365
708, 29, 400, 139.46, 51.5115
709, 29, 400, 139.307, 51.5856
710, 29, 400, 139.197, 51.66
711, 29, 400, 139.027, 51.7343
712, 29, 400, 138.943, 51.8083
713, 29, 400, 138.773, 51.8825
714, 29, 400, 138.663, 51.957
715, 29, 400, 138.579, 52.0316
716, 29, 399, 138.769, 52.1066
717, 29, 399, 138.658, 52.1813
718, 29, 399, 138.488, 52.2557
719, 29, 399, 138.395, 52.3301
720, 29, 399, 138.311, 52.4038
721, 29, 399, 138.227, 52.4781
722, 29, 398, 138.417, 52.5522
723, 29, 398, 138.307, 52.6266
724, 29, 398, 138.223, 52.7016
725, 29, 398, 138.17, 52.7757
726, 29, 398, 138.077, 52.8507
727, 29, 398, 138.009, 52.9269
728, 29, 398, 137.916, 53.0009
729, 29, 398, 137.849, 53.075
730, 29, 398, 137.782, 53.1492
731, 29, 398, 137.714, 53.2233
732, 29, 398, 137.67, 53.2975
733, 29, 398, 137.617, 53.371
734, 29, 398, 137.533, 53.4453
735, 29, 398, 137.38, 53.5191
736, 29, 398, 137.228, 53.5932
737, 29, 398, 137.023, 53.6679
738, 29, 398, 136.87, 53.7412
739, 29, 397, 138.218, 53.8149
740, 29, 396, 138.981, 53.9009
741, 29, 395, 139.745, 53.9753
742, 29, 394, 140.745, 54.0497
743, 29, 393, 141.508, 54.1234
744, 29, 393, 141.134, 54.1968
745, 29, 392, 141.897, 54.2709
746, 29, 392, 141.524, 54.3449
747, 29, 391, 142.287, 54.4192
748, 29, 390, 143.05, 54.4932
749, 29, 389, 143.814, 54.5676
750, 29, 388, 144.577, 54.6416
751, 29, 387, 145.34, 54.7156
752, 29, 386, 146.688, 54.7901
753, 29, 385, 147.451, 54.8639
754, 29, 384, 148.214, 54.941
755, 29, 383, 148.978, 55.0143
756, 29, 383, 148.493, 55.0892
757, 29, 382, 148.261, 55.1631
758, 29, 381, 149.261, 55.2371
759, 29, 381, 148.887, 55.3114
760, 29, 380, 149.24, 55.3859
761, 29, 380, 148.755, 55.4602
762, 29, 380, 148.34, 55.5343
763, 29, 379, 148.693, 55.6084
764, 29, 379, 149.008, 55.7045
765, 29, 379, 148.634, 55.7806
766, 29, 379, 148.219, 55.8543
767, 29, 379, 147.845, 55.9281
768, 29, 379, 147.472, 56.0021
769, 29, 379, 147.098, 56.0761
770, 29, 379, 146.683, 56.1501
771, 29, 379, 146.31, 56.2242
772, 29, 378, 147.073, 56.2986
773, 29, 378, 146.658, 56.373
774, 29, 377, 148.006, 56.4533
775, 29, 376, 148.769, 56.5516
776, 29, 375, 149.122, 56.6269
777, 29, 375, 149.437, 56.7021
778, 29, 375, 149.064, 56.7767
779, 29, 375, 148.69, 56.8508
780, 29, 374, 149.043, 56.925
781, 29, 374, 148.558, 56.999
782, 29, 374, 148.073, 57.0733
783, 29, 374, 147.699, 57.1473
784, 29, 373, 148.052, 57.2364
785, 29, 373, 147.899, 57.3103
786, 29, 373, 147.695, 57.3844
787, 29, 373, 147.49, 57.4587
788, 29, 373, 147.38, 57.5323
789, 29, 373, 147.21, 57.607
790, 29, 373, 147.057, 57.6815
791, 29, 373, 146.572, 57.756
792, 29, 372, 146.925, 57.8303
793, 29, 372, 146.44, 57.9046
794, 30, 372, 146.347, 57.9795
795, 31, 372, 146.288, 58.0552
796, 32, 372, 146.247, 58.1311
797, 33, 372, 146.217, 58.2074
798, 34, 372, 146.195, 58.2847
799, 35, 372, 146.177, 58.3633
800, 35, 372, 146.024, 58.4432
801, 35, 372, 145.609, 58.5175
802, 35, 371, 145.961, 58.5913
803, 35, 371, 145.476, 58.6661
804, 35, 371, 145.103, 58.7404
805, 35, 371, 144.729, 58.8145
806, 35, 371, 144.314, 58.8885
807, 35, 371, 143.941, 58.9624
808, 35, 371, 143.567, 59.0368
809, 35, 371, 143.152, 59.1106
810, 35, 371, 142.737, 59.1845
811, 35, 370, 143.09, 59.2608
812, 35, 370, 142.605, 59.3353
813, 35, 370, 142.4, 59.4099
814, 35, 370, 142.027, 59.4836
815, 35, 370, 141.874, 59.5577
816, 35, 369, 142.637, 59.6319
817, 35, 369, 142.264, 59.7057
818, 35, 368, 143.264, 59.7798
819, 35, 368, 142.89, 59.8532
820, 35, 367, 143.653, 59.9288
821, 35, 367, 143.28, 60.003
822, 35, 366, 143.048, 60.0771
823, 35, 366, 142.674, 60.1512
824, 35, 366, 142.096, 60.2253
825, 35, 366, 141.722, 60.2994
826, 35, 366, 141.349, 60.3737
827, 35, 366, 140.975, 60.4489
828, 35, 366, 140.822, 60.5382
829, 35, 366, 140.449, 60.6177
830, 35, 366, 140.075, 60.6923
831, 35, 365, 141.075, 60.7667
832, 35, 365, 140.702, 60.8415
833, 35, 365, 140.328, 60.9178
834, 35, 365, 139.955, 60.9928
835, 35, 364, 140.196, 61.0677
836, 35, 364, 139.992, 61.143
837, 35, 364, 139.618, 61.2173
838, 35, 364, 139.245, 61.2927
839, 35, 363, 140.593, 61.3674
840, 35, 362, 141.941, 61.4423
841, 35, 362, 141.456, 61.5177
842, 35, 362, 140.971, 61.5939
843, 35, 362, 140.766, 61.6697
844, 35, 362, 140.613, 61.744
845, 35, 362, 140.198, 61.8207
846, 35, 362, 139.994, 61.8961
847, 35, 362, 139.579, 61.9711
848, 35, 362, 139.374, 62.046
849, 35, 362, 139.221, 62.121
850, 35, 362, 138.848, 62.1965
851, 35, 362, 138.643, 62.2718
852, 35, 362, 138.473, 62.3482
853, 35, 362, 138.32, 62.4233
854, 35, 362, 137.835, 62.4982
855, 35, 362, 137.683, 62.5729
856, 35, 362, 137.53, 62.6482
857, 35, 362, 137.156, 62.7408
858, 35, 362, 136.783, 62.8176
859, 35, 361, 137.546, 62.8924
860, 35, 360, 137.314, 62.9673
861, 35, 359, 138.077, 63.0424
862, 35, 358, 138.84, 63.1174
863, 35, 357, 139.603, 63.1923
864, 35, 357, 139.23, 63.2671
865, 35, 356, 140.23, 63.342
866, 35, 355, 141.23, 63.4174
867, 35, 354, 141.993, 63.4926
868, 35, 353, 142.756, 63.5675
869, 35, 352, 143.519, 63.6428
870, 35, 351, 144.282, 63.7179
871, 35, 350, 145.046, 63.7929
872, 35, 349, 145.809, 63.8793
873, 35, 348, 146.572, 63.9556
874, 35, 347, 147.335, 64.0311
875, 35, 346, 147.688, 64.107
876, 35, 346, 147.203, 64.1838
877, 35, 345, 147.966, 64.259
878, 35, 344, 148.966, 64.3345
879, 35, 343, 148.734, 64.4104
880, 35, 342, 150.082, 64.4863
881, 35, 341, 151.082, 64.5618
882, 35, 340, 151.845, 64.6375
883, 35, 339, 152.609, 64.7131
884, 35, 339, 152.235, 64.8278
885, 35, 339, 151.861, 64.9458
886, 35, 339, 151.657, 65.0591
887, 35, 339, 151.504, 65.1722
888, 35, 339, 151.089, 65.2824
889, 35, 339, 150.884, 65.3931
890, 35, 339, 150.732, 65.5046
891, 35, 339, 150.579, 65.6181
892, 35, 339, 150.426, 65.7157
893, 35, 339, 150.221, 65.7933
894, 35, 339, 150.068, 65.8702
895, 35, 339, 150.29, 65.9467
896, 35, 339, 150.12, 66.0233
897, 35, 338, 150.362, 66.0999
898, 35, 338, 150.157, 66.1765
899, 35, 338, 150.046, 66.2531
900, 35, 338, 149.894, 66.3395
901, 35, 338, 149.52, 66.417
902, 35, 338, 149.146, 66.4936
903, 35, 337, 149.91, 66.5696
904, 35, 336, 150.673, 66.646
905, 35, 335, 151.436, 66.7227
906, 35, 334, 152.199, 66.7994
907, 35, 334, 151.826, 66.8757
908, 35, 334, 151.452, 66.952
909, 35, 334, 151.299, 67.0284
910, 35, 333, 152.647, 67.105
911, 35, 332, 153.411, 67.1979
912, 35, 332, 153.037, 67.2753
913, 35, 332, 152.664, 67.3527
914, 35, 332, 152.29, 67.4294
915, 35, 331, 153.053, 67.5059
916, 35, 330, 153.816, 67.5826
917, 35, 329, 154.58, 67.6593
918, 35, 328, 154.932, 67.7356
919, 35, 327, 155.696, 67.8125
920, 35, 327, 155.322, 67.8892
921, 35, 327, 155.169, 67.9653
922, 35, 327, 154.796, 68.0418
923, 35, 326, 155.559, 68.1182
924, 35, 325, 156.322, 68.1945
925, 35, 324, 157.085, 68.2708
926, 35, 324, 156.712, 68.3472
927, 35, 323, 156.479, 68.4235
928, 35, 322, 157.828, 68.5
929, 35, 321, 157.595, 68.5764
930, 35, 320, 158.359, 68.6527
931, 35, 319, 159.122, 68.7293
932, 35, 318, 159.885, 68.8057
933, 35, 317, 160.648, 68.8824
934, 35, 316, 161.411, 68.9611
935, 35, 315, 162.175, 69.0386
936, 35, 314, 162.938, 69.1158
937, 35, 313, 163.701, 69.1927
938, 35, 312, 164.464, 69.2697
939, 35, 311, 164.232, 69.3468
940, 35, 310, 165.232, 69.4242
941, 35, 310, 164.858, 69.5016
942, 35, 309, 165.622, 69.5788
943, 35, 308, 166.385, 69.6563
944, 35, 307, 167.148, 69.7333
945, 35, 306, 167.911, 69.8102
946, 35, 305, 168.674, 69.8873
947, 35, 304, 169.438, 69.9656
948, 35, 304, 168.953, 70.0429
949, 35, 304, 168.579, 70.12
950, 35, 304, 168.206, 70.1973
951, 35, 303, 169.206, 70.2742
952, 35, 302, 169.969, 70.3512
953, 35, 302, 169.595, 70.4278
954, 35, 301, 170.358, 70.5134
955, 35, 300, 171.122, 70.5905
956, 35, 299, 171.885, 70.6678
957, 35, 298, 172.885, 70.7448
958, 35, 298, 172.511, 70.8219
959, 35, 297, 173.275, 70.8988
960, 35, 296, 174.038, 70.9757
961, 35, 296, 173.664, 71.0523
962, 35, 296, 173.291, 71.1294
963, 35, 296, 172.917, 71.2066
964, 35, 296, 172.544, 71.2839
965, 35, 296, 172.17, 71.361
966, 35, 296, 171.797, 71.4379
967, 35, 295, 172.56, 71.5152
968, 35, 294, 173.323, 71.5921
969, 35, 294, 172.838, 71.6718
970, 35, 293, 173.601, 71.7486
971, 35, 292, 174.601, 71.8256
972, 35, 292, 174.228, 71.9018
973, 35, 291, 175.228, 71.9787
974, 35, 290, 175.58, 72.0559
975, 35, 290, 175.095, 72.1333
976, 35, 290, 174.722, 72.211
977, 35, 290, 174.569, 72.2882
978, 36, 290, 174.562, 72.3894
979, 37, 290, 174.554, 72.4924
980, 38, 290, 174.548, 72.5974
981, 39, 290, 174.541, 72.7045
982, 40, 290, 174.536, 72.8138
983, 41, 290, 174.53, 72.9259
984, 41, 289, 174.72, 73.0397
985, 41, 289, 174.883, 73.1542
986, 42, 289, 174.878, 73.2694
987, 43, 289, 174.873, 73.3875
988, 44, 289, 174.868, 73.5075
989, 45, 289, 174.864, 73.6307
990, 46, 289, 174.86, 73.7566
991, 47, 289, 174.856, 73.8962
992, 47, 289, 174.705, 74.0292
993, 47, 289, 174.552, 74.1073
994, 47, 289, 174.178, 74.1847
995, 47, 289, 173.805, 74.2617
996, 47, 289, 173.431, 74.3385
997, 47, 288, 173.784, 74.4154
998, 47, 288, 174.099, 74.4927
999, 47, 288, 173.726, 74.5699
1000, 47, 288, 173.573, 74.6466
1001, 47, 288, 172.995, 74.7235
1002, 47, 288, 172.621, 74.8006
1003, 47, 287, 172.862, 74.8773
1004, 47, 287, 172.489, 74.9547
1005, 47, 287, 172.115, 75.0318
1006, 47, 287, 171.7, 75.1094
1007, 47, 287, 171.327, 75.1866
1008, 47, 287, 170.953, 75.2633
1009, 47, 287, 170.8, 75.3395
1010, 47, 287, 170.647, 75.4537
1011, 47, 287, 170.494, 75.5742
1012, 47, 287, 170.341, 75.6678
1013, 47, 287, 170.231, 75.7544
1014, 47, 287, 169.816, 75.8313
1015, 47, 286, 171.164, 75.9083
1016, 47, 286, 171.011, 75.9852
1017, 47, 286, 170.858, 76.0618
1018, 47, 285, 172.563, 76.1388
1019, 47, 285, 172.078, 76.2158
1020, 47, 285, 171.5, 76.2928
1021, 47, 285, 171.295, 76.3702
1022, 47, 285, 171.142, 76.4471
1023, 47, 285, 171.364, 76.5246
1024, 47, 285, 171.211, 76.6021
1025, 47, 285, 170.838, 76.6836
1026, 47, 285, 170.685, 76.7619
1027, 47, 285, 170.311, 76.839
1028, 48, 285, 170.308, 76.9716
1029, 49, 285, 170.304, 77.1057
1030, 50, 285, 170.301, 77.2645
1031, 51, 285, 170.298, 77.4103
1032, 52, 285, 170.295, 77.5562
1033, 53, 285, 170.292, 77.7068
1034, 54, 285, 170.289, 77.8618
1035, 55, 285, 170.286, 78.021
1036, 56, 285, 170.284, 78.1867
1037, 57, 285, 170.281, 78.3576
1038, 57, 285, 170.184, 78.4352
1039, 57, 285, 170.074, 78.5133
1040, 58, 285, 170.071, 78.6864
1041, 59, 285, 170.069, 78.8639
1042, 60, 285, 170.067, 79.0491
1043, 61, 285, 170.065, 79.2375
1044, 61, 285, 169.968, 79.3155
1045, 61, 285, 169.884, 79.4104
1046, 62, 285, 169.882, 79.6072
1047, 63, 285, 169.88, 79.8074
1048, 63, 285, 169.813, 79.8849
1049, 63, 285, 169.72, 79.9658
1050, 63, 285, 169.636, 80.0446
1051, 63, 285, 169.466, 80.1236
1052, 63, 284, 169.708, 80.2034
1053, 63, 284, 169.503, 80.2829
1054, 63, 284, 169.298, 80.3619
1055, 63, 284, 169.188, 80.4418
1056, 63, 284, 169.035, 80.5331
1057, 63, 284, 168.882, 80.6132
1058, 63, 284, 168.729, 80.6926
1059, 63, 284, 168.356, 80.7713
1060, 63, 284, 167.982, 80.8505
1061, 63, 284, 167.497, 80.93
1062, 63, 284, 167.124, 81.009
1063, 63, 284, 167.082, 81.0878
1064, 63, 284, 166.929, 81.1662
1065, 63, 284, 166.776, 81.2447
1066, 63, 283, 167.129, 81.3239
1067, 63, 283, 166.644, 81.4062
1068, 63, 283, 166.27, 81.5317
1069, 63, 283, 166.118, 81.6442
1070, 63, 283, 165.965, 81.7643
1071, 63, 283, 165.701, 81.8798
1072, 63, 282, 165.943, 81.9933
1073, 63, 282, 165.738, 82.1101
1074, 63, 282, 165.323, 82.2249
1075, 63, 282, 165.118, 82.3063
1076, 63, 282, 164.703, 82.3857
1077, 63, 282, 164.499, 82.4663
1078, 63, 282, 164.346, 82.5456
1079, 63, 282, 163.972, 82.6244
1080, 64, 282, 163.971, 82.8286
1081, 65, 282, 163.969, 83.0405
1082, 66, 282, 163.967, 83.257
1083, 67, 282, 163.965, 83.475
1084, 67, 282, 163.898, 83.5534
1085, 67, 282, 163.788, 83.6324
1086, 67, 282, 163.635, 83.711
1087, 67, 282, 163.551, 83.7898
1088, 67, 282, 163.347, 83.885
1089, 67, 282, 163.194, 83.9648
1090, 67, 282, 162.779, 84.0433
1091, 67, 282, 162.405, 84.1219
1092, 67, 281, 163.405, 84.2006
1093, 67, 280, 163.758, 84.2796
1094, 67, 280, 163.273, 84.3591
1095, 67, 280, 162.899, 84.438
1096, 67, 280, 162.526, 84.5172
1097, 67, 280, 162.152, 84.5968
1098, 67, 279, 162.916, 84.6759
1099, 67, 278, 163.916, 84.7552
1100, 67, 278, 163.542, 84.8342
1101, 67, 278, 163.169, 84.9143
1102, 67, 278, 162.795, 84.9948
1103, 67, 277, 163.148, 85.0736
1104, 67, 277, 162.663, 85.1525
1105, 67, 277, 162.289, 85.2307
1106, 67, 276, 163.289, 85.3088
1107, 67, 275, 164.052, 85.3872
1108, 67, 274, 164.816, 85.4655
1109, 67, 273, 165.579, 85.5441
1110, 67, 272, 166.579, 85.6223
1111, 67, 271, 167.342, 85.701
1112, 67, 270, 168.105, 85.7793
1113, 67, 269, 168.868, 85.8577
1114, 67, 268, 169.868, 85.9361
1115, 67, 267, 170.632, 86.0153
1116, 67, 266, 171.395, 86.0931
1117, 67, 265, 172.395, 86.1711
1118, 67, 265, 172.021, 86.2489
1119, 67, 264, 173.369, 86.3271
1120, 67, 263, 174.133, 86.4048
1121, 67, 262, 173.9, 86.4831
1122, 67, 261, 173.668, 86.5609
1123, 67, 261, 173.295, 86.6389
1124, 67, 261, 172.921, 86.7168
1125, 67, 260, 174.269, 86.7946
1126, 67, 259, 175.618, 86.8729
1127, 67, 259, 175.133, 86.9518
1128, 67, 259, 174.648, 87.0313
1129, 67, 259, 174.274, 87.109
1130, 67, 259, 173.901, 87.1969
1131, 67, 259, 173.527, 87.2755
1132, 67, 259, 173.374, 87.3528
1133, 67, 258, 173.615, 87.4301
1134, 67, 258, 173.411, 87.5077
1135, 67, 258, 173.206, 87.5856
1136, 67, 258, 173.053, 87.6635
1137, 67, 258, 172.68, 87.7409
1138, 67, 258, 172.306, 87.8185
1139, 67, 257, 172.659, 87.8967
1140, 67, 257, 172.174, 87.9744
1141, 67, 257, 171.759, 88.0521
1142, 67, 257, 171.606, 88.1291
1143, 67, 257, 171.453, 88.2067
1144, 67, 257, 171.08, 88.2842
1145, 67, 257, 170.706, 88.3645
1146, 67, 257, 170.333, 88.4424
1147, 67, 257, 170.128, 88.5204
1148, 67, 256, 170.369, 88.5979
1149, 67, 256, 170.165, 88.6757
1150, 67, 256, 169.75, 88.7535
1151, 67, 255, 171.098, 88.8312
1152, 67, 255, 170.724, 88.9081
1153, 67, 254, 170.492, 88.9854
1154, 67, 253, 171.255, 89.0632
1155, 67, 253, 171.571, 89.1413
1156, 67, 253, 170.992, 89.2188
1157, 67, 253, 170.619, 89.2969
1158, 67, 253, 170.245, 89.3745
1159, 67, 252, 170.598, 89.4526
1160, 67, 252, 170.113, 89.5309
1161, 67, 252, 169.74, 89.6091
1162, 67, 251, 170.503, 89.6867
1163, 67, 250, 171.503, 89.7644
1164, 67, 249, 172.266, 89.8423
1165, 67, 249, 171.893, 89.9264
1166, 67, 248, 173.241, 90.0133
1167, 67, 248, 172.867, 90.0916
1168, 67, 248, 172.494, 90.1699
1169, 67, 247, 173.842, 90.2476
1170, 67, 247, 173.468, 90.3253
1171, 67, 247, 172.983, 90.4036
1172, 67, 247, 172.61, 90.4813
1173, 67, 247, 172.405, 90.5688
1174, 67, 247, 172.235, 90.6471
1175, 67, 246, 172.477, 90.7255
1176, 67, 246, 172.272, 90.8042
1177, 67, 246, 172.162, 90.8818
1178, 67, 246, 172.051, 90.9599
1179, 67, 246, 171.847, 91.0382
1180, 67, 245, 172.199, 91.1159
1181, 67, 245, 171.714, 91.194
1182, 67, 245, 171.341, 91.2719
1183, 67, 245, 171.136, 91.3501
1184, 67, 244, 171.489, 91.4395
1185, 67, 244, 171.004, 91.5203
1186, 67, 244, 170.631, 91.6025
1187, 67, 244, 170.426, 91.6809
1188, 67, 244, 170.052, 91.759
1189, 67, 244, 169.679, 91.8376
1190, 67, 244, 169.474, 91.9161
1191, 67, 244, 169.101, 91.9943
1192, 67, 244, 168.616, 92.0728
1193, 67, 244, 168.411, 92.151
1194, 67, 244, 168.258, 92.2324
1195, 67, 244, 167.885, 92.3278
1196, 67, 244, 167.511, 92.4069
1197, 67, 244, 167.138, 92.4849
1198, 67, 244, 166.764, 92.5622
1199, 67, 244, 166.611, 92.6403
1200, 67, 244, 166.238, 92.7186
1201, 67, 243, 166.591, 92.7968
1202, 67, 243, 166.106, 92.8786
1203, 67, 243, 165.901, 92.9584
1204, 67, 243, 165.528, 93.0543
1205, 67, 243, 165.375, 93.1338
1206, 67, 243, 165.222, 93.2123
1207, 67, 243, 165.069, 93.2909
1208, 67, 243, 164.916, 93.3694
1209, 67, 243, 164.711, 93.4487
1210, 67, 243, 164.507, 93.5276
1211, 67, 243, 164.302, 93.6067
1212, 67, 243, 164.149, 93.686
1213, 67, 243, 164.065, 93.7641
1214, 67, 243, 163.955, 93.8526
1215, 67, 243, 163.802, 93.9455
1216, 67, 243, 163.649, 94.0249
1217, 67, 242, 165.354, 94.1037
1218, 67, 242, 165.201, 94.1816
1219, 67, 242, 164.623, 94.2606
1220, 67, 242, 164.249, 94.3391
1221, 67, 241, 164.491, 94.418
1222, 67, 241, 164.286, 94.497
1223, 67, 241, 164.133, 94.5762
1224, 67, 241, 163.98, 94.6551
1225, 67, 241, 163.827, 94.7339
1226, 67, 241, 163.717, 94.8128
1227, 67, 241, 163.547, 94.8919
1228, 67, 241, 163.436, 94.9728
1229, 67, 241, 163.266, 95.0525
1230, 67, 241, 163.156, 95.1321
1231, 67, 241, 163.072, 95.2135
1232, 67, 241, 162.919, 95.2932
1233, 67, 241, 162.504, 95.3729
1234, 67, 241, 162.3, 95.4526
1235, 67, 241, 162.147, 95.5318
1236, 67, 241, 161.994, 95.6112
1237, 67, 241, 161.841, 95.6909
1238, 67, 241, 161.688, 95.7702
1239, 67, 241, 161.535, 95.8494
1240, 67, 241, 161.12, 95.9288
1241, 67, 241, 160.915, 96.0075
1242, 67, 241, 160.5, 96.1063
1243, 67, 241, 160.296, 96.1878
1244, 67, 241, 160.091, 96.2677
1245, 67, 241, 159.938, 96.3464
1246, 67, 241, 159.523, 96.4262
1247, 67, 241, 159.15, 96.5053
1248, 67, 241, 158.735, 96.5845
1249, 67, 241, 158.361, 96.6635
1250, 67, 241, 157.946, 96.7431
1251, 67, 241, 157.531, 96.8231
1252, 67, 241, 157.158, 96.9027
1253, 67, 241, 156.784, 96.9824
1254, 67, 241, 156.631, 97.0615
1255, 67, 241, 156.146, 97.1414
1256, 67, 241, 156.461, 97.2318
1257, 67, 241, 156.088, 97.3115
1258, 67, 241, 155.883, 97.4016
1259, 67, 241, 155.73, 97.4822
1260, 67, 240, 155.972, 97.5621
1261, 67, 240, 155.767, 97.6507
1262, 67, 240, 155.189, 97.731
1263, 67, 240, 154.774, 97.8108
1264, 67, 239, 155.127, 97.8902
1265, 67, 239, 155.442, 97.9702
1266, 67, 239, 154.864, 98.0505
1267, 67, 239, 154.711, 98.1662
1268, 67, 239, 154.558, 98.2889
1269, 67, 239, 154.405, 98.4048
1270, 67, 239, 154.252, 98.5193
1271, 67, 239, 154.099, 98.64
1272, 67, 239, 153.946, 98.741
1273, 67, 239, 153.793, 98.8215
1274, 67, 239, 153.64, 98.9007
1275, 67, 239, 153.487, 98.98
1276, 67, 239, 153.377, 99.0599
1277, 67, 239, 153.224, 99.1393
1278, 67, 238, 153.465, 99.2191
1279, 67, 238, 153.261, 99.2989
1280, 67, 238, 153.108, 99.3775
1281, 67, 238, 152.955, 99.4575
1282, 67, 238, 152.691, 99.5374
1283, 67, 238, 152.538, 99.617
1284, 67, 238, 152.701, 99.6957
1285, 67, 238, 152.548, 99.7747
1286, 67, 238, 152.396, 99.8541
1287, 67, 238, 152.191, 99.9338
1288, 67, 238, 152.107, 100.013
1289, 67, 238, 151.937, 100.093
1290, 67, 238, 151.827, 100.173
1291, 67, 238, 151.716, 100.252
1292, 67, 238, 151.563, 100.331
1293, 67, 238, 151.41, 100.411
1294, 67, 238, 151.258, 100.504
1295, 67, 238, 151.147, 100.586
1296, 67, 238, 150.994, 100.665
1297, 67, 238, 150.841, 100.745
1298, 67, 238, 150.688, 100.825
1299, 67, 238, 150.578, 100.905
1300, 67, 238, 150.494, 100.985
1301, 67, 238, 150.341, 101.065
1302, 67, 238, 150.188, 101.145
1303, 67, 237, 150.429, 101.224
1304, 67, 237, 150.319, 101.302
1305, 67, 237, 150.055, 101.382
1306, 67, 237, 149.851, 101.462
1307, 67, 237, 149.681, 101.561
1308, 67, 237, 149.528, 101.641
1309, 67, 237, 149.375, 101.72
1310, 67, 237, 149.112, 101.799
1311, 67, 237, 149.028, 101.878
1312, 67, 237, 148.944, 101.957
1313, 67, 237, 148.834, 102.038
1314, 67, 237, 148.75, 102.117
1315, 67, 237, 148.486, 102.196
1316, 67, 237, 148.403, 102.274
1317, 67, 237, 148.319, 102.352
1318, 67, 237, 148.235, 102.429
1319, 67, 237, 148.124, 102.508
1320, 67, 237, 148.014, 102.587
1321, 67, 237, 147.903, 102.666
1322, 67, 237, 147.85, 102.743
1323, 67, 237, 147.767, 102.822
1324, 67, 237, 147.683, 102.9
1325, 67, 236, 147.873, 102.979
1326, 67, 236, 147.762, 103.058
1327, 67, 236, 147.652, 103.137
1328, 67, 236, 147.499, 103.215
1329, 67, 236, 147.294, 103.294
1330, 67, 236, 147.141, 103.373
1331, 67, 236, 147.105, 103.451
1332, 67, 236, 147.052, 103.53
1333, 67, 236, 146.999, 103.608
1334, 67, 236, 146.946, 103.687
1335, 67, 236, 146.902, 103.765
1336, 67, 236, 146.871, 103.854
1337, 67, 236, 146.831, 103.934
1338, 67, 236, 146.794, 104.014
1339, 67, 236, 146.727, 104.092
1340, 67, 236, 146.643, 104.171
1341, 67, 236, 146.49, 104.249
1342, 67, 235, 146.731, 104.327
1343, 67, 235, 146.953, 104.405
1344, 67, 234, 147.195, 104.484
1345, 67, 234, 146.99, 104.562
1346, 67, 234, 146.837, 104.64
1347, 67, 234, 146.753, 104.718
1348, 67, 234, 146.583, 104.796
1349, 67, 234, 146.473, 104.874
1350, 67, 234, 146.38, 104.952
1351, 67, 234, 146.296, 105.03
1352, 67, 234, 146.186, 105.108
1353, 67, 234, 146.102, 105.186
1354, 67, 234, 146.018, 105.264
1355, 67, 233, 146.167, 105.342
1356, 67, 233, 146.123, 105.42
1357, 67, 233, 146.055, 105.498
1358, 67, 233, 145.971, 105.576
1359, 67, 233, 145.927, 105.654
1360, 67, 233, 145.874, 105.734
1361, 67, 233, 145.791, 105.812
1362, 67, 233, 145.707, 105.89
1363, 67, 233, 145.596, 105.969
1364, 67, 233, 145.333, 106.051
1365, 67, 233, 145.249, 106.129
1366, 67, 233, 145.165, 106.207
1367, 67, 233, 145.081, 106.285
1368, 67, 233, 144.988, 106.363
1369, 67, 233, 144.904, 106.442
1370, 67, 233, 145.068, 106.52
1371, 67, 233, 144.804, 106.599
1372, 67, 233, 144.634, 106.677
1373, 67, 232, 144.875, 106.755
1374, 67, 232, 144.671, 106.833
1375, 67, 232, 144.518, 106.91
1376, 67, 232, 144.365, 106.989
1377, 67, 232, 144.195, 107.067
1378, 67, 232, 144.025, 107.145
1379, 67, 232, 143.872, 107.235
1380, 67, 232, 143.719, 107.313
1381, 67, 232, 143.636, 107.391
1382, 67, 232, 143.525, 107.47
1383, 67, 232, 143.372, 107.549
1384, 67, 232, 143.262, 107.628
1385, 67, 232, 143.178, 107.706
1386, 67, 232, 142.914, 107.785
1387, 67, 231, 143.104, 107.862
1388, 67, 231, 142.994, 107.941
1389, 67, 231, 142.91, 108.021
1390, 67, 231, 142.826, 108.101
1391, 67, 231, 142.733, 108.18
1392, 67, 231, 142.649, 108.259
1393, 67, 231, 142.582, 108.339
1394, 67, 231, 142.704, 108.417
1395, 67, 231, 142.651, 108.496
1396, 67, 231, 142.558, 108.574
1397, 67, 231, 142.499, 108.652
1398, 67, 231, 142.415, 108.732
1399, 67, 231, 142.245, 108.811
1400, 67, 231, 142.135, 108.89
1401, 67, 231, 142.068, 108.968
1402, 67, 231, 141.984, 109.047
1403, 67, 230, 142.225, 109.125
1404, 67, 230, 142.021, 109.204
1405, 67, 230, 141.953, 109.284
1406, 67, 230, 141.886, 109.38
1407, 67, 230, 141.856, 109.46
1408, 67, 230, 141.803, 109.539
1409, 67, 229, 141.966, 109.618
1410, 67, 229, 141.898, 109.697
1411, 67, 229, 141.84, 109.776
1412, 67, 229, 141.786, 109.854
1413, 67, 229, 141.879, 109.933
1414, 67, 228, 142.042, 110.014
1415, 67, 228, 141.975, 110.094
1416, 67, 228, 141.922, 110.172
1417, 67, 228, 141.838, 110.252
1418, 67, 228, 141.685, 110.331
1419, 67, 227, 141.875, 110.41
1420, 67, 227, 141.764, 110.489
1421, 67, 227, 141.671, 110.591
1422, 67, 227, 141.604, 110.671
1423, 67, 227, 141.551, 110.75
1424, 67, 227, 141.521, 110.828
1425, 67, 227, 141.484, 110.907
1426, 67, 227, 141.417, 110.986
1427, 67, 227, 141.349, 111.066
1428, 67, 227, 141.305, 111.146
1429, 67, 227, 141.246, 111.225
1430, 67, 227, 141.21, 111.304
1431, 67, 227, 141.166, 111.382
1432, 67, 227, 141.122, 111.461
1433, 67, 227, 141.078, 111.541
1434, 67, 227, 141.033, 111.623
1435, 67, 227, 140.98, 111.702
1436, 67, 227, 140.959, 111.781
1437, 67, 226, 141.108, 111.861
1438, 67, 226, 141.064, 111.94
1439, 67, 226, 141.011, 112.022
1440, 67, 226, 140.958, 112.102
1441, 67, 226, 140.921, 112.182
1442, 67, 226, 140.891, 112.264
1443, 67, 226, 140.861, 112.345
1444, 67, 225, 141.009, 112.425
1445, 67, 225, 140.965, 112.505
1446, 67, 225, 140.921, 112.585
1447, 67, 225, 140.877, 112.666
1448, 67, 225, 140.824, 112.763
1449, 67, 225, 140.794, 112.844
1450, 67, 225, 140.757, 112.923
1451, 67, 225, 140.721, 113.004
1452, 67, 224, 140.862, 113.084
1453, 67, 224, 140.832, 113.165
1454, 67, 224, 140.795, 113.245
1455, 67, 224, 140.742, 113.325
1456, 67, 224, 140.689, 113.405
1457, 67, 224, 140.592, 113.485
1458, 67, 224, 140.525, 113.565
1459, 67, 224, 140.458, 113.646
1460, 67, 224, 140.414, 113.726
1461, 67, 224, 140.373, 113.806
1462, 67, 223, 140.522, 113.899
1463, 67, 223, 140.478, 113.98
1464, 67, 223, 140.441, 114.061
1465, 67, 223, 140.397, 114.14
1466, 67, 223, 140.36, 114.22
1467, 67, 223, 140.33, 114.3
1468, 67, 223, 140.309, 114.38
1469, 67, 223, 140.288, 114.461
1470, 67, 223, 140.261, 114.541
1471, 67, 223, 140.231, 114.621
1472, 67, 223, 140.204, 114.701
1473, 67, 222, 140.367, 114.815
1474, 67, 222, 140.299, 114.941
1475, 67, 222, 140.241, 115.058
1476, 67, 222, 140.188, 115.189
1477, 67, 222, 140.143, 115.307
1478, 67, 221, 140.306, 115.39
1479, 67, 221, 140.239, 115.47
1480, 67, 221, 140.146, 115.55
1481, 67, 221, 140.079, 115.63
1482, 67, 221, 140.035, 115.71
1483, 67, 221, 140.127, 115.79
1484, 67, 221, 140.068, 115.87
1485, 67, 221, 140.015, 115.951
1486, 67, 221, 139.962, 116.031
1487, 67, 221, 139.903, 116.11
1488, 67, 221, 139.837, 116.191
1489, 67, 221, 139.806, 116.271
1490, 67, 221, 139.766, 116.351
1491, 67, 220, 139.914, 116.43
1492, 67, 220, 139.87, 116.511
1493, 67, 219, 140.033, 116.591
1494, 67, 219, 139.966, 116.671
1495, 67, 219, 139.907, 116.751
1496, 67, 219, 139.854, 116.831
1497, 67, 219, 139.81, 116.912
1498, 67, 219, 139.766, 116.992
1499, 67, 219, 139.859, 117.073
1500, 67, 219, 139.815, 117.154
1501, 67, 219, 139.785, 117.245
1502, 67, 219, 139.758, 117.325
1503, 67, 219, 139.705, 117.406
1504, 67, 218, 139.868, 117.486
1505, 67, 218, 139.801, 117.57
1506, 67, 218, 139.771, 117.651
1507, 67, 218, 139.717, 117.731
1508, 67, 218, 139.634, 117.811
1509, 67, 218, 139.523, 117.891
1510, 67, 218, 139.413, 117.971
1511, 67, 218, 139.302, 118.053
1512, 67, 218, 139.218, 118.132
1513, 67, 218, 139.135, 118.212
1514, 67, 218, 139.041, 118.292
1515, 67, 218, 138.948, 118.372
1516, 67, 218, 138.865, 118.451
1517, 67, 218, 138.771, 118.53
1518, 67, 218, 138.688, 118.61
1519, 67, 218, 138.604, 118.689
1520, 67, 218, 138.52, 118.77
1521, 67, 218, 138.427, 118.849
1522, 67, 218, 138.276, 118.929
1523, 67, 218, 138.192, 119.009
1524, 67, 218, 138.041, 119.089
1525, 67, 218, 137.974, 119.169
1526, 67, 217, 138.163, 119.249
1527, 67, 217, 138.053, 119.328
1528, 67, 217, 137.969, 119.407
1529, 67, 217, 137.885, 119.487
1530, 67, 217, 137.801, 119.567
1531, 67, 217, 137.718, 119.647
1532, 67, 216, 137.907, 119.726
1533, 67, 216, 137.797, 119.806
1534, 67, 216, 137.729, 119.885
1535, 67, 216, 137.578, 119.965
1536, 67, 216, 137.525, 120.045
1537, 67, 216, 137.458, 120.125
1538, 67, 216, 137.347, 120.204
1539, 67, 216, 137.294, 120.283
1540, 67, 216, 137.25, 120.362
1541, 67, 216, 137.197, 120.441
1542, 67, 216, 137.114, 120.53
1543, 67, 216, 137.098, 120.61
1544, 67, 216, 137.071, 120.69
1545, 67, 216, 137.05, 120.768
1546, 67, 216, 137.029, 120.848
1547, 67, 216, 136.962, 120.927
1548, 67, 216, 136.909, 121.006
1549, 67, 216, 136.85, 121.086
1550, 67, 216, 136.797, 121.166
1551, 67, 216, 136.756, 121.245
1552, 67, 216, 136.72, 121.324
1553, 67, 216, 136.683, 121.404
1554, 67, 216, 136.624, 121.483
1555, 67, 216, 136.594, 121.563
1556, 67, 216, 136.535, 121.643
1557, 67, 216, 136.505, 121.723
1558, 67, 216, 136.475, 121.802
1559, 67, 216, 136.453, 121.882
1560, 67, 216, 136.438, 121.962
1561, 67, 216, 136.475, 122.041
1562, 67, 216, 136.455, 122.12
1563, 67, 216, 136.425, 122.199
1564, 67, 216, 136.413, 122.279
1565, 67, 216, 136.402, 122.358
1566, 67, 216, 136.379, 122.437
1567, 67, 216, 136.352, 122.516
1568, 67, 216, 136.331, 122.596
1569, 67, 216, 136.278, 122.675
1570, 67, 216, 136.194, 122.754
1571, 67, 216, 136.11, 122.834
1572, 67, 216, 136.043, 122.912
1573, 67, 216, 135.975, 122.99
1574, 67, 216, 135.922, 123.069
1575, 67, 216, 135.869, 123.148
1576, 67, 216, 135.816, 123.227
1577, 67, 216, 135.808, 123.306
1578, 67, 216, 135.788, 123.385
1579, 67, 216, 135.751, 123.464
1580, 67, 216, 135.714, 123.543
1581, 67, 216, 135.693, 123.623
1582, 67, 216, 135.673, 123.702
1583, 67, 216, 135.629, 123.782
1584, 67, 216, 135.562, 123.869
1585, 67, 216, 135.465, 123.948
1586, 67, 216, 135.421, 124.027
1587, 67, 216, 135.354, 124.107
1588, 67, 216, 135.295, 124.186
1589, 67, 216, 135.242, 124.265
1590, 67, 216, 135.189, 124.344
1591, 67, 216, 135.159, 124.423
1592, 67, 215, 135.307, 124.503
1593, 67, 215, 135.263, 124.582
1594, 67, 215, 135.21, 124.661
1595, 67, 215, 135.18, 124.74
1596, 67, 215, 135.143, 124.819
1597, 67, 215, 135.103, 124.898
1598, 67, 215, 135.066, 124.978
1599, 67, 215, 135.045, 125.056
1600, 67, 215, 135.027, 125.136
1601, 67, 215, 135.011, 125.215
1602, 67, 215, 134.974, 125.295
1603, 67, 215, 134.944, 125.374
1604, 67, 215, 134.914, 125.454
1605, 67, 215, 134.866, 125.533
1606, 67, 215, 134.825, 125.674
1607, 67, 215, 134.788, 125.755
1608, 67, 215, 134.758, 125.835
1609, 67, 215, 134.737, 125.915
1610, 67, 215, 134.707, 125.994
1611, 67, 215, 134.658, 126.075
1612, 67, 215, 134.637, 126.155
1613, 67, 215, 134.584, 126.235
1614, 67, 215, 134.491, 126.343
1615, 67, 215, 134.424, 126.425
1616, 67, 215, 134.393, 126.505
1617, 67, 215, 134.357, 126.585
1618, 67, 215, 134.289, 126.665
1619, 67, 215, 134.253, 126.744
1620, 67, 215, 134.216, 126.824
1621, 67, 215, 134.339, 126.904
1622, 67, 215, 134.295, 126.985
1623, 67, 215, 134.254, 127.064
1624, 67, 215, 134.233, 127.144
1625, 67, 215, 134.196, 127.245
1626, 67, 215, 134.112, 127.326
1627, 67, 215, 134.045, 127.407
1628, 67, 214, 134.208, 127.487
1629, 67, 214, 134.155, 127.566
1630, 67, 214, 134.111, 127.648
1631, 67, 214, 134.043, 127.729
1632, 67, 214, 133.999, 127.809
1633, 67, 214, 133.932, 127.89
1634, 67, 214, 133.879, 127.969
1635, 67, 214, 134.001, 128.049
1636, 67, 214, 133.934, 128.13
1637, 67, 214, 133.85, 128.209
1638, 67, 214, 133.587, 128.289
1639, 67, 214, 133.434, 128.369
1640, 67, 214, 133.264, 128.448
1641, 67, 214, 133.427, 128.528
1642, 67, 214, 133.343, 128.608
1643, 67, 214, 133.139, 128.689
1644, 67, 214, 132.986, 128.769
1645, 67, 214, 132.833, 128.849
1646, 67, 214, 132.68, 128.929
1647, 67, 213, 132.921, 129.009
1648, 67, 213, 132.717, 129.089
1649, 67, 213, 132.302, 129.169
1650, 67, 213, 132.149, 129.249
1651, 67, 213, 131.979, 129.329
1652, 67, 213, 131.868, 129.425
1653, 67, 213, 131.784, 129.51
1654, 67, 213, 131.701, 129.591
1655, 67, 213, 131.617, 129.673
1656, 67, 213, 131.533, 129.753
1657, 67, 212, 131.723, 129.833
1658, 67, 212, 131.612, 129.914
1659, 67, 212, 131.459, 129.993
1660, 67, 212, 131.376, 130.086
1661, 67, 212, 131.112, 130.167
1662, 67, 212, 131.275, 130.247
1663, 67, 212, 131.105, 130.327
1664, 67, 212, 130.935, 130.408
1665, 67, 212, 130.842, 130.488
1666, 67, 212, 130.749, 130.578
1667, 67, 212, 130.665, 130.659
1668, 67, 212, 130.582, 130.739
1669, 67, 212, 130.43, 130.82
1670, 67, 212, 130.337, 130.9
1671, 67, 212, 130.253, 130.981
1672, 67, 212, 130.17, 131.061
1673, 67, 212, 130.017, 131.141
1674, 68, 212, 130.015, 131.368
1675, 69, 212, 130.014, 131.706
1676, 70, 212, 130.012, 132.065
1677, 71, 212, 130.011, 132.414
1678, 72, 212, 130.009, 132.543
1679, 73, 212, 130.008, 132.874
1680, 74, 212, 130.006, 133.136
1681, 75, 212, 130.005, 133.402
1682, 76, 212, 130.004, 133.673
1683, 77, 212, 130.003, 133.977
1684, 78, 212, 130.001, 134.28
1685, 79, 212, 130, 134.589
1686, 80, 212, 129.999, 134.904
1687, 81, 212, 129.998, 134.985
1688, 82, 212, 129.997, 135.315
1689, 83, 212, 129.996, 135.654
1690, 84, 212, 129.995, 136
1691, 85, 212, 129.994, 136.354
1692, 86, 212, 129.993, 136.716
1693, 87, 212, 129.992, 137.088
1694, 88, 212, 129.991, 137.47
1695, 89, 212, 129.99, 137.853
1696, 90, 212, 129.989, 138.25
1697, 91, 212, 129.988, 138.655
1698, 91, 212, 129.94, 138.735
1699, 91, 212, 129.873, 138.816
1700, 91, 212, 129.789, 138.896
1701, 91, 212, 129.374, 138.976
1702, 91, 212, 129.221, 139.056
1703, 91, 212, 128.806, 139.136
1704, 91, 212, 128.636, 139.216
1705, 91, 212, 128.483, 139.296
1706, 91, 211, 128.673, 139.377
1707, 91, 211, 128.563, 139.457
1708, 91, 211, 128.393, 139.537
1709, 91, 211, 128.299, 139.617
1710, 91, 211, 128.216, 139.697
1711, 91, 211, 128.063, 139.776
1712, 91, 211, 127.979, 139.858
1713, 91, 211, 127.935, 139.939
1714, 91, 211, 127.842, 140.033
1715, 91, 211, 127.774, 140.126
1716, 91, 211, 127.691, 140.207
1717, 91, 211, 127.607, 140.287
1718, 91, 211, 127.523, 140.367
1719, 91, 211, 127.413, 140.449
1720, 91, 211, 127.329, 140.536
1721, 91, 211, 127.245, 140.616
1722, 91, 211, 127.161, 140.696
1723, 91, 211, 127.077, 140.776
1724, 91, 211, 126.994, 140.856
1725, 91, 211, 126.91, 140.935
1726, 91, 211, 126.826, 141.017
1727, 91, 211, 126.675, 141.097
1728, 91, 211, 126.591, 141.176
1729, 91, 211, 126.498, 141.256
1730, 91, 211, 126.347, 141.335
1731, 91, 211, 126.254, 141.416
1732, 91, 211, 126.186, 141.495
1733, 91, 211, 126.142, 141.575
1734, 91, 211, 126.098, 141.655
1735, 91, 211, 126.045, 141.734
1736, 91, 211, 125.892, 141.814
1737, 92, 211, 125.891, 142.224
1738, 93, 211, 125.891, 142.644
1739, 94, 211, 125.89, 143.074
1740, 95, 211, 125.889, 143.153
1741, 96, 211, 125.888, 143.601
1742, 96, 211, 125.84, 144.074
1743, 96, 211, 125.773, 144.157
1744, 97, 211, 125.772, 144.608
1745, 98, 211, 125.771, 145.07
1746, 99, 211, 125.771, 145.55
1747, 100, 211, 125.77, 146.06
1748, 101, 211, 125.769, 146.15
1749, 102, 211, 125.769, 146.67
1750, 103, 211, 125.768, 147.215
1751, 104, 211, 125.767, 147.791
1752, 105, 211, 125.767, 148.583
1753, 106, 211, 125.766, 149.254
1754, 107, 211, 125.765, 149.848
1755, 108, 211, 125.765, 150.447
1756, 109, 211, 125.764, 151.076
1757, 110, 211, 125.764, 151.697
1758, 111, 211, 125.763, 152.317
1759, 112, 211, 125.763, 152.952
1760, 113, 211, 125.762, 153.598
1761, 113, 211, 125.726, 154.294
1762, 113, 211, 125.659, 154.377
1763, 113, 211, 125.575, 154.457
1764, 113, 211, 125.531, 154.538
1765, 113, 211, 125.495, 155.221
1766, 113, 211, 125.442, 155.302
1767, 114, 211, 125.442, 155.979
1768, 115, 211, 125.441, 156.671
1769, 116, 211, 125.441, 157.382
1770, 117, 211, 125.44, 158.09
1771, 118, 211, 125.44, 158.169
1772, 119, 211, 125.439, 158.909
1773, 120, 211, 125.439, 159.661
1774, 121, 211, 125.438, 160.424
1775, 122, 211, 125.438, 161.208
1776, 123, 211, 125.437, 162.014
1777, 124, 211, 125.437, 162.874
1778, 125, 211, 125.437, 163.768
1779, 126, 211, 125.436, 164.879
1780, 127, 211, 125.436, 165.902
1781, 128, 211, 125.435, 166.835
1782, 129, 211, 125.435, 167.774
1783, 130, 211, 125.434, 167.856
1784, 131, 211, 125.434, 168.816
1785, 132, 211, 125.434, 169.781
1786, 133, 211, 125.433, 170.763
1787, 134, 211, 125.433, 171.754
1788, 135, 211, 125.433, 172.773
1789, 136, 211, 125.432, 172.852
1790, 136, 211, 125.405, 173.903
1791, 136, 211, 125.361, 173.984
1792, 136, 211, 125.268, 174.063
1793, 136, 211, 125.209, 174.142
1794, 136, 211, 125.156, 174.222
1795, 136, 211, 124.986, 174.301
1796, 136, 211, 124.902, 174.38
1797, 136, 211, 124.849, 174.459
1798, 136, 211, 124.79, 174.54
1799, 136, 211, 124.76, 174.631
1800, 136, 211, 124.701, 174.71
1801, 136, 211, 124.66, 174.789
1802, 136, 211, 124.624, 174.869
1803, 136, 211, 124.54, 174.949
1804, 136, 211, 124.487, 175.028
1805, 136, 211, 124.434, 175.108
1806, 136, 211, 124.35, 175.188
1807, 136, 211, 124.266, 175.268
1808, 136, 211, 124.389, 175.347
1809, 136, 211, 124.336, 175.427
1810, 136, 211, 124.299, 175.506
1811, 136, 211, 124.246, 175.585
1812, 136, 211, 124.193, 175.664
1813, 136, 211, 124.14, 175.762
1814, 136, 211, 124.03, 175.889
1815, 136, 211, 123.877, 175.97
1816, 136, 211, 123.707, 176.049
1817, 136, 211, 123.554, 176.129
1818, 136, 211, 123.401, 176.208
1819, 136, 211, 123.248, 176.288
1820, 136, 211, 123.078, 176.367
1821, 136, 211, 122.994, 176.447
1822, 136, 211, 122.884, 176.527
1823, 136, 211, 122.8, 176.607
1824, 136, 211, 122.716, 176.687
1825, 136, 211, 122.632, 176.767
1826, 136, 211, 122.549, 176.846
1827, 136, 211, 122.396, 176.925
1828, 136, 211, 122.243, 177.005
1829, 136, 211, 122.159, 177.084
1830, 136, 211, 122.075, 177.173
1831, 136, 211, 121.991, 177.268
1832, 136, 211, 121.908, 177.349
1833, 136, 211, 121.824, 177.429
1834, 136, 211, 121.74, 177.509
1835, 136, 211, 121.656, 177.589
1836, 136, 211, 121.603, 177.668
1837, 136, 211, 121.55, 177.747
1838, 136, 211, 121.399, 177.826
1839, 136, 211, 121.315, 177.904
1840, 136, 211, 121.262, 177.984
1841, 136, 211, 121.178, 178.073
1842, 136, 211, 121.095, 178.154
1843, 136, 211, 121.027, 178.234
1844, 136, 211, 120.917, 178.312
1845, 136, 211, 120.806, 178.392
1846, 136, 211, 120.722, 178.471
1847, 136, 211, 120.612, 178.551
1848, 136, 211, 120.559, 178.63
1849, 136, 211, 120.466, 178.71
1850, 136, 211, 120.399, 178.79
1851, 136, 211, 120.315, 178.87
1852, 136, 211, 120.479, 178.949
1853, 136, 211, 120.435, 179.03
1854, 136, 211, 120.351, 179.109
1855, 136, 211, 120.283, 179.189
1856, 136, 211, 120.225, 179.269
1857, 136, 211, 120.172, 179.348
1858, 136, 211, 120.113, 179.444
1859, 136, 211, 120.045, 179.525
1860, 136, 211, 119.992, 179.604
1861, 136, 211, 119.841, 179.684
1862, 136, 211, 119.788, 179.763
1863, 136, 211, 119.704, 179.842
1864, 136, 211, 119.621, 179.922
1865, 136, 211, 119.451, 180.002
1866, 136, 211, 119.34, 180.082
1867, 136, 211, 119.247, 180.162
1868, 136, 211, 119.163, 180.241
1869, 136, 211, 119.11, 180.321
1870, 136, 211, 118.959, 180.4
1871, 136, 210, 119.149, 180.48
1872, 136, 210, 119.038, 180.573
1873, 136, 210, 118.985, 180.653
1874, 136, 210, 118.941, 180.733
1875, 136, 210, 118.905, 180.812
1876, 136, 210, 118.837, 180.892
1877, 136, 210, 118.907, 180.971
1878, 136, 210, 118.867, 181.051
1879, 136, 210, 118.83, 181.131
1880, 136, 210, 118.786, 181.211
1881, 136, 210, 118.702, 181.291
1882, 136, 210, 118.769, 182.486
1883, 137, 210, 118.769, 183.541
1884, 138, 210, 118.768, 184.631
1885, 139, 210, 118.768, 184.714
1886, 140, 210, 118.768, 185.829
1887, 141, 210, 118.767, 186.976
1888, 142, 210, 118.767, 188.186
1889, 143, 210, 118.767, 189.436
1890, 144, 210, 118.766, 190.677
1891, 145, 210, 118.766, 191.908
1892, 146, 210, 118.766, 193.134
1893, 147, 210, 118.766, 194.406
1894, 148, 210, 118.765, 195.685
1895, 149, 210, 118.765, 196.988
1896, 150, 210, 118.765, 198.343
1897, 151, 210, 118.764, 199.921
1898, 152, 210, 118.764, 201.334
1899, 153, 210, 118.764, 202.76
1900, 154, 210, 118.764, 204.494
1901, 155, 210, 118.763, 205.964
1902, 156, 210, 118.763, 206.045
1903, 156, 210, 118.742, 206.127
1904, 156, 210, 118.72, 206.21
1905, 156, 210, 118.684, 206.291
1906, 156, 210, 118.636, 206.372
1907, 157, 210, 118.635, 207.871
1908, 158, 210, 118.635, 209.382
1909, 159, 210, 118.635, 210.926
1910, 160, 210, 118.635, 212.469
1911, 161, 210, 118.634, 212.549
1912, 162, 210, 118.634, 214.183
1913, 163, 210, 118.634, 216.019
1914, 163, 210, 118.596, 217.906
1915, 163, 210, 118.543, 218.031
1916, 163, 210, 118.49, 218.156
1917, 163, 210, 118.437, 218.245
1918, 163, 209, 118.6, 218.326
1919, 163, 209, 118.533, 218.41
1920, 163, 209, 118.496, 218.491
1921, 163, 209, 118.452, 218.574
1922, 163, 209, 118.369, 218.683
1923, 163, 208, 118.558, 218.766
1924, 163, 208, 118.448, 218.848
1925, 163, 208, 118.355, 218.93
1926, 163, 208, 118.287, 219.012
1927, 163, 208, 118.234, 219.094
1928, 163, 208, 118.181, 219.21
1929, 163, 208, 118.128, 219.314
1930, 163, 208, 118.075, 219.449
1931, 163, 208, 117.978, 219.536
1932, 163, 208, 117.925, 219.676
1933, 163, 208, 117.866, 219.823
1934, 163, 208, 117.769, 219.94
1935, 163, 208, 117.716, 220.022
1936, 163, 208, 117.649, 220.103
1937, 163, 208, 117.591, 220.184
1938, 163, 208, 117.56, 220.265
1939, 163, 208, 117.53, 220.345
1940, 163, 207, 117.679, 220.426
1941, 163, 207, 117.635, 220.522
1942, 163, 207, 117.598, 220.604
1943, 163, 207, 117.562, 220.684
1944, 164, 207, 117.561, 222.356
1945, 165, 207, 117.561, 224.03
1946, 166, 207, 117.561, 225.706
1947, 167, 207, 117.561, 227.511
1948, 168, 207, 117.56, 229.269
1949, 169, 207, 117.56, 231.061
1950, 170, 207, 117.56, 233.071
1951, 171, 207, 117.56, 234.966
1952, 172, 207, 117.56, 236.891
1953, 173, 207, 117.559, 238.823
1954, 174, 207, 117.559, 240.798
1955, 175, 207, 117.559, 242.747
1956, 176, 207, 117.559, 244.763
1957, 177, 207, 117.558, 246.782
1958, 178, 207, 117.558, 249.012
1959, 179, 207, 117.558, 251.14
1960, 180, 207, 117.558, 253.276
1961, 181, 207, 117.558, 255.438
1962, 181, 207, 117.528, 255.519
1963, 181, 207, 117.498, 255.6
1964, 181, 207, 117.439, 255.68
1965, 181, 207, 117.402, 255.761
1966, 181, 207, 117.318, 255.842
1967, 182, 207, 117.318, 258
1968, 183, 207, 117.318, 260.939
1969, 183, 207, 117.301, 264.673
1970, 183, 207, 117.271, 264.77
1971, 183, 207, 117.245, 264.9
1972, 183, 207, 117.2, 265.019
1973, 183, 206, 117.364, 265.137
1974, 183, 206, 117.296, 265.23
1975, 183, 206, 117.199, 265.326
1976, 183, 206, 117.132, 265.407
1977, 183, 206, 117.039, 265.489
1978, 183, 206, 116.971, 265.571
1979, 183, 206, 116.935, 265.651
1980, 183, 206, 116.882, 265.733
1981, 183, 206, 116.855, 265.813
1982, 183, 206, 116.802, 265.895
1983, 183, 206, 116.735, 265.976
1984, 183, 206, 116.691, 266.058
1985, 183, 206, 116.728, 266.139
1986, 183, 206, 116.807, 266.221
1987, 183, 206, 116.784, 266.304
1988, 183, 206, 116.868, 266.385
1989, 183, 206, 116.848, 266.476
1990, 183, 206, 116.918, 266.56
1991, 183, 206, 116.888, 266.642
1992, 183, 206, 116.843, 266.724
1993, 183, 206, 116.785, 266.806
1994, 183, 206, 116.726, 266.887
1995, 183, 206, 116.673, 266.969
1996, 183, 206, 116.642, 267.049
1997, 183, 206, 116.576, 267.131
1998, 183, 206, 116.425, 267.228
1999, 183, 206, 116.384, 267.311
2000, 183, 206, 116.343, 267.392
2001, 183, 206, 116.307, 267.473
2002, 183, 206, 116.266, 267.554
2003, 183, 205, 116.415, 267.635
2004, 183, 205, 116.371, 267.717
2005, 183, 205, 116.274, 267.798
2006, 183, 205, 116.221, 267.879
2007, 183, 205, 116.29, 267.961
2008, 183, 205, 116.224, 268.043
2009, 183, 205, 116.171, 268.124
2010, 183, 205, 116.118, 268.205
2011, 183, 205, 116.021, 268.286
2012, 183, 205, 115.953, 268.368
2013, 183, 205, 115.886, 268.449
2014, 183, 205, 115.842, 268.532
2015, 183, 205, 115.789, 268.613
2016, 183, 205, 115.736, 268.695
2017, 183, 205, 115.683, 268.776
2018, 183, 205, 115.639, 268.856
2019, 183, 205, 115.58, 268.938
2020, 183, 205, 115.527, 269.019
2021, 183, 205, 115.474, 269.101
2022, 183, 205, 115.323, 269.182
2023, 183, 205, 115.255, 269.264
2024, 183, 205, 115.188, 269.345
2025, 183, 204, 115.351, 269.426
2026, 183, 204, 115.284, 269.507
2027, 183, 204, 115.231, 269.589
2028, 183, 204, 115.187, 269.67
2029, 183, 204, 115.128, 269.751
2030, 183, 204, 115.262, 269.833
2031, 183, 204, 115.221, 269.913
2032, 183, 204, 115.191, 269.995
2033, 183, 204, 115.164, 270.076
2034, 183, 204, 115.116, 270.157
2035, 183, 203, 115.265, 270.238
2036, 183, 203, 115.221, 270.322
2037, 183, 203, 115.19, 270.403
2038, 183, 203, 115.16, 270.484
2039, 183, 203, 115.12, 270.573
2040, 183, 203, 115.098, 270.654
2041, 183, 203, 115.058, 270.736
2042, 183, 203, 115.021, 270.816
2043, 183, 203, 114.991, 270.898
2044, 183, 203, 114.97, 270.979
2045, 183, 203, 114.922, 271.059
2046, 183, 203, 114.886, 271.14
2047, 183, 203, 114.845, 271.22
2048, 183, 203, 114.808, 271.301
2049, 183, 203, 114.779, 271.388
2050, 183, 203, 114.752, 271.469
2051, 183, 203, 114.725, 271.55
2052, 183, 203, 114.688, 271.631
2053, 183, 203, 114.648, 271.712
2054, 183, 203, 114.621, 271.792
2055, 183, 203, 114.58, 271.873
2056, 183, 203, 114.559, 271.955
2057, 183, 203, 114.518, 272.036
2058, 183, 203, 114.489, 272.115
2059, 183, 203, 114.467, 272.196
2060, 183, 203, 114.446, 272.277
2061, 183, 203, 114.43, 272.358
2062, 183, 203, 114.409, 272.44
2063, 183, 203, 114.382, 272.52
2064, 183, 203, 114.323, 272.602
2065, 183, 203, 114.293, 272.683
2066, 183, 203, 114.266, 272.764
2067, 183, 203, 114.24, 272.845
2068, 183, 203, 114.297, 272.926
2069, 183, 203, 114.291, 273.007
2070, 183, 203, 114.282, 273.087
2071, 183, 203, 114.252, 273.169
2072, 183, 203, 114.237, 273.249
2073, 183, 203, 114.207, 273.33
2074, 183, 203, 114.187, 273.41
2075, 183, 203, 114.16, 273.491
2076, 183, 203, 114.14, 273.572
2077, 183, 203, 114.118, 273.652
2078, 183, 203, 114.098, 273.732
2079, 183, 203, 114.082, 273.814
2080, 183, 203, 114.067, 273.906
2081, 183, 203, 114.051, 273.986
2082, 183, 203, 114.039, 274.067
2083, 183, 203, 114.024, 274.148
2084, 183, 203, 113.994, 274.229
2085, 183, 203, 113.964, 274.31
2086, 183, 203, 113.927, 274.39
2087, 183, 203, 113.883, 274.47
2088, 183, 203, 113.786, 274.551
2089, 183, 203, 113.749, 274.634
2090, 183, 203, 113.719, 274.714
2091, 183, 203, 113.689, 274.795
2092, 183, 203, 113.659, 274.876
2093, 183, 203, 113.591, 274.957
2094, 183, 203, 113.421, 275.038
2095, 183, 203, 113.584, 275.119
2096, 183, 203, 113.474, 275.199
2097, 183, 203, 113.39, 275.279
2098, 183, 203, 113.297, 275.36
2099, 183, 203, 113.23, 275.441
2100, 183, 203, 112.966, 275.522
2101, 183, 203, 112.813, 275.602
2102, 183, 203, 112.66, 275.683
2103, 183, 203, 112.245, 275.764
2104, 183, 203, 111.872, 275.844
2105, 183, 203, 111.719, 275.924
2106, 183, 203, 111.566, 276.005
2107, 183, 203, 111.829, 276.103
2108, 183, 203, 111.676, 276.224
2109, 183, 203, 111.472, 276.306
2110, 183, 203, 111.379, 276.386
2111, 183, 203, 111.295, 276.467
2112, 183, 203, 111.125, 276.548
2113, 183, 203, 110.972, 276.628
2114, 183, 203, 110.819, 276.709
2115, 183, 203, 110.446, 276.79
2116, 183, 203, 110.241, 276.871
2117, 183, 203, 109.867, 276.951
2118, 183, 203, 109.715, 277.032
2119, 183, 203, 109.562, 277.113
2120, 183, 203, 108.925, 277.211
2121, 183, 203, 108.772, 277.294
2122, 183, 203, 108.602, 277.374
2123, 183, 203, 108.449, 277.455
2124, 183, 203, 108.296, 277.535
2125, 183, 203, 108.143, 277.622
2126, 183, 203, 107.938, 277.702
2127, 183, 203, 107.734, 277.783
2128, 183, 203, 107.564, 277.864
2129, 183, 203, 107.411, 277.945
2130, 183, 203, 107.258, 278.025
2131, 183, 203, 107.054, 278.107
2132, 184, 203, 107.039, 278.194
2133, 185, 203, 107.027, 278.282
2134, 186, 203, 107.017, 278.371
2135, 187, 203, 107.009, 278.462
2136, 188, 203, 107.001, 278.555
2137, 189, 203, 106.995, 278.649
2138, 190, 203, 106.989, 278.746
2139, 190, 203, 106.905, 278.846
2140, 190, 203, 106.795, 278.926
2141, 190, 203, 106.642, 279.007
2142, 190, 203, 106.268, 279.087
2143, 190, 203, 105.853, 279.168
2144, 190, 203, 105.48, 279.252
2145, 190, 203, 105.31, 279.332
2146, 190, 203, 105.157, 279.428
2147, 190, 203, 105.073, 279.51
2148, 190, 202, 105.314, 279.59
2149, 190, 202, 105.161, 279.67
2150, 190, 202, 105.009, 279.75
2151, 190, 202, 104.804, 279.83
2152, 190, 201, 104.994, 279.91
2153, 190, 201, 104.883, 280.009
2154, 190, 201, 104.73, 280.09
2155, 190, 201, 104.577, 280.17
2156, 190, 201, 104.407, 280.25
2157, 190, 201, 104.297, 280.332
2158, 190, 201, 104.127, 280.413
2159, 190, 201, 104.034, 280.506
2160, 190, 201, 103.881, 280.589
2161, 190, 201, 103.676, 280.67
2162, 190, 201, 103.593, 280.769
2163, 190, 201, 103.482, 280.85
2164, 191, 201, 103.477, 280.951
2165, 192, 201, 103.473, 281.054
2166, 192, 201, 103.595, 281.16
2167, 193, 201, 103.591, 281.265
2168, 194, 201, 103.587, 281.374
2169, 195, 201, 103.584, 281.53
2170, 196, 201, 103.581, 281.699
2171, 197, 201, 103.578, 281.864
2172, 198, 201, 103.576, 282.007
2173, 199, 201, 103.574, 282.138
2174, 199, 201, 103.521, 282.271
2175, 199, 201, 103.437, 282.352
2176, 199, 201, 103.384, 282.485
2177, 199, 201, 103.3, 282.566
2178, 199, 201, 103.216, 282.647
2179, 199, 201, 103.132, 282.727
2180, 199, 201, 103.049, 282.808
2181, 199, 201, 102.896, 282.888
2182, 199, 201, 102.828, 282.969
2183, 199, 201, 102.761, 283.049
2184, 199, 201, 102.608, 283.13
2185, 199, 201, 102.555, 283.21
2186, 199, 201, 102.471, 283.292
2187, 199, 201, 102.361, 283.375
2188, 199, 201, 102.208, 283.456
2189, 199, 201, 101.793, 283.538
2190, 199, 201, 101.64, 283.619
2191, 199, 201, 101.47, 283.701
2192, 199, 201, 101.359, 283.783
2193, 199, 201, 101.276, 283.881
2194, 199, 201, 101.125, 283.963
2195, 199, 201, 101.041, 284.044
2196, 199, 201, 100.888, 284.126
2197, 199, 200, 101.129, 284.208
2198, 199, 200, 100.925, 284.289
2199, 199, 200, 100.51, 284.371
2200, 199, 200, 100.357, 284.452
2201, 199, 200, 100.204, 284.534
2202, 199, 200, 100.093, 284.616
2203, 199, 200, 100.009, 284.697
2204, 199, 200, 99.7053, 284.779
2205, 199, 199, 99.8951, 284.861
2206, 199, 199, 99.7846, 284.942
2207, 199, 199, 99.6915, 285.024
2208, 199, 199, 99.6077, 285.105
2209, 199, 199, 99.5403, 285.186
2210, 199, 199, 99.4565, 285.268
2211, 199, 199, 99.3036, 285.353
2212, 199, 199, 99.1337, 285.435
2213, 199, 199, 98.9807, 285.516
2214, 199, 199, 98.8969, 285.598
2215, 199, 199, 98.8131, 285.681
2216, 199, 199, 98.72, 285.763
2217, 199, 199, 98.667, 285.844
2218, 199, 199, 98.5832, 285.928
2219, 199, 198, 98.773, 286.011
2220, 199, 198, 98.6625, 286.094
2221, 199, 198, 98.5787, 286.176
2222, 199, 198, 98.4087, 286.258
2223, 199, 198, 98.5718, 286.34
2224, 199, 198, 98.488, 286.422
2225, 199, 198, 98.4042, 286.507
2226, 199, 198, 98.3453, 286.588
2227, 199, 198, 98.1941, 286.671
2228, 199, 198, 98.1103, 286.753
2229, 199, 198, 98.0265, 286.835
2230, 199, 198, 97.9592, 286.918
2231, 199, 198, 97.8919, 287.025
2232, 199, 198, 97.7987, 287.133
2233, 199, 198, 97.7314, 287.229
2234, 199, 198, 97.6873, 287.311
2235, 199, 198, 97.6432, 287.393
2236, 199, 198, 97.5902, 287.476
2237, 199, 197, 97.7533, 287.557
2238, 199, 197, 97.6859, 287.64
2239, 199, 197, 97.6418, 287.722
2240, 199, 197, 97.5977, 287.805
2241, 199, 197, 97.5447, 287.887
2242, 199, 197, 97.5007, 287.97
2243, 199, 197, 97.4641, 288.052
2244, 199, 197, 97.4275, 288.134
2245, 199, 197, 97.3909, 288.217
2246, 199, 197, 97.3468, 288.3
2247, 199, 197, 97.2497, 288.382
2248, 199, 197, 97.1967, 288.464
2249, 199, 197, 97.2667, 288.547
2250, 199, 197, 97.1999, 288.63
2251, 199, 197, 97.1469, 288.712
2252, 199, 197, 97.0537, 288.794
2253, 199, 197, 96.9026, 288.877
2254, 199, 197, 96.7327, 288.959
2255, 199, 197, 96.6489, 289.04
2256, 199, 197, 96.5959, 289.123
2257, 199, 197, 96.537, 289.205
2258, 199, 197, 96.5068, 289.287
2259, 199, 197, 96.4538, 289.369
2260, 199, 197, 96.4097, 289.451
2261, 199, 197, 96.3567, 289.534
2262, 199, 197, 96.3037, 289.616
2263, 199, 197, 96.1932, 289.698
2264, 199, 197, 96.1343, 289.78
2265, 199, 197, 96.0813, 289.863
2266, 199, 197, 95.9882, 289.945
2267, 199, 197, 95.9044, 290.027
2268, 199, 197, 95.8206, 290.109
2269, 199, 197, 95.6676, 290.192
2270, 199, 197, 95.5147, 290.285
2271, 199, 197, 95.3448, 290.37
2272, 199, 197, 95.2343, 290.452
2273, 199, 197, 95.0643, 290.543
2274, 199, 197, 94.9538, 290.624
2275, 199, 197, 94.8607, 290.705
2276, 199, 197, 94.7769, 290.787
2277, 199, 197, 94.607, 290.869
2278, 199, 197, 94.5139, 290.95
2279, 199, 197, 94.4301, 291.032
2280, 199, 197, 94.3196, 291.114
2281, 200, 197, 94.3175, 291.248
2282, 200, 197, 94.2204, 291.39
2283, 200, 197, 94.1366, 291.472
2284, 200, 197, 94.0528, 291.561
2285, 200, 197, 93.9597, 291.644
2286, 200, 197, 93.8923, 291.725
2287, 200, 197, 93.825, 291.806
2288, 200, 197, 93.7809, 291.888
2289, 200, 197, 93.7279, 291.969
2290, 200, 197, 93.8503, 292.051
2291, 200, 197, 93.7829, 292.133
2292, 201, 197, 93.781, 292.214
2293, 202, 197, 93.7791, 292.359
2294, 203, 197, 93.7774, 292.509
2295, 204, 197, 93.7758, 292.661
2296, 205, 197, 93.7743, 292.822
2297, 206, 197, 93.7729, 292.986
2298, 207, 197, 93.7716, 293.156
2299, 208, 197, 93.7703, 293.334
2300, 208, 197, 93.7035, 293.522
2301, 208, 197, 93.6362, 293.604
2302, 209, 197, 93.635, 293.793
2303, 209, 197, 93.5984, 293.893
2304, 209, 197, 93.5454, 293.979
2305, 209, 197, 93.5088, 294.175
2306, 209, 197, 93.4415, 294.257
2307, 209, 197, 93.3885, 294.338
2308, 209, 197, 93.3047, 294.419
2309, 209, 197, 93.2458, 294.5
2310, 209, 196, 93.4088, 294.581
2311, 209, 196, 93.3415, 294.662
2312, 209, 196, 93.2826, 294.743
2313, 209, 196, 93.2296, 294.825
2314, 209, 196, 93.1365, 294.906
2315, 209, 196, 93.0924, 294.987
2316, 209, 196, 93.0622, 295.068
2317, 209, 196, 93.0181, 295.149
2318, 209, 196, 92.9815, 295.231
2319, 210, 196, 92.9804, 295.426
2320, 211, 196, 92.9793, 295.629
2321, 212, 196, 92.9783, 295.844
2322, 213, 196, 92.9774, 296.076
2323, 214, 196, 92.9765, 296.311
2324, 215, 196, 92.9756, 296.553
2325, 216, 196, 92.9748, 296.802
2326, 217, 196, 92.974, 297.061
2327, 217, 196, 92.9259, 297.34
2328, 217, 196, 92.8818, 297.422
2329, 217, 196, 92.8288, 297.503
2330, 217, 196, 92.7847, 297.585
2331, 218, 196, 92.7839, 297.853
2332, 219, 196, 92.7832, 298.16
2333, 220, 196, 92.7826, 298.57
2334, 221, 196, 92.7819, 298.886
2335, 221, 195, 92.9231, 299.194
2336, 221, 195, 92.8929, 299.503
2337, 221, 195, 92.8522, 299.586
2338, 221, 195, 92.8156, 299.667
2339, 221, 195, 92.7567, 299.748
2340, 221, 195, 92.6979, 299.829
2341, 221, 195, 92.6676, 299.91
2342, 221, 195, 92.6462, 299.991
2343, 221, 195, 92.5932, 300.072
2344, 221, 195, 92.5094, 300.153
2345, 221, 195, 92.4163, 300.234
2346, 221, 195, 92.3325, 300.315
2347, 221, 195, 92.2736, 300.396
2348, 221, 195, 92.2206, 300.477
2349, 221, 195, 92.1904, 300.572
2350, 221, 195, 92.1636, 300.653
2351, 221, 195, 92.1423, 300.96
2352, 221, 195, 92.1125, 301.041
2353, 221, 195, 92.0857, 301.122
2354, 221, 195, 92.0492, 301.203
2355, 221, 195, 91.9962, 301.284
2356, 221, 195, 91.8262, 301.367
2357, 221, 194, 91.9893, 301.448
2358, 221, 194, 91.8788, 301.53
2359, 221, 194, 91.7258, 301.612
2360, 221, 194, 91.6728, 301.694
2361, 221, 194, 91.5623, 301.776
2362, 221, 194, 91.5356, 302.086
2363, 221, 194, 91.4915, 302.168
2364, 222, 194, 91.4908, 302.479
2365, 223, 194, 91.4902, 302.802
2366, 223, 194, 91.4748, 303.137
2367, 223, 194, 91.4521, 303.218
2368, 223, 194, 91.4367, 303.302
2369, 223, 194, 91.4001, 303.384
2370, 223, 194, 91.356, 303.466
2371, 223, 194, 91.303, 303.548
2372, 223, 194, 91.25, 303.631
2373, 223, 194, 91.197, 303.713
2374, 223, 194, 91.1668, 303.795
2375, 223, 194, 91.1302, 303.89
2376, 223, 194, 91.0936, 303.972
2377, 223, 193, 91.2566, 304.055
2378, 223, 193, 91.1893, 304.137
2379, 223, 193, 91.122, 304.22
2380, 223, 193, 91.0779, 304.303
2381, 223, 193, 91.0249, 304.384
2382, 223, 193, 91.1175, 304.466
2383, 223, 192, 91.2805, 304.549
2384, 223, 192, 91.4029, 304.632
2385, 223, 192, 91.3058, 304.714
2386, 223, 192, 91.3985, 304.796
2387, 223, 192, 91.3455, 304.878
2388, 223, 192, 91.2781, 304.96
2389, 223, 192, 91.2113, 305.042
2390, 223, 192, 91.1673, 305.124
2391, 223, 192, 91.1232, 305.206
2392, 223, 192, 91.0791, 305.288
2393, 223, 192, 91.0202, 305.37
2394, 223, 191, 91.1832, 305.452
2395, 223, 191, 91.1159, 305.534
2396, 223, 191, 91.0629, 305.616
2397, 223, 191, 90.9955, 305.698
2398, 223, 191, 90.9282, 305.779
2399, 223, 191, 90.8841, 305.861
2400, 223, 191, 90.9767, 305.943
2401, 223, 191, 90.9237, 306.025
2402, 223, 191, 90.8399, 306.107
2403, 223, 191, 90.687, 306.192
2404, 223, 191, 90.6032, 306.274
2405, 223, 191, 90.4333, 306.357
2406, 223, 191, 90.1699, 306.44
2407, 223, 191, 90.0861, 306.522
2408, 223, 191, 89.9756, 306.603
2409, 223, 191, 89.8918, 306.685
2410, 223, 191, 89.808, 306.765
2411, 223, 191, 89.655, 306.847
2412, 223, 191, 89.5445, 306.928
2413, 223, 191, 89.434, 307.01
2414, 223, 191, 89.3502, 307.091
2415, 223, 191, 89.1973, 307.18
2416, 223, 191, 89.0444, 307.262
2417, 223, 191, 88.9606, 307.343
2418, 223, 191, 88.8768, 307.424
2419, 223, 191, 88.8094, 307.506
2420, 223, 191, 88.7163, 307.587
2421, 223, 191, 88.8387, 307.669
2422, 223, 191, 88.7798, 307.75
2423, 223, 191, 88.9022, 307.831
2424, 223, 191, 88.8492, 307.913
2425, 223, 191, 88.8051, 307.994
2426, 223, 191, 88.7749, 308.075
2427, 223, 191, 88.7081, 308.156
2428, 223, 191, 88.6715, 308.237
2429, 223, 191, 88.6349, 308.319
2430, 223, 191, 88.5511, 308.4
2431, 223, 191, 88.5298, 308.481
2432, 223, 191, 88.4891, 308.563
2433, 223, 191, 88.4677, 308.644
2434, 223, 191, 88.441, 308.726
2435, 223, 191, 88.4297, 308.808
2436, 223, 191, 88.3938, 308.89
2437, 223, 191, 88.367, 308.97
2438, 223, 191, 88.3403, 309.051
2439, 223, 191, 88.3135, 309.132
2440, 223, 191, 88.2837, 309.214
2441, 223, 190, 88.4249, 309.295
2442, 223, 190, 88.3947, 309.377
2443, 223, 190, 88.372, 309.458
2444, 223, 190, 88.3515, 309.538
2445, 223, 190, 88.3302, 309.62
2446, 223, 190, 88.3097, 309.702
2447, 223, 190, 88.2984, 309.784
2448, 223, 190, 88.2823, 309.865
2449, 223, 190, 88.2669, 309.947
2450, 223, 190, 88.2508, 310.028
2451, 223, 190, 88.2142, 310.11
2452, 223, 190, 88.1928, 310.192
2453, 223, 190, 88.1446, 310.273
2454, 223, 190, 88.1233, 310.356
2455, 223, 190, 88.0935, 310.438
2456, 223, 190, 88.0638, 310.531
2457, 223, 190, 88.0483, 310.625
2458, 223, 190, 88.0216, 310.707
2459, 223, 190, 88.0002, 310.789
2460, 223, 190, 87.9788, 310.872
2461, 223, 190, 87.9634, 310.954
2462, 223, 190, 87.9429, 311.036
2463, 223, 190, 87.9132, 311.118
2464, 223, 190, 87.8978, 311.199
2465, 223, 190, 87.868, 311.282
2466, 223, 190, 87.8526, 311.364
2467, 223, 190, 87.8413, 311.445
2468, 223, 190, 87.8788, 311.527
2469, 223, 190, 87.8561, 311.608
2470, 223, 190, 87.8448, 311.69
2471, 223, 190, 87.8221, 311.771
2472, 223, 190, 87.7994, 311.852
2473, 223, 190, 87.7789, 311.934
2474, 223, 190, 87.7628, 312.016
2475, 223, 190, 87.7545, 312.098
2476, 223, 190, 87.7341, 312.18
2477, 223, 190, 87.7114, 312.261
2478, 223, 190, 87.6952, 312.343
2479, 223, 190, 87.6678, 312.425
2480, 223, 190, 87.6474, 312.507
2481, 223, 190, 87.6391, 312.589
2482, 223, 190, 87.6212, 312.671
2483, 223, 190, 87.6051, 312.769
2484, 223, 190, 87.5871, 312.852
2485, 223, 190, 87.571, 312.934
2486, 223, 190, 87.5436, 313.016
2487, 223, 190, 87.5275, 313.098
2488, 223, 190, 87.4916, 313.18
2489, 223, 190, 87.4619, 313.262
2490, 223, 190, 87.4351, 313.344
2491, 223, 190, 87.4871, 313.425
2492, 223, 190, 87.4657, 313.508
2493, 223, 190, 87.4596, 313.59
2494, 223, 190, 87.4451, 313.673
2495, 223, 190, 87.4321, 313.755
2496, 223, 190, 87.4053, 313.849
2497, 223, 190, 87.3785, 313.933
2498, 223, 190, 87.3572, 314.015
2499, 223, 190, 87.3274, 314.097
2500, 223, 189, 87.4686, 314.179
2501, 223, 189, 87.4384, 314.261
2502, 223, 189, 87.423, 314.343
2503, 223, 189, 87.475, 314.425
2504, 223, 189, 87.4482, 314.507
2505, 223, 189, 87.5408, 314.588
2506, 223, 189, 87.4967, 314.672
2507, 223, 189, 87.4527, 314.757
2508, 223, 189, 87.3938, 314.886
2509, 223, 189, 87.3349, 315.007
2510, 223, 189, 87.2819, 315.126
2511, 223, 189, 87.2289, 315.245
2512, 223, 188, 87.3919, 315.336
2513, 223, 188, 87.3246, 315.432
2514, 223, 188, 87.2047, 315.514
2515, 223, 188, 87.1607, 315.596
2516, 223, 188, 87.1241, 315.679
2517, 223, 188, 87.0939, 315.761
2518, 223, 188, 87.0725, 315.842
2519, 223, 188, 87.0457, 315.924
2520, 223, 188, 86.961, 316.007
2521, 223, 188, 86.908, 316.089
2522, 223, 188, 86.8639, 316.172
2523, 223, 188, 86.7965, 316.253
2524, 223, 188, 86.7698, 316.335
2525, 223, 188, 86.74, 316.417
2526, 223, 188, 86.7246, 316.498
2527, 223, 188, 86.6978, 316.58
2528, 223, 188, 86.6537, 316.662
2529, 223, 188, 86.6179, 316.744
2530, 223, 188, 86.6024, 316.826
2531, 223, 188, 86.598, 316.909
2532, 223, 188, 86.585, 316.99
2533, 223, 188, 86.5737, 317.073
2534, 223, 188, 86.5607, 317.154
2535, 223, 188, 86.5452, 317.249
2536, 223, 188, 86.5298, 317.331
2537, 223, 188, 86.4939, 317.412
2538, 223, 188, 86.4785, 317.494
2539, 223, 188, 86.4672, 317.577
2540, 223, 188, 86.4527, 317.658
2541, 223, 188, 86.4408, 317.74
2542, 223, 187, 86.5783, 317.821
2543, 223, 187, 86.567, 317.903
2544, 223, 187, 86.5587, 317.985
2545, 223, 187, 86.5474, 318.067
2546, 223, 187, 86.5207, 318.149
2547, 223, 187, 86.4841, 318.231
2548, 223, 187, 86.5767, 318.313
2549, 223, 187, 86.5237, 318.396
2550, 223, 187, 86.4648, 318.478
2551, 223, 187, 86.4242, 318.559
2552, 223, 187, 86.3271, 318.641
2553, 223, 187, 86.2682, 318.722
2554, 223, 187, 86.2152, 318.805
2555, 223, 187, 86.3494, 318.887
2556, 223, 187, 86.2825, 318.969
2557, 223, 187, 86.2523, 319.051
2558, 223, 187, 86.2117, 319.133
2559, 223, 187, 86.171, 319.215
2560, 223, 187, 86.1345, 319.297
2561, 223, 187, 86.0979, 319.379
2562, 223, 187, 86.0677, 319.461
2563, 223, 187, 86.027, 319.543
2564, 223, 187, 86.0056, 319.624
2565, 223, 187, 85.9843, 319.706
2566, 223, 186, 86.1254, 319.789
2567, 223, 186, 86.0952, 319.871
2568, 223, 186, 86.0655, 319.953
2569, 223, 186, 86.0357, 320.035
2570, 223, 186, 86.0089, 320.117
2571, 223, 185, 86.1501, 320.198
2572, 223, 185, 86.1199, 320.28
2573, 223, 185, 86.0897, 320.362
2574, 223, 185, 86.0599, 320.443
2575, 223, 185, 86.1119, 320.533
2576, 223, 185, 86.0965, 320.616
2577, 223, 185, 86.122, 320.698
2578, 223, 185, 86.1016, 320.779
2579, 223, 185, 86.0657, 320.861
2580, 223, 185, 86.0503, 320.943
2581, 223, 185, 85.9876, 321.026
2582, 223, 185, 85.9208, 321.108
2583, 223, 185, 85.9004, 321.19
2584, 223, 184, 86.0491, 321.272
2585, 223, 184, 86.005, 321.354
2586, 223, 184, 85.9079, 321.437
2587, 223, 184, 85.8777, 321.52
2588, 223, 184, 85.8474, 321.603
2589, 223, 184, 85.8172, 321.684
2590, 223, 184, 85.7968, 321.766
2591, 223, 184, 85.774, 321.847
2592, 223, 184, 85.7536, 321.928
2593, 223, 184, 85.7322, 322.011
2594, 223, 184, 85.6963, 322.093
2595, 223, 184, 85.6809, 322.175
2596, 223, 184, 85.6648, 322.257
2597, 223, 184, 85.6421, 322.338
2598, 223, 184, 85.6796, 322.421
2599, 223, 184, 85.6437, 322.503
2600, 223, 184, 85.6139, 322.585
2601, 223, 184, 85.5985, 322.666
2602, 223, 184, 85.5872, 322.748
2603, 223, 184, 85.5718, 322.829
2604, 223, 184, 85.5605, 322.911
2605, 223, 184, 85.5426, 322.992
2606, 223, 184, 85.5265, 323.073
2607, 223, 184, 85.552, 323.155
2608, 223, 184, 85.5293, 323.237
2609, 223, 184, 85.5019, 323.319
2610, 223, 184, 85.4906, 323.4
2611, 223, 184, 85.4428, 323.482
2612, 223, 184, 85.4214, 323.564
2613, 223, 184, 85.3848, 323.645
2614, 223, 184, 85.5132, 323.727
2615, 223, 184, 85.4767, 323.809
2616, 223, 184, 85.4099, 323.9
2617, 223, 184, 85.3885, 323.981
2618, 223, 184, 85.3706, 324.063
2619, 223, 184, 85.3492, 324.145
2620, 223, 184, 85.3279, 324.226
2621, 223, 184, 85.3075, 324.308
2622, 223, 184, 85.2545, 324.39
2623, 223, 184, 85.2331, 324.471
2624, 223, 184, 85.1801, 324.552
2625, 223, 184, 85.1533, 324.635
2626, 223, 184, 85.1167, 324.716
2627, 223, 184, 85.0925, 324.798
2628, 223, 184, 85.0812, 324.88
2629, 223, 184, 85.0651, 324.961
2630, 223, 184, 85.0383, 325.042
2631, 223, 184, 85.0018, 325.124
2632, 223, 184, 84.9047, 325.205
2633, 223, 183, 85.0677, 325.287
2634, 223, 183, 85.0004, 325.37
2635, 223, 183, 84.9033, 325.451
2636, 223, 183, 84.8102, 325.533
2637, 223, 183, 84.7428, 325.615
2638, 223, 183, 84.6457, 325.696
2639, 223, 183, 84.6016, 325.778
2640, 223, 183, 84.7131, 325.859
2641, 223, 183, 84.6463, 325.941
2642, 223, 182, 84.8093, 326.022
2643, 223, 182, 84.742, 326.104
2644, 223, 182, 84.6889, 326.186
2645, 223, 182, 84.6449, 326.309
2646, 223, 182, 84.6083, 326.424
2647, 223, 181, 84.7713, 326.526
2648, 223, 181, 84.704, 326.614
2649, 223, 181, 84.6674, 326.695
2650, 223, 181, 84.6233, 326.777
2651, 223, 181, 84.5703, 326.858
2652, 223, 181, 84.5173, 326.939
2653, 223, 181, 84.4643, 327.02
2654, 223, 181, 84.4113, 327.101
2655, 223, 181, 84.5227, 327.191
2656, 223, 181, 84.4861, 327.288
2657, 223, 181, 84.4421, 327.37
2658, 223, 181, 84.4055, 327.452
2659, 223, 181, 84.3525, 327.533
2660, 223, 181, 84.2851, 327.615
2661, 223, 181, 84.2321, 327.696
2662, 223, 181, 84.1648, 327.778
2663, 223, 181, 84.0974, 327.86
2664, 223, 181, 84.0136, 327.941
2665, 223, 181, 83.9031, 328.023
2666, 223, 181, 83.7502, 328.103
2667, 223, 181, 83.6664, 328.185
2668, 223, 181, 83.5826, 328.267
2669, 223, 180, 83.7724, 328.348
2670, 223, 180, 83.6619, 328.429
2671, 223, 180, 83.5514, 328.511
2672, 223, 180, 83.3984, 328.593
2673, 223, 180, 82.9834, 328.674
2674, 223, 179, 83.3362, 328.755
2675, 223, 179, 82.8512, 328.836
2676, 223, 179, 82.4777, 328.918
2677, 223, 179, 82.1041, 328.999
2678, 223, 179, 81.6891, 329.08
2679, 223, 179, 81.3156, 329.161
2680, 223, 179, 81.111, 329.243
2681, 223, 179, 80.9411, 329.324
2682, 223, 179, 80.7882, 329.421
2683, 223, 179, 80.6352, 329.503
2684, 223, 179, 80.4653, 329.585
2685, 223, 179, 80.2954, 329.667
2686, 223, 179, 80.1424, 329.748
2687, 223, 179, 79.9725, 329.83
2688, 223, 179, 79.8196, 329.911
2689, 223, 179, 79.7358, 329.991
2690, 223, 179, 79.4724, 330.073
2691, 223, 179, 79.3194, 330.154
2692, 223, 179, 79.1665, 330.235
2693, 223, 179, 78.7515, 330.316
2694, 223, 179, 78.5985, 330.399
2695, 223, 179, 78.4286, 330.481
2696, 223, 179, 78.3448, 330.573
2697, 223, 179, 78.1749, 330.655
2698, 223, 179, 78.0219, 330.737
2699, 223, 179, 77.869, 330.819
2700, 223, 179, 77.7585, 330.901
2701, 223, 178, 77.9482, 330.984
2702, 223, 178, 77.8377, 331.066
2703, 223, 178, 77.7539, 331.148
2704, 223, 178, 77.6701, 331.23
2705, 223, 178, 77.5863, 331.312
2706, 223, 178, 77.4932, 331.394
2707, 223, 178, 77.4402, 331.517
2708, 223, 178, 77.3729, 331.64
2709, 223, 178, 77.3288, 331.76
2710, 223, 178, 77.2758, 331.873
2711, 223, 178, 77.2228, 331.972
2712, 223, 178, 77.1698, 332.057
2713, 223, 178, 77.1168, 332.139
2714, 223, 178, 77.0727, 332.221
2715, 223, 177, 77.2357, 332.303
2716, 223, 177, 77.1684, 332.385
2717, 223, 177, 77.0713, 332.467
2718, 223, 177, 77.1639, 332.549
2719, 223, 177, 77.0971, 332.631
2720, 223, 177, 77.0303, 332.713
2721, 223, 177, 76.9938, 332.795
2722, 223, 177, 76.9572, 332.878
2723, 223, 176, 77.1059, 332.96
2724, 223, 176, 77.0618, 333.043
2725, 223, 176, 77.0029, 333.125
2726, 223, 176, 76.9058, 333.207
2727, 223, 176, 76.8577, 333.29
2728, 223, 176, 76.8274, 333.372
2729, 223, 176, 76.7833, 333.455
2730, 223, 176, 76.7468, 333.537
2731, 223, 175, 76.8955, 333.619
2732, 223, 175, 76.8514, 333.701
2733, 223, 175, 76.7984, 333.783
2734, 223, 175, 76.7013, 333.882
2735, 223, 175, 76.6647, 333.965
2736, 223, 175, 76.6281, 334.047
2737, 223, 175, 76.5915, 334.129
2738, 223, 175, 76.5475, 334.212
2739, 223, 175, 76.5034, 334.295
2740, 223, 175, 76.6148, 334.377
2741, 223, 175, 76.5782, 334.459
2742, 223, 175, 76.5341, 334.542
2743, 223, 175, 76.4811, 334.624
2744, 223, 175, 76.388, 334.706
2745, 223, 174, 76.5778, 334.788
2746, 223, 174, 76.4673, 334.871
2747, 223, 174, 76.3835, 334.954
2748, 223, 173, 76.5732, 335.036
2749, 223, 173, 76.4627, 335.119
2750, 223, 173, 76.3789, 335.201
2751, 223, 173, 76.2951, 335.284
2752, 223, 173, 76.2278, 335.369
2753, 223, 173, 76.1748, 335.451
2754, 223, 173, 76.091, 335.534
2755, 223, 173, 76.0072, 335.616
2756, 223, 173, 75.9234, 335.698
2757, 223, 172, 76.1647, 335.78
2758, 223, 172, 75.9602, 335.863
2759, 223, 172, 75.7902, 335.945
2760, 223, 172, 75.6373, 336.027
2761, 223, 172, 75.4674, 336.109
2762, 223, 172, 75.3836, 336.191
2763, 223, 172, 75.5466, 336.273
2764, 223, 172, 75.4628, 336.356
2765, 223, 172, 75.3955, 336.438
2766, 223, 172, 75.3024, 336.52
2767, 223, 172, 75.1512, 336.603
2768, 223, 172, 75.3143, 336.686
2769, 223, 172, 75.2305, 336.768
2770, 223, 172, 75.1467, 336.85
2771, 223, 172, 75.0536, 336.932
2772, 223, 172, 74.9698, 337.014
2773, 223, 172, 74.8593, 337.097
2774, 223, 172, 75.0223, 337.19
2775, 223, 171, 75.212, 337.273
2776, 223, 171, 75.1015, 337.356
2777, 223, 171, 74.991, 337.438
2778, 223, 171, 74.9072, 337.521
2779, 223, 171, 74.8141, 337.603
2780, 223, 171, 74.7303, 337.685
2781, 223, 171, 74.6198, 337.767
2782, 223, 170, 74.8096, 337.85
2783, 223, 170, 74.6991, 337.932
2784, 223, 170, 74.6059, 338.015
2785, 223, 170, 74.5128, 338.097
2786, 223, 170, 74.429, 338.18
2787, 223, 170, 74.3452, 338.262
2788, 223, 170, 74.2521, 338.345
2789, 223, 170, 74.1848, 338.427
2790, 223, 170, 74.1174, 338.511
2791, 223, 170, 73.9663, 338.592
2792, 223, 170, 73.8732, 338.674
2793, 223, 170, 73.8059, 338.779
2794, 223, 170, 73.7385, 338.862
2795, 223, 170, 73.5874, 338.944
2796, 223, 170, 73.5344, 339.027
2797, 223, 170, 73.4506, 339.111
2798, 223, 170, 73.2994, 339.193
2799, 223, 170, 73.2321, 339.276
2800, 223, 170, 73.1647, 339.36
2801, 223, 170, 73.0974, 339.442
2802, 223, 170, 73.0444, 339.524
2803, 223, 170, 73.0003, 339.606
2804, 223, 170, 72.9473, 339.688
2805, 223, 170, 72.9032, 339.769
2806, 223, 170, 72.8061, 339.851
2807, 223, 170, 72.709, 339.932
2808, 223, 170, 72.6725, 340.013
2809, 223, 170, 72.6284, 340.095
2810, 223, 170, 72.5918, 340.176
2811, 223, 170, 72.5477, 340.258
2812, 223, 170, 72.4804, 340.351
2813, 223, 170, 72.413, 340.435
2814, 223, 170, 72.5354, 340.53
2815, 223, 170, 72.4824, 340.613
2816, 223, 170, 72.4294, 340.695
2817, 223, 169, 72.5924, 340.778
2818, 223, 169, 72.7148, 340.86
2819, 223, 169, 72.6618, 340.942
2820, 223, 169, 72.6088, 341.024
2821, 223, 169, 72.5117, 341.106
2822, 223, 169, 72.4444, 341.188
2823, 223, 169, 72.3606, 341.271
2824, 223, 169, 72.3076, 341.353
2825, 223, 169, 72.2402, 341.435
2826, 223, 169, 72.1962, 341.517
2827, 223, 169, 72.0991, 341.6
2828, 223, 168, 72.2621, 341.682
2829, 223, 168, 72.1948, 341.764
2830, 223, 168, 72.2874, 341.847
2831, 223, 168, 72.2433, 341.929
2832, 223, 168, 72.1992, 342.011
2833, 223, 168, 72.1319, 342.094
2834, 223, 168, 72.0789, 342.176
2835, 223, 168, 72.0259, 342.257
2836, 223, 167, 72.1889, 342.339
2837, 223, 167, 72.1216, 342.422
2838, 223, 167, 72.085, 342.504
2839, 223, 167, 71.9339, 342.586
2840, 223, 167, 72.0977, 342.685
2841, 223, 167, 72.0537, 342.769
2842, 223, 167, 72.0007, 342.852
2843, 223, 167, 71.9566, 342.934
2844, 223, 167, 71.9036, 343.016
2845, 223, 167, 71.8105, 343.098
2846, 223, 167, 71.7516, 343.179
2847, 223, 167, 71.6986, 343.262
2848, 223, 167, 71.6397, 343.344
2849, 223, 167, 71.5426, 343.427
2850, 223, 167, 71.4896, 343.51
2851, 223, 167, 71.4058, 343.593
2852, 223, 167, 71.3528, 343.676
2853, 223, 167, 71.286, 343.758
2854, 223, 167, 71.1051, 343.85
2855, 223, 167, 71.0521, 343.948
2856, 223, 167, 70.9991, 344.031
2857, 223, 167, 70.955, 344.114
2858, 223, 167, 70.9248, 344.197
2859, 223, 167, 70.8945, 344.28
2860, 223, 167, 71.006, 344.363
2861, 223, 167, 70.9391, 344.445
2862, 223, 167, 70.8861, 344.528
2863, 223, 167, 70.8331, 344.61
2864, 223, 167, 70.7801, 344.693
2865, 223, 167, 70.7436, 344.775
2866, 223, 166, 70.9066, 344.858
2867, 223, 166, 70.8392, 344.941
2868, 223, 166, 70.8027, 345.026
2869, 223, 166, 70.7724, 345.109
2870, 223, 166, 70.7056, 345.192
2871, 223, 166, 70.6526, 345.275
2872, 223, 166, 70.5015, 345.358
2873, 223, 166, 70.4485, 345.44
2874, 223, 166, 70.3955, 345.522
2875, 223, 166, 70.3024, 345.605
2876, 223, 166, 70.235, 345.687
2877, 223, 166, 70.1909, 345.77
2878, 223, 166, 70.1321, 345.853
2879, 223, 166, 70.079, 345.952
2880, 223, 166, 70.0202, 346.035
2881, 223, 166, 69.9761, 346.117
2882, 223, 166, 69.932, 346.2
2883, 223, 166, 69.8731, 346.282
2884, 223, 166, 69.8201, 346.365
2885, 223, 166, 69.7671, 346.447
2886, 223, 166, 69.7141, 346.53
2887, 223, 166, 69.617, 346.613
2888, 223, 166, 69.6869, 346.695
2889, 223, 166, 69.5671, 346.778
2890, 223, 166, 69.5369, 346.861
2891, 223, 166, 69.4701, 346.944
2892, 223, 166, 69.4171, 347.026
2893, 223, 166, 69.373, 347.109
2894, 223, 166, 69.3323, 347.205
2895, 223, 166, 69.2842, 347.288
2896, 223, 166, 69.254, 347.371
2897, 223, 166, 69.1692, 347.453
2898, 223, 166, 69.139, 347.536
2899, 223, 166, 69.1122, 347.619
2900, 223, 166, 69.082, 347.7
2901, 223, 166, 69.0522, 347.782
2902, 223, 166, 69.1627, 347.868
2903, 223, 166, 69.136, 347.981
2904, 223, 166, 69.1057, 348.107
2905, 223, 166, 69.0755, 348.225
2906, 223, 166, 69.0541, 348.344
2907, 223, 166, 69.0328, 348.444
2908, 223, 166, 68.9921, 348.53
2909, 223, 166, 68.9555, 348.613
2910, 223, 166, 68.8178, 348.695
2911, 223, 166, 68.7964, 348.777
2912, 223, 166, 68.7662, 348.86
2913, 223, 166, 68.7394, 348.942
2914, 223, 166, 68.7092, 349.025
2915, 223, 166, 68.679, 349.108
2916, 223, 166, 68.6431, 349.191
2917, 223, 166, 68.6065, 349.273
2918, 223, 166, 68.5699, 349.356
2919, 223, 166, 68.5334, 349.438
2920, 223, 166, 68.5066, 349.521
2921, 223, 166, 68.4764, 349.604
2922, 223, 166, 68.4496, 349.687
2923, 223, 166, 68.413, 349.769
2924, 223, 166, 68.3689, 349.852
2925, 223, 166, 68.3422, 349.935
2926, 223, 166, 68.3119, 350.018
2927, 223, 166, 68.2852, 350.1
2928, 223, 166, 68.2486, 350.183
2929, 223, 166, 68.2272, 350.266
2930, 223, 166, 68.1646, 350.349
2931, 223, 166, 68.128, 350.431
2932, 223, 166, 68.0977, 350.53
2933, 223, 165, 68.2464, 350.614
2934, 223, 165, 68.2024, 350.697
2935, 223, 165, 68.1356, 350.779
2936, 223, 165, 68.1053, 350.862
2937, 223, 165, 68.0687, 350.945
2938, 223, 165, 68.1802, 351.028
2939, 223, 165, 68.1436, 351.111
2940, 223, 165, 68.0847, 351.194
2941, 223, 165, 68.0545, 351.276
2942, 223, 165, 68.0179, 351.359
2943, 223, 165, 67.837, 351.441
2944, 223, 165, 67.8004, 351.524
2945, 223, 165, 67.7702, 351.607
2946, 223, 165, 67.7261, 351.689
2947, 223, 165, 67.6959, 351.771
2948, 223, 165, 67.6685, 351.853
2949, 223, 165, 67.6278, 351.936
2950, 223, 165, 67.5981, 352.018
2951, 223, 165, 67.5713, 352.101
2952, 223, 165, 67.4782, 352.183
2953, 223, 165, 67.4252, 352.265
2954, 223, 165, 67.3984, 352.347
2955, 223, 165, 67.3805, 352.429
2956, 223, 165, 67.3644, 352.512
2957, 223, 165, 67.343, 352.594
2958, 223, 165, 67.3217, 352.677
2959, 223, 165, 67.2919, 352.759
2960, 223, 165, 67.2692, 352.841
2961, 223, 164, 67.4069, 352.924
2962, 223, 164, 67.459, 353.006
2963, 223, 164, 67.4231, 353.089
2964, 223, 164, 67.3701, 353.172
2965, 223, 164, 67.3335, 353.255
2966, 223, 164, 67.3855, 353.337
2967, 223, 164, 67.3587, 353.42
2968, 224, 164, 67.3585, 357.223
2969, 225, 164, 67.3583, 361.076
2970, 226, 164, 67.3582, 365.11
2971, 227, 164, 67.358, 369.174
2972, 228, 164, 67.3578, 373.274
2973, 229, 164, 67.3576, 377.438
2974, 230, 164, 67.3575, 377.523
2975, 231, 164, 67.3573, 381.889
2976, 232, 164, 67.3571, 386.23
2977, 233, 164, 67.3569, 390.605
2978, 234, 164, 67.3568, 395.03
2979, 235, 164, 67.3566, 399.647
2980, 236, 164, 67.3564, 404.129
2981, 237, 164, 67.3563, 408.97
2982, 238, 164, 67.3561, 413.702
2983, 239, 164, 67.356, 418.624
2984, 240, 164, 67.3558, 423.363
2985, 241, 164, 67.3556, 428.217
2986, 242, 164, 67.3555, 433.227
2987, 243, 164, 67.3553, 438.106
2988, 244, 164, 67.3552, 443.03
2989, 245, 164, 67.355, 448.723
2990, 246, 164, 67.3549, 448.828
2991, 247, 164, 67.3547, 454.207
2992, 248, 164, 67.3546, 459.466
2993, 249, 164, 67.3545, 464.932
2994, 250, 164, 67.3543, 470.519
2995, 251, 164, 67.3542, 476.159
2996, 251, 164, 67.3407, 481.906
2997, 251, 164, 67.2828, 481.996
2998, 252, 164, 67.2827, 487.664
2999, 253, 164, 67.2826, 493.161
