Seed is: 81
Number of samples is: 1000
Simulation name is: NoTvSim.sim
TimeStep, Distraction Rate, Missed States, Model Accuracy, Time (ms)
0, 0, 256, 0, 8e-05
1, 0, 255, 1, 0.033524
2, 0, 254, 1.7632, 0.05249
3, 0, 253, 2.52639, 0.072568
4, 0, 252, 3.28959, 0.087406
5, 0, 251, 4.28959, 0.111482
6, 0, 250, 5.05279, 0.13148
7, 0, 249, 5.81599, 0.161818
8, 0, 248, 6.57918, 0.185323
9, 0, 247, 7.57918, 0.200321
10, 0, 246, 8.34238, 0.232583
11, 0, 245, 9.10558, 0.253242
12, 0, 244, 9.86877, 0.2679
13, 0, 243, 10.8688, 0.290673
14, 0, 242, 11.632, 0.331611
15, 0, 241, 12.3952, 0.392658
16, 0, 240, 13.1584, 0.417455
17, 0, 239, 14.1584, 0.440889
18, 0, 238, 14.9216, 0.455998
19, 0, 237, 15.6848, 0.482609
20, 0, 236, 16.448, 0.502427
21, 0, 235, 17.448, 0.517425
22, 0, 234, 18.2112, 0.536321
23, 0, 233, 18.9744, 0.55135
24, 0, 232, 19.9744, 0.59859
25, 0, 231, 20.7375, 0.643636
26, 0, 230, 21.5007, 0.659225
27, 0, 229, 22.2639, 0.674925
28, 0, 228, 23.0271, 0.708319
29, 0, 227, 23.7903, 0.740761
30, 0, 226, 24.7903, 0.75628
31, 0, 226, 24.4168, 0.771619
32, 0, 225, 25.18, 0.792158
33, 0, 224, 25.9432, 0.844869
34, 0, 223, 26.7064, 0.916165
35, 0, 222, 27.4696, 0.940381
36, 0, 221, 28.2328, 0.975558
37, 0, 220, 28.996, 0.991448
38, 0, 219, 28.7638, 1.00722
39, 0, 218, 29.527, 1.02648
40, 0, 217, 30.2902, 1.07468
41, 0, 216, 31.0534, 1.11346
42, 0, 215, 32.0534, 1.13685
43, 0, 214, 33.0534, 1.15458
44, 0, 213, 34.0534, 1.17187
45, 0, 212, 34.8166, 1.18797
46, 0, 211, 35.5798, 1.22731
47, 0, 210, 36.5798, 1.2644
48, 0, 209, 37.343, 1.32414
49, 0, 208, 38.1062, 1.35517
50, 0, 207, 38.8694, 1.37093
51, 0, 206, 39.6326, 1.40557
52, 0, 205, 40.3958, 1.43013
53, 0, 204, 41.159, 1.4468
54, 0, 204, 40.7439, 1.46793
55, 0, 204, 40.3289, 1.48439
56, 0, 204, 39.9139, 1.52346
57, 0, 204, 39.5403, 1.54056
58, 0, 203, 40.3035, 1.58425
59, 0, 202, 41.0667, 1.60383
60, 0, 201, 40.8345, 1.63232
61, 0, 200, 41.5977, 1.69439
62, 0, 199, 42.3609, 1.7106
63, 0, 198, 43.1241, 1.73176
64, 0, 197, 43.8873, 1.78256
65, 0, 196, 44.6505, 1.80962
66, 0, 195, 45.4137, 1.83547
67, 0, 194, 46.1769, 1.8666
68, 0, 193, 46.9401, 1.89183
69, 0, 192, 47.7033, 1.92599
70, 0, 191, 47.4711, 1.94583
71, 0, 190, 48.2343, 1.97018
72, 0, 189, 48.9975, 1.98645
73, 0, 188, 49.7607, 2.01215
74, 0, 187, 50.5239, 2.0285
75, 0, 186, 51.2871, 2.06954
76, 0, 185, 52.0503, 2.111
77, 0, 184, 52.8135, 2.1275
78, 0, 183, 53.8135, 2.14488
79, 0, 182, 54.5767, 2.17914
80, 0, 181, 55.3399, 2.20135
81, 0, 180, 56.1031, 2.22099
82, 0, 179, 57.4512, 2.23778
83, 0, 178, 58.2144, 2.25497
84, 0, 177, 59.2144, 2.27822
85, 0, 176, 59.9776, 2.3072
86, 0, 175, 60.9776, 2.35818
87, 0, 174, 61.3304, 2.4007
88, 0, 174, 60.8454, 2.42511
89, 0, 174, 60.4304, 2.47764
90, 0, 174, 60.0569, 2.5017
91, 0, 174, 59.6833, 2.51881
92, 0, 174, 59.3098, 2.53629
93, 0, 174, 58.8948, 2.56119
94, 0, 174, 58.5212, 2.58035
95, 0, 174, 58.1477, 2.59738
96, 0, 174, 57.7742, 2.63536
97, 0, 174, 57.3591, 2.65395
98, 0, 174, 56.9856, 2.68677
99, 0, 174, 56.6121, 2.71478
100, 0, 174, 56.1271, 2.73205
101, 0, 174, 55.7121, 2.78518
102, 0, 174, 55.5075, 2.84221
103, 0, 174, 55.134, 2.87455
104, 0, 174, 54.7189, 2.90022
105, 0, 174, 54.3454, 2.92841
106, 0, 174, 53.9719, 2.95959
107, 0, 174, 53.5568, 3.0105
108, 0, 174, 53.1833, 3.02797
109, 0, 173, 53.9465, 3.06064
110, 0, 172, 54.7097, 3.07768
111, 0, 171, 55.4729, 3.1195
112, 0, 170, 56.4729, 3.13734
113, 0, 170, 56.0994, 3.16419
114, 0, 170, 55.6843, 3.18129
115, 0, 170, 55.3108, 3.21744
116, 0, 170, 54.9373, 3.26791
117, 0, 170, 54.5637, 3.2977
118, 0, 170, 54.1487, 3.31539
119, 0, 170, 53.7752, 3.33232
120, 0, 170, 53.3601, 3.35539
121, 0, 170, 52.9866, 3.37287
122, 0, 170, 52.613, 3.39107
123, 0, 170, 52.2395, 3.42068
124, 0, 170, 51.866, 3.45757
125, 0, 170, 51.6961, 3.48655
126, 0, 170, 51.5431, 3.50997
127, 0, 170, 51.3902, 3.55158
128, 0, 170, 51.0167, 3.57064
129, 0, 170, 50.6431, 3.5878
130, 0, 170, 50.2696, 3.61191
131, 0, 170, 49.8961, 3.62924
132, 0, 169, 50.6593, 3.65197
133, 0, 168, 50.4271, 3.66855
134, 0, 167, 51.4271, 3.68529
135, 0, 166, 52.1903, 3.70227
136, 0, 165, 52.9535, 3.71912
137, 0, 164, 52.7213, 3.73591
138, 0, 163, 54.0694, 3.75279
139, 0, 162, 54.8326, 3.77628
140, 0, 161, 55.5958, 3.80157
141, 0, 160, 56.5958, 3.82698
142, 0, 159, 57.5958, 3.86886
143, 0, 158, 57.3636, 3.88929
144, 0, 158, 56.9901, 3.91086
145, 0, 157, 56.7579, 3.93905
146, 0, 156, 57.5211, 3.96872
147, 0, 156, 57.3512, 3.98858
148, 0, 156, 57.1812, 4.00976
149, 0, 156, 57.0113, 4.02765
150, 0, 156, 56.8584, 4.05901
151, 0, 156, 56.4849, 4.07633
152, 0, 155, 57.4849, 4.09493
153, 0, 155, 57.0698, 4.11264
154, 0, 155, 56.6963, 4.15513
155, 0, 155, 56.3227, 4.18333
156, 0, 154, 57.0859, 4.20352
157, 0, 153, 57.8491, 4.22057
158, 0, 153, 57.756, 4.24356
159, 0, 153, 57.6629, 4.26521
160, 0, 153, 57.5698, 4.28789
161, 0, 153, 57.5109, 4.3047
162, 0, 153, 57.4271, 4.35353
163, 0, 152, 57.7799, 4.37417
164, 0, 152, 57.2949, 4.40703
165, 0, 152, 57.236, 4.43206
166, 0, 152, 57.1771, 4.44968
167, 0, 152, 57.1241, 4.476
168, 0, 151, 57.4769, 4.5143
169, 0, 151, 56.9919, 4.5348
170, 0, 150, 56.7598, 4.56988
171, 0, 150, 56.3862, 4.60447
172, 0, 150, 56.0127, 4.62187
173, 0, 150, 55.6392, 4.65217
174, 0, 149, 56.9873, 4.66968
175, 0, 148, 57.7505, 4.6895
176, 0, 148, 57.546, 4.70889
177, 0, 148, 57.5053, 4.7306
178, 0, 148, 57.4647, 4.75458
179, 0, 148, 57.424, 4.77284
180, 0, 148, 57.3875, 4.82566
181, 0, 148, 57.6094, 4.86388
182, 0, 148, 57.4565, 4.88703
183, 0, 148, 57.0829, 4.90496
184, 0, 147, 57.8461, 4.92256
185, 0, 147, 57.4311, 4.95652
186, 0, 147, 57.2612, 4.97402
187, 0, 147, 57.0912, 5.00303
188, 0, 147, 56.9383, 5.02377
189, 0, 147, 56.7854, 5.05112
190, 0, 146, 57.5486, 5.08731
191, 0, 145, 58.3118, 5.10479
192, 0, 144, 59.075, 5.13047
193, 0, 143, 59.8382, 5.15655
194, 0, 142, 59.606, 5.17619
195, 0, 141, 60.3692, 5.20998
196, 0, 140, 61.1324, 5.24557
197, 0, 139, 62.4805, 5.27687
198, 0, 139, 62.107, 5.29748
199, 0, 138, 63.107, 5.31556
200, 0, 138, 62.7335, 5.33351
201, 0, 138, 62.3599, 5.3779
202, 0, 138, 61.9864, 5.39882
203, 0, 137, 62.7496, 5.4318
204, 0, 136, 64.0977, 5.46547
205, 0, 135, 64.8609, 5.48697
206, 0, 134, 64.6287, 5.54291
207, 0, 133, 65.6287, 5.5885
208, 0, 132, 66.3919, 5.6073
209, 0, 131, 67.3919, 5.63448
210, 0, 130, 68.1551, 5.65274
211, 0, 129, 68.9183, 5.67088
212, 0, 128, 69.9183, 5.69093
213, 0, 127, 70.6815, 5.72389
214, 0, 126, 71.4447, 5.74688
215, 0, 126, 71.0712, 5.78314
216, 0, 125, 72.0712, 5.81077
217, 0, 124, 73.0712, 5.83658
218, 0, 124, 72.6977, 5.8555
219, 0, 123, 73.4609, 5.8828
220, 0, 123, 73.0458, 5.91566
221, 0, 123, 72.6308, 5.94995
222, 0, 122, 73.9789, 5.97335
223, 0, 121, 74.7421, 6.00321
224, 0, 120, 75.5053, 6.04878
225, 0, 119, 76.2685, 6.11104
226, 0, 119, 75.7836, 6.12981
227, 0, 118, 76.5468, 6.18568
228, 0, 118, 76.1732, 6.20531
229, 0, 118, 76.0627, 6.26006
230, 0, 118, 76.036, 6.2915
231, 0, 118, 75.7725, 6.32041
232, 0, 118, 75.6196, 6.33957
233, 0, 118, 75.1346, 6.35774
234, 0, 118, 74.6497, 6.3952
235, 0, 117, 75.4129, 6.42639
236, 0, 117, 75.0393, 6.4661
237, 0, 117, 74.6658, 6.48637
238, 0, 117, 74.6361, 6.52347
239, 0, 117, 74.6063, 6.54249
240, 0, 117, 74.5766, 6.56636
241, 0, 117, 74.5538, 6.59126
242, 0, 117, 74.5311, 6.61525
243, 0, 117, 74.5107, 6.65289
244, 0, 117, 74.4269, 6.69144
245, 0, 117, 74.2739, 6.70955
246, 0, 117, 73.9004, 6.74905
247, 0, 117, 73.5269, 6.77516
248, 0, 117, 73.1533, 6.81192
249, 0, 117, 72.7798, 6.8388
250, 0, 117, 72.4063, 6.87128
251, 0, 117, 71.9912, 6.91688
252, 0, 117, 71.8213, 6.94571
253, 0, 117, 71.6514, 6.96708
254, 0, 116, 71.8927, 6.98493
255, 0, 116, 71.6882, 7.00352
256, 0, 116, 71.3147, 7.02139
257, 0, 116, 70.9411, 7.04104
258, 0, 115, 72.2893, 7.06461
259, 0, 115, 72.1962, 7.08373
260, 0, 115, 72.1124, 7.12933
261, 0, 115, 72.0286, 7.15706
262, 0, 115, 71.655, 7.18009
263, 0, 114, 72.4182, 7.19855
264, 0, 113, 73.1814, 7.2241
265, 0, 112, 74.1814, 7.25401
266, 0, 111, 74.9446, 7.29789
267, 0, 110, 76.2928, 7.32372
268, 0, 109, 77.056, 7.34344
269, 0, 109, 76.571, 7.36292
270, 0, 108, 77.571, 7.40124
271, 0, 108, 77.1975, 7.42007
272, 0, 107, 77.9607, 7.44637
273, 0, 107, 77.5872, 7.46727
274, 0, 107, 77.2136, 7.48956
275, 0, 107, 77.1463, 7.50819
276, 0, 107, 77.1236, 7.5261
277, 0, 107, 77.1056, 7.55864
278, 0, 107, 77.0877, 7.57725
279, 0, 107, 77.0698, 7.59645
280, 0, 107, 77.0537, 7.61712
281, 0, 107, 76.9025, 7.6362
282, 0, 107, 76.529, 7.65464
283, 0, 107, 76.1555, 7.67307
284, 0, 107, 75.9509, 7.69185
285, 0, 107, 75.5774, 7.72012
286, 0, 107, 75.0924, 7.73853
287, 0, 107, 74.7189, 7.75614
288, 0, 106, 75.7189, 7.77439
289, 0, 105, 76.0717, 7.82387
290, 0, 105, 75.5867, 7.84264
291, 0, 104, 76.5867, 7.8642
292, 0, 104, 76.2132, 7.89831
293, 0, 104, 75.8396, 7.92393
294, 0, 104, 75.4661, 7.94947
295, 0, 104, 75.3132, 7.97809
296, 0, 104, 75.2602, 7.99555
297, 0, 104, 75.1764, 8.01383
298, 0, 104, 74.8028, 8.07886
299, 0, 104, 74.7883, 8.11454
300, 0, 104, 74.7738, 8.14896
301, 0, 104, 74.7593, 8.17477
302, 0, 104, 74.7463, 8.2059
303, 0, 104, 74.7022, 8.22787
304, 0, 104, 74.6902, 8.26979
305, 0, 104, 74.6783, 8.28801
306, 0, 104, 74.6663, 8.32537
307, 0, 104, 74.6555, 8.35156
308, 0, 104, 74.6025, 8.37068
309, 0, 104, 74.229, 8.38885
310, 0, 104, 74.076, 8.40943
311, 0, 104, 73.9231, 8.42798
312, 0, 104, 73.826, 8.45799
313, 0, 104, 73.7422, 8.49022
314, 0, 103, 74.095, 8.52789
315, 0, 103, 73.61, 8.57224
316, 0, 103, 73.5169, 8.66596
317, 0, 103, 73.458, 8.70272
318, 0, 103, 73.405, 8.72391
319, 0, 103, 73.3748, 8.75192
320, 0, 103, 73.3647, 8.80113
321, 0, 103, 73.3547, 8.84026
322, 0, 103, 73.3446, 8.85841
323, 0, 103, 73.3356, 8.87781
324, 0, 103, 73.2688, 8.89798
325, 0, 103, 73.185, 8.92666
326, 0, 102, 73.3337, 8.94837
327, 0, 102, 73.2896, 8.97507
328, 0, 101, 73.4526, 9.00633
329, 0, 101, 73.575, 9.03776
330, 0, 101, 73.5161, 9.05639
331, 0, 101, 73.419, 9.07494
332, 0, 101, 73.0455, 9.1057
333, 0, 101, 72.672, 9.12422
334, 0, 101, 72.2984, 9.16527
335, 0, 101, 72.2316, 9.1839
336, 0, 101, 72.0787, 9.23259
337, 0, 101, 71.7051, 9.25239
338, 0, 101, 71.5522, 9.27129
339, 0, 101, 71.5437, 9.2925
340, 0, 101, 71.5351, 9.31117
341, 0, 101, 71.5265, 9.34439
342, 0, 101, 71.5188, 9.3721
343, 0, 101, 71.4886, 9.39622
344, 0, 101, 71.448, 9.43717
345, 0, 101, 71.4114, 9.45572
346, 0, 101, 71.3748, 9.5536
347, 0, 101, 71.2219, 9.5785
348, 0, 101, 70.8483, 9.63609
349, 0, 101, 70.6954, 9.65493
350, 0, 101, 70.3219, 9.67896
351, 0, 100, 71.3219, 9.69731
352, 0, 99, 72.0851, 9.71957
353, 0, 99, 71.67, 9.74263
354, 0, 99, 71.2965, 9.76966
355, 0, 98, 71.6493, 9.8055
356, 0, 98, 71.1643, 9.843
357, 0, 98, 70.7908, 9.90243
358, 0, 98, 70.5862, 9.92257
359, 0, 98, 70.2127, 9.9414
360, 0, 98, 70.0598, 9.95979
361, 0, 98, 69.9068, 10.0015
362, 0, 98, 69.4918, 10.0283
363, 0, 98, 69.1183, 10.0877
364, 0, 98, 68.7447, 10.1199
365, 0, 98, 68.3712, 10.1478
366, 0, 98, 67.9562, 10.1704
367, 0, 98, 67.5826, 10.1888
368, 0, 98, 67.8045, 10.2208
369, 0, 98, 67.6346, 10.2866
370, 0, 98, 67.4817, 10.3106
371, 0, 98, 67.3288, 10.3616
372, 0, 98, 67.245, 10.3866
373, 0, 98, 67.2236, 10.4056
374, 0, 98, 67.1829, 10.4236
375, 0, 98, 67.1348, 10.4427
376, 0, 98, 66.9819, 10.478
377, 0, 98, 66.7773, 10.5063
378, 0, 98, 66.6244, 10.5368
379, 0, 97, 66.8657, 10.5553
380, 0, 97, 66.6612, 10.5856
381, 0, 97, 66.4913, 10.6047
382, 0, 97, 66.3383, 10.6228
383, 0, 97, 66.1854, 10.6417
384, 0, 96, 66.5382, 10.6593
385, 0, 95, 66.7795, 10.6774
386, 0, 95, 66.2945, 10.6992
387, 0, 95, 66.1416, 10.7211
388, 0, 95, 65.7681, 10.7469
389, 0, 95, 65.6151, 10.7657
390, 0, 94, 66.9633, 10.787
391, 0, 93, 67.9633, 10.8053
392, 0, 92, 68.7265, 10.8237
393, 0, 92, 68.5736, 10.8419
394, 0, 92, 68.4206, 10.8633
395, 0, 92, 68.0056, 10.8824
396, 0, 92, 67.8011, 10.904
397, 0, 91, 68.1538, 10.9271
398, 0, 91, 67.6689, 10.9458
399, 0, 91, 67.4643, 10.9828
400, 0, 91, 67.3114, 11.0019
401, 0, 91, 67.1585, 11.02
402, 0, 91, 67.1287, 11.0431
403, 0, 91, 67.1019, 11.062
404, 0, 91, 67.0806, 11.0873
405, 0, 91, 67.0732, 11.1057
406, 0, 91, 67.0658, 11.1268
407, 0, 91, 67.0584, 11.1606
408, 0, 90, 67.2065, 11.1819
409, 0, 90, 67.2034, 11.2256
410, 0, 90, 67.1552, 11.2897
411, 0, 90, 67.0023, 11.3271
412, 0, 90, 66.5873, 11.3485
413, 0, 90, 66.4343, 11.3763
414, 0, 90, 66.0608, 11.3961
415, 0, 89, 66.4136, 11.4192
416, 0, 89, 65.9286, 11.4385
417, 0, 89, 65.5136, 11.4686
418, 0, 88, 65.7549, 11.4905
419, 0, 88, 65.5504, 11.5095
420, 0, 88, 65.1353, 11.5334
421, 0, 88, 64.9824, 11.552
422, 0, 88, 64.8719, 11.5703
423, 0, 88, 64.719, 11.5889
424, 0, 88, 64.566, 11.6083
425, 0, 88, 64.4131, 11.629
426, 0, 88, 64.5761, 11.8175
427, 0, 88, 64.4924, 11.8427
428, 0, 88, 64.3394, 11.8646
429, 0, 88, 64.1349, 11.8962
430, 0, 88, 63.965, 11.921
431, 0, 88, 63.8812, 11.9517
432, 0, 88, 63.7282, 11.9707
433, 0, 88, 63.9502, 11.9899
434, 0, 88, 64.1721, 12.014
435, 0, 88, 63.9675, 12.0432
436, 0, 88, 63.8837, 12.0635
437, 0, 88, 63.7308, 12.0826
438, 0, 88, 63.3573, 12.1011
439, 0, 88, 63.2043, 12.1304
440, 0, 88, 63.0514, 12.15
441, 0, 88, 62.8815, 12.1912
442, 0, 88, 62.7286, 12.2159
443, 0, 88, 62.5756, 12.2353
444, 0, 88, 62.4651, 12.2564
445, 0, 88, 62.2952, 12.2758
446, 0, 88, 62.1847, 12.2951
447, 0, 88, 62.0148, 12.3136
448, 0, 88, 61.931, 12.3319
449, 0, 88, 61.8379, 12.3496
450, 0, 88, 61.6849, 12.3689
451, 0, 88, 61.532, 12.3872
452, 0, 88, 61.3621, 12.4074
453, 0, 88, 61.2091, 12.4354
454, 0, 88, 60.7242, 12.4708
455, 0, 88, 60.6944, 12.5044
456, 0, 88, 60.6586, 12.528
457, 0, 88, 60.5748, 12.5542
458, 0, 88, 60.2012, 12.5786
459, 0, 88, 60.0313, 12.5992
460, 0, 88, 59.9208, 12.6225
461, 0, 88, 59.7679, 12.643
462, 0, 88, 59.6748, 12.6753
463, 0, 88, 59.5048, 12.6948
464, 0, 88, 59.3519, 12.7393
465, 0, 88, 59.199, 12.7585
466, 0, 88, 59.029, 12.7814
467, 0, 88, 58.8761, 12.8044
468, 0, 88, 58.5026, 12.823
469, 0, 88, 58.129, 12.8418
470, 0, 87, 58.3704, 12.8749
471, 0, 87, 58.1658, 12.894
472, 0, 87, 58.0129, 12.914
473, 0, 87, 57.9198, 12.9326
474, 0, 87, 57.836, 12.9514
475, 0, 87, 57.7522, 12.9705
476, 0, 87, 57.6417, 12.9917
477, 0, 87, 57.5579, 13.0105
478, 0, 87, 57.388, 13.0306
479, 0, 87, 57.2351, 13.0498
480, 0, 87, 57.1677, 13.0825
481, 0, 87, 57.0839, 13.1101
482, 0, 87, 57.0001, 13.1286
483, 0, 87, 56.907, 13.1538
484, 0, 87, 56.8232, 13.1772
485, 0, 87, 56.7301, 13.2096
486, 0, 87, 56.686, 13.2307
487, 0, 87, 56.6022, 13.2574
488, 0, 87, 56.4493, 13.276
489, 0, 87, 56.2963, 13.2946
490, 0, 87, 56.2032, 13.3133
491, 0, 86, 56.393, 13.3423
492, 0, 86, 56.2825, 13.3612
493, 0, 86, 56.1295, 13.3796
494, 0, 86, 55.9766, 13.4002
495, 0, 86, 55.8928, 13.4532
496, 0, 86, 55.7997, 13.4781
497, 0, 86, 55.7159, 13.5309
498, 0, 86, 55.563, 13.5686
499, 0, 86, 55.1894, 13.5893
500, 0, 86, 55.0365, 13.6226
501, 0, 86, 54.9527, 13.6494
502, 0, 86, 54.8689, 13.6688
503, 0, 86, 54.7851, 13.6893
504, 0, 86, 54.3701, 13.726
505, 0, 86, 54.1655, 13.7452
506, 0, 86, 53.7505, 13.7788
507, 0, 86, 53.5976, 13.7996
508, 0, 86, 53.4446, 13.8225
509, 0, 85, 53.686, 13.8412
510, 0, 85, 53.4814, 13.8604
511, 0, 85, 53.3976, 13.8824
512, 0, 85, 53.2277, 13.9034
513, 0, 85, 53.0748, 13.9233
514, 0, 85, 52.6597, 13.9469
515, 0, 85, 52.2862, 13.9655
516, 0, 84, 53.0494, 13.9846
517, 0, 84, 52.6759, 14.0122
518, 0, 84, 52.5229, 14.0359
519, 0, 84, 52.37, 14.0842
520, 0, 84, 52.2001, 14.1148
521, 0, 84, 52.0471, 14.15
522, 0, 84, 51.7837, 14.1826
523, 0, 83, 52.0251, 14.2113
524, 0, 83, 51.8205, 14.2416
525, 0, 83, 51.6506, 14.2803
526, 0, 83, 51.5401, 14.3293
527, 0, 82, 51.7298, 14.3785
528, 0, 82, 51.6193, 14.4151
529, 0, 82, 51.4682, 14.4695
530, 0, 82, 51.3577, 14.4967
531, 0, 82, 51.5207, 14.5228
532, 0, 82, 51.4369, 14.5525
533, 0, 82, 51.3264, 14.5824
534, 0, 82, 51.2426, 14.6084
535, 0, 82, 51.0897, 14.6345
536, 0, 82, 51.2527, 14.6607
537, 0, 82, 51.0828, 14.6809
538, 0, 82, 50.9129, 14.7032
539, 0, 82, 50.8291, 14.7402
540, 0, 82, 50.3441, 14.7753
541, 0, 82, 49.9706, 14.7985
542, 0, 81, 51.3187, 14.8419
543, 0, 81, 50.9037, 14.8616
544, 0, 81, 50.5302, 14.8838
545, 0, 80, 50.8829, 14.9039
546, 0, 80, 50.398, 14.9282
547, 0, 80, 50.3916, 14.9559
548, 0, 80, 50.3894, 14.975
549, 0, 80, 50.3627, 15.0088
550, 0, 80, 50.2789, 15.028
551, 0, 80, 50.1951, 15.0502
552, 0, 80, 50.1421, 15.0694
553, 0, 80, 49.8786, 15.0879
554, 0, 80, 49.8256, 15.1142
555, 0, 80, 49.8102, 15.1458
556, 0, 80, 49.7875, 15.2294
557, 0, 80, 49.767, 15.2677
558, 0, 80, 49.8045, 15.2954
559, 0, 80, 49.7687, 15.3185
560, 0, 80, 49.7156, 15.357
561, 0, 80, 49.6225, 15.3998
562, 0, 80, 49.5552, 15.4372
563, 0, 80, 49.4581, 15.4638
564, 0, 80, 49.3743, 15.4888
565, 0, 80, 49.2812, 15.5098
566, 0, 80, 49.1974, 15.5289
567, 0, 80, 49.1136, 15.5479
568, 0, 79, 49.2766, 15.5671
569, 0, 79, 49.2093, 15.6052
570, 0, 79, 49.198, 15.6323
571, 0, 79, 49.1753, 15.6546
572, 0, 79, 49.1479, 15.6857
573, 0, 79, 49.0641, 15.7313
574, 0, 79, 49.0628, 15.7592
575, 0, 79, 49.0423, 15.7932
576, 0, 79, 48.9982, 15.8126
577, 0, 79, 48.9708, 15.8311
578, 0, 79, 48.9701, 15.8503
579, 0, 79, 48.9427, 15.8899
580, 0, 79, 48.8759, 15.9093
581, 0, 79, 48.8086, 15.9368
582, 0, 79, 48.7556, 15.9598
583, 0, 79, 48.6624, 15.9787
584, 0, 79, 48.5787, 16.0174
585, 0, 79, 48.4257, 16.036
586, 0, 79, 48.3419, 16.0559
587, 0, 79, 48.2581, 16.0781
588, 0, 79, 48.0882, 16.0971
589, 0, 79, 48.0044, 16.1306
590, 0, 79, 47.9113, 16.1518
591, 0, 79, 47.8439, 16.1711
592, 0, 79, 47.9366, 16.2043
593, 0, 79, 47.8836, 16.2237
594, 0, 79, 47.7905, 16.2552
595, 0, 79, 47.7231, 16.2963
596, 0, 79, 47.6393, 16.3153
597, 0, 79, 47.5555, 16.3342
598, 0, 79, 47.4717, 16.3639
599, 0, 79, 47.3786, 16.3862
600, 0, 79, 47.2948, 16.4345
601, 0, 79, 47.0903, 16.4823
602, 0, 79, 47.0724, 16.5253
603, 0, 79, 47.0562, 16.5503
604, 0, 79, 47.048, 16.5703
605, 0, 79, 47.03, 16.5895
606, 0, 79, 47.0087, 16.6096
607, 0, 79, 46.9249, 16.6301
608, 0, 79, 46.9733, 16.6512
609, 0, 79, 46.9588, 16.7244
610, 0, 79, 46.9458, 16.7462
611, 0, 79, 46.9297, 16.7862
612, 0, 79, 46.8767, 16.8156
613, 0, 79, 46.7237, 16.8588
614, 0, 79, 46.7235, 16.879
615, 0, 79, 46.7022, 16.8986
616, 0, 79, 46.6726, 16.9189
617, 0, 79, 46.6661, 16.9623
618, 0, 79, 46.6597, 16.9855
619, 0, 79, 46.6541, 17.0379
620, 0, 79, 46.6484, 17.0601
621, 0, 79, 46.6428, 17.0797
622, 0, 79, 46.6397, 17.1365
623, 0, 79, 46.6184, 17.1637
624, 0, 79, 46.5818, 17.2159
625, 0, 79, 46.3184, 17.2361
626, 0, 79, 46.3039, 17.2609
627, 0, 79, 46.2796, 17.2793
628, 0, 79, 46.1958, 17.3148
629, 0, 79, 46.112, 17.3659
630, 0, 79, 45.9075, 17.3856
631, 0, 79, 45.703, 17.4047
632, 0, 78, 45.9443, 17.4433
633, 0, 78, 45.7398, 17.4651
634, 0, 78, 45.6293, 17.5023
635, 0, 78, 45.5362, 17.5279
636, 0, 78, 45.4524, 17.5501
637, 0, 78, 45.3935, 17.5789
638, 0, 78, 45.3405, 17.5988
639, 0, 78, 45.2875, 17.6258
640, 0, 77, 45.4505, 17.6444
641, 0, 77, 45.3667, 17.671
642, 0, 77, 45.1968, 17.694
643, 0, 77, 45.0863, 17.7191
644, 0, 77, 45.0025, 17.7467
645, 0, 77, 45.1655, 17.7889
646, 0, 77, 45.055, 17.8168
647, 0, 77, 44.9712, 17.8599
648, 0, 77, 44.9182, 17.8791
649, 0, 77, 44.7653, 17.8976
650, 0, 76, 44.9283, 17.9179
651, 0, 76, 44.861, 17.9519
652, 0, 76, 44.8585, 17.9801
653, 0, 76, 44.8524, 18.0022
654, 0, 76, 44.8405, 18.0298
655, 0, 76, 44.8285, 18.0684
656, 0, 75, 44.9678, 18.1007
657, 0, 75, 44.9595, 18.1219
658, 0, 75, 44.9427, 18.1417
659, 0, 75, 44.9377, 18.1743
660, 0, 75, 44.9327, 18.1936
661, 0, 75, 44.9277, 18.2185
662, 0, 75, 44.9257, 18.267
663, 0, 75, 44.9089, 18.2908
664, 0, 75, 44.8723, 18.3355
665, 0, 75, 44.8592, 18.3846
666, 0, 74, 45.0223, 18.407
667, 0, 74, 44.9549, 18.4372
668, 0, 74, 44.8876, 18.4783
669, 0, 74, 44.7364, 18.5343
670, 0, 74, 44.6433, 18.5536
671, 0, 74, 44.5595, 18.6039
672, 0, 74, 44.4084, 18.6234
673, 0, 74, 44.3643, 18.6628
674, 0, 74, 44.3202, 18.6869
675, 0, 74, 44.2672, 18.7081
676, 0, 74, 44.2142, 18.7314
677, 0, 74, 44.1701, 18.7586
678, 0, 74, 44.126, 18.7819
679, 0, 74, 44.073, 18.8232
680, 0, 74, 44.0365, 18.8444
681, 0, 74, 43.9776, 18.8638
682, 0, 74, 43.9108, 18.8831
683, 0, 74, 43.8626, 18.9024
684, 0, 74, 43.8096, 18.9542
685, 0, 74, 43.7507, 18.9732
686, 0, 74, 43.6977, 19.0518
687, 0, 74, 43.6447, 19.072
688, 0, 74, 43.6145, 19.1177
689, 0, 74, 43.6101, 19.1427
690, 0, 74, 43.604, 19.1758
691, 0, 74, 43.5906, 19.2192
692, 0, 74, 43.5861, 19.2479
693, 0, 74, 43.5817, 19.2895
694, 0, 74, 43.5772, 19.3348
695, 0, 74, 43.5757, 19.3542
696, 0, 74, 43.5622, 19.3891
697, 0, 74, 43.5355, 19.4317
698, 0, 74, 43.4517, 19.4519
699, 0, 74, 43.3679, 19.4849
700, 0, 74, 43.3005, 19.5459
701, 0, 74, 43.2564, 19.5791
702, 0, 74, 43.2034, 19.6139
703, 0, 74, 43.1504, 19.6468
704, 0, 74, 43.1139, 19.6714
705, 0, 74, 43.0836, 19.6898
706, 0, 74, 42.9905, 19.7252
707, 0, 73, 43.1536, 19.7714
708, 0, 73, 43.0862, 19.7978
709, 0, 73, 42.9931, 19.8294
710, 0, 73, 42.9258, 19.8487
711, 0, 73, 42.8817, 19.8811
712, 0, 73, 42.8376, 19.9081
713, 0, 73, 42.7846, 19.942
714, 0, 73, 42.7316, 19.9607
715, 0, 73, 42.6478, 19.9929
716, 0, 73, 42.6176, 20.0117
717, 0, 73, 42.5587, 20.0601
718, 0, 73, 42.5284, 20.0883
719, 0, 73, 42.4695, 20.1141
720, 0, 73, 42.4165, 20.1447
721, 0, 73, 42.3576, 20.1654
722, 0, 73, 42.3046, 20.2007
723, 0, 73, 42.2208, 20.2235
724, 0, 72, 42.4622, 20.2502
725, 0, 72, 42.2576, 20.2699
726, 0, 72, 42.1738, 20.2951
727, 0, 72, 42.09, 20.3253
728, 0, 72, 41.9371, 20.3691
729, 0, 72, 41.8841, 20.3911
730, 0, 72, 41.8168, 20.4194
731, 0, 72, 41.7579, 20.4462
732, 0, 72, 41.7049, 20.4849
733, 0, 72, 41.6608, 20.508
734, 0, 72, 41.6019, 20.5271
735, 0, 72, 41.5489, 20.5621
736, 0, 72, 41.4959, 20.5906
737, 0, 72, 41.4552, 20.621
738, 0, 72, 41.4187, 20.6597
739, 0, 72, 41.3657, 20.6812
740, 0, 72, 41.2725, 20.7172
741, 0, 72, 41.2052, 20.7428
742, 0, 72, 41.1463, 20.7757
743, 0, 72, 41.0933, 20.8092
744, 0, 72, 41.0344, 20.8288
745, 0, 72, 41.0042, 20.8564
746, 0, 72, 40.9512, 20.9025
747, 0, 72, 40.8674, 20.9284
748, 0, 72, 40.8267, 20.952
749, 0, 72, 40.7902, 20.9991
750, 0, 72, 40.7536, 21.0327
751, 0, 72, 40.7129, 21.0587
752, 0, 72, 40.6764, 21.0809
753, 0, 72, 40.6398, 21.1182
754, 0, 72, 40.5724, 21.1516
755, 0, 72, 40.5318, 21.1994
756, 0, 72, 40.5104, 21.2717
757, 0, 72, 40.4738, 21.3082
758, 0, 72, 40.4332, 21.3364
759, 0, 72, 40.3966, 21.3552
760, 0, 72, 40.36, 21.3757
761, 0, 72, 40.2927, 21.3968
762, 0, 72, 40.2089, 21.4236
763, 0, 72, 40.1559, 21.4472
764, 0, 72, 40.097, 21.4873
765, 0, 72, 40.044, 21.5199
766, 0, 72, 39.8911, 21.5525
767, 0, 72, 39.7381, 21.584
768, 0, 72, 39.5852, 21.6049
769, 0, 72, 39.5014, 21.6367
770, 0, 72, 39.4648, 21.6764
771, 0, 72, 39.4118, 21.6964
772, 0, 72, 39.2607, 21.7166
773, 0, 72, 39.2339, 21.7362
774, 0, 72, 39.2308, 21.7606
775, 0, 72, 39.2264, 21.8262
776, 0, 72, 39.2156, 21.8465
777, 0, 72, 39.1854, 21.869
778, 0, 72, 39.1552, 21.9018
779, 0, 72, 39.1186, 21.9218
780, 0, 72, 39.0597, 21.941
781, 0, 72, 39.0067, 21.9786
782, 0, 72, 38.8022, 22.0038
783, 0, 72, 38.6492, 22.0383
784, 0, 72, 38.4793, 22.0643
785, 0, 72, 38.3264, 22.0892
786, 0, 72, 37.8414, 22.1217
787, 0, 72, 37.7483, 22.1458
788, 0, 72, 37.6552, 22.1699
789, 0, 72, 37.8191, 22.1894
790, 0, 72, 37.7661, 22.2087
791, 0, 72, 37.5615, 22.228
792, 0, 72, 37.5575, 22.248
793, 0, 72, 37.5535, 22.274
794, 0, 72, 37.5495, 22.3208
795, 0, 72, 37.5484, 22.3403
796, 0, 72, 37.5376, 22.3799
797, 0, 72, 37.5368, 22.3995
798, 0, 72, 37.5346, 22.4183
799, 0, 72, 37.5315, 22.4571
800, 0, 72, 37.5661, 22.4809
801, 0, 72, 37.5571, 22.5179
802, 0, 72, 37.5205, 22.5478
803, 0, 72, 37.3676, 22.5814
804, 0, 72, 37.3462, 22.604
805, 0, 72, 37.3375, 22.6347
806, 0, 72, 37.3338, 22.6561
807, 0, 72, 37.3302, 22.6969
808, 0, 72, 37.3266, 22.7404
809, 0, 72, 37.3261, 22.7604
810, 0, 72, 37.3096, 22.7802
811, 0, 72, 37.2828, 22.809
812, 0, 72, 37.2463, 22.84
813, 0, 72, 37.1874, 22.8615
814, 0, 72, 37.0903, 22.9093
815, 0, 72, 36.9972, 22.9288
816, 0, 72, 36.9442, 22.9674
817, 0, 72, 36.9139, 23.0126
818, 0, 72, 36.8733, 23.0397
819, 0, 72, 36.8251, 23.0708
820, 0, 72, 36.7893, 23.0904
821, 0, 72, 36.759, 23.1166
822, 0, 72, 36.6922, 23.1579
823, 0, 72, 36.6333, 23.1774
824, 0, 72, 36.5803, 23.2225
825, 0, 72, 36.5273, 23.2413
826, 0, 72, 36.4684, 23.2647
827, 0, 72, 36.4319, 23.2843
828, 0, 72, 36.3953, 23.3043
829, 0, 72, 36.3587, 23.3393
830, 0, 71, 36.4964, 23.3714
831, 0, 71, 36.4751, 23.4092
832, 0, 71, 36.3239, 23.4616
833, 0, 71, 36.304, 23.5219
834, 0, 71, 36.26, 23.5416
835, 0, 71, 36.2567, 23.5765
836, 0, 71, 36.2534, 23.6006
837, 0, 71, 36.2501, 23.6227
838, 0, 71, 36.2498, 23.6422
839, 0, 71, 36.2485, 23.6636
840, 0, 71, 36.2464, 23.709
841, 0, 71, 36.2393, 23.7786
842, 0, 71, 36.2363, 23.7971
843, 0, 71, 36.2333, 23.8319
844, 0, 71, 36.2303, 23.8659
845, 0, 71, 36.2302, 23.8853
846, 0, 71, 36.2225, 23.9238
847, 0, 71, 36.2011, 23.9625
848, 0, 71, 36.1646, 24.0105
849, 0, 71, 36.0675, 24.0392
850, 0, 71, 36.0461, 24.0661
851, 0, 71, 36.0193, 24.0968
852, 0, 71, 35.9663, 24.134
853, 0, 71, 36.0777, 24.1726
854, 0, 71, 36.0371, 24.194
855, 0, 71, 36.0005, 24.2232
856, 0, 71, 35.9639, 24.2683
857, 0, 71, 35.9372, 24.2885
858, 0, 71, 35.8534, 24.3372
859, 0, 71, 35.8506, 24.3933
860, 0, 71, 35.8479, 24.4388
861, 0, 71, 35.8452, 24.4585
862, 0, 71, 35.8453, 24.4784
863, 0, 71, 35.8315, 24.4985
864, 0, 71, 35.8161, 24.5189
865, 0, 71, 35.772, 24.5461
866, 0, 71, 35.7131, 24.5764
867, 0, 71, 35.6917, 24.5953
868, 0, 71, 35.6511, 24.6141
869, 0, 70, 35.7998, 24.6424
870, 0, 70, 35.7557, 24.6712
871, 0, 70, 35.7027, 24.6907
872, 0, 70, 35.6497, 24.711
873, 0, 70, 35.5967, 24.752
874, 0, 70, 35.4862, 24.7722
875, 0, 70, 35.4332, 24.7991
876, 0, 70, 35.3891, 24.8251
877, 0, 70, 35.3361, 24.8445
878, 0, 70, 35.2831, 24.8713
879, 0, 70, 35.2242, 24.8911
880, 0, 70, 35.1835, 24.9208
881, 0, 69, 35.3322, 24.9471
882, 0, 69, 35.2882, 25.007
883, 0, 69, 35.2475, 25.031
884, 0, 69, 35.2109, 25.0534
885, 0, 69, 35.1579, 25.0945
886, 0, 69, 35.1277, 25.1342
887, 0, 68, 35.2764, 25.1555
888, 0, 68, 35.2323, 25.1809
889, 0, 68, 35.1957, 25.204
890, 0, 68, 35.1551, 25.2259
891, 0, 68, 35.1185, 25.2738
892, 0, 68, 35.008, 25.3119
893, 0, 68, 34.998, 25.3456
894, 0, 68, 34.9879, 25.4077
895, 0, 68, 34.9714, 25.4358
896, 0, 68, 34.9184, 25.4571
897, 0, 68, 34.8511, 25.4762
898, 0, 68, 34.6982, 25.5101
899, 0, 68, 34.6393, 25.5301
900, 0, 68, 34.5804, 25.5505
901, 0, 68, 34.3995, 25.578
902, 0, 68, 34.3157, 25.5974
903, 0, 68, 34.2052, 25.6373
904, 0, 67, 34.3949, 25.657
905, 0, 67, 34.2844, 25.6766
906, 0, 67, 34.4128, 25.6986
907, 0, 67, 34.3763, 25.7388
908, 0, 67, 34.2658, 25.7759
909, 0, 66, 34.5071, 25.8016
910, 0, 66, 34.3026, 25.8266
911, 0, 66, 34.6176, 25.8713
912, 0, 66, 34.2026, 25.8986
913, 0, 66, 33.829, 25.9398
914, 0, 66, 33.7884, 25.9601
915, 0, 66, 33.7478, 25.9862
916, 0, 66, 33.61, 26.0056
917, 0, 66, 33.5262, 26.0252
918, 0, 66, 33.5108, 26.0688
919, 0, 66, 33.5101, 26.1079
920, 0, 66, 33.5087, 26.1503
921, 0, 66, 33.5029, 26.1705
922, 0, 66, 33.5032, 26.1927
923, 0, 66, 33.4916, 26.2142
924, 0, 66, 33.4803, 26.2557
925, 0, 66, 33.3832, 26.2796
926, 0, 66, 33.3628, 26.3047
927, 0, 66, 33.3626, 26.3251
928, 0, 66, 33.354, 26.3654
929, 0, 66, 33.3455, 26.3868
930, 0, 66, 33.3317, 26.41
931, 0, 66, 33.2787, 26.4296
932, 0, 66, 33.278, 26.4498
933, 0, 66, 33.2713, 26.4701
934, 0, 66, 33.2559, 26.4912
935, 0, 66, 33.2345, 26.5109
936, 0, 66, 33.1939, 26.5315
937, 0, 65, 33.3351, 26.5507
938, 0, 65, 33.3048, 26.5733
939, 0, 65, 33.2781, 26.5935
940, 0, 65, 33.2576, 26.6242
941, 0, 65, 33.2309, 26.6503
942, 0, 65, 33.1943, 26.6702
943, 0, 65, 33.1675, 26.7063
944, 0, 65, 33.1461, 26.727
945, 0, 65, 33.1164, 26.7472
946, 0, 65, 33.0805, 26.7692
947, 0, 65, 33.0531, 26.7936
948, 0, 65, 33.0263, 26.8181
949, 0, 65, 32.9897, 26.8635
950, 0, 65, 32.9491, 26.8943
951, 0, 65, 32.9125, 26.914
952, 0, 65, 32.8278, 26.9361
953, 0, 65, 32.8124, 26.9652
954, 0, 65, 32.8011, 26.9936
955, 0, 65, 32.7964, 27.0142
956, 0, 65, 32.7939, 27.0374
957, 0, 65, 32.7914, 27.0631
958, 0, 65, 32.7889, 27.0905
959, 0, 65, 32.7748, 27.1103
960, 0, 65, 32.7725, 27.1451
961, 0, 65, 32.7701, 27.1665
962, 0, 65, 32.7678, 27.2044
963, 0, 65, 32.7669, 27.2316
964, 0, 65, 32.7994, 27.2584
965, 0, 65, 32.7996, 27.2925
966, 0, 65, 32.788, 27.3123
967, 0, 65, 32.7514, 27.3315
968, 0, 65, 32.6409, 27.3513
969, 0, 65, 32.582, 27.3778
970, 0, 65, 32.529, 27.4038
971, 0, 65, 32.4452, 27.4542
972, 0, 65, 32.415, 27.5091
973, 0, 65, 32.4128, 27.5371
974, 0, 65, 32.4107, 27.5568
975, 0, 65, 32.4086, 27.5769
976, 0, 65, 32.4078, 27.5993
977, 0, 65, 32.402, 27.6195
978, 0, 65, 32.3908, 27.6394
979, 0, 65, 32.3753, 27.6609
980, 0, 65, 32.354, 27.6909
981, 0, 65, 32.3427, 27.7157
982, 0, 65, 32.3222, 27.7388
983, 0, 65, 32.2816, 27.7581
984, 0, 65, 32.2518, 27.7865
985, 0, 65, 32.2153, 27.8332
986, 0, 65, 32.1222, 27.8549
987, 0, 65, 32.0384, 27.9098
988, 0, 65, 31.6233, 27.9313
989, 0, 65, 31.2498, 27.9636
990, 0, 65, 30.8348, 27.9834
991, 0, 65, 30.4197, 28.0045
992, 0, 65, 30.0462, 28.026
993, 0, 65, 29.6727, 28.0462
994, 0, 65, 29.5889, 28.0661
995, 0, 65, 29.5523, 28.0855
996, 0, 65, 29.5225, 28.1163
997, 0, 65, 29.4958, 28.1542
998, 0, 65, 29.469, 28.1738
999, 0, 65, 29.4485, 28.2124
