Seed is: 50
Number of samples is: 1000
Simulation name is: NoTvSim.sim
TimeStep, Distraction Rate, Missed States, Model Accuracy, Time (ms)
0, 0, 256, 0, 6e-05
1, 0, 255, 1, 0.043393
2, 0, 254, 1.7632, 0.059263
3, 0, 253, 2.52639, 0.08366
4, 0, 252, 3.28959, 0.098648
5, 0, 251, 4.05279, 0.115099
6, 0, 250, 4.81599, 0.138394
7, 0, 249, 5.81599, 0.1572
8, 0, 248, 6.57918, 0.207305
9, 0, 247, 7.57918, 0.24123
10, 0, 246, 8.34238, 0.273411
11, 0, 245, 9.10558, 0.301725
12, 0, 244, 9.86877, 0.34655
13, 0, 243, 10.8688, 0.366478
14, 0, 242, 11.632, 0.386757
15, 0, 241, 12.3952, 0.406675
16, 0, 240, 13.1584, 0.428146
17, 0, 239, 14.1584, 0.455508
18, 0, 238, 14.9216, 0.490635
19, 0, 237, 15.6848, 0.505623
20, 0, 236, 16.448, 0.526343
21, 0, 235, 17.448, 0.560368
22, 0, 234, 18.2112, 0.616104
23, 0, 233, 18.9744, 0.646311
24, 0, 232, 19.9744, 0.673643
25, 0, 231, 20.7375, 0.710133
26, 0, 230, 21.5007, 0.734569
27, 0, 229, 22.2639, 0.765338
28, 0, 228, 23.0271, 0.787981
29, 0, 227, 23.7903, 0.828338
30, 0, 226, 24.7903, 0.854428
31, 0, 226, 24.3753, 0.880267
32, 0, 226, 24.0018, 0.921435
33, 0, 225, 24.765, 0.944139
34, 0, 224, 25.5282, 0.988713
35, 0, 223, 26.2914, 1.00571
36, 0, 222, 27.0546, 1.04051
37, 0, 221, 26.8224, 1.08316
38, 0, 220, 27.5856, 1.09883
39, 0, 219, 28.3488, 1.11425
40, 0, 218, 29.112, 1.12999
41, 0, 217, 30.112, 1.17528
42, 0, 216, 30.8752, 1.21613
43, 0, 215, 30.643, 1.23204
44, 0, 214, 31.4062, 1.24834
45, 0, 213, 32.1694, 1.26428
46, 0, 212, 32.9326, 1.28043
47, 0, 211, 33.9326, 1.33177
48, 0, 210, 34.9326, 1.36686
49, 0, 209, 35.9326, 1.38297
50, 0, 208, 36.6957, 1.39957
51, 0, 207, 37.4589, 1.42642
52, 0, 206, 38.2221, 1.44279
53, 0, 205, 38.9853, 1.45878
54, 0, 204, 39.7485, 1.48235
55, 0, 203, 41.0967, 1.51649
56, 0, 202, 41.8599, 1.53294
57, 0, 201, 41.6277, 1.54899
58, 0, 200, 42.3909, 1.58451
59, 0, 200, 41.9759, 1.62202
60, 0, 200, 41.5608, 1.6403
61, 0, 200, 41.3909, 1.67119
62, 0, 200, 40.9759, 1.69056
63, 0, 200, 40.6023, 1.74605
64, 0, 200, 40.1174, 1.77267
65, 0, 199, 41.1174, 1.79356
66, 0, 199, 40.7023, 1.83321
67, 0, 199, 40.3288, 1.86803
68, 0, 199, 39.9553, 1.89982
69, 0, 198, 40.7185, 1.92054
70, 0, 197, 41.4817, 1.94385
71, 0, 196, 42.2449, 1.98106
72, 0, 195, 43.008, 1.99734
73, 0, 195, 42.8381, 2.01354
74, 0, 195, 42.6682, 2.06781
75, 0, 195, 42.5153, 2.10405
76, 0, 195, 42.1417, 2.12493
77, 0, 195, 42.0486, 2.14176
78, 0, 195, 41.9555, 2.1873
79, 0, 195, 41.8624, 2.23505
80, 0, 195, 41.8035, 2.30495
81, 0, 195, 41.7197, 2.34089
82, 0, 195, 41.3462, 2.37811
83, 0, 194, 42.1094, 2.40634
84, 0, 193, 42.8726, 2.43532
85, 0, 192, 43.6358, 2.4524
86, 0, 191, 44.399, 2.48487
87, 0, 190, 45.1622, 2.51689
88, 0, 189, 45.9254, 2.55349
89, 0, 189, 45.5518, 2.61576
90, 0, 188, 46.315, 2.63267
91, 0, 187, 47.0782, 2.64914
92, 0, 186, 48.4264, 2.66598
93, 0, 185, 49.1896, 2.68752
94, 0, 184, 49.9528, 2.70448
95, 0, 184, 49.5792, 2.75396
96, 0, 183, 50.3424, 2.77087
97, 0, 182, 51.1056, 2.7895
98, 0, 181, 51.8688, 2.80664
99, 0, 180, 52.632, 2.82309
100, 0, 179, 53.3952, 2.84603
101, 0, 178, 53.163, 2.87722
102, 0, 177, 54.5112, 2.91878
103, 0, 176, 55.2744, 2.9357
104, 0, 175, 55.0422, 2.95263
105, 0, 174, 56.0422, 2.97271
106, 0, 173, 55.81, 2.99749
107, 0, 173, 55.4365, 3.01464
108, 0, 173, 55.0214, 3.03202
109, 0, 173, 54.6479, 3.06186
110, 0, 172, 55.9961, 3.0855
111, 0, 171, 56.7593, 3.11746
112, 0, 170, 57.5225, 3.13469
113, 0, 169, 58.5225, 3.16635
114, 0, 168, 59.2857, 3.19247
115, 0, 167, 60.0489, 3.23494
116, 0, 166, 60.812, 3.25222
117, 0, 166, 60.397, 3.28382
118, 0, 166, 60.2271, 3.30061
119, 0, 166, 60.0572, 3.34104
120, 0, 165, 60.2985, 3.35847
121, 0, 165, 60.094, 3.37604
122, 0, 165, 59.8894, 3.40067
123, 0, 165, 59.7365, 3.42127
124, 0, 164, 61.0847, 3.49452
125, 0, 163, 61.8478, 3.52267
126, 0, 163, 62.1629, 3.56041
127, 0, 162, 62.5157, 3.593
128, 0, 162, 62.0307, 3.62456
129, 0, 162, 61.9718, 3.64289
130, 0, 162, 61.9129, 3.66028
131, 0, 162, 61.8599, 3.69398
132, 0, 162, 61.707, 3.71184
133, 0, 161, 62.4702, 3.73103
134, 0, 160, 63.2334, 3.77583
135, 0, 159, 63.9966, 3.80408
136, 0, 158, 64.7598, 3.86204
137, 0, 158, 64.3862, 3.88745
138, 0, 158, 64.2333, 3.91341
139, 0, 158, 64.1927, 3.94985
140, 0, 158, 64.152, 3.96777
141, 0, 158, 64.1114, 4.00294
142, 0, 158, 64.0748, 4.02793
143, 0, 158, 63.9219, 4.08101
144, 0, 158, 63.5483, 4.11436
145, 0, 158, 63.4378, 4.16982
146, 0, 158, 63.3273, 4.20001
147, 0, 158, 63.2435, 4.21788
148, 0, 158, 63.0906, 4.23489
149, 0, 158, 63.0068, 4.26056
150, 0, 158, 62.977, 4.28512
151, 0, 158, 62.9473, 4.33515
152, 0, 158, 62.9205, 4.37229
153, 0, 158, 62.8367, 4.39875
154, 0, 158, 62.4632, 4.41623
155, 0, 157, 63.2264, 4.44038
156, 0, 156, 63.9896, 4.47662
157, 0, 155, 64.7528, 4.50517
158, 0, 154, 65.516, 4.52534
159, 0, 154, 65.1425, 4.54281
160, 0, 153, 65.4952, 4.56152
161, 0, 153, 65.0103, 4.59516
162, 0, 152, 66.0103, 4.63459
163, 0, 152, 65.6367, 4.68559
164, 0, 151, 66.6367, 4.70333
165, 0, 151, 66.2632, 4.72129
166, 0, 150, 67.2632, 4.73892
167, 0, 150, 66.8897, 4.75787
168, 0, 150, 66.5161, 4.79061
169, 0, 150, 66.1011, 4.81006
170, 0, 150, 65.7276, 4.85198
171, 0, 149, 66.4907, 4.87621
172, 0, 149, 66.1172, 4.90184
173, 0, 149, 65.7437, 4.92959
174, 0, 149, 65.3701, 4.97935
175, 0, 148, 66.3701, 4.99913
176, 0, 148, 65.9966, 5.01949
177, 0, 148, 65.6231, 5.06618
178, 0, 148, 65.4701, 5.11033
179, 0, 148, 64.9852, 5.12939
180, 0, 148, 64.6117, 5.15975
181, 0, 147, 64.9644, 5.18905
182, 0, 147, 64.4795, 5.20754
183, 0, 147, 64.0644, 5.22476
184, 0, 147, 63.6909, 5.26435
185, 0, 146, 64.4541, 5.28254
186, 0, 145, 65.2173, 5.32703
187, 0, 144, 65.9805, 5.36608
188, 0, 144, 65.4955, 5.38434
189, 0, 144, 65.122, 5.4174
190, 0, 144, 64.7069, 5.43692
191, 0, 144, 64.6654, 5.46148
192, 0, 143, 66.3701, 5.49676
193, 0, 142, 67.3701, 5.54276
194, 0, 142, 66.9966, 5.56211
195, 0, 142, 66.5816, 5.588
196, 0, 141, 66.9343, 5.60705
197, 0, 141, 66.4494, 5.62534
198, 0, 141, 66.0758, 5.67416
199, 0, 141, 66.3909, 5.69512
200, 0, 141, 66.0173, 5.72852
201, 0, 141, 65.6438, 5.74641
202, 0, 141, 65.4393, 5.77266
203, 0, 141, 65.0657, 5.80296
204, 0, 140, 65.8289, 5.8388
205, 0, 139, 66.5921, 5.85646
206, 0, 138, 67.5921, 5.90986
207, 0, 137, 68.3553, 5.94691
208, 0, 136, 69.1185, 5.98398
209, 0, 135, 69.8817, 6.01405
210, 0, 134, 70.6449, 6.06117
211, 0, 134, 70.2714, 6.10825
212, 0, 134, 69.8564, 6.13972
213, 0, 134, 69.7034, 6.15757
214, 0, 134, 69.1253, 6.17603
215, 0, 134, 68.7103, 6.20171
216, 0, 134, 68.5574, 6.21975
217, 0, 134, 68.1838, 6.25324
218, 0, 134, 67.7688, 6.27498
219, 0, 134, 67.3953, 6.30433
220, 0, 134, 67.0217, 6.33867
221, 0, 134, 66.6067, 6.37269
222, 0, 134, 66.2332, 6.40186
223, 0, 133, 66.9964, 6.41981
224, 0, 132, 67.7596, 6.44084
225, 0, 132, 67.386, 6.45868
226, 0, 132, 67.0125, 6.47755
227, 0, 132, 67.2344, 6.49926
228, 0, 132, 67.0815, 6.51783
229, 0, 132, 66.708, 6.53567
230, 0, 131, 67.708, 6.55336
231, 0, 130, 68.4712, 6.58655
232, 0, 129, 69.4712, 6.60498
233, 0, 128, 70.2344, 6.62682
234, 0, 127, 70.9976, 6.66436
235, 0, 126, 70.7654, 6.68429
236, 0, 125, 71.5286, 6.70455
237, 0, 124, 72.5286, 6.72297
238, 0, 123, 73.5286, 6.77628
239, 0, 122, 74.2918, 6.79541
240, 0, 121, 75.0549, 6.81378
241, 0, 121, 74.6814, 6.86022
242, 0, 121, 74.3079, 6.90158
243, 0, 121, 73.9343, 6.96479
244, 0, 120, 74.2871, 6.99353
245, 0, 119, 75.0503, 7.02011
246, 0, 118, 75.8135, 7.04458
247, 0, 117, 76.8135, 7.07139
248, 0, 116, 77.5767, 7.09643
249, 0, 116, 77.2032, 7.11833
250, 0, 116, 76.8296, 7.15054
251, 0, 116, 76.4561, 7.169
252, 0, 115, 77.4561, 7.18864
253, 0, 115, 77.0826, 7.22555
254, 0, 115, 76.709, 7.27245
255, 0, 115, 76.5561, 7.29075
256, 0, 115, 76.4723, 7.33951
257, 0, 115, 76.3194, 7.35969
258, 0, 115, 75.9043, 7.3815
259, 0, 115, 75.5308, 7.42079
260, 0, 115, 75.0458, 7.44507
261, 0, 114, 76.0458, 7.47131
262, 0, 113, 76.809, 7.51504
263, 0, 112, 77.809, 7.53303
264, 0, 111, 78.5722, 7.55279
265, 0, 111, 78.1987, 7.59091
266, 0, 110, 78.9619, 7.62499
267, 0, 110, 78.9322, 7.66487
268, 0, 110, 78.9094, 7.68456
269, 0, 110, 78.8867, 7.70642
270, 0, 110, 78.864, 7.72492
271, 0, 110, 78.8435, 7.75953
272, 0, 110, 78.7762, 7.8066
273, 0, 110, 78.6831, 7.82566
274, 0, 110, 78.5993, 7.86614
275, 0, 110, 78.2258, 7.89677
276, 0, 110, 77.8522, 7.9314
277, 0, 110, 77.4787, 7.96434
278, 0, 110, 77.1052, 8.00145
279, 0, 110, 76.7316, 8.03503
280, 0, 110, 76.6385, 8.05994
281, 0, 110, 76.5855, 8.07761
282, 0, 110, 76.8489, 8.10152
283, 0, 110, 77.0709, 8.13812
284, 0, 110, 76.9179, 8.1723
285, 0, 110, 76.3399, 8.20819
286, 0, 110, 75.9663, 8.23398
287, 0, 110, 75.8134, 8.27443
288, 0, 110, 75.6605, 8.29412
289, 0, 110, 75.5075, 8.32834
290, 0, 110, 75.134, 8.35466
291, 0, 110, 74.719, 8.38681
292, 0, 110, 74.3039, 8.41497
293, 0, 110, 73.9304, 8.43358
294, 0, 110, 73.5569, 8.4564
295, 0, 110, 73.5389, 8.49497
296, 0, 110, 73.521, 8.51607
297, 0, 110, 73.5031, 8.54859
298, 0, 110, 73.4886, 8.56643
299, 0, 110, 73.4725, 8.60801
300, 0, 110, 73.4284, 8.62734
301, 0, 110, 73.361, 8.65104
302, 0, 110, 73.308, 8.67325
303, 0, 110, 72.9345, 8.69306
304, 0, 109, 74.2827, 8.74315
305, 0, 108, 75.0459, 8.79867
306, 0, 108, 74.6723, 8.84618
307, 0, 108, 74.5194, 8.8641
308, 0, 108, 74.1044, 8.88829
309, 0, 108, 73.7308, 8.91469
310, 0, 108, 73.3573, 8.94379
311, 0, 108, 72.9422, 8.9647
312, 0, 108, 72.5687, 8.98474
313, 0, 108, 72.4158, 9.00303
314, 0, 108, 72.2628, 9.04714
315, 0, 108, 72.1099, 9.06565
316, 0, 108, 72.425, 9.10483
317, 0, 108, 72.0514, 9.12312
318, 0, 108, 71.8985, 9.14962
319, 0, 108, 71.525, 9.1679
320, 0, 108, 71.1514, 9.18764
321, 0, 107, 71.9146, 9.20535
322, 0, 106, 71.6824, 9.23141
323, 0, 105, 72.6824, 9.24954
324, 0, 104, 73.6824, 9.30105
325, 0, 103, 74.4456, 9.34046
326, 0, 102, 75.2088, 9.36733
327, 0, 101, 76.557, 9.38624
328, 0, 100, 77.557, 9.40683
329, 0, 100, 77.1419, 9.44168
330, 0, 99, 77.9051, 9.48194
331, 0, 99, 77.7352, 9.52593
332, 0, 99, 77.5653, 9.55752
333, 0, 99, 77.4124, 9.58165
334, 0, 99, 77.0388, 9.60029
335, 0, 99, 76.8859, 9.64096
336, 0, 99, 76.733, 9.66143
337, 0, 99, 76.3179, 9.70004
338, 0, 99, 76.165, 9.7219
339, 0, 99, 75.7499, 9.75031
340, 0, 99, 75.597, 9.77322
341, 0, 99, 75.2235, 9.79669
342, 0, 99, 74.8499, 9.82023
343, 0, 99, 74.8059, 9.83925
344, 0, 99, 74.7529, 9.86685
345, 0, 99, 74.7384, 9.89475
346, 0, 99, 74.7239, 9.91305
347, 0, 99, 74.7108, 9.9345
348, 0, 99, 74.6578, 9.96211
349, 0, 99, 74.6048, 9.98
350, 0, 99, 74.521, 9.99921
351, 0, 99, 74.3681, 10.0206
352, 0, 99, 74.3378, 10.0391
353, 0, 99, 74.2789, 10.0768
354, 0, 99, 74.2201, 10.1208
355, 0, 99, 74.1898, 10.1783
356, 0, 99, 74.1532, 10.1965
357, 0, 99, 74.1413, 10.2148
358, 0, 99, 74.1293, 10.2331
359, 0, 99, 74.1173, 10.2676
360, 0, 99, 74.1066, 10.286
361, 0, 99, 74.07, 10.3047
362, 0, 99, 73.9862, 10.323
363, 0, 99, 73.9496, 10.3414
364, 0, 99, 73.6862, 10.3764
365, 0, 99, 73.5332, 10.4136
366, 0, 99, 73.3803, 10.432
367, 0, 99, 72.9653, 10.4715
368, 0, 99, 72.8123, 10.515
369, 0, 99, 72.6594, 10.5335
370, 0, 98, 72.8491, 10.5522
371, 0, 98, 72.7386, 10.5722
372, 0, 98, 72.5687, 10.6083
373, 0, 98, 72.4158, 10.6289
374, 0, 98, 72.2112, 10.6576
375, 0, 98, 71.7962, 10.6788
376, 0, 98, 71.4227, 10.6974
377, 0, 98, 70.8446, 10.7284
378, 0, 98, 70.4711, 10.7614
379, 0, 98, 70.056, 10.7899
380, 0, 97, 70.8192, 10.8177
381, 0, 96, 71.172, 10.8735
382, 0, 96, 70.687, 10.8981
383, 0, 96, 70.5341, 10.9427
384, 0, 96, 70.4503, 10.9834
385, 0, 96, 70.2804, 11.0405
386, 0, 96, 70.1699, 11.0823
387, 0, 96, 69.9653, 11.1145
388, 0, 96, 69.8124, 11.1508
389, 0, 95, 70.0537, 11.1694
390, 0, 95, 69.8492, 11.1885
391, 0, 95, 69.6793, 11.207
392, 0, 95, 69.5264, 11.242
393, 0, 95, 69.4159, 11.2616
394, 0, 95, 69.2459, 11.2959
395, 0, 95, 69.1621, 11.3238
396, 0, 95, 68.9922, 11.3524
397, 0, 95, 68.9084, 11.3826
398, 0, 95, 68.7555, 11.4297
399, 0, 95, 68.6717, 11.4786
400, 0, 95, 68.2981, 11.5176
401, 0, 95, 67.8831, 11.5381
402, 0, 95, 67.7302, 11.5655
403, 0, 95, 67.3566, 11.597
404, 0, 94, 67.7094, 11.6157
405, 0, 94, 68.0244, 11.635
406, 0, 94, 67.6509, 11.6642
407, 0, 94, 67.2359, 11.6826
408, 0, 94, 67.0829, 11.727
409, 0, 94, 66.6679, 11.7502
410, 0, 94, 66.498, 11.7764
411, 0, 94, 66.345, 11.8016
412, 0, 94, 66.1921, 11.8366
413, 0, 94, 66.0392, 11.8712
414, 0, 94, 65.8693, 11.9088
415, 0, 94, 65.7855, 11.9281
416, 0, 94, 65.6325, 11.9605
417, 0, 94, 65.428, 11.9984
418, 0, 94, 64.8499, 12.0205
419, 0, 94, 64.4764, 12.0715
420, 0, 94, 64.1028, 12.0913
421, 0, 93, 64.4556, 12.1096
422, 0, 93, 63.9707, 12.1371
423, 0, 93, 63.7661, 12.1561
424, 0, 92, 64.0075, 12.1747
425, 0, 92, 63.8029, 12.2085
426, 0, 92, 63.65, 12.2428
427, 0, 92, 63.4801, 12.275
428, 0, 92, 63.3271, 12.2938
429, 0, 92, 63.1572, 12.3252
430, 0, 92, 63.0467, 12.3444
431, 0, 92, 62.8938, 12.3628
432, 0, 91, 63.2465, 12.3954
433, 0, 91, 62.7616, 12.423
434, 0, 91, 62.388, 12.4494
435, 0, 91, 62.378, 12.4779
436, 0, 91, 62.3679, 12.5016
437, 0, 91, 62.3579, 12.5279
438, 0, 91, 62.3488, 12.559
439, 0, 91, 62.3275, 12.5837
440, 0, 91, 62.2868, 12.6074
441, 0, 91, 62.2502, 12.6419
442, 0, 91, 62.0973, 12.6744
443, 0, 91, 62.0567, 12.7084
444, 0, 91, 62.0353, 12.7322
445, 0, 91, 62.0085, 12.7702
446, 0, 91, 61.9247, 12.7918
447, 0, 91, 61.7718, 12.8179
448, 0, 91, 61.7632, 12.8453
449, 0, 91, 61.7547, 12.8671
450, 0, 91, 61.747, 12.8908
451, 0, 91, 61.7202, 12.9198
452, 0, 91, 61.7116, 12.9387
453, 0, 91, 61.7042, 12.9582
454, 0, 91, 61.6969, 13.0035
455, 0, 91, 61.6895, 13.0217
456, 0, 91, 61.6828, 13.0456
457, 0, 91, 61.6561, 13.0647
458, 0, 91, 61.5049, 13.0829
459, 0, 91, 61.4211, 13.1012
460, 0, 91, 61.3373, 13.1196
461, 0, 91, 61.2442, 13.1413
462, 0, 91, 61.1604, 13.1766
463, 0, 91, 61.0766, 13.1958
464, 0, 91, 60.9928, 13.2356
465, 0, 91, 60.909, 13.2836
466, 0, 91, 60.8252, 13.3201
467, 0, 91, 60.7414, 13.3389
468, 0, 91, 60.6741, 13.3731
469, 0, 91, 60.581, 13.4006
470, 0, 91, 60.4972, 13.4288
471, 0, 91, 60.4134, 13.4739
472, 0, 91, 60.3604, 13.4942
473, 0, 91, 60.3449, 13.5421
474, 0, 91, 60.3152, 13.5644
475, 0, 91, 60.2884, 13.5833
476, 0, 91, 60.51, 13.6022
477, 0, 91, 60.2465, 13.6269
478, 0, 91, 60.2401, 13.6517
479, 0, 91, 60.2337, 13.6737
480, 0, 91, 60.2272, 13.6921
481, 0, 91, 60.2215, 13.7187
482, 0, 91, 60.2102, 13.7381
483, 0, 91, 60.1804, 13.7568
484, 0, 91, 60.165, 13.7756
485, 0, 91, 60.1446, 13.8015
486, 0, 91, 60.0916, 13.8202
487, 0, 91, 59.9985, 13.8406
488, 0, 91, 59.9147, 13.8596
489, 0, 91, 59.8473, 13.8816
490, 0, 91, 59.7542, 13.9113
491, 0, 91, 59.7012, 13.933
492, 0, 91, 59.6081, 13.9573
493, 0, 91, 59.5551, 13.9854
494, 0, 91, 59.4713, 14.0128
495, 0, 91, 59.3875, 14.0486
496, 0, 91, 59.367, 14.0693
497, 0, 91, 59.3614, 14.095
498, 0, 91, 59.3557, 14.1327
499, 0, 91, 59.3501, 14.1678
500, 0, 91, 59.345, 14.2078
501, 0, 91, 59.3246, 14.2272
502, 0, 91, 59.2716, 14.2547
503, 0, 91, 59.1186, 14.2752
504, 0, 91, 59.0656, 14.3047
505, 0, 91, 59.0574, 14.3266
506, 0, 91, 59.0829, 14.3455
507, 0, 91, 59.0602, 14.3642
508, 0, 91, 59.0397, 14.3871
509, 0, 91, 58.9559, 14.4071
510, 0, 91, 58.803, 14.4259
511, 0, 91, 58.7192, 14.4719
512, 0, 91, 58.6965, 14.5045
513, 0, 91, 58.6785, 14.5448
514, 0, 91, 58.6624, 14.5635
515, 0, 91, 57.9848, 14.5824
516, 0, 91, 57.6113, 14.6026
517, 0, 91, 57.2377, 14.65
518, 0, 91, 56.8642, 14.669
519, 0, 91, 56.4907, 14.694
520, 0, 91, 56.3377, 14.7192
521, 0, 91, 56.1332, 14.7538
522, 0, 91, 55.9633, 14.7904
523, 0, 91, 55.8103, 14.8097
524, 0, 91, 55.4368, 14.838
525, 0, 91, 55.4189, 14.8569
526, 0, 91, 55.3976, 14.8755
527, 0, 90, 55.5344, 14.8943
528, 0, 90, 55.5719, 14.9172
529, 0, 90, 55.5445, 14.9446
530, 0, 90, 55.4915, 14.9758
531, 0, 90, 55.3385, 15.0076
532, 0, 90, 55.2547, 15.0497
533, 0, 90, 55.1018, 15.0915
534, 0, 90, 54.8384, 15.1244
535, 0, 90, 54.6684, 15.1431
536, 0, 90, 54.5155, 15.1619
537, 0, 90, 54.4317, 15.2348
538, 0, 90, 54.2618, 15.2656
539, 0, 90, 54.1513, 15.3154
540, 0, 90, 53.8879, 15.3361
541, 0, 90, 53.8041, 15.3788
542, 0, 90, 53.6511, 15.3969
543, 0, 90, 53.4466, 15.416
544, 0, 90, 53.2767, 15.4479
545, 0, 90, 53.1237, 15.4799
546, 0, 90, 52.9538, 15.4983
547, 0, 89, 53.1951, 15.5171
548, 0, 89, 53.4171, 15.5407
549, 0, 89, 53.1536, 15.5751
550, 0, 89, 53.0431, 15.6108
551, 0, 89, 52.9593, 15.6299
552, 0, 89, 52.8755, 15.6565
553, 0, 89, 52.7226, 15.6747
554, 0, 89, 52.6295, 15.7259
555, 0, 89, 52.5364, 15.7449
556, 0, 89, 52.4526, 15.7636
557, 0, 89, 52.2997, 15.7944
558, 0, 89, 52.2467, 15.8208
559, 0, 89, 52.2026, 15.8429
560, 0, 89, 52.1585, 15.8619
561, 0, 89, 52.0996, 15.8848
562, 0, 89, 52.0466, 15.9107
563, 0, 89, 51.9936, 15.933
564, 0, 89, 51.9406, 15.9556
565, 0, 89, 51.8435, 15.9986
566, 0, 89, 51.7504, 16.0232
567, 0, 88, 51.9134, 16.0419
568, 0, 88, 51.8461, 16.0612
569, 0, 88, 51.7623, 16.0942
570, 0, 88, 51.6093, 16.1134
571, 0, 88, 51.4564, 16.1366
572, 0, 88, 51.2865, 16.1555
573, 0, 88, 51.2027, 16.1903
574, 0, 88, 51.0328, 16.2127
575, 0, 88, 50.9396, 16.2311
576, 0, 88, 50.8558, 16.2499
577, 0, 88, 50.7721, 16.2754
578, 0, 88, 50.6021, 16.2978
579, 0, 88, 50.5183, 16.3171
580, 0, 88, 50.4742, 16.3404
581, 0, 88, 50.3904, 16.3638
582, 0, 88, 50.2375, 16.3825
583, 0, 88, 50.2207, 16.4082
584, 0, 87, 50.3575, 16.4311
585, 0, 87, 50.3514, 16.4494
586, 0, 87, 50.3369, 16.472
587, 0, 87, 50.3239, 16.496
588, 0, 87, 49.99, 16.5141
589, 0, 87, 49.6165, 16.5459
590, 0, 87, 49.4654, 16.5682
591, 0, 87, 49.4604, 16.6089
592, 0, 87, 49.4554, 16.6382
593, 0, 87, 49.4504, 16.657
594, 0, 87, 49.4459, 16.6811
595, 0, 87, 49.4304, 16.7052
596, 0, 87, 49.426, 16.7237
597, 0, 87, 49.4215, 16.7524
598, 0, 87, 49.4171, 16.7863
599, 0, 87, 49.413, 16.8074
600, 0, 87, 49.4018, 16.8338
601, 0, 87, 49.3978, 16.8576
602, 0, 87, 49.3938, 16.9109
603, 0, 87, 49.3898, 16.9437
604, 0, 87, 49.3862, 16.9775
605, 0, 87, 49.3779, 17.004
606, 0, 87, 49.3743, 17.0302
607, 0, 87, 49.3707, 17.0665
608, 0, 87, 49.3671, 17.0849
609, 0, 87, 49.3638, 17.1043
610, 0, 87, 49.3605, 17.1251
611, 0, 86, 49.4973, 17.1461
612, 0, 86, 49.4819, 17.1838
613, 0, 86, 49.4151, 17.2086
614, 0, 86, 49.3621, 17.2507
615, 0, 86, 49.3091, 17.3097
616, 0, 86, 49.2502, 17.3467
617, 0, 86, 49.2096, 17.3653
618, 0, 86, 49.173, 17.3842
619, 0, 86, 49.12, 17.405
620, 0, 86, 49.067, 17.4449
621, 0, 86, 49.0304, 17.482
622, 0, 86, 48.767, 17.5261
623, 0, 86, 48.614, 17.5685
624, 0, 86, 48.5302, 17.6089
625, 0, 86, 48.527, 17.6498
626, 0, 86, 48.5237, 17.6706
627, 0, 86, 48.5207, 17.6941
628, 0, 86, 48.5095, 17.7249
629, 0, 86, 48.4729, 17.7481
630, 0, 86, 48.3199, 17.7691
631, 0, 86, 48.2268, 17.8162
632, 0, 86, 48.1738, 17.8677
633, 0, 86, 48.09, 17.8941
634, 0, 86, 47.9371, 17.9252
635, 0, 86, 47.7672, 17.9584
636, 0, 85, 48.0085, 17.9819
637, 0, 85, 47.804, 18.0239
638, 0, 85, 47.7202, 18.045
639, 0, 85, 47.5672, 18.0643
640, 0, 85, 47.4143, 18.0831
641, 0, 85, 47.3038, 18.1023
642, 0, 85, 47.0404, 18.1211
643, 0, 85, 46.6669, 18.1413
644, 0, 85, 46.2933, 18.1684
645, 0, 85, 46.2002, 18.1873
646, 0, 85, 46.1329, 18.2487
647, 0, 85, 46.0491, 18.2724
648, 0, 85, 45.956, 18.3091
649, 0, 85, 45.8722, 18.3674
650, 0, 85, 45.779, 18.4256
651, 0, 85, 45.7117, 18.4515
652, 0, 85, 45.6279, 18.4778
653, 0, 85, 45.4768, 18.5023
654, 0, 85, 45.4327, 18.5724
655, 0, 85, 45.3886, 18.6348
656, 0, 85, 45.3048, 18.6586
657, 0, 85, 44.8898, 18.6786
658, 0, 85, 45.1117, 18.6979
659, 0, 85, 44.9588, 18.7171
660, 0, 85, 44.8656, 18.739
661, 0, 85, 44.7818, 18.7773
662, 0, 85, 44.698, 18.8113
663, 0, 84, 44.8611, 18.8466
664, 0, 84, 44.7937, 18.8917
665, 0, 84, 44.6426, 18.9104
666, 0, 84, 44.5896, 18.9577
667, 0, 84, 44.5366, 18.9846
668, 0, 84, 44.4435, 19.0036
669, 0, 84, 44.2923, 19.0281
670, 0, 84, 44.2085, 19.0462
671, 0, 84, 44.1496, 19.076
672, 0, 84, 44.0966, 19.1077
673, 0, 84, 44.0377, 19.1416
674, 0, 84, 43.9407, 19.1668
675, 0, 83, 44.1037, 19.2088
676, 0, 83, 44.0363, 19.2286
677, 0, 83, 43.9432, 19.2535
678, 0, 83, 43.8594, 19.2917
679, 0, 83, 43.6895, 19.3374
680, 0, 83, 43.5366, 19.3667
681, 0, 83, 43.1631, 19.3879
682, 0, 83, 42.7895, 19.4066
683, 0, 83, 42.7057, 19.459
684, 0, 83, 42.5952, 19.4876
685, 0, 83, 42.5021, 19.5146
686, 0, 83, 42.4432, 19.5371
687, 0, 83, 42.3902, 19.5945
688, 0, 83, 42.2797, 19.65
689, 0, 83, 42.1268, 19.679
690, 0, 83, 41.9738, 19.7073
691, 0, 83, 41.8209, 19.7617
692, 0, 83, 41.7278, 19.7938
693, 0, 83, 41.8502, 19.8395
694, 0, 83, 41.7664, 19.8683
695, 0, 83, 41.6826, 19.8888
696, 0, 83, 41.5988, 19.9224
697, 0, 83, 41.5622, 19.9471
698, 0, 83, 41.5092, 19.9843
699, 0, 83, 41.4503, 20.0032
700, 0, 83, 41.4137, 20.0354
701, 0, 83, 41.3607, 20.082
702, 0, 83, 41.3242, 20.1011
703, 0, 83, 41.3159, 20.1289
704, 0, 83, 41.2677, 20.1553
705, 0, 83, 41.2088, 20.176
706, 0, 83, 41.1786, 20.2152
707, 0, 83, 41.1256, 20.2891
708, 0, 83, 41.089, 20.3561
709, 0, 83, 41.0525, 20.3988
710, 0, 83, 41.0159, 20.4172
711, 0, 83, 40.957, 20.4367
712, 0, 82, 41.12, 20.4708
713, 0, 82, 41.0527, 20.4956
714, 0, 82, 40.9853, 20.5253
715, 0, 82, 40.8154, 20.5448
716, 0, 81, 41.0568, 20.5762
717, 0, 81, 41.2787, 20.5964
718, 0, 81, 41.1682, 20.6249
719, 0, 81, 41.2608, 20.6536
720, 0, 81, 41.2078, 20.6813
721, 0, 80, 41.3565, 20.7169
722, 0, 80, 41.3124, 20.7369
723, 0, 80, 41.2911, 20.7791
724, 0, 80, 41.2609, 20.8247
725, 0, 80, 41.2678, 20.8613
726, 0, 80, 41.2747, 20.8994
727, 0, 80, 41.2579, 20.9464
728, 0, 80, 41.2213, 20.9697
729, 0, 80, 41.1624, 21.013
730, 0, 79, 41.3254, 21.0577
731, 0, 79, 41.2581, 21.0784
732, 0, 79, 41.214, 21.1117
733, 0, 79, 41.1699, 21.1432
734, 0, 79, 41.1397, 21.208
735, 0, 79, 41.1095, 21.2494
736, 0, 79, 41.0792, 21.2788
737, 0, 79, 41.0525, 21.3024
738, 0, 79, 41.0159, 21.3224
739, 0, 79, 40.9857, 21.3431
740, 0, 79, 40.945, 21.3631
741, 0, 79, 40.9153, 21.3812
742, 0, 79, 40.8939, 21.4003
743, 0, 79, 40.8271, 21.4377
744, 0, 79, 40.5637, 21.46
745, 0, 79, 40.1901, 21.5138
746, 0, 79, 40.1312, 21.5421
747, 0, 79, 40.0782, 21.5793
748, 0, 79, 39.9253, 21.6086
749, 0, 79, 39.7724, 21.6542
750, 0, 79, 39.3988, 21.683
751, 0, 79, 39.2289, 21.7272
752, 0, 79, 38.9655, 21.7457
753, 0, 79, 38.8125, 21.7646
754, 0, 79, 38.8095, 21.7847
755, 0, 79, 38.8066, 21.8038
756, 0, 79, 38.8036, 21.8234
757, 0, 79, 38.8009, 21.8513
758, 0, 79, 38.7965, 21.8738
759, 0, 79, 38.782, 21.893
760, 0, 79, 38.7686, 21.9409
761, 0, 79, 38.7551, 21.9684
762, 0, 79, 38.7185, 22.004
763, 0, 78, 38.8672, 22.0642
764, 0, 78, 38.8231, 22.0839
765, 0, 78, 38.7964, 22.1231
766, 0, 77, 38.9861, 22.1516
767, 0, 77, 38.8756, 22.2063
768, 0, 77, 38.8636, 22.2251
769, 0, 77, 38.8529, 22.272
770, 0, 77, 38.8088, 22.2909
771, 0, 77, 38.7558, 22.33
772, 0, 77, 38.7117, 22.3499
773, 0, 77, 38.6443, 22.3914
774, 0, 77, 38.5913, 22.4324
775, 0, 77, 38.5383, 22.4644
776, 0, 77, 38.4545, 22.5032
777, 0, 77, 38.4015, 22.5225
778, 0, 77, 38.3713, 22.5459
779, 0, 77, 38.2742, 22.571
780, 0, 77, 38.2212, 22.6004
781, 0, 77, 38.1374, 22.623
782, 0, 77, 38.0785, 22.6482
783, 0, 77, 38.0255, 22.6669
784, 0, 77, 37.9587, 22.7202
785, 0, 77, 37.9221, 22.7393
786, 0, 77, 37.8919, 22.7588
787, 0, 77, 37.8553, 22.7777
788, 0, 77, 37.7042, 22.7964
789, 0, 77, 37.6204, 22.8154
790, 0, 77, 37.5615, 22.8507
791, 0, 77, 37.5085, 22.8706
792, 0, 76, 37.6982, 22.8897
793, 0, 76, 37.5877, 22.9266
794, 0, 76, 37.5511, 22.9493
795, 0, 76, 37.4673, 22.9722
796, 0, 76, 37.3835, 22.9938
797, 0, 76, 37.01, 23.0129
798, 0, 76, 37.3251, 23.0323
799, 0, 76, 36.91, 23.0526
800, 0, 76, 36.495, 23.0757
801, 0, 76, 36.1214, 23.1247
802, 0, 76, 35.7479, 23.145
803, 0, 76, 35.1698, 23.1787
804, 0, 76, 35.0169, 23.2027
805, 0, 76, 34.9198, 23.2212
806, 0, 76, 34.836, 23.2402
807, 0, 76, 34.8333, 23.2623
808, 0, 76, 34.8306, 23.2815
809, 0, 76, 34.8278, 23.301
810, 0, 76, 34.8254, 23.3198
811, 0, 76, 34.8119, 23.3413
812, 0, 76, 34.8094, 23.3668
813, 0, 76, 34.8069, 23.3908
814, 0, 76, 34.8044, 23.4099
815, 0, 76, 34.8022, 23.4288
816, 0, 76, 34.8432, 23.452
817, 0, 76, 34.8401, 23.4739
818, 0, 76, 34.8281, 23.4934
819, 0, 76, 34.8173, 23.5396
820, 0, 76, 34.8065, 23.5644
821, 0, 76, 34.7851, 23.5837
822, 0, 76, 34.7743, 23.6104
823, 0, 76, 34.772, 23.6483
824, 0, 76, 34.7696, 23.6763
825, 0, 76, 34.7676, 23.6979
826, 0, 76, 34.7477, 23.7181
827, 0, 76, 34.7209, 23.7391
828, 0, 76, 34.6907, 23.7591
829, 0, 76, 34.6639, 23.7878
830, 0, 76, 34.6618, 23.8184
831, 0, 76, 34.6518, 23.8379
832, 0, 76, 34.6427, 23.8626
833, 0, 76, 34.5897, 23.8969
834, 0, 76, 34.5796, 23.92
835, 0, 76, 34.5711, 23.9581
836, 0, 76, 34.5623, 23.9777
837, 0, 76, 34.5536, 23.9974
838, 0, 76, 34.5268, 24.0203
839, 0, 75, 34.6755, 24.0459
840, 0, 75, 34.6314, 24.0756
841, 0, 75, 34.6046, 24.0948
842, 0, 75, 34.5208, 24.1431
843, 0, 75, 34.4941, 24.1625
844, 0, 75, 34.4575, 24.1819
845, 0, 75, 34.442, 24.2067
846, 0, 75, 34.4333, 24.2385
847, 0, 75, 34.431, 24.258
848, 0, 75, 34.4288, 24.2825
849, 0, 75, 34.4267, 24.3026
850, 0, 75, 34.4246, 24.333
851, 0, 75, 34.4226, 24.3524
852, 0, 75, 34.4062, 24.3729
853, 0, 75, 34.3857, 24.3927
854, 0, 75, 34.3844, 24.4193
855, 0, 75, 34.3773, 24.4681
856, 0, 75, 34.3702, 24.5014
857, 0, 75, 34.3957, 24.5387
858, 0, 75, 34.3752, 24.566
859, 0, 75, 34.4452, 24.5953
860, 0, 75, 34.4045, 24.6439
861, 0, 75, 34.3831, 24.6656
862, 0, 75, 34.4351, 24.7018
863, 0, 75, 34.4084, 24.7217
864, 0, 75, 34.3718, 24.7469
865, 0, 75, 34.3352, 24.795
866, 0, 75, 34.3138, 24.8152
867, 0, 75, 34.278, 24.8349
868, 0, 75, 34.2414, 24.855
869, 0, 75, 34.2209, 24.8856
870, 0, 75, 34.1371, 24.9226
871, 0, 75, 34.0841, 24.9521
872, 0, 75, 34.0168, 24.9724
873, 0, 75, 33.933, 25.0052
874, 0, 75, 33.8399, 25.0248
875, 0, 75, 33.7869, 25.0501
876, 0, 75, 33.7339, 25.1102
877, 0, 75, 33.6809, 25.1295
878, 0, 75, 33.622, 25.1949
879, 0, 75, 33.5854, 25.214
880, 0, 75, 33.5324, 25.2651
881, 0, 75, 33.6963, 25.2998
882, 0, 75, 33.6433, 25.3239
883, 0, 75, 33.5759, 25.3519
884, 0, 75, 33.5171, 25.3711
885, 0, 75, 33.4764, 25.4039
886, 0, 75, 33.4398, 25.4233
887, 0, 75, 33.3809, 25.4441
888, 0, 75, 33.3444, 25.4928
889, 0, 75, 33.3078, 25.5119
890, 0, 75, 33.2637, 25.5481
891, 0, 75, 33.2231, 25.5689
892, 0, 75, 33.1933, 25.5985
893, 0, 75, 33.1665, 25.6361
894, 0, 75, 33.13, 25.6836
895, 0, 75, 33.0934, 25.7045
896, 0, 75, 33.0527, 25.7482
897, 0, 75, 33.0314, 25.7731
898, 0, 75, 32.9948, 25.7952
899, 0, 75, 32.9274, 25.8353
900, 0, 75, 32.9189, 25.8791
901, 0, 75, 32.9112, 25.9042
902, 0, 75, 32.8141, 25.9358
903, 0, 75, 32.8121, 25.9555
904, 0, 75, 32.8101, 26.0381
905, 0, 75, 32.8081, 26.0895
906, 0, 75, 32.8064, 26.1384
907, 0, 75, 32.7992, 26.1771
908, 0, 75, 32.7974, 26.1993
909, 0, 75, 32.7957, 26.218
910, 0, 75, 32.7938, 26.2374
911, 0, 75, 32.792, 26.2653
912, 0, 75, 32.7903, 26.2876
913, 0, 75, 32.8313, 26.3188
914, 0, 75, 32.8093, 26.3409
915, 0, 75, 32.8046, 26.3599
916, 0, 75, 32.8241, 26.3841
917, 0, 75, 32.8167, 26.4085
918, 0, 75, 32.8101, 26.4306
919, 0, 75, 32.7433, 26.4667
920, 0, 75, 32.7415, 26.5067
921, 0, 75, 32.7398, 26.5298
922, 0, 75, 32.7383, 26.5583
923, 0, 75, 32.7325, 26.5904
924, 0, 75, 32.712, 26.6104
925, 0, 75, 32.6447, 26.6336
926, 0, 75, 32.6041, 26.6579
927, 0, 75, 32.5634, 26.6886
928, 0, 75, 32.5268, 26.7205
929, 0, 75, 32.3757, 26.7494
930, 0, 75, 32.2919, 26.776
931, 0, 75, 32.2478, 26.8146
932, 0, 74, 32.389, 26.8478
933, 0, 74, 32.3588, 26.8783
934, 0, 74, 32.3058, 26.9148
935, 0, 74, 32.2692, 26.9438
936, 0, 74, 32.2103, 26.9829
937, 0, 74, 32.1801, 27.0075
938, 0, 74, 32.136, 27.0465
939, 0, 74, 32.2059, 27.0664
940, 0, 74, 32.1693, 27.0946
941, 0, 74, 32.1328, 27.1297
942, 0, 74, 32.0797, 27.1491
943, 0, 74, 32.0584, 27.1763
944, 0, 74, 32.0054, 27.2016
945, 0, 74, 31.9123, 27.2293
946, 0, 74, 31.8593, 27.2526
947, 0, 74, 31.8186, 27.2734
948, 0, 74, 31.782, 27.2928
949, 0, 74, 31.7455, 27.3193
950, 0, 74, 31.5418, 27.3553
951, 0, 74, 31.3889, 27.3751
952, 0, 74, 31.2784, 27.3965
953, 0, 74, 31.2195, 27.422
954, 0, 74, 31.1665, 27.4477
955, 0, 74, 31.1076, 27.499
956, 0, 74, 31.0105, 27.5183
957, 0, 74, 30.9575, 27.5446
958, 0, 74, 30.8644, 27.5655
959, 0, 74, 30.7806, 27.6015
960, 0, 74, 30.6277, 27.6217
961, 0, 74, 30.5911, 27.6559
962, 0, 74, 30.5837, 27.6956
963, 0, 74, 30.5739, 27.7174
964, 0, 74, 30.5701, 27.7368
965, 0, 74, 30.5637, 27.7565
966, 0, 74, 30.558, 27.8097
967, 0, 74, 30.5522, 27.8339
968, 0, 74, 30.5309, 27.8621
969, 0, 74, 30.5041, 27.8972
970, 0, 74, 30.4511, 27.93
971, 0, 74, 30.4495, 27.9777
972, 0, 74, 30.4479, 27.9974
973, 0, 74, 30.4463, 28.0233
974, 0, 74, 30.4448, 28.0514
975, 0, 74, 30.439, 28.0844
976, 0, 74, 30.4375, 28.1121
977, 0, 74, 30.436, 28.143
978, 0, 74, 30.4346, 28.1734
979, 0, 74, 30.4331, 28.2003
980, 0, 74, 30.4318, 28.2272
981, 0, 74, 30.4136, 28.2579
982, 0, 74, 30.3862, 28.2912
983, 0, 74, 30.3594, 28.3188
984, 0, 74, 30.3187, 28.3526
985, 0, 74, 30.292, 28.3911
986, 0, 74, 30.2652, 28.4219
987, 0, 74, 30.2447, 28.4504
988, 0, 74, 30.2234, 28.4935
989, 0, 74, 30.2079, 28.5622
990, 0, 74, 30.1598, 28.5958
991, 0, 74, 30.1393, 28.6374
992, 0, 74, 30.1126, 28.6823
993, 0, 74, 30.0964, 28.7157
994, 0, 74, 30.0483, 28.7682
995, 0, 74, 29.9552, 28.8349
996, 0, 74, 29.8878, 28.8551
997, 0, 74, 29.8581, 28.8791
998, 0, 74, 29.8427, 28.9278
999, 0, 74, 29.8068, 28.9534
