Seed is: 44
Number of samples is: 1000
Simulation name is: NoTvSim.sim
TimeStep, Distraction Rate, Missed States, Model Accuracy, Time (ms)
0, 0, 256, 0, 9.1e-05
1, 0, 255, 1, 0.023645
2, 0, 254, 1.7632, 0.047932
3, 0, 253, 2.52639, 0.074602
4, 0, 252, 3.28959, 0.124307
5, 0, 251, 4.28959, 0.147722
6, 0, 250, 5.05279, 0.172128
7, 0, 249, 5.81599, 0.235609
8, 0, 248, 6.57918, 0.276116
9, 0, 247, 7.57918, 0.315722
10, 0, 246, 8.34238, 0.338405
11, 0, 245, 9.10558, 0.360577
12, 0, 244, 10.1056, 0.437203
13, 0, 243, 11.1056, 0.463864
14, 0, 242, 11.8688, 0.497929
15, 0, 241, 12.632, 0.551461
16, 0, 240, 13.3952, 0.583782
17, 0, 239, 14.1584, 0.630992
18, 0, 238, 14.9216, 0.654858
19, 0, 237, 15.9216, 0.677391
20, 0, 236, 16.6848, 0.701737
21, 0, 235, 17.448, 0.738226
22, 0, 234, 17.2158, 0.779255
23, 0, 233, 17.979, 0.839209
24, 0, 232, 18.7422, 0.91355
25, 0, 231, 19.5054, 0.946493
26, 0, 230, 20.5054, 0.981851
27, 0, 229, 21.2686, 1.00484
28, 0, 228, 22.0318, 1.03295
29, 0, 227, 22.7949, 1.06138
30, 0, 226, 23.5581, 1.13576
31, 0, 225, 24.3213, 1.20164
32, 0, 224, 25.0845, 1.254
33, 0, 223, 24.8523, 1.28145
34, 0, 222, 26.2005, 1.30487
35, 0, 221, 27.2005, 1.63327
36, 0, 220, 27.9637, 1.65932
37, 0, 219, 28.7269, 1.70701
38, 0, 218, 29.4901, 1.77794
39, 0, 217, 30.2533, 1.81749
40, 0, 216, 31.2533, 1.85865
41, 0, 215, 32.0165, 1.89498
42, 0, 214, 32.7797, 1.92153
43, 0, 213, 33.5429, 1.99941
44, 0, 213, 33.1279, 2.02547
45, 0, 213, 32.7543, 2.06952
46, 0, 212, 33.5175, 2.09529
47, 0, 211, 34.2807, 2.13752
48, 0, 210, 35.0439, 2.16798
49, 0, 209, 36.0439, 2.19326
50, 0, 208, 37.0439, 2.23346
51, 0, 208, 36.6289, 2.25801
52, 0, 207, 37.6289, 2.28303
53, 0, 206, 38.3921, 2.35845
54, 0, 205, 39.1553, 2.38451
55, 0, 204, 39.9185, 2.41305
56, 0, 204, 39.5449, 2.43877
57, 0, 204, 39.1299, 2.46368
58, 0, 204, 38.7149, 2.509
59, 0, 204, 38.3413, 2.5344
60, 0, 204, 37.9678, 2.56995
61, 0, 204, 37.5943, 2.59485
62, 0, 204, 37.2207, 2.63476
63, 0, 203, 37.9839, 2.66514
64, 0, 202, 38.7471, 2.70452
65, 0, 201, 39.7471, 2.73589
66, 0, 200, 40.5103, 2.78396
67, 0, 199, 41.5103, 2.81195
68, 0, 199, 41.1368, 2.84311
69, 0, 198, 41.9, 2.86795
70, 0, 197, 42.9, 2.90251
71, 0, 196, 42.6678, 2.92927
72, 0, 196, 42.2527, 2.97424
73, 0, 196, 41.8792, 3.00159
74, 0, 196, 41.3942, 3.03467
75, 0, 196, 40.9792, 3.06007
76, 0, 195, 42.3274, 3.08344
77, 0, 194, 43.0906, 3.11376
78, 0, 193, 43.8538, 3.14085
79, 0, 193, 43.4387, 3.17045
80, 0, 193, 43.0652, 3.19378
81, 0, 193, 42.6917, 3.21738
82, 0, 193, 42.3181, 3.24364
83, 0, 192, 42.6709, 3.28825
84, 0, 192, 42.1859, 3.3165
85, 0, 192, 41.8124, 3.34248
86, 0, 192, 41.4389, 3.37494
87, 0, 192, 41.0238, 3.40413
88, 0, 192, 40.6503, 3.45305
89, 0, 192, 40.2353, 3.49483
90, 0, 192, 40.0307, 3.51994
91, 0, 192, 39.8262, 3.54648
92, 0, 192, 39.3412, 3.57833
93, 0, 192, 38.9677, 3.60077
94, 0, 192, 38.7631, 3.63795
95, 0, 192, 38.3896, 3.66069
96, 0, 191, 39.1528, 3.69934
97, 0, 190, 38.9206, 3.73152
98, 0, 189, 39.6838, 3.79177
99, 0, 188, 40.447, 3.83097
100, 0, 188, 40.032, 3.87648
101, 0, 188, 39.6584, 3.92898
102, 0, 187, 40.4216, 3.95435
103, 0, 186, 41.1848, 3.99117
104, 0, 185, 40.9526, 4.02595
105, 0, 185, 40.5791, 4.05254
106, 0, 184, 41.9273, 4.08713
107, 0, 184, 41.5122, 4.1155
108, 0, 184, 41.1387, 4.1698
109, 0, 184, 40.7652, 4.20509
110, 0, 184, 40.3916, 4.25911
111, 0, 184, 40.2217, 4.29458
112, 0, 184, 40.0688, 4.35349
113, 0, 184, 39.9158, 4.38941
114, 0, 183, 40.1572, 4.421
115, 0, 183, 39.9526, 4.47126
116, 0, 183, 39.7827, 4.50836
117, 0, 183, 39.6298, 4.55431
118, 0, 183, 39.4769, 4.58344
119, 0, 183, 39.1033, 4.60705
120, 0, 182, 39.8665, 4.65098
121, 0, 181, 40.6297, 4.68424
122, 0, 180, 41.6297, 4.77357
123, 0, 179, 42.3929, 4.79884
124, 0, 178, 43.1561, 4.82233
125, 0, 177, 43.9193, 4.84903
126, 0, 176, 44.6825, 4.91565
127, 0, 176, 44.309, 4.96927
128, 0, 176, 43.8939, 5.01659
129, 0, 176, 43.5204, 5.05478
130, 0, 176, 43.1469, 5.08105
131, 0, 175, 43.9101, 5.10745
132, 0, 175, 43.7401, 5.13511
133, 0, 175, 43.5702, 5.16668
134, 0, 175, 43.4003, 5.19307
135, 0, 175, 43.2474, 5.24393
136, 0, 175, 42.8738, 5.27822
137, 0, 174, 43.637, 5.33431
138, 0, 173, 44.4002, 5.3605
139, 0, 172, 45.1634, 5.39614
140, 0, 171, 45.9266, 5.42226
141, 0, 171, 45.8335, 5.47724
142, 0, 171, 45.7404, 5.51154
143, 0, 171, 45.6815, 5.54045
144, 0, 171, 45.5884, 5.58894
145, 0, 171, 45.5046, 5.6163
146, 0, 171, 45.1311, 5.68541
147, 0, 170, 45.8942, 5.73317
148, 0, 169, 45.6621, 5.76887
149, 0, 168, 46.4253, 5.84572
150, 0, 167, 47.1885, 5.87872
151, 0, 166, 46.9563, 5.90819
152, 0, 165, 47.7195, 5.93862
153, 0, 164, 48.4827, 5.96638
154, 0, 163, 49.2458, 5.99362
155, 0, 162, 50.009, 6.02912
156, 0, 161, 50.3618, 6.0603
157, 0, 160, 51.125, 6.14708
158, 0, 159, 51.8882, 6.19224
159, 0, 158, 52.8882, 6.22108
160, 0, 157, 53.6514, 6.25972
161, 0, 156, 54.4146, 6.29631
162, 0, 155, 55.1778, 6.34646
163, 0, 154, 55.941, 6.38892
164, 0, 153, 56.7042, 6.42123
165, 0, 152, 57.4674, 6.45781
166, 0, 151, 58.2306, 6.49737
167, 0, 150, 58.9938, 6.52505
168, 0, 150, 58.5088, 6.55645
169, 0, 150, 58.1353, 6.58964
170, 0, 150, 57.9824, 6.62442
171, 0, 150, 57.5673, 6.66148
172, 0, 150, 57.3974, 6.69228
173, 0, 150, 57.2445, 6.74451
174, 0, 150, 57.0915, 6.78121
175, 0, 150, 56.718, 6.84003
176, 0, 149, 57.718, 6.87106
177, 0, 148, 58.4812, 6.89886
178, 0, 147, 59.2444, 6.9261
179, 0, 146, 60.0076, 6.99128
180, 0, 145, 61.0076, 7.02508
181, 0, 144, 61.7708, 7.05337
182, 0, 143, 62.534, 7.0827
183, 0, 142, 63.534, 7.12711
184, 0, 141, 64.534, 7.15846
185, 0, 140, 64.3018, 7.22753
186, 0, 140, 63.9283, 7.25561
187, 0, 140, 63.5547, 7.34099
188, 0, 140, 63.1812, 7.36856
189, 0, 140, 63.0283, 7.40455
190, 0, 140, 62.8583, 7.43819
191, 0, 140, 62.7054, 7.49467
192, 0, 140, 62.5525, 7.54718
193, 0, 140, 62.1789, 7.57386
194, 0, 139, 63.5271, 7.61231
195, 0, 139, 63.4682, 7.64539
196, 0, 139, 63.4093, 7.69847
197, 0, 139, 63.3563, 7.7289
198, 0, 139, 63.2034, 7.75566
199, 0, 139, 63.1627, 7.7833
200, 0, 139, 63.1221, 7.82473
201, 0, 139, 63.0814, 7.8879
202, 0, 139, 63.0449, 7.91561
203, 0, 139, 62.8919, 7.95257
204, 0, 138, 63.6551, 7.98464
205, 0, 137, 64.4183, 8.01183
206, 0, 137, 64.0448, 8.03967
207, 0, 136, 64.808, 8.06663
208, 0, 136, 64.6551, 8.11272
209, 0, 136, 64.1701, 8.16896
210, 0, 136, 64.1403, 8.19634
211, 0, 136, 64.1106, 8.22859
212, 0, 136, 64.0838, 8.25457
213, 0, 136, 64, 8.28638
214, 0, 136, 63.8301, 8.31283
215, 0, 136, 63.737, 8.34805
216, 0, 136, 63.6532, 8.37554
217, 0, 136, 63.5694, 8.41545
218, 0, 136, 63.1959, 8.46314
219, 0, 135, 63.9591, 8.49604
220, 0, 135, 63.544, 8.52452
221, 0, 135, 63.129, 8.55642
222, 0, 135, 63.0875, 8.58381
223, 0, 134, 64.7922, 8.60952
224, 0, 133, 65.5554, 8.66207
225, 0, 133, 65.1818, 8.70547
226, 0, 132, 66.53, 8.73983
227, 0, 132, 66.1565, 8.76843
228, 0, 132, 65.9519, 8.81132
229, 0, 132, 65.799, 8.84047
230, 0, 132, 65.7152, 8.86878
231, 0, 132, 65.6855, 8.89612
232, 0, 132, 65.6627, 8.92272
233, 0, 132, 65.64, 8.95137
234, 0, 132, 65.6173, 8.99022
235, 0, 132, 65.5969, 9.01833
236, 0, 132, 65.5131, 9.079
237, 0, 132, 65.1395, 9.11164
238, 0, 131, 65.3026, 9.13944
239, 0, 131, 65.2352, 9.22203
240, 0, 131, 65.1514, 9.25827
241, 0, 131, 64.7779, 9.29273
242, 0, 131, 64.6249, 9.32486
243, 0, 131, 64.455, 9.35972
244, 0, 131, 64.3445, 9.38735
245, 0, 131, 64.234, 9.41445
246, 0, 131, 64.0641, 9.4415
247, 0, 131, 63.9536, 9.47233
248, 0, 131, 63.8007, 9.50211
249, 0, 131, 63.4271, 9.56172
250, 0, 131, 62.9422, 9.59874
251, 0, 131, 62.7722, 9.63539
252, 0, 131, 62.6193, 9.69711
253, 0, 131, 62.2458, 9.73524
254, 0, 131, 61.8722, 9.78859
255, 0, 131, 61.7791, 9.81689
256, 0, 131, 61.7202, 9.84429
257, 0, 130, 61.8833, 9.89702
258, 0, 130, 61.8159, 9.93288
259, 0, 130, 61.7718, 9.98204
260, 0, 130, 61.7278, 10.0873
261, 0, 130, 61.6748, 10.1531
262, 0, 130, 61.5218, 10.2132
263, 0, 129, 62.285, 10.2466
264, 0, 128, 63.285, 10.2736
265, 0, 127, 64.0482, 10.323
266, 0, 127, 63.6747, 10.3803
267, 0, 126, 63.916, 10.4191
268, 0, 126, 63.7115, 10.4473
269, 0, 126, 63.338, 10.482
270, 0, 126, 63.32, 10.5353
271, 0, 126, 63.3021, 10.5675
272, 0, 126, 63.2842, 10.6308
273, 0, 126, 63.2681, 10.6888
274, 0, 126, 63.2151, 10.7327
275, 0, 126, 63.2006, 10.7614
276, 0, 126, 63.1861, 10.8067
277, 0, 126, 63.1716, 10.8361
278, 0, 126, 63.1585, 10.8748
279, 0, 126, 63.1055, 10.9099
280, 0, 126, 62.732, 10.9403
281, 0, 125, 63.0847, 10.9751
282, 0, 125, 62.5998, 11.0143
283, 0, 124, 63.363, 11.064
284, 0, 123, 63.7157, 11.0911
285, 0, 122, 64.4789, 11.1374
286, 0, 121, 65.4789, 11.1816
287, 0, 120, 65.8317, 11.2294
288, 0, 120, 65.3467, 11.2652
289, 0, 119, 66.1099, 11.2967
290, 0, 118, 66.8731, 11.3239
291, 0, 117, 67.6363, 11.3556
292, 0, 116, 68.6363, 11.4149
293, 0, 116, 68.2213, 11.4469
294, 0, 116, 67.8478, 11.4763
295, 0, 115, 68.8478, 11.5036
296, 0, 115, 68.4742, 11.5325
297, 0, 115, 68.1007, 11.5598
298, 0, 115, 67.6857, 11.5871
299, 0, 115, 67.3121, 11.6145
300, 0, 114, 68.0753, 11.6422
301, 0, 114, 67.5904, 11.6706
302, 0, 114, 67.4374, 11.7036
303, 0, 113, 68.7856, 11.7897
304, 0, 112, 69.5488, 11.8292
305, 0, 112, 69.1753, 11.8996
306, 0, 112, 68.8017, 11.9437
307, 0, 111, 69.1545, 12
308, 0, 111, 68.6695, 12.0368
309, 0, 110, 69.6695, 12.0711
310, 0, 110, 69.296, 12.1112
311, 0, 110, 68.9225, 12.1397
312, 0, 110, 68.7695, 12.1674
313, 0, 110, 68.2846, 12.1989
314, 0, 109, 68.5259, 12.2326
315, 0, 109, 68.3214, 12.2685
316, 0, 109, 68.2911, 12.3104
317, 0, 109, 68.2381, 12.3476
318, 0, 109, 68.4601, 12.3748
319, 0, 109, 68.3071, 12.4029
320, 0, 109, 67.9336, 12.4302
321, 0, 109, 67.8498, 12.4661
322, 0, 109, 67.7393, 12.5156
323, 0, 109, 67.672, 12.5622
324, 0, 109, 67.5788, 12.6325
325, 0, 109, 67.495, 12.6834
326, 0, 109, 67.4112, 12.712
327, 0, 109, 67.2583, 12.7398
328, 0, 108, 67.6111, 12.7764
329, 0, 108, 67.1261, 12.8251
330, 0, 108, 66.5481, 12.864
331, 0, 108, 66.1745, 12.9406
332, 0, 107, 66.9377, 12.9924
333, 0, 107, 66.5227, 13.0361
334, 0, 107, 66.1491, 13.0645
335, 0, 107, 65.7756, 13.1075
336, 0, 107, 65.4021, 13.1434
337, 0, 107, 65.2491, 13.1949
338, 0, 107, 64.8756, 13.233
339, 0, 107, 64.5021, 13.279
340, 0, 106, 65.2653, 13.3259
341, 0, 105, 66.2653, 13.3532
342, 0, 104, 66.0331, 13.3823
343, 0, 103, 67.0331, 13.4182
344, 0, 102, 67.7963, 13.4477
345, 0, 101, 68.7963, 13.4987
346, 0, 100, 69.5595, 13.5352
347, 0, 99, 70.9076, 13.5913
348, 0, 98, 71.9076, 13.6281
349, 0, 97, 72.6708, 13.6632
350, 0, 97, 72.5009, 13.6924
351, 0, 97, 72.331, 13.7475
352, 0, 97, 72.0675, 13.8106
353, 0, 97, 71.694, 13.8653
354, 0, 96, 71.9354, 13.9252
355, 0, 96, 71.8516, 13.9599
356, 0, 96, 71.815, 13.9974
357, 0, 96, 71.6104, 14.0371
358, 0, 96, 71.2369, 14.1124
359, 0, 95, 72.0001, 14.1548
360, 0, 94, 73.0001, 14.2205
361, 0, 93, 73.7633, 14.2494
362, 0, 93, 73.3898, 14.2988
363, 0, 93, 73.0162, 14.3346
364, 0, 93, 72.6427, 14.3951
365, 0, 92, 73.6427, 14.426
366, 0, 92, 73.2692, 14.4779
367, 0, 92, 72.8956, 14.5072
368, 0, 92, 72.6911, 14.563
369, 0, 92, 72.5382, 14.6072
370, 0, 92, 72.1231, 14.6612
371, 0, 92, 71.9186, 14.7086
372, 0, 92, 71.5451, 14.7721
373, 0, 92, 71.0601, 14.8215
374, 0, 92, 70.6866, 14.8799
375, 0, 92, 70.313, 14.9151
376, 0, 92, 69.9395, 14.9595
377, 0, 91, 70.2923, 14.9875
378, 0, 91, 69.8073, 15.0154
379, 0, 91, 69.3923, 15.0432
380, 0, 91, 69.2223, 15.0962
381, 0, 91, 69.0694, 15.1496
382, 0, 91, 68.6959, 15.2163
383, 0, 91, 68.3223, 15.2752
384, 0, 91, 67.9488, 15.3123
385, 0, 91, 67.8899, 15.3447
386, 0, 91, 67.8597, 15.3821
387, 0, 91, 67.8231, 15.4361
388, 0, 91, 67.8111, 15.4969
389, 0, 91, 67.7992, 15.5323
390, 0, 91, 67.7872, 15.5807
391, 0, 91, 67.7764, 15.6125
392, 0, 91, 67.7398, 15.6489
393, 0, 91, 67.6293, 15.6758
394, 0, 91, 67.608, 15.7064
395, 0, 91, 67.5673, 15.7349
396, 0, 91, 67.5307, 15.7827
397, 0, 91, 67.3778, 15.8497
398, 0, 91, 67.2249, 15.8987
399, 0, 91, 67.1411, 15.944
400, 0, 91, 67.0573, 15.9975
401, 0, 91, 66.9043, 16.0562
402, 0, 91, 66.4893, 16.1158
403, 0, 91, 66.1158, 16.1808
404, 0, 91, 65.7422, 16.2125
405, 0, 91, 65.7322, 16.2496
406, 0, 91, 65.7221, 16.28
407, 0, 91, 65.7121, 16.3175
408, 0, 91, 65.703, 16.3757
409, 0, 91, 65.6763, 16.4051
410, 0, 91, 65.5658, 16.4554
411, 0, 91, 65.4128, 16.491
412, 0, 91, 65.4043, 16.52
413, 0, 91, 65.3957, 16.5845
414, 0, 91, 65.3871, 16.6307
415, 0, 91, 65.3794, 16.6737
416, 0, 91, 65.3527, 16.7337
417, 0, 91, 65.3453, 16.7731
418, 0, 91, 65.3379, 16.8448
419, 0, 91, 65.3305, 16.8753
420, 0, 91, 65.3239, 16.9079
421, 0, 91, 65.2971, 16.9584
422, 0, 91, 65.2133, 17.0013
423, 0, 91, 64.8398, 17.0343
424, 0, 91, 64.4247, 17.0664
425, 0, 91, 64.2202, 17.1067
426, 0, 91, 63.8052, 17.139
427, 0, 91, 63.6522, 17.1681
428, 0, 91, 63.4993, 17.1983
429, 0, 91, 63.7212, 17.2458
430, 0, 91, 63.5513, 17.2825
431, 0, 91, 63.3984, 17.3143
432, 0, 91, 63.0248, 17.3431
433, 0, 90, 64.373, 17.3719
434, 0, 89, 64.7258, 17.4
435, 0, 89, 64.2408, 17.4414
436, 0, 89, 64.0879, 17.521
437, 0, 89, 63.9349, 17.586
438, 0, 89, 63.7304, 17.6168
439, 0, 89, 63.3154, 17.6536
440, 0, 89, 63.1624, 17.6868
441, 0, 89, 63.0095, 17.7191
442, 0, 89, 62.9257, 17.7958
443, 0, 89, 62.7728, 17.8261
444, 0, 89, 62.3577, 17.8602
445, 0, 89, 61.9842, 17.9115
446, 0, 89, 61.6107, 17.9429
447, 0, 89, 61.2371, 17.9829
448, 0, 89, 60.8221, 18.039
449, 0, 89, 60.4486, 18.0772
450, 0, 89, 60.2956, 18.114
451, 0, 89, 60.1427, 18.1525
452, 0, 89, 59.9898, 18.2047
453, 0, 89, 59.5747, 18.2339
454, 0, 89, 59.4218, 18.2624
455, 0, 89, 59.2689, 18.3274
456, 0, 89, 59.1584, 18.3754
457, 0, 89, 59.0746, 18.4344
458, 0, 89, 58.9046, 18.4833
459, 0, 89, 58.7941, 18.5346
460, 0, 88, 59.0355, 18.5956
461, 0, 88, 58.8309, 18.6439
462, 0, 88, 58.6264, 18.6912
463, 0, 88, 58.4219, 18.721
464, 0, 88, 58.2689, 18.7501
465, 0, 88, 58.116, 18.7874
466, 0, 88, 57.9631, 18.8228
467, 0, 88, 57.7585, 18.8516
468, 0, 88, 57.6056, 18.9107
469, 0, 87, 57.7953, 18.9796
470, 0, 87, 57.6848, 19.011
471, 0, 87, 57.5319, 19.0435
472, 0, 87, 57.362, 19.0732
473, 0, 87, 57.209, 19.1042
474, 0, 87, 57.0561, 19.1319
475, 0, 87, 56.9032, 19.1594
476, 0, 87, 56.6397, 19.196
477, 0, 87, 56.4698, 19.2365
478, 0, 87, 56.3767, 19.2656
479, 0, 87, 56.2929, 19.3046
480, 0, 87, 56.123, 19.3374
481, 0, 87, 56.0392, 19.3683
482, 0, 87, 55.9554, 19.4211
483, 0, 87, 55.8623, 19.4537
484, 0, 87, 55.7785, 19.4841
485, 0, 87, 55.6255, 19.5378
486, 0, 87, 55.421, 19.5701
487, 0, 87, 55.3537, 19.6069
488, 0, 87, 55.3382, 19.6362
489, 0, 87, 55.2976, 19.6909
490, 0, 87, 55.2762, 19.7407
491, 0, 87, 55.2649, 19.7708
492, 0, 87, 55.2352, 19.8203
493, 0, 87, 55.2084, 19.8632
494, 0, 87, 55.0555, 19.9177
495, 0, 87, 55.0257, 19.9541
496, 0, 87, 55.0053, 19.9989
497, 0, 87, 54.7419, 20.028
498, 0, 87, 54.7354, 20.1006
499, 0, 87, 54.729, 20.1299
500, 0, 87, 54.7226, 20.1586
501, 0, 87, 54.7168, 20.1938
502, 0, 86, 54.8545, 20.2429
503, 0, 86, 54.8463, 20.2711
504, 0, 86, 54.8308, 20.3007
505, 0, 86, 54.8828, 20.3285
506, 0, 86, 54.8624, 20.3722
507, 0, 86, 54.8183, 20.4091
508, 0, 86, 54.7824, 20.4658
509, 0, 86, 54.9455, 20.4976
510, 0, 85, 55.1352, 20.5408
511, 0, 85, 55.0247, 20.5806
512, 0, 85, 54.8718, 20.6155
513, 0, 85, 54.8044, 20.6509
514, 0, 85, 54.6345, 20.7112
515, 0, 85, 54.4816, 20.7459
516, 0, 85, 54.0665, 20.7792
517, 0, 85, 53.693, 20.8077
518, 0, 84, 54.4562, 20.8362
519, 0, 83, 54.8089, 20.8837
520, 0, 83, 54.324, 20.9137
521, 0, 83, 54.2402, 20.9415
522, 0, 83, 54.1728, 20.9931
523, 0, 83, 54.0199, 21.0407
524, 0, 83, 53.8688, 21.1024
525, 0, 83, 53.7583, 21.1321
526, 0, 83, 53.7142, 21.1811
527, 0, 83, 53.5613, 21.2108
528, 0, 83, 53.4083, 21.2385
529, 0, 83, 53.3152, 21.2669
530, 0, 83, 53.2314, 21.3154
531, 0, 83, 53.0269, 21.3891
532, 0, 83, 52.9431, 21.4413
533, 0, 83, 52.7732, 21.4705
534, 0, 83, 52.6202, 21.503
535, 0, 83, 52.4503, 21.5475
536, 0, 83, 52.2974, 21.5809
537, 0, 83, 52.2136, 21.6095
538, 0, 83, 52.1298, 21.6452
539, 0, 83, 52.0367, 21.706
540, 0, 83, 51.9778, 21.7902
541, 0, 83, 51.894, 21.8265
542, 0, 83, 51.841, 21.886
543, 0, 83, 51.9336, 21.9453
544, 0, 83, 51.8806, 22.0348
545, 0, 83, 51.8602, 22.0635
546, 0, 83, 51.8545, 22.1015
547, 0, 83, 51.8489, 22.1769
548, 0, 83, 51.8432, 22.2335
549, 0, 83, 51.8381, 22.2599
550, 0, 83, 51.8107, 22.2974
551, 0, 83, 51.9449, 22.34
552, 0, 83, 51.9146, 22.4092
553, 0, 83, 51.8558, 22.4537
554, 0, 83, 51.8028, 22.49
555, 0, 82, 52.0441, 22.5387
556, 0, 82, 51.8396, 22.5752
557, 0, 81, 52.0809, 22.6051
558, 0, 81, 51.8764, 22.6819
559, 0, 81, 51.7064, 22.738
560, 0, 81, 51.5535, 22.7791
561, 0, 81, 51.18, 22.8139
562, 0, 81, 51.0962, 22.8601
563, 0, 81, 50.8916, 22.9232
564, 0, 81, 50.8386, 22.9643
565, 0, 81, 50.6857, 23.0349
566, 0, 81, 50.5328, 23.0694
567, 0, 81, 50.449, 23.1023
568, 0, 81, 50.3652, 23.1502
569, 0, 81, 50.2721, 23.1886
570, 0, 81, 50.2047, 23.2414
571, 0, 81, 50.1116, 23.2807
572, 0, 81, 50.0278, 23.3164
573, 0, 81, 49.9837, 23.3459
574, 0, 81, 50.1061, 23.3813
575, 0, 80, 50.2691, 23.413
576, 0, 80, 50.2018, 23.4512
577, 0, 80, 50.0319, 23.4861
578, 0, 80, 49.8789, 23.5248
579, 0, 80, 49.7951, 23.5778
580, 0, 80, 49.6422, 23.6076
581, 0, 80, 49.4893, 23.6385
582, 0, 80, 49.4055, 23.6682
583, 0, 80, 49.2525, 23.7198
584, 0, 80, 48.879, 23.7625
585, 0, 80, 48.7091, 23.7928
586, 0, 80, 48.5562, 23.8241
587, 0, 80, 48.4032, 23.8719
588, 0, 80, 48.3982, 23.9117
589, 0, 80, 48.3932, 23.9442
590, 0, 80, 48.3882, 23.9905
591, 0, 80, 48.3838, 24.0622
592, 0, 80, 48.3793, 24.0922
593, 0, 80, 48.3631, 24.145
594, 0, 80, 48.3587, 24.1894
595, 0, 80, 48.3542, 24.2192
596, 0, 79, 48.517, 24.2488
597, 0, 79, 48.5168, 24.2802
598, 0, 79, 48.5007, 24.3135
599, 0, 79, 48.4477, 24.3454
600, 0, 79, 48.2947, 24.3794
601, 0, 79, 48.2835, 24.4151
602, 0, 79, 48.3404, 24.4468
603, 0, 79, 48.3344, 24.4782
604, 0, 79, 48.3117, 24.5212
605, 0, 79, 48.2889, 24.5509
606, 0, 79, 48.3044, 24.5822
607, 0, 79, 48.2865, 24.6522
608, 0, 78, 48.4233, 24.6973
609, 0, 78, 48.4079, 24.7353
610, 0, 78, 48.3241, 24.7715
611, 0, 78, 47.9505, 24.8349
612, 0, 78, 47.4656, 24.8656
613, 0, 78, 47.3126, 24.8935
614, 0, 78, 46.9391, 24.9225
615, 0, 78, 46.9278, 24.9827
616, 0, 78, 46.844, 25.0486
617, 0, 78, 46.8295, 25.1162
618, 0, 78, 46.8213, 25.1464
619, 0, 78, 46.6701, 25.1753
620, 0, 78, 46.6703, 25.2207
621, 0, 78, 46.6404, 25.2514
622, 0, 78, 46.5736, 25.331
623, 0, 78, 46.4207, 25.3637
624, 0, 78, 46.3276, 25.3944
625, 0, 78, 46.2345, 25.4234
626, 0, 78, 46.0833, 25.461
627, 0, 78, 45.9728, 25.5192
628, 0, 78, 45.8623, 25.5588
629, 0, 78, 45.7785, 25.5886
630, 0, 78, 45.779, 25.6311
631, 0, 78, 45.766, 25.6689
632, 0, 78, 45.7668, 25.7081
633, 0, 78, 45.7624, 25.7446
634, 0, 78, 45.7445, 25.7765
635, 0, 78, 45.7325, 25.8045
636, 0, 78, 45.7264, 25.8696
637, 0, 78, 45.6734, 25.8997
638, 0, 78, 45.5205, 25.9555
639, 0, 78, 45.4274, 25.9891
640, 0, 78, 45.3436, 26.0357
641, 0, 78, 45.1906, 26.0653
642, 0, 77, 45.3537, 26.1006
643, 0, 77, 45.4761, 26.1366
644, 0, 77, 45.4231, 26.1729
645, 0, 77, 45.4062, 26.2175
646, 0, 77, 45.3932, 26.2493
647, 0, 77, 45.3402, 26.2972
648, 0, 77, 45.2564, 26.3273
649, 0, 77, 45.0864, 26.3609
650, 0, 77, 45.0026, 26.4005
651, 0, 77, 44.8922, 26.4396
652, 0, 77, 44.8084, 26.4715
653, 0, 77, 44.6384, 26.5005
654, 0, 77, 44.5546, 26.5645
655, 0, 77, 44.4708, 26.5959
656, 0, 77, 44.4035, 26.6397
657, 0, 77, 44.3505, 26.6734
658, 0, 77, 44.2667, 26.7116
659, 0, 77, 44.2365, 26.7634
660, 0, 77, 44.2122, 26.8181
661, 0, 77, 44.0924, 26.8774
662, 0, 77, 44.0251, 26.9102
663, 0, 77, 43.9885, 26.9436
664, 0, 77, 43.9854, 26.9914
665, 0, 77, 43.9709, 27.0415
666, 0, 77, 43.9665, 27.0831
667, 0, 77, 43.8694, 27.1177
668, 0, 77, 43.8704, 27.1478
669, 0, 77, 43.8683, 27.2266
670, 0, 77, 43.8548, 27.2582
671, 0, 77, 43.8441, 27.2878
672, 0, 77, 43.8452, 27.3381
673, 0, 77, 43.8345, 27.3667
674, 0, 76, 43.9832, 27.4056
675, 0, 76, 43.9391, 27.4356
676, 0, 76, 43.7861, 27.4776
677, 0, 76, 43.6162, 27.5146
678, 0, 76, 43.5057, 27.5738
679, 0, 76, 43.4219, 27.6118
680, 0, 76, 43.3114, 27.659
681, 0, 76, 43.2009, 27.6967
682, 0, 76, 43.0904, 27.7344
683, 0, 76, 43.0066, 27.7648
684, 0, 76, 42.9228, 27.8244
685, 0, 76, 42.839, 27.8683
686, 0, 76, 42.7285, 27.9243
687, 0, 76, 42.6447, 27.9704
688, 0, 76, 42.5774, 28.0172
689, 0, 76, 42.4936, 28.0527
690, 0, 76, 42.4005, 28.0892
691, 0, 76, 42.3167, 28.1204
692, 0, 76, 41.9432, 28.1509
693, 0, 76, 41.7902, 28.1922
694, 0, 76, 41.7372, 28.2689
695, 0, 76, 41.6699, 28.3161
696, 0, 76, 41.5768, 28.3731
697, 0, 75, 41.7665, 28.4437
698, 0, 75, 41.9295, 28.4741
699, 0, 75, 41.8364, 28.505
700, 0, 75, 41.6853, 28.5602
701, 0, 75, 41.7779, 28.5909
702, 0, 75, 41.719, 28.6412
703, 0, 75, 41.666, 28.6717
704, 0, 75, 41.613, 28.701
705, 0, 75, 41.5292, 28.7299
706, 0, 75, 41.4361, 28.7841
707, 0, 75, 41.3523, 28.8248
708, 0, 75, 41.2685, 28.8552
709, 0, 75, 41.2319, 28.9027
710, 0, 75, 41.079, 28.95
711, 0, 75, 40.8745, 29.0044
712, 0, 75, 40.7907, 29.0382
713, 0, 75, 40.6802, 29.0716
714, 0, 75, 40.6499, 29.102
715, 0, 75, 40.5661, 29.1426
716, 0, 75, 40.563, 29.1945
717, 0, 75, 40.4659, 29.225
718, 0, 75, 40.4129, 29.2612
719, 0, 75, 40.354, 29.3023
720, 0, 75, 40.3238, 29.3318
721, 0, 75, 40.2267, 29.3864
722, 0, 75, 40.1826, 29.4278
723, 0, 75, 40.1386, 29.4692
724, 0, 75, 40.0797, 29.5384
725, 0, 75, 40.0208, 29.6028
726, 0, 75, 39.9237, 29.6334
727, 0, 75, 39.8569, 29.6663
728, 0, 75, 39.8266, 29.6976
729, 0, 75, 39.7826, 29.7287
730, 0, 75, 39.7237, 29.7627
731, 0, 75, 39.6707, 29.7968
732, 0, 75, 39.6118, 29.827
733, 0, 75, 39.5588, 29.8566
734, 0, 75, 39.5222, 29.9047
735, 0, 75, 39.492, 29.9797
736, 0, 75, 39.4251, 30.011
737, 0, 75, 39.3583, 30.0418
738, 0, 75, 39.3053, 30.0858
739, 0, 75, 39.2647, 30.1382
740, 0, 75, 39.2281, 30.1949
741, 0, 75, 39.1915, 30.2281
742, 0, 75, 39.1385, 30.2689
743, 0, 75, 39.0855, 30.3371
744, 0, 75, 39.0017, 30.3655
745, 0, 74, 39.1648, 30.4436
746, 0, 74, 39.0974, 30.4966
747, 0, 73, 39.2605, 30.5328
748, 0, 73, 39.1931, 30.5791
749, 0, 73, 39.0826, 30.618
750, 0, 73, 39.0237, 30.6714
751, 0, 73, 38.9648, 30.723
752, 0, 73, 38.8677, 30.7532
753, 0, 73, 38.7839, 30.8107
754, 0, 73, 38.7171, 30.8661
755, 0, 73, 38.6333, 30.9167
756, 0, 73, 38.612, 30.9886
757, 0, 73, 38.559, 31.0336
758, 0, 73, 38.5183, 31.0621
759, 0, 73, 38.4345, 31.0917
760, 0, 73, 38.3414, 31.1211
761, 0, 72, 38.5044, 31.1632
762, 0, 72, 38.4206, 31.2053
763, 0, 72, 38.3676, 31.2676
764, 0, 72, 38.3236, 31.3437
765, 0, 72, 38.287, 31.4138
766, 0, 72, 38.2429, 31.485
767, 0, 72, 38.1947, 31.5248
768, 0, 72, 38.1274, 31.5946
769, 0, 72, 38.0169, 31.6333
770, 0, 72, 37.9803, 31.6995
771, 0, 72, 37.8956, 31.7338
772, 0, 72, 37.8654, 31.7681
773, 0, 72, 37.8288, 31.7983
774, 0, 72, 37.7357, 31.8568
775, 0, 72, 37.6683, 31.9115
776, 0, 72, 37.5845, 31.942
777, 0, 72, 37.5172, 31.9899
778, 0, 72, 37.4241, 32.0302
779, 0, 72, 37.3652, 32.0895
780, 0, 72, 37.3122, 32.145
781, 0, 72, 37.2191, 32.2048
782, 0, 72, 37.1517, 32.2365
783, 0, 72, 37.0987, 32.266
784, 0, 72, 37.0546, 32.4598
785, 0, 72, 36.9615, 32.5713
786, 0, 72, 36.8942, 32.6222
787, 0, 72, 36.8011, 32.6661
788, 0, 72, 36.7481, 32.7216
789, 0, 72, 36.655, 32.7903
790, 0, 72, 36.5961, 32.8468
791, 0, 72, 36.5431, 32.8754
792, 0, 72, 36.4901, 32.9219
793, 0, 72, 36.4227, 32.9647
794, 0, 72, 36.3389, 32.9965
795, 0, 72, 36.2948, 33.0444
796, 0, 72, 36.2418, 33.0819
797, 0, 72, 36.158, 33.1406
798, 0, 72, 36.0051, 33.1808
799, 0, 72, 35.9931, 33.2118
800, 0, 72, 35.9823, 33.278
801, 0, 72, 35.9624, 33.3089
802, 0, 72, 35.9357, 33.3388
803, 0, 72, 35.9266, 33.3917
804, 0, 72, 35.9279, 33.4465
805, 0, 72, 35.9189, 33.4964
806, 0, 72, 35.8975, 33.5352
807, 0, 72, 35.8302, 33.567
808, 0, 72, 35.7628, 33.6038
809, 0, 72, 35.7039, 33.6337
810, 0, 72, 35.6674, 33.6643
811, 0, 72, 35.6144, 33.7134
812, 0, 72, 35.4632, 33.7463
813, 0, 72, 35.4043, 33.7849
814, 0, 72, 35.3637, 33.814
815, 0, 72, 35.3271, 33.8478
816, 0, 72, 35.3003, 33.884
817, 0, 72, 35.2637, 33.913
818, 0, 72, 35.2049, 33.9682
819, 0, 72, 35.1519, 33.9997
820, 0, 72, 35.1078, 34.0451
821, 0, 71, 35.2565, 34.0811
822, 0, 71, 35.2124, 34.1095
823, 0, 71, 35.1683, 34.1711
824, 0, 71, 35.1009, 34.2186
825, 0, 71, 35.0796, 34.2718
826, 0, 71, 35.0782, 34.3005
827, 0, 71, 35.0761, 34.3325
828, 0, 71, 35.0093, 34.3656
829, 0, 71, 35.0053, 34.3988
830, 0, 71, 35.0013, 34.4334
831, 0, 71, 34.9973, 34.4772
832, 0, 71, 34.9987, 34.5165
833, 0, 71, 34.9823, 34.5492
834, 0, 71, 35.0198, 34.6023
835, 0, 71, 34.9839, 34.6312
836, 0, 71, 34.9398, 34.6621
837, 0, 71, 34.8467, 34.6965
838, 0, 71, 34.7629, 34.7265
839, 0, 71, 34.3479, 34.7584
840, 0, 71, 33.9743, 34.7876
841, 0, 71, 33.4894, 34.8169
842, 0, 71, 33.1158, 34.8625
843, 0, 71, 32.7008, 34.9246
844, 0, 71, 32.2858, 34.9601
845, 0, 71, 31.9122, 34.9934
846, 0, 71, 31.5387, 35.0339
847, 0, 71, 31.4714, 35.0686
848, 0, 71, 31.4184, 35.1216
849, 0, 71, 31.4199, 35.1521
850, 0, 70, 31.5647, 35.1915
851, 0, 70, 31.5639, 35.2236
852, 0, 70, 31.5539, 35.2659
853, 0, 70, 31.5438, 35.2963
854, 0, 70, 31.5351, 35.3737
855, 0, 70, 31.5307, 35.4227
856, 0, 70, 31.5271, 35.4701
857, 0, 70, 31.5235, 35.5563
858, 0, 70, 31.5199, 35.5881
859, 0, 70, 31.5215, 35.6327
860, 0, 70, 31.5077, 35.6622
861, 0, 70, 31.4451, 35.6958
862, 0, 70, 31.3921, 35.7439
863, 0, 70, 31.3391, 35.7988
864, 0, 70, 31.295, 35.8605
865, 0, 70, 31.2584, 35.9332
866, 0, 70, 31.2143, 35.9647
867, 0, 69, 31.3773, 36.0094
868, 0, 69, 31.3506, 36.0606
869, 0, 69, 31.2976, 36.109
870, 0, 69, 31.2708, 36.1493
871, 0, 69, 31.2178, 36.1877
872, 0, 69, 31.1504, 36.2229
873, 0, 69, 31.1202, 36.2775
874, 0, 69, 31.0998, 36.3167
875, 0, 69, 31.0967, 36.3516
876, 0, 69, 31.0934, 36.3896
877, 0, 69, 31.0901, 36.4547
878, 0, 69, 31.0868, 36.5038
879, 0, 69, 31.0357, 36.5495
880, 0, 69, 31.0328, 36.603
881, 0, 69, 31.0298, 36.6536
882, 0, 69, 31.0268, 36.7058
883, 0, 69, 31.0241, 36.7641
884, 0, 69, 31.0213, 36.8039
885, 0, 69, 31.0186, 36.845
886, 0, 69, 31.0187, 36.8943
887, 0, 69, 31.0061, 36.9266
888, 0, 69, 30.999, 36.9979
889, 0, 69, 30.9993, 37.0325
890, 0, 69, 30.9916, 37.071
891, 0, 69, 30.9648, 37.1225
892, 0, 69, 30.9059, 37.1775
893, 0, 69, 30.8757, 37.2103
894, 0, 68, 31.0387, 37.2494
895, 0, 68, 30.9714, 37.3025
896, 0, 68, 30.9411, 37.3356
897, 0, 68, 30.897, 37.368
898, 0, 68, 30.8605, 37.4093
899, 0, 68, 30.8075, 37.4392
900, 0, 68, 30.7668, 37.4765
901, 0, 68, 30.7302, 37.5211
902, 0, 68, 30.6629, 37.5612
903, 0, 68, 30.6263, 37.6027
904, 0, 68, 30.5897, 37.6326
905, 0, 68, 30.5532, 37.6865
906, 0, 68, 30.6231, 37.7193
907, 0, 68, 30.5865, 37.7796
908, 0, 68, 30.5276, 37.8247
909, 0, 68, 30.4746, 37.8624
910, 0, 68, 30.4478, 37.8982
911, 0, 68, 30.4265, 37.9292
912, 0, 68, 30.411, 37.9593
913, 0, 68, 30.3669, 38.0258
914, 0, 68, 30.3139, 38.0847
915, 0, 68, 30.2609, 38.1221
916, 0, 68, 30.1771, 38.1646
917, 0, 68, 30.0801, 38.1963
918, 0, 68, 30.0394, 38.2585
919, 0, 68, 30.0097, 38.2925
920, 0, 68, 29.9829, 38.3257
921, 0, 68, 29.9527, 38.3886
922, 0, 68, 29.9086, 38.4322
923, 0, 68, 29.872, 38.4621
924, 0, 68, 29.8566, 38.494
925, 0, 68, 29.8508, 38.5245
926, 0, 68, 29.8483, 38.5595
927, 0, 68, 29.8458, 38.5918
928, 0, 68, 29.8434, 38.6452
929, 0, 68, 29.8409, 38.6949
930, 0, 68, 29.8413, 38.7274
931, 0, 68, 29.8297, 38.7579
932, 0, 68, 29.8023, 38.7976
933, 0, 68, 29.7756, 38.8715
934, 0, 68, 29.7482, 38.9099
935, 0, 68, 29.6952, 38.9506
936, 0, 68, 29.6586, 38.9923
937, 0, 68, 29.5748, 39.0223
938, 0, 68, 29.5307, 39.055
939, 0, 68, 29.4469, 39.0856
940, 0, 68, 29.3631, 39.1163
941, 0, 68, 28.9481, 39.1497
942, 0, 68, 28.7951, 39.1788
943, 0, 68, 28.5906, 39.249
944, 0, 68, 28.4377, 39.2885
945, 0, 68, 28.3445, 39.3265
946, 0, 68, 28.2607, 39.3595
947, 0, 68, 28.177, 39.3997
948, 0, 68, 28.1746, 39.481
949, 0, 68, 28.1723, 39.5213
950, 0, 68, 28.1728, 39.5562
951, 0, 68, 28.1726, 39.5872
952, 0, 68, 28.1713, 39.6173
953, 0, 68, 28.1231, 39.6673
954, 0, 68, 28.121, 39.7191
955, 0, 68, 28.1189, 39.7536
956, 0, 68, 28.1167, 39.7941
957, 0, 68, 28.1173, 39.8413
958, 0, 68, 28.1107, 39.8914
959, 0, 68, 28.0994, 39.9214
960, 0, 68, 28.0553, 39.952
961, 0, 68, 28.044, 39.997
962, 0, 68, 28.0393, 40.0284
963, 0, 68, 28.04, 40.0637
964, 0, 68, 28.0725, 40.0988
965, 0, 68, 28.0727, 40.1412
966, 0, 68, 28.0656, 40.1722
967, 0, 68, 28.0598, 40.2163
968, 0, 68, 28.0393, 40.2842
969, 0, 68, 28.018, 40.3153
970, 0, 68, 27.9966, 40.3564
971, 0, 68, 27.9669, 40.392
972, 0, 68, 27.9401, 40.4342
973, 0, 68, 27.896, 40.4674
974, 0, 68, 27.843, 40.4983
975, 0, 68, 27.8262, 40.5268
976, 0, 68, 27.7994, 40.5842
977, 0, 68, 27.7628, 40.6157
978, 0, 68, 27.7424, 40.6754
979, 0, 68, 27.6945, 40.7089
980, 0, 68, 27.6678, 40.7647
981, 0, 68, 27.6312, 40.852
982, 0, 68, 27.5723, 40.8909
983, 0, 68, 27.5421, 40.9229
984, 0, 68, 27.5014, 40.9542
985, 0, 68, 27.4533, 40.9866
986, 0, 68, 27.4265, 41.017
987, 0, 68, 27.5055, 41.0756
988, 0, 68, 27.4787, 41.1064
989, 0, 68, 27.4381, 41.1381
990, 0, 68, 27.4015, 41.1844
991, 0, 68, 27.3718, 41.2224
992, 0, 68, 27.345, 41.2541
993, 0, 68, 27.3223, 41.2898
994, 0, 68, 27.3018, 41.3258
995, 0, 68, 27.2488, 41.3549
996, 0, 68, 27.0789, 41.3969
997, 0, 68, 26.926, 41.4604
998, 0, 68, 26.8778, 41.4894
999, 0, 68, 26.8476, 41.5478
