Seed is: 86
Number of samples is: 1000
Simulation name is: NoTvSim.sim
TimeStep, Distraction Rate, Missed States, Model Accuracy, Time (ms)
0, 0, 256, 0, 4e-05
1, 0, 255, 1, 0.024035
2, 0, 254, 1.7632, 0.04749
3, 0, 253, 1.531, 0.088799
4, 0, 252, 2.2942, 0.11071
5, 0, 251, 3.0574, 0.132813
6, 0, 250, 3.8206, 0.154534
7, 0, 249, 4.58379, 0.176325
8, 0, 248, 5.58379, 0.197816
9, 0, 247, 6.34699, 0.23117
10, 0, 246, 7.11019, 0.253783
11, 0, 245, 6.87799, 0.280083
12, 0, 244, 7.64119, 0.301774
13, 0, 243, 8.40439, 0.324428
14, 0, 242, 9.16759, 0.377298
15, 0, 241, 10.1676, 0.431301
16, 0, 240, 10.9308, 0.463583
17, 0, 239, 11.694, 0.511955
18, 0, 238, 12.694, 0.533406
19, 0, 237, 13.4572, 0.556179
20, 0, 236, 14.2204, 0.577469
21, 0, 235, 13.9882, 0.60408
22, 0, 234, 14.7514, 0.63572
23, 0, 233, 15.5146, 0.658043
24, 0, 232, 16.2778, 0.680476
25, 0, 231, 17.041, 0.720462
26, 0, 230, 17.8042, 0.742323
27, 0, 229, 18.5674, 0.764486
28, 0, 228, 19.3306, 0.806856
29, 0, 227, 20.3306, 0.849858
30, 0, 226, 21.0938, 0.912067
31, 0, 225, 20.8616, 0.93472
32, 0, 224, 21.6248, 0.975768
33, 0, 223, 22.388, 0.999112
34, 0, 222, 23.388, 1.03029
35, 0, 221, 24.388, 1.05269
36, 0, 220, 25.388, 1.08445
37, 0, 219, 26.1512, 1.12776
38, 0, 218, 26.9144, 1.15107
39, 0, 217, 27.6776, 1.17438
40, 0, 216, 28.4408, 1.1992
41, 0, 216, 28.0257, 1.22186
42, 0, 216, 27.6107, 1.24492
43, 0, 216, 27.1956, 1.28571
44, 0, 216, 26.8221, 1.32777
45, 0, 216, 26.4486, 1.35237
46, 0, 215, 27.4486, 1.37573
47, 0, 215, 27.0335, 1.40434
48, 0, 215, 26.66, 1.42862
49, 0, 215, 26.2865, 1.46663
50, 0, 214, 27.0497, 1.48918
51, 0, 213, 27.8129, 1.5121
52, 0, 212, 28.5761, 1.53492
53, 0, 211, 29.3393, 1.56072
54, 0, 210, 30.1025, 1.60693
55, 0, 209, 30.8656, 1.68028
56, 0, 209, 30.6957, 1.72754
57, 0, 209, 30.5258, 1.75194
58, 0, 209, 30.3559, 1.77543
59, 0, 209, 30.2029, 1.80797
60, 0, 209, 29.8294, 1.85924
61, 0, 209, 29.7363, 1.90425
62, 0, 209, 29.6432, 1.93601
63, 0, 209, 29.5501, 1.9649
64, 0, 209, 29.4663, 2.02298
65, 0, 209, 29.0927, 2.04753
66, 0, 208, 29.8559, 2.08872
67, 0, 207, 30.6191, 2.1156
68, 0, 206, 31.3823, 2.13922
69, 0, 205, 31.1501, 2.16243
70, 0, 204, 31.5029, 2.19765
71, 0, 203, 32.2661, 2.23209
72, 0, 203, 31.8926, 2.2558
73, 0, 203, 31.519, 2.27881
74, 0, 202, 32.2822, 2.30235
75, 0, 201, 33.2822, 2.33927
76, 0, 200, 34.6304, 2.3638
77, 0, 199, 35.3936, 2.40139
78, 0, 198, 36.1568, 2.46251
79, 0, 197, 36.92, 2.4864
80, 0, 197, 36.5465, 2.51017
81, 0, 196, 37.3097, 2.53351
82, 0, 195, 38.0729, 2.56244
83, 0, 194, 39.0729, 2.59005
84, 0, 193, 39.8361, 2.62308
85, 0, 192, 40.5992, 2.64669
86, 0, 191, 41.3624, 2.67007
87, 0, 190, 42.1256, 2.69899
88, 0, 189, 42.8888, 2.73539
89, 0, 188, 43.8888, 2.78011
90, 0, 187, 44.652, 2.80534
91, 0, 186, 45.4152, 2.83702
92, 0, 185, 46.1784, 2.88323
93, 0, 184, 47.1784, 2.93062
94, 0, 183, 47.9416, 2.97363
95, 0, 182, 48.9416, 2.99942
96, 0, 182, 48.5681, 3.02394
97, 0, 181, 48.3359, 3.04807
98, 0, 180, 49.0991, 3.0805
99, 0, 179, 49.8623, 3.10536
100, 0, 178, 51.2105, 3.12934
101, 0, 177, 52.2105, 3.16663
102, 0, 176, 51.9783, 3.20587
103, 0, 176, 51.5632, 3.28155
104, 0, 176, 51.1897, 3.31293
105, 0, 176, 50.8162, 3.34059
106, 0, 176, 50.4011, 3.3659
107, 0, 175, 51.7493, 3.40491
108, 0, 175, 51.2643, 3.42972
109, 0, 175, 50.7794, 3.46813
110, 0, 175, 50.3643, 3.49471
111, 0, 175, 49.9908, 3.54041
112, 0, 175, 49.5757, 3.57341
113, 0, 175, 49.2022, 3.60583
114, 0, 174, 49.9654, 3.62937
115, 0, 173, 50.7286, 3.67635
116, 0, 172, 50.4964, 3.70197
117, 0, 171, 51.2596, 3.74309
118, 0, 170, 52.0228, 3.76697
119, 0, 170, 51.6493, 3.81483
120, 0, 170, 51.2757, 3.85525
121, 0, 170, 50.9022, 3.90876
122, 0, 169, 51.6654, 3.94409
123, 0, 168, 52.4286, 3.97701
124, 0, 167, 53.4286, 4.00084
125, 0, 166, 54.1918, 4.02917
126, 0, 166, 53.8183, 4.07661
127, 0, 165, 53.5861, 4.10149
128, 0, 164, 54.3493, 4.16352
129, 0, 163, 55.1125, 4.21081
130, 0, 162, 55.8757, 4.23502
131, 0, 161, 56.8757, 4.27933
132, 0, 160, 56.6435, 4.34299
133, 0, 160, 56.2699, 4.36999
134, 0, 160, 55.8549, 4.39845
135, 0, 160, 55.4814, 4.4233
136, 0, 160, 55.0663, 4.44788
137, 0, 160, 54.6928, 4.47916
138, 0, 160, 54.5399, 4.51431
139, 0, 160, 54.1663, 4.55516
140, 0, 159, 54.9295, 4.60099
141, 0, 158, 55.6927, 4.62632
142, 0, 157, 56.4559, 4.67461
143, 0, 156, 57.4559, 4.72068
144, 0, 156, 57.0409, 4.74702
145, 0, 156, 56.6674, 4.79141
146, 0, 156, 56.1824, 4.81912
147, 0, 156, 55.8089, 4.85605
148, 0, 156, 55.3938, 4.88243
149, 0, 156, 55.0203, 4.90826
150, 0, 156, 54.6467, 4.94579
151, 0, 156, 54.2732, 4.97419
152, 0, 156, 53.8582, 5.01286
153, 0, 156, 53.4846, 5.03803
154, 0, 155, 54.2478, 5.06311
155, 0, 155, 53.8743, 5.11677
156, 0, 155, 53.4593, 5.14557
157, 0, 155, 53.0857, 5.17085
158, 0, 155, 52.8812, 5.22477
159, 0, 155, 52.6767, 5.27545
160, 0, 155, 52.5067, 5.31198
161, 0, 155, 52.3538, 5.35268
162, 0, 155, 52.2009, 5.39672
163, 0, 154, 53.549, 5.43272
164, 0, 154, 53.1755, 5.45884
165, 0, 154, 52.802, 5.49784
166, 0, 153, 53.5652, 5.52192
167, 0, 152, 53.333, 5.5576
168, 0, 151, 54.0962, 5.58315
169, 0, 150, 54.8594, 5.6272
170, 0, 149, 55.6226, 5.66899
171, 0, 148, 56.3858, 5.7012
172, 0, 148, 56.3269, 5.72696
173, 0, 148, 56.268, 5.75606
174, 0, 148, 56.2273, 5.78611
175, 0, 148, 56.1684, 5.81038
176, 0, 147, 56.3315, 5.85585
177, 0, 147, 56.2641, 5.90511
178, 0, 147, 56.1112, 5.96028
179, 0, 147, 55.9413, 5.99001
180, 0, 147, 55.5677, 6.01647
181, 0, 146, 56.3309, 6.05512
182, 0, 146, 55.9159, 6.0885
183, 0, 146, 55.763, 6.11504
184, 0, 146, 55.6792, 6.14034
185, 0, 146, 55.5262, 6.17052
186, 0, 146, 55.1527, 6.19754
187, 0, 146, 54.7792, 6.22462
188, 0, 146, 54.4056, 6.25011
189, 0, 146, 54.4983, 6.29777
190, 0, 146, 54.4315, 6.33123
191, 0, 146, 54.2785, 6.3814
192, 0, 145, 55.0417, 6.40884
193, 0, 144, 55.8049, 6.44968
194, 0, 143, 57.1531, 6.51567
195, 0, 142, 57.9163, 6.54092
196, 0, 141, 58.6795, 6.56667
197, 0, 140, 59.4427, 6.59973
198, 0, 139, 59.7955, 6.63228
199, 0, 139, 59.3105, 6.66497
200, 0, 139, 59.1576, 6.70094
201, 0, 139, 59.1169, 6.74984
202, 0, 139, 59.0763, 6.77995
203, 0, 139, 59.0465, 6.82117
204, 0, 139, 58.9984, 6.84865
205, 0, 139, 58.8454, 6.87467
206, 0, 139, 58.3605, 6.90946
207, 0, 138, 59.1237, 6.9439
208, 0, 137, 59.8869, 6.99629
209, 0, 136, 60.8869, 7.02479
210, 0, 136, 60.4019, 7.05746
211, 0, 135, 61.1651, 7.0891
212, 0, 134, 61.9283, 7.1256
213, 0, 134, 61.7584, 7.16538
214, 0, 134, 61.6653, 7.19175
215, 0, 134, 61.5815, 7.22581
216, 0, 134, 61.4977, 7.26075
217, 0, 134, 61.1241, 7.29428
218, 0, 133, 62.1241, 7.31988
219, 0, 132, 62.8873, 7.35198
220, 0, 131, 63.8873, 7.38959
221, 0, 130, 64.6505, 7.4315
222, 0, 129, 65.6505, 7.46929
223, 0, 129, 65.2355, 7.51477
224, 0, 128, 65.9987, 7.54073
225, 0, 127, 66.9987, 7.5933
226, 0, 126, 67.9987, 7.63304
227, 0, 125, 69.3469, 7.65922
228, 0, 125, 68.9733, 7.71119
229, 0, 125, 68.5583, 7.73777
230, 0, 124, 69.9064, 7.77703
231, 0, 124, 69.5329, 7.8013
232, 0, 124, 69.0479, 7.8272
233, 0, 124, 68.6744, 7.85481
234, 0, 124, 68.1895, 7.89866
235, 0, 124, 67.8159, 7.93683
236, 0, 124, 67.4424, 7.98689
237, 0, 124, 67.0688, 8.02086
238, 0, 124, 66.8643, 8.04861
239, 0, 124, 66.7114, 8.07426
240, 0, 124, 66.5584, 8.10112
241, 0, 124, 66.3885, 8.13523
242, 0, 124, 66.2954, 8.15979
243, 0, 124, 66.1425, 8.19494
244, 0, 124, 65.9895, 8.22057
245, 0, 123, 66.2309, 8.25974
246, 0, 123, 66.0263, 8.30042
247, 0, 123, 65.8218, 8.3285
248, 0, 122, 67.17, 8.36846
249, 0, 121, 68.17, 8.3948
250, 0, 120, 69.17, 8.44921
251, 0, 120, 68.7549, 8.47399
252, 0, 119, 69.5181, 8.50015
253, 0, 118, 70.2813, 8.5383
254, 0, 118, 69.9078, 8.592
255, 0, 118, 69.5343, 8.61727
256, 0, 118, 69.5045, 8.65192
257, 0, 118, 69.4748, 8.68003
258, 0, 118, 69.4389, 8.71708
259, 0, 118, 69.3551, 8.76289
260, 0, 118, 69.3324, 8.80019
261, 0, 118, 69.3096, 8.83329
262, 0, 118, 69.2869, 8.86482
263, 0, 118, 69.2595, 8.90999
264, 0, 118, 69.1757, 8.94015
265, 0, 118, 68.8022, 8.97537
266, 0, 118, 68.7492, 9.03219
267, 0, 118, 68.6654, 9.07307
268, 0, 118, 68.2919, 9.09949
269, 0, 118, 68.1987, 9.12507
270, 0, 118, 68.1399, 9.1613
271, 0, 118, 68.0869, 9.21088
272, 0, 118, 68.0338, 9.23937
273, 0, 118, 67.6603, 9.27175
274, 0, 117, 68.4235, 9.29799
275, 0, 117, 68.05, 9.32378
276, 0, 117, 67.6764, 9.36675
277, 0, 117, 67.3029, 9.39559
278, 0, 117, 66.9294, 9.42261
279, 0, 117, 66.7764, 9.4491
280, 0, 116, 68.1246, 9.47537
281, 0, 115, 68.8878, 9.52943
282, 0, 114, 68.6556, 9.56602
283, 0, 113, 69.6556, 9.59958
284, 0, 112, 70.4188, 9.62551
285, 0, 111, 71.4188, 9.67279
286, 0, 110, 72.182, 9.70352
287, 0, 109, 71.9498, 9.73004
288, 0, 109, 71.5763, 9.76964
289, 0, 109, 71.3717, 9.8177
290, 0, 109, 71.3187, 9.84412
291, 0, 109, 71.3008, 9.88781
292, 0, 109, 71.2829, 9.95325
293, 0, 109, 71.265, 9.98067
294, 0, 109, 71.3219, 10.0255
295, 0, 109, 71.2921, 10.0821
296, 0, 109, 71.2391, 10.1101
297, 0, 109, 71.0345, 10.1591
298, 0, 109, 70.661, 10.2119
299, 0, 108, 71.4242, 10.2563
300, 0, 107, 72.4242, 10.3035
301, 0, 106, 73.7723, 10.3327
302, 0, 105, 74.5355, 10.3934
303, 0, 105, 74.3826, 10.4331
304, 0, 105, 74.0091, 10.4585
305, 0, 105, 73.594, 10.5121
306, 0, 105, 73.2205, 10.5782
307, 0, 104, 73.9837, 10.6127
308, 0, 103, 75.3319, 10.6392
309, 0, 103, 74.9583, 10.6661
310, 0, 103, 74.5848, 10.7194
311, 0, 103, 74.4319, 10.7805
312, 0, 103, 73.9469, 10.8582
313, 0, 103, 73.5319, 10.9085
314, 0, 103, 73.1583, 10.9533
315, 0, 103, 72.6734, 11.0064
316, 0, 102, 73.6734, 11.0461
317, 0, 102, 73.2998, 11.0729
318, 0, 102, 72.8149, 11.1061
319, 0, 102, 72.4413, 11.1567
320, 0, 102, 72.0263, 11.2105
321, 0, 102, 71.6528, 11.2505
322, 0, 102, 71.4998, 11.2786
323, 0, 102, 71.1263, 11.3062
324, 0, 102, 70.7528, 11.3375
325, 0, 102, 70.5998, 11.401
326, 0, 101, 70.8412, 11.449
327, 0, 101, 71.0631, 11.4781
328, 0, 101, 70.9102, 11.546
329, 0, 101, 70.8736, 11.5802
330, 0, 101, 70.8206, 11.6086
331, 0, 101, 70.6677, 11.6442
332, 0, 101, 70.5147, 11.6791
333, 0, 100, 70.8675, 11.7647
334, 0, 100, 70.3825, 11.7991
335, 0, 100, 70.009, 11.8273
336, 0, 100, 69.8045, 11.8809
337, 0, 100, 69.4309, 11.9079
338, 0, 100, 69.0574, 11.9529
339, 0, 100, 68.6423, 11.9799
340, 0, 100, 68.4724, 12.0065
341, 0, 99, 68.7138, 12.0673
342, 0, 99, 68.5092, 12.1059
343, 0, 99, 68.1357, 12.1327
344, 0, 98, 69.1357, 12.1625
345, 0, 98, 68.7622, 12.2261
346, 0, 98, 68.3886, 12.2558
347, 0, 98, 68.0151, 12.2852
348, 0, 98, 67.6416, 12.3426
349, 0, 98, 67.5311, 12.3706
350, 0, 98, 67.3781, 12.4026
351, 0, 98, 67.2252, 12.4312
352, 0, 98, 67.0723, 12.4582
353, 0, 98, 66.6572, 12.4863
354, 0, 98, 66.5043, 12.5311
355, 0, 98, 66.0893, 12.5823
356, 0, 98, 65.8847, 12.6102
357, 0, 98, 65.5112, 12.6385
358, 0, 98, 65.3066, 12.6735
359, 0, 98, 65.1367, 12.6993
360, 0, 98, 64.9838, 12.7258
361, 0, 98, 64.5687, 12.7716
362, 0, 98, 64.3642, 12.8318
363, 0, 98, 64.2113, 12.8656
364, 0, 98, 64.1275, 12.897
365, 0, 98, 63.864, 12.9388
366, 0, 98, 63.4905, 12.9661
367, 0, 98, 63.4316, 12.9926
368, 0, 98, 63.391, 13.0206
369, 0, 98, 63.3544, 13.1197
370, 0, 98, 63.2015, 13.1497
371, 0, 98, 63.187, 13.1756
372, 0, 98, 63.1725, 13.2032
373, 0, 98, 63.158, 13.2418
374, 0, 98, 63.1338, 13.2813
375, 0, 98, 63.0972, 13.33
376, 0, 98, 62.9442, 13.3577
377, 0, 98, 62.5707, 13.3859
378, 0, 98, 62.5587, 13.4272
379, 0, 98, 62.5468, 13.462
380, 0, 98, 62.5348, 13.4888
381, 0, 98, 62.5149, 13.528
382, 0, 98, 62.4783, 13.5798
383, 0, 98, 62.4683, 13.6208
384, 0, 98, 62.4582, 13.6627
385, 0, 98, 62.4482, 13.6903
386, 0, 98, 62.4317, 13.7172
387, 0, 98, 62.3951, 13.7436
388, 0, 98, 62.3113, 13.7887
389, 0, 97, 62.4525, 13.8181
390, 0, 97, 62.4223, 13.8657
391, 0, 96, 62.571, 13.8932
392, 0, 96, 62.5269, 13.9231
393, 0, 96, 62.5055, 13.9758
394, 0, 96, 62.5755, 14.0224
395, 0, 96, 62.5348, 14.0563
396, 0, 96, 62.4867, 14.0952
397, 0, 96, 62.4599, 14.1324
398, 0, 96, 62.3494, 14.1821
399, 0, 96, 62.3226, 14.2282
400, 0, 96, 62.3141, 14.2572
401, 0, 96, 62.3055, 14.2982
402, 0, 96, 62.2969, 14.3279
403, 0, 96, 62.2832, 14.3766
404, 0, 96, 62.2564, 14.4043
405, 0, 96, 62.1726, 14.4337
406, 0, 96, 62.0197, 14.4767
407, 0, 96, 61.9523, 14.5263
408, 0, 96, 61.8685, 14.5529
409, 0, 96, 61.6986, 14.5798
410, 0, 96, 61.5457, 14.6093
411, 0, 96, 61.3411, 14.6485
412, 0, 96, 61.1882, 14.6759
413, 0, 96, 61.0183, 14.7221
414, 0, 96, 60.8653, 14.7515
415, 0, 96, 60.7815, 14.7951
416, 0, 96, 60.6977, 14.8256
417, 0, 96, 60.6139, 14.8533
418, 0, 96, 60.461, 14.8798
419, 0, 96, 60.0875, 14.9105
420, 0, 96, 59.7139, 14.9367
421, 0, 96, 59.2989, 14.966
422, 0, 95, 59.6517, 14.993
423, 0, 95, 59.1667, 15.0228
424, 0, 94, 59.9299, 15.063
425, 0, 94, 59.777, 15.091
426, 0, 93, 60.1297, 15.1207
427, 0, 93, 59.6448, 15.1648
428, 0, 93, 59.2713, 15.1932
429, 0, 93, 58.8977, 15.2222
430, 0, 93, 58.8139, 15.2536
431, 0, 93, 58.6094, 15.2814
432, 0, 93, 58.1943, 15.3082
433, 0, 93, 58.0414, 15.3524
434, 0, 93, 57.5565, 15.3984
435, 0, 93, 57.3865, 15.4466
436, 0, 93, 57.2166, 15.4819
437, 0, 93, 57.0637, 15.5252
438, 0, 93, 56.9107, 15.5611
439, 0, 93, 56.9034, 15.5965
440, 0, 93, 56.9399, 15.626
441, 0, 93, 56.9325, 15.678
442, 0, 93, 56.9251, 15.7226
443, 0, 93, 56.9095, 15.7788
444, 0, 93, 56.947, 15.8228
445, 0, 93, 56.9266, 15.8609
446, 0, 93, 56.8428, 15.9088
447, 0, 93, 56.759, 15.9419
448, 0, 93, 56.6752, 15.9703
449, 0, 93, 56.5052, 16.0008
450, 0, 93, 56.3947, 16.0378
451, 0, 93, 56.0212, 16.0663
452, 0, 92, 57.3694, 16.0978
453, 0, 92, 56.9543, 16.1315
454, 0, 91, 57.1957, 16.1757
455, 0, 91, 56.9911, 16.2114
456, 0, 91, 56.5761, 16.2493
457, 0, 91, 56.3716, 16.2781
458, 0, 90, 56.6129, 16.3193
459, 0, 90, 56.4084, 16.3483
460, 0, 90, 56.2554, 16.4152
461, 0, 90, 55.8819, 16.4528
462, 0, 89, 56.6451, 16.5003
463, 0, 89, 56.2716, 16.5337
464, 0, 89, 56.1186, 16.5619
465, 0, 89, 55.9657, 16.5956
466, 0, 89, 55.8552, 16.6418
467, 0, 89, 55.7714, 16.679
468, 0, 89, 55.6015, 16.7108
469, 0, 89, 55.491, 16.7472
470, 0, 89, 55.4072, 16.7777
471, 0, 89, 55.3542, 16.8144
472, 0, 89, 55.203, 16.8481
473, 0, 89, 55.0501, 16.8741
474, 0, 89, 55.006, 16.9255
475, 0, 89, 54.9694, 16.9588
476, 0, 89, 54.9164, 17.0376
477, 0, 89, 54.896, 17.0653
478, 0, 89, 54.8896, 17.0973
479, 0, 89, 54.8831, 17.1323
480, 0, 89, 54.8767, 17.1607
481, 0, 89, 54.8633, 17.2013
482, 0, 89, 54.8428, 17.2491
483, 0, 88, 54.9915, 17.2754
484, 0, 88, 55.0842, 17.3178
485, 0, 88, 55.0312, 17.3626
486, 0, 88, 54.9474, 17.4187
487, 0, 88, 54.9108, 17.4564
488, 0, 88, 54.8177, 17.4894
489, 0, 88, 54.7504, 17.5278
490, 0, 87, 54.9917, 17.586
491, 0, 87, 54.7872, 17.6271
492, 0, 87, 54.3022, 17.6548
493, 0, 87, 54.1323, 17.7137
494, 0, 87, 54.0218, 17.7417
495, 0, 87, 53.8688, 17.7819
496, 0, 87, 53.7159, 17.8165
497, 0, 87, 53.546, 17.8463
498, 0, 87, 53.3931, 17.8792
499, 0, 87, 53.2231, 17.9074
500, 0, 87, 53.0702, 17.9434
501, 0, 87, 52.6967, 17.9696
502, 0, 87, 52.5437, 18.0051
503, 0, 87, 52.3738, 18.0589
504, 0, 87, 52.2209, 18.1204
505, 0, 87, 51.8473, 18.1532
506, 0, 87, 51.6944, 18.184
507, 0, 87, 51.5245, 18.2512
508, 0, 87, 51.3715, 18.3169
509, 0, 86, 51.5613, 18.3436
510, 0, 86, 51.3914, 18.4108
511, 0, 86, 51.2809, 18.458
512, 0, 86, 51.1971, 18.5123
513, 0, 86, 51.0271, 18.5526
514, 0, 86, 50.9166, 18.5913
515, 0, 86, 50.7637, 18.6207
516, 0, 86, 50.6108, 18.6644
517, 0, 86, 50.5003, 18.6923
518, 0, 86, 50.4165, 18.7213
519, 0, 86, 50.3327, 18.7563
520, 0, 86, 50.1627, 18.7925
521, 0, 86, 50.0098, 18.8314
522, 0, 86, 49.8569, 18.8663
523, 0, 86, 49.7731, 18.9126
524, 0, 86, 49.68, 18.9462
525, 0, 86, 49.5962, 18.9733
526, 0, 86, 49.5124, 19.0269
527, 0, 86, 49.3594, 19.0558
528, 0, 86, 49.1549, 19.0829
529, 0, 86, 49.0711, 19.1098
530, 0, 85, 49.3124, 19.1778
531, 0, 85, 49.1079, 19.2335
532, 0, 85, 48.955, 19.2819
533, 0, 85, 48.802, 19.3398
534, 0, 85, 48.6915, 19.3898
535, 0, 85, 48.581, 19.4582
536, 0, 85, 48.4281, 19.4879
537, 0, 84, 48.6179, 19.5162
538, 0, 84, 48.5074, 19.5446
539, 0, 84, 48.4543, 19.5715
540, 0, 84, 48.3612, 19.6002
541, 0, 84, 48.2939, 19.6293
542, 0, 84, 48.235, 19.671
543, 0, 84, 48.182, 19.7194
544, 0, 84, 48.0889, 19.77
545, 0, 84, 48.0215, 19.8274
546, 0, 84, 47.9284, 19.8596
547, 0, 84, 47.8446, 19.9081
548, 0, 84, 47.8006, 19.9405
549, 0, 84, 47.7475, 19.9796
550, 0, 84, 47.6544, 20.0111
551, 0, 84, 47.5706, 20.0702
552, 0, 84, 47.4868, 20.1134
553, 0, 84, 47.4338, 20.165
554, 0, 84, 47.35, 20.2031
555, 0, 84, 47.2395, 20.2561
556, 0, 84, 47.0866, 20.2828
557, 0, 84, 46.9337, 20.3424
558, 0, 84, 46.7637, 20.3784
559, 0, 84, 46.6532, 20.4085
560, 0, 84, 46.4833, 20.4483
561, 0, 84, 46.3728, 20.4848
562, 0, 84, 46.2623, 20.5386
563, 0, 84, 46.1692, 20.5652
564, 0, 84, 46.0854, 20.6107
565, 0, 84, 45.9325, 20.6379
566, 0, 84, 46.1544, 20.6894
567, 0, 84, 46.0015, 20.7274
568, 0, 84, 45.8485, 20.7566
569, 0, 84, 45.475, 20.8106
570, 0, 84, 45.4453, 20.8386
571, 0, 84, 45.4185, 20.9034
572, 0, 84, 45.2656, 20.9429
573, 0, 84, 45.2358, 20.989
574, 0, 84, 45.1999, 21.0202
575, 0, 84, 45.1725, 21.0669
576, 0, 84, 45.1498, 21.0941
577, 0, 84, 45.1294, 21.1368
578, 0, 84, 45.0456, 21.1644
579, 0, 83, 46.3937, 21.1909
580, 0, 82, 46.7465, 21.2255
581, 0, 82, 46.2615, 21.3016
582, 0, 82, 45.7766, 21.3469
583, 0, 82, 45.403, 21.3819
584, 0, 82, 45.2501, 21.4111
585, 0, 82, 45.1663, 21.4622
586, 0, 82, 45.0558, 21.4908
587, 0, 82, 44.9029, 21.5218
588, 0, 82, 44.8802, 21.55
589, 0, 82, 44.8528, 21.6026
590, 0, 82, 44.8366, 21.6686
591, 0, 82, 44.959, 21.7033
592, 0, 82, 44.906, 21.7633
593, 0, 82, 44.7531, 21.8542
594, 0, 82, 44.7001, 21.9066
595, 0, 82, 44.5471, 21.9442
596, 0, 82, 44.1736, 21.9913
597, 0, 82, 44.0037, 22.0639
598, 0, 82, 43.8932, 22.098
599, 0, 82, 43.8001, 22.1418
600, 0, 81, 43.9898, 22.1735
601, 0, 81, 43.8793, 22.2049
602, 0, 81, 43.7955, 22.2319
603, 0, 81, 43.6984, 22.2591
604, 0, 81, 43.6823, 22.2964
605, 0, 81, 43.6766, 22.3454
606, 0, 81, 43.671, 22.3776
607, 0, 81, 43.6654, 22.4078
608, 0, 81, 43.6604, 22.4763
609, 0, 81, 43.6488, 22.5265
610, 0, 80, 43.7856, 22.5626
611, 0, 80, 43.7701, 22.5916
612, 0, 80, 43.673, 22.6253
613, 0, 80, 43.4096, 22.6603
614, 0, 80, 43.3258, 22.6953
615, 0, 80, 43.2585, 22.7617
616, 0, 80, 43.1654, 22.7912
617, 0, 79, 43.3284, 22.8324
618, 0, 79, 43.261, 22.8628
619, 0, 79, 43.217, 22.8939
620, 0, 79, 43.1238, 22.9438
621, 0, 79, 43.0565, 23.0044
622, 0, 79, 42.9727, 23.0326
623, 0, 79, 42.8889, 23.0699
624, 0, 79, 42.8051, 23.1202
625, 0, 79, 42.712, 23.1464
626, 0, 79, 42.6282, 23.2047
627, 0, 79, 42.4237, 23.2375
628, 0, 79, 42.2191, 23.2673
629, 0, 78, 42.4605, 23.3209
630, 0, 78, 42.2559, 23.3837
631, 0, 78, 42.1721, 23.4186
632, 0, 78, 42.079, 23.4694
633, 0, 78, 41.9952, 23.5038
634, 0, 78, 41.8423, 23.531
635, 0, 78, 41.7585, 23.5588
636, 0, 78, 41.7535, 23.586
637, 0, 78, 41.7485, 23.618
638, 0, 78, 41.7384, 23.6568
639, 0, 78, 41.7271, 23.6854
640, 0, 78, 41.6969, 23.7225
641, 0, 78, 41.6439, 23.7878
642, 0, 78, 41.5601, 23.821
643, 0, 78, 41.467, 23.861
644, 0, 78, 41.3832, 23.8968
645, 0, 78, 41.3159, 23.937
646, 0, 78, 41.2227, 23.9705
647, 0, 77, 41.4125, 24.0098
648, 0, 77, 41.302, 24.0448
649, 0, 77, 41.0974, 24.0739
650, 0, 77, 40.7239, 24.1265
651, 0, 77, 40.554, 24.1578
652, 0, 77, 40.401, 24.1857
653, 0, 77, 40.3337, 24.2339
654, 0, 77, 40.4967, 24.2634
655, 0, 77, 40.4129, 24.3102
656, 0, 76, 40.6543, 24.3564
657, 0, 76, 40.4497, 24.3874
658, 0, 76, 40.3967, 24.4295
659, 0, 76, 40.3437, 24.4638
660, 0, 76, 40.2769, 24.5218
661, 0, 76, 40.2687, 24.5555
662, 0, 76, 40.2018, 24.5862
663, 0, 76, 40.118, 24.6374
664, 0, 76, 40.0343, 24.6793
665, 0, 76, 39.9505, 24.7293
666, 0, 76, 39.8836, 24.7645
667, 0, 76, 39.8706, 24.7902
668, 0, 76, 39.834, 24.8201
669, 0, 76, 39.7667, 24.851
670, 0, 76, 39.7226, 24.8812
671, 0, 76, 39.6785, 24.9097
672, 0, 76, 39.5854, 24.9506
673, 0, 75, 39.7751, 24.9944
674, 0, 75, 39.7221, 25.021
675, 0, 75, 39.6116, 25.0499
676, 0, 75, 39.5185, 25.0865
677, 0, 75, 39.4254, 25.1164
678, 0, 75, 39.3416, 25.1526
679, 0, 75, 39.5046, 25.183
680, 0, 74, 39.6944, 25.2121
681, 0, 74, 39.5839, 25.278
682, 0, 74, 39.5751, 25.3139
683, 0, 74, 39.5538, 25.342
684, 0, 74, 39.5358, 25.3699
685, 0, 74, 39.5197, 25.3992
686, 0, 74, 39.4359, 25.4443
687, 0, 74, 39.3521, 25.477
688, 0, 74, 39.1992, 25.521
689, 0, 74, 39.0887, 25.5681
690, 0, 74, 38.9357, 25.5971
691, 0, 74, 38.9313, 25.6343
692, 0, 74, 38.9268, 25.67
693, 0, 74, 38.9224, 25.7087
694, 0, 74, 38.9147, 25.7523
695, 0, 74, 38.9086, 25.7989
696, 0, 74, 38.8872, 25.8337
697, 0, 74, 38.8506, 25.8633
698, 0, 74, 38.8141, 25.8923
699, 0, 74, 38.7303, 25.9208
700, 0, 74, 38.6198, 25.9488
701, 0, 74, 38.5757, 25.979
702, 0, 74, 38.5227, 26.0219
703, 0, 74, 38.4697, 26.0498
704, 0, 74, 38.4256, 26.0824
705, 0, 74, 38.3726, 26.1116
706, 0, 74, 38.3571, 26.1399
707, 0, 74, 38.3206, 26.1877
708, 0, 74, 38.2617, 26.2314
709, 0, 74, 38.2087, 26.2653
710, 0, 74, 38.1156, 26.2933
711, 0, 74, 38.0482, 26.3279
712, 0, 73, 38.2113, 26.3709
713, 0, 73, 38.1439, 26.4021
714, 0, 73, 38.0998, 26.4348
715, 0, 73, 38.0557, 26.5081
716, 0, 73, 37.9968, 26.5365
717, 0, 73, 37.9438, 26.5794
718, 0, 73, 37.9073, 26.6354
719, 0, 73, 37.8707, 26.6642
720, 0, 73, 37.8177, 26.6923
721, 0, 73, 37.7909, 26.741
722, 0, 73, 37.7428, 26.7769
723, 0, 72, 37.9325, 26.8076
724, 0, 72, 37.822, 26.8351
725, 0, 72, 37.8041, 26.8719
726, 0, 72, 37.7827, 26.9004
727, 0, 72, 37.7659, 26.9783
728, 0, 72, 37.7491, 27.0292
729, 0, 72, 37.736, 27.0868
730, 0, 72, 37.7604, 27.1138
731, 0, 72, 37.7564, 27.143
732, 0, 72, 37.7524, 27.1712
733, 0, 72, 37.7484, 27.205
734, 0, 72, 37.7448, 27.2391
735, 0, 72, 37.7412, 27.2715
736, 0, 72, 37.7376, 27.2991
737, 0, 72, 37.7287, 27.3349
738, 0, 72, 37.7243, 27.3644
739, 0, 72, 37.6761, 27.395
740, 0, 72, 37.7172, 27.4228
741, 0, 72, 37.7141, 27.5043
742, 0, 72, 37.6873, 27.5508
743, 0, 72, 37.6432, 27.5933
744, 0, 72, 37.5843, 27.6262
745, 0, 72, 37.5541, 27.6553
746, 0, 72, 37.4952, 27.7087
747, 0, 72, 37.5651, 27.737
748, 0, 72, 37.5349, 27.7666
749, 0, 72, 37.5046, 27.8068
750, 0, 72, 37.4458, 27.8428
751, 0, 72, 37.4155, 27.8711
752, 0, 72, 37.3749, 27.9052
753, 0, 72, 37.3535, 27.9332
754, 0, 72, 37.3129, 27.9866
755, 0, 72, 37.2763, 28.0146
756, 0, 72, 37.2461, 28.0734
757, 0, 72, 37.1931, 28.1101
758, 0, 72, 37.1565, 28.1395
759, 0, 72, 37.1297, 28.1867
760, 0, 72, 37.0891, 28.2316
761, 0, 72, 37.0525, 28.2692
762, 0, 72, 37.0118, 28.2972
763, 0, 72, 36.9821, 28.3636
764, 0, 72, 36.9607, 28.4182
765, 0, 72, 36.9241, 28.4463
766, 0, 72, 36.8974, 28.4735
767, 0, 72, 36.8492, 28.5038
768, 0, 72, 36.8384, 28.5439
769, 0, 72, 36.8117, 28.5819
770, 0, 72, 36.7528, 28.61
771, 0, 72, 36.8227, 28.6729
772, 0, 72, 36.7925, 28.7019
773, 0, 72, 36.7711, 28.7308
774, 0, 72, 36.7345, 28.7731
775, 0, 72, 36.7077, 28.8041
776, 0, 72, 36.6404, 28.8545
777, 0, 72, 36.6371, 28.8898
778, 0, 72, 36.6338, 28.9257
779, 0, 72, 36.6306, 28.9641
780, 0, 72, 36.6226, 29.0295
781, 0, 72, 36.6119, 29.0642
782, 0, 72, 36.6089, 29.1021
783, 0, 72, 36.6059, 29.1355
784, 0, 72, 36.6029, 29.1646
785, 0, 72, 36.5958, 29.1933
786, 0, 72, 36.576, 29.2234
787, 0, 72, 36.5615, 29.2538
788, 0, 72, 36.5484, 29.2834
789, 0, 72, 36.4646, 29.3112
790, 0, 72, 36.4501, 29.3479
791, 0, 72, 36.4367, 29.3755
792, 0, 72, 36.4345, 29.4033
793, 0, 72, 36.3987, 29.4321
794, 0, 72, 36.3313, 29.4669
795, 0, 72, 36.3193, 29.4952
796, 0, 72, 36.3086, 29.5297
797, 0, 72, 36.2556, 29.5577
798, 0, 72, 36.1026, 29.589
799, 0, 72, 36.0496, 29.6189
800, 0, 72, 35.9658, 29.6627
801, 0, 72, 35.9128, 29.696
802, 0, 72, 35.9065, 29.7309
803, 0, 72, 35.8974, 29.7594
804, 0, 72, 35.8707, 29.7928
805, 0, 72, 35.8439, 29.8376
806, 0, 72, 35.8171, 29.8678
807, 0, 72, 35.7967, 29.8954
808, 0, 72, 35.8757, 29.9265
809, 0, 72, 35.8644, 29.9565
810, 0, 71, 36.0021, 30.0006
811, 0, 71, 35.9817, 30.0274
812, 0, 71, 35.9603, 30.0561
813, 0, 71, 35.9237, 30.1213
814, 0, 71, 35.9033, 30.1526
815, 0, 71, 35.8626, 30.1816
816, 0, 71, 35.8413, 30.2111
817, 0, 71, 35.8115, 30.2572
818, 0, 71, 35.7961, 30.2857
819, 0, 71, 35.7479, 30.3145
820, 0, 71, 35.6806, 30.343
821, 0, 71, 35.5295, 30.3723
822, 0, 71, 35.4854, 30.4106
823, 0, 71, 35.3923, 30.4466
824, 0, 71, 35.3249, 30.477
825, 0, 71, 35.2318, 30.5284
826, 0, 71, 35.1387, 30.5572
827, 0, 71, 35.0714, 30.5892
828, 0, 71, 35.0183, 30.6218
829, 0, 71, 34.9345, 30.6517
830, 0, 71, 34.7816, 30.6782
831, 0, 71, 34.7696, 30.7329
832, 0, 71, 34.7588, 30.7624
833, 0, 71, 34.7498, 30.7905
834, 0, 71, 34.747, 30.8205
835, 0, 71, 34.7443, 30.8706
836, 0, 71, 34.7416, 30.9084
837, 0, 71, 34.7359, 30.9523
838, 0, 71, 34.7194, 30.9839
839, 0, 71, 34.7094, 31.0128
840, 0, 71, 34.7003, 31.0474
841, 0, 71, 34.6473, 31.0763
842, 0, 71, 34.5943, 31.1112
843, 0, 71, 34.5413, 31.1506
844, 0, 71, 34.5313, 31.2099
845, 0, 71, 34.5225, 31.2533
846, 0, 71, 34.5212, 31.2824
847, 0, 71, 34.4938, 31.3111
848, 0, 71, 34.5864, 31.3484
849, 0, 71, 34.5334, 31.4273
850, 0, 71, 34.4496, 31.4944
851, 0, 71, 34.4055, 31.5222
852, 0, 71, 34.3382, 31.5754
853, 0, 71, 34.2544, 31.6029
854, 0, 71, 34.2103, 31.6526
855, 0, 71, 34.1573, 31.7315
856, 0, 71, 34.2499, 31.7592
857, 0, 71, 34.1969, 31.7909
858, 0, 71, 34.1701, 31.8209
859, 0, 71, 34.1223, 31.8508
860, 0, 71, 34.1146, 31.902
861, 0, 71, 34.1121, 31.9347
862, 0, 71, 34.1096, 31.9856
863, 0, 71, 34.1071, 32.0164
864, 0, 71, 34.1266, 32.0552
865, 0, 71, 34.1243, 32.1285
866, 0, 71, 34.122, 32.1744
867, 0, 71, 34.1196, 32.2027
868, 0, 71, 34.1131, 32.251
869, 0, 70, 34.2579, 32.2807
870, 0, 70, 34.2574, 32.3096
871, 0, 70, 34.2466, 32.3472
872, 0, 70, 34.2107, 32.3787
873, 0, 70, 34.202, 32.4071
874, 0, 70, 34.1815, 32.434
875, 0, 70, 34.1142, 32.4803
876, 0, 70, 34.0612, 32.5482
877, 0, 70, 33.9507, 32.5839
878, 0, 70, 33.8833, 32.6134
879, 0, 70, 33.816, 32.6424
880, 0, 70, 33.7571, 32.67
881, 0, 70, 33.7041, 32.7077
882, 0, 70, 33.6452, 32.7576
883, 0, 70, 33.615, 32.7955
884, 0, 70, 33.5784, 32.8266
885, 0, 70, 33.5343, 32.8581
886, 0, 70, 33.4669, 32.9079
887, 0, 70, 33.4081, 32.9401
888, 0, 70, 33.3778, 32.9744
889, 0, 70, 33.4705, 33.0092
890, 0, 70, 33.4175, 33.0375
891, 0, 70, 33.3337, 33.0654
892, 0, 70, 33.4451, 33.0961
893, 0, 70, 33.4045, 33.1539
894, 0, 70, 33.3679, 33.1833
895, 0, 70, 33.3313, 33.2134
896, 0, 70, 33.2947, 33.251
897, 0, 70, 33.2274, 33.3208
898, 0, 70, 33.1436, 33.3486
899, 0, 70, 33.0847, 33.3794
900, 0, 70, 33.0317, 33.4074
901, 0, 70, 32.9787, 33.4406
902, 0, 70, 32.9257, 33.4997
903, 0, 70, 32.8668, 33.5337
904, 0, 70, 32.8138, 33.5724
905, 0, 69, 33.0551, 33.6118
906, 0, 69, 32.8506, 33.6692
907, 0, 68, 33.0136, 33.6989
908, 0, 68, 32.9463, 33.7262
909, 0, 68, 32.9097, 33.7787
910, 0, 68, 32.8656, 33.8245
911, 0, 68, 32.8126, 33.8606
912, 0, 68, 32.8281, 33.8901
913, 0, 67, 32.9649, 33.9259
914, 0, 67, 32.9495, 33.9563
915, 0, 67, 32.9197, 33.9856
916, 0, 67, 32.8993, 34.0149
917, 0, 67, 32.888, 34.0443
918, 0, 67, 32.8653, 34.0856
919, 0, 67, 32.8498, 34.1335
920, 0, 67, 32.8344, 34.1632
921, 0, 67, 32.8076, 34.1927
922, 0, 67, 32.7809, 34.2273
923, 0, 67, 32.7595, 34.2644
924, 0, 67, 32.7297, 34.2995
925, 0, 67, 32.703, 34.3282
926, 0, 67, 32.6732, 34.3564
927, 0, 67, 32.6578, 34.3854
928, 0, 67, 32.6465, 34.4302
929, 0, 67, 32.6106, 34.4587
930, 0, 67, 32.5804, 34.5156
931, 0, 67, 32.5215, 34.5552
932, 0, 67, 32.4913, 34.6095
933, 0, 67, 32.4472, 34.6441
934, 0, 67, 32.4106, 34.6797
935, 0, 67, 32.3576, 34.7078
936, 0, 67, 32.3135, 34.744
937, 0, 67, 32.2605, 34.7974
938, 0, 67, 32.2075, 34.8557
939, 0, 67, 32.1486, 34.8858
940, 0, 67, 32.0897, 34.9329
941, 0, 67, 32.0595, 34.9741
942, 0, 66, 32.2082, 35.0026
943, 0, 66, 32.1641, 35.0312
944, 0, 66, 32.1052, 35.1
945, 0, 66, 32.0384, 35.1352
946, 0, 66, 31.9413, 35.1766
947, 0, 66, 31.9048, 35.3306
948, 0, 66, 31.9303, 35.3628
949, 0, 66, 31.9029, 35.3974
950, 0, 66, 31.8622, 35.4499
951, 0, 66, 31.8409, 35.4798
952, 0, 66, 31.8106, 35.512
953, 0, 66, 31.7625, 35.542
954, 0, 66, 31.6957, 35.6118
955, 0, 66, 31.6871, 35.6392
956, 0, 66, 31.68, 35.6871
957, 0, 66, 31.6793, 35.7155
958, 0, 66, 31.671, 35.7527
959, 0, 66, 31.6549, 35.8019
960, 0, 66, 31.6336, 35.8397
961, 0, 66, 31.745, 35.8697
962, 0, 66, 31.7084, 35.8997
963, 0, 66, 31.6709, 35.9416
964, 0, 66, 31.6638, 35.9778
965, 0, 66, 31.6434, 36.0464
966, 0, 66, 31.6027, 36.0776
967, 0, 66, 31.5814, 36.1291
968, 0, 66, 31.5659, 36.1575
969, 0, 66, 31.5178, 36.2057
970, 0, 66, 31.4504, 36.2421
971, 0, 66, 31.4237, 36.2712
972, 0, 66, 31.4032, 36.3173
973, 0, 66, 31.4407, 36.3451
974, 0, 65, 31.5775, 36.3872
975, 0, 65, 31.5621, 36.4389
976, 0, 65, 31.5394, 36.4668
977, 0, 65, 31.5281, 36.4968
978, 0, 65, 31.5168, 36.5619
979, 0, 65, 31.4989, 36.6044
980, 0, 65, 31.4785, 36.6352
981, 0, 65, 31.4672, 36.6798
982, 0, 65, 31.4589, 36.7266
983, 0, 65, 31.441, 36.789
984, 0, 65, 31.4279, 36.8207
985, 0, 65, 31.4219, 36.8512
986, 0, 65, 31.4006, 36.8855
987, 0, 65, 31.3738, 36.9492
988, 0, 65, 31.3525, 36.999
989, 0, 65, 31.3679, 37.0368
990, 0, 65, 31.3518, 37.0808
991, 0, 64, 31.4895, 37.1169
992, 0, 64, 31.4682, 37.1644
993, 0, 64, 31.4408, 37.2052
994, 0, 64, 31.427, 37.2344
995, 0, 64, 31.4193, 37.2744
996, 0, 64, 31.3827, 37.318
997, 0, 64, 31.2722, 37.3485
998, 0, 64, 31.1617, 37.4155
999, 0, 64, 31.1211, 37.4602
