Seed is: 12
Number of samples is: 1000
Simulation name is: NoTvSim.sim
TimeStep, Distraction Rate, Missed States, Model Accuracy, Time (ms)
0, 0, 256, 0, 5e-05
1, 0, 255, 1, 0.01614
2, 0, 254, 1.7632, 0.031389
3, 0, 253, 2.52639, 0.065635
4, 0, 252, 3.28959, 0.095812
5, 0, 251, 4.28959, 0.11055
6, 0, 250, 5.05279, 0.148793
7, 0, 249, 5.81599, 0.163651
8, 0, 248, 6.57918, 0.195732
9, 0, 247, 7.57918, 0.233685
10, 0, 246, 8.34238, 0.27311
11, 0, 245, 9.34238, 0.287998
12, 0, 244, 10.1056, 0.30465
13, 0, 243, 10.8688, 0.328916
14, 0, 242, 10.6366, 0.353944
15, 0, 241, 11.3998, 0.377449
16, 0, 240, 12.163, 0.39938
17, 0, 239, 12.9262, 0.416333
18, 0, 238, 13.6894, 0.456349
19, 0, 237, 14.4526, 0.480034
20, 0, 236, 15.4526, 0.502497
21, 0, 236, 15.0375, 0.517856
22, 0, 236, 14.664, 0.533656
23, 0, 235, 15.4272, 0.549166
24, 0, 234, 16.1904, 0.574123
25, 0, 234, 15.8169, 0.627775
26, 0, 233, 16.1696, 0.660117
27, 0, 233, 15.6847, 0.708309
28, 0, 233, 15.2696, 0.74067
29, 0, 233, 14.8961, 0.77219
30, 0, 232, 14.6639, 0.788652
31, 0, 232, 14.2904, 0.836272
32, 0, 232, 13.9168, 0.858104
33, 0, 232, 13.5018, 0.874125
34, 0, 232, 13.1283, 0.912758
35, 0, 231, 13.8915, 0.930412
36, 0, 230, 14.8915, 0.958676
37, 0, 229, 15.6547, 0.973945
38, 0, 228, 16.4179, 0.988993
39, 0, 227, 17.1811, 1.01992
40, 0, 226, 17.9442, 1.0352
41, 0, 225, 18.7074, 1.07168
42, 0, 224, 19.4706, 1.10098
43, 0, 223, 20.4706, 1.11673
44, 0, 222, 21.2338, 1.13498
45, 0, 221, 22.2338, 1.15727
46, 0, 220, 22.0016, 1.18071
47, 0, 219, 22.7648, 1.2043
48, 0, 218, 23.528, 1.22041
49, 0, 217, 24.528, 1.2392
50, 0, 216, 25.2912, 1.25629
51, 0, 215, 25.059, 1.27212
52, 0, 214, 26.059, 1.30362
53, 0, 213, 26.8222, 1.32315
54, 0, 212, 27.175, 1.36305
55, 0, 212, 26.6901, 1.37949
56, 0, 211, 27.4532, 1.4142
57, 0, 210, 28.4532, 1.44091
58, 0, 209, 29.2164, 1.47337
59, 0, 208, 29.9796, 1.50398
60, 0, 208, 29.5646, 1.52005
61, 0, 208, 29.1911, 1.54705
62, 0, 207, 29.9543, 1.56286
63, 0, 206, 30.7175, 1.59282
64, 0, 205, 31.4807, 1.61007
65, 0, 204, 32.8288, 1.63016
66, 0, 203, 33.592, 1.64696
67, 0, 202, 33.3598, 1.67853
68, 0, 201, 33.1276, 1.71882
69, 0, 200, 33.8908, 1.73581
70, 0, 199, 33.6586, 1.78606
71, 0, 198, 34.4218, 1.80455
72, 0, 197, 35.185, 1.83903
73, 0, 196, 36.185, 1.87961
74, 0, 195, 35.9528, 1.89678
75, 0, 194, 37.301, 1.94272
76, 0, 193, 38.0642, 1.95897
77, 0, 193, 37.6907, 1.98559
78, 0, 193, 38.0057, 2.01417
79, 0, 193, 37.6322, 2.04717
80, 0, 193, 37.2586, 2.06381
81, 0, 193, 36.8436, 2.08515
82, 0, 193, 36.4701, 2.10348
83, 0, 192, 37.8182, 2.13851
84, 0, 191, 38.5814, 2.16663
85, 0, 191, 38.0965, 2.19691
86, 0, 190, 39.0965, 2.22568
87, 0, 190, 38.7229, 2.25283
88, 0, 190, 38.238, 2.2895
89, 0, 189, 39.0012, 2.30597
90, 0, 188, 39.7644, 2.32365
91, 0, 188, 39.3908, 2.34278
92, 0, 188, 39.0173, 2.36106
93, 0, 187, 39.7805, 2.38407
94, 0, 186, 40.5437, 2.41045
95, 0, 185, 41.5437, 2.43467
96, 0, 184, 42.3069, 2.45275
97, 0, 183, 43.0701, 2.47318
98, 0, 182, 43.8333, 2.49119
99, 0, 181, 44.8333, 2.52429
100, 0, 180, 45.8333, 2.54116
101, 0, 179, 46.8333, 2.56104
102, 0, 178, 47.5965, 2.59244
103, 0, 177, 48.3597, 2.61066
104, 0, 176, 49.1229, 2.64042
105, 0, 176, 48.7493, 2.65843
106, 0, 175, 49.7493, 2.69688
107, 0, 175, 49.3343, 2.72734
108, 0, 175, 48.9608, 2.74559
109, 0, 174, 49.724, 2.76244
110, 0, 174, 49.3089, 2.80916
111, 0, 174, 48.8939, 2.82651
112, 0, 174, 48.4788, 2.85241
113, 0, 174, 48.1053, 2.86933
114, 0, 173, 48.8685, 2.89209
115, 0, 172, 49.6317, 2.90849
116, 0, 171, 50.3949, 2.9482
117, 0, 170, 50.1627, 2.9735
118, 0, 169, 50.9259, 3.01929
119, 0, 168, 51.6891, 3.05198
120, 0, 167, 53.0373, 3.06993
121, 0, 166, 53.8005, 3.08738
122, 0, 165, 54.5637, 3.15391
123, 0, 164, 55.3269, 3.17657
124, 0, 163, 56.0901, 3.19375
125, 0, 163, 55.7165, 3.24199
126, 0, 162, 56.4797, 3.25934
127, 0, 161, 57.2429, 3.27981
128, 0, 160, 58.0061, 3.32741
129, 0, 159, 58.7693, 3.34676
130, 0, 158, 59.5325, 3.36386
131, 0, 157, 59.3003, 3.39436
132, 0, 157, 58.9268, 3.4132
133, 0, 156, 59.69, 3.45796
134, 0, 155, 60.4532, 3.4767
135, 0, 155, 60.0796, 3.49456
136, 0, 154, 60.8428, 3.51703
137, 0, 154, 60.6729, 3.54908
138, 0, 154, 60.503, 3.58092
139, 0, 154, 60.4099, 3.60287
140, 0, 154, 60.24, 3.63422
141, 0, 154, 60.087, 3.65132
142, 0, 154, 59.7135, 3.67446
143, 0, 153, 60.4767, 3.69889
144, 0, 152, 61.2399, 3.73436
145, 0, 151, 62.0031, 3.75163
146, 0, 150, 62.7663, 3.79092
147, 0, 150, 62.6732, 3.85187
148, 0, 150, 62.5801, 3.88121
149, 0, 150, 62.4963, 3.90987
150, 0, 150, 62.1227, 3.9414
151, 0, 150, 62.0638, 3.96975
152, 0, 150, 62.0049, 3.98781
153, 0, 150, 61.946, 4.00741
154, 0, 150, 61.893, 4.02535
155, 0, 150, 61.7401, 4.05439
156, 0, 150, 61.3251, 4.07823
157, 0, 150, 61.1551, 4.09566
158, 0, 150, 61.0022, 4.1338
159, 0, 150, 60.8493, 4.15253
160, 0, 149, 60.6171, 4.20664
161, 0, 149, 60.2436, 4.23996
162, 0, 149, 60.0906, 4.25753
163, 0, 149, 60.05, 4.27725
164, 0, 149, 60.0093, 4.30146
165, 0, 149, 59.9687, 4.32146
166, 0, 149, 59.9321, 4.33924
167, 0, 148, 60.1735, 4.35673
168, 0, 148, 59.9689, 4.37482
169, 0, 148, 59.5954, 4.41393
170, 0, 147, 59.3632, 4.43857
171, 0, 147, 58.9897, 4.46397
172, 0, 146, 60.3378, 4.51212
173, 0, 145, 61.101, 4.56701
174, 0, 144, 61.8642, 4.58462
175, 0, 143, 62.6274, 4.62045
176, 0, 143, 62.9424, 4.64428
177, 0, 143, 62.4575, 4.66223
178, 0, 143, 62.0839, 4.68612
179, 0, 143, 61.7104, 4.70365
180, 0, 142, 63.0586, 4.73614
181, 0, 142, 62.6435, 4.7649
182, 0, 142, 62.27, 4.79666
183, 0, 142, 61.855, 4.8227
184, 0, 142, 61.6504, 4.85864
185, 0, 142, 61.2769, 4.89464
186, 0, 142, 60.8619, 4.94047
187, 0, 142, 60.4883, 4.97032
188, 0, 142, 60.1148, 5.00057
189, 0, 142, 59.6298, 5.02374
190, 0, 142, 59.4599, 5.04975
191, 0, 142, 59.307, 5.09927
192, 0, 142, 58.7289, 5.12418
193, 0, 141, 59.4921, 5.15056
194, 0, 140, 60.2553, 5.17826
195, 0, 140, 60.1024, 5.22373
196, 0, 140, 59.7288, 5.25763
197, 0, 140, 59.6991, 5.29079
198, 0, 140, 59.6693, 5.33038
199, 0, 140, 59.6396, 5.37269
200, 0, 140, 59.6128, 5.40109
201, 0, 140, 59.5023, 5.41964
202, 0, 140, 59.1288, 5.43757
203, 0, 139, 59.892, 5.47257
204, 0, 138, 60.6552, 5.50163
205, 0, 137, 60.423, 5.53499
206, 0, 136, 61.1862, 5.55342
207, 0, 135, 61.9494, 5.57099
208, 0, 134, 62.7126, 5.60041
209, 0, 133, 63.4758, 5.62099
210, 0, 132, 63.8285, 5.64535
211, 0, 132, 63.3436, 5.68323
212, 0, 132, 62.97, 5.72502
213, 0, 132, 62.8862, 5.74776
214, 0, 132, 62.7931, 5.7697
215, 0, 132, 62.6232, 5.7913
216, 0, 132, 62.5394, 5.80912
217, 0, 132, 62.4556, 5.85618
218, 0, 132, 62.0821, 5.8822
219, 0, 131, 63.0821, 5.9068
220, 0, 130, 63.8453, 5.93089
221, 0, 129, 64.6085, 5.94858
222, 0, 128, 65.3717, 6.01065
223, 0, 127, 66.3717, 6.04075
224, 0, 126, 67.1349, 6.05865
225, 0, 125, 67.8981, 6.09033
226, 0, 125, 67.5245, 6.1159
227, 0, 124, 68.8727, 6.14151
228, 0, 124, 68.4992, 6.15947
229, 0, 124, 68.3462, 6.19225
230, 0, 124, 67.9312, 6.21067
231, 0, 124, 67.7266, 6.23786
232, 0, 124, 67.3116, 6.25658
233, 0, 123, 67.6644, 6.29032
234, 0, 123, 67.1794, 6.30877
235, 0, 123, 66.8059, 6.32697
236, 0, 123, 66.3209, 6.346
237, 0, 123, 65.9474, 6.36451
238, 0, 123, 65.7429, 6.38865
239, 0, 123, 65.3693, 6.4066
240, 0, 123, 65.2164, 6.42444
241, 0, 123, 65.1937, 6.44232
242, 0, 123, 65.1732, 6.45984
243, 0, 123, 65.0894, 6.49923
244, 0, 123, 65.0667, 6.52481
245, 0, 123, 65.044, 6.54317
246, 0, 123, 65.0261, 6.56102
247, 0, 123, 65.0081, 6.57862
248, 0, 123, 64.9902, 6.62474
249, 0, 123, 64.9741, 6.64471
250, 0, 123, 65.0965, 6.66379
251, 0, 123, 65.0435, 6.68202
252, 0, 123, 64.9597, 6.73058
253, 0, 123, 64.5861, 6.75112
254, 0, 123, 64.2126, 6.77479
255, 0, 123, 63.8391, 6.79294
256, 0, 122, 64.1918, 6.81288
257, 0, 122, 63.7069, 6.83348
258, 0, 122, 63.3333, 6.89149
259, 0, 122, 62.9183, 6.93365
260, 0, 122, 62.7138, 6.9521
261, 0, 122, 62.5438, 6.97621
262, 0, 122, 62.4507, 7.01082
263, 0, 122, 62.2978, 7.03765
264, 0, 122, 61.9243, 7.05672
265, 0, 121, 62.9243, 7.07561
266, 0, 121, 62.5507, 7.10751
267, 0, 120, 63.5507, 7.12559
268, 0, 120, 63.1772, 7.14399
269, 0, 120, 62.8037, 7.1655
270, 0, 120, 62.2256, 7.18436
271, 0, 120, 61.8521, 7.20571
272, 0, 120, 61.4785, 7.22384
273, 0, 119, 62.4785, 7.24558
274, 0, 119, 62.105, 7.26348
275, 0, 118, 63.105, 7.28371
276, 0, 117, 63.4578, 7.32172
277, 0, 117, 62.9728, 7.34384
278, 0, 116, 64.321, 7.37372
279, 0, 116, 64.168, 7.40107
280, 0, 116, 63.7945, 7.41913
281, 0, 116, 63.7014, 7.46095
282, 0, 116, 63.6425, 7.48553
283, 0, 116, 63.5895, 7.50489
284, 0, 116, 63.5365, 7.5636
285, 0, 116, 63.1629, 7.58255
286, 0, 115, 63.9261, 7.64077
287, 0, 114, 64.9261, 7.65912
288, 0, 113, 65.9261, 7.67788
289, 0, 112, 66.6893, 7.69624
290, 0, 112, 66.3158, 7.71377
291, 0, 111, 67.079, 7.74846
292, 0, 110, 67.8422, 7.76719
293, 0, 109, 68.8422, 7.78546
294, 0, 108, 69.6054, 7.80374
295, 0, 108, 69.2319, 7.83679
296, 0, 107, 70.58, 7.88292
297, 0, 107, 70.2065, 7.91174
298, 0, 106, 69.9743, 7.93536
299, 0, 106, 69.6008, 7.96216
300, 0, 105, 70.9489, 7.98851
301, 0, 105, 70.464, 8.00681
302, 0, 105, 69.979, 8.03808
303, 0, 105, 69.7745, 8.05684
304, 0, 105, 69.4009, 8.08549
305, 0, 105, 69.0274, 8.1179
306, 0, 104, 70.0274, 8.18282
307, 0, 103, 70.7906, 8.24216
308, 0, 103, 70.3756, 8.26193
309, 0, 103, 70.002, 8.28019
310, 0, 103, 69.587, 8.30331
311, 0, 103, 69.2135, 8.32339
312, 0, 102, 69.5662, 8.34427
313, 0, 102, 69.0813, 8.36463
314, 0, 101, 69.8445, 8.40519
315, 0, 101, 69.6915, 8.45244
316, 0, 101, 69.6385, 8.47428
317, 0, 101, 69.624, 8.49795
318, 0, 101, 69.6095, 8.55503
319, 0, 101, 69.595, 8.59011
320, 0, 100, 69.7325, 8.61387
321, 0, 100, 69.7213, 8.64493
322, 0, 100, 69.6242, 8.66718
323, 0, 100, 69.4712, 8.69715
324, 0, 100, 69.2667, 8.73294
325, 0, 100, 69.1138, 8.78251
326, 0, 100, 69.047, 8.80872
327, 0, 100, 68.894, 8.83176
328, 0, 100, 68.4091, 8.85734
329, 0, 99, 68.5988, 8.87789
330, 0, 99, 68.4883, 8.90382
331, 0, 98, 69.8365, 8.9221
332, 0, 98, 69.4214, 8.93967
333, 0, 98, 69.0479, 8.96613
334, 0, 98, 68.6328, 8.99168
335, 0, 98, 68.4283, 9.02349
336, 0, 98, 68.3445, 9.04372
337, 0, 98, 68.14, 9.07073
338, 0, 98, 67.987, 9.09385
339, 0, 98, 67.6135, 9.13574
340, 0, 97, 68.9617, 9.15404
341, 0, 96, 69.9617, 9.17352
342, 0, 96, 69.5881, 9.19189
343, 0, 96, 69.2146, 9.21375
344, 0, 96, 69.0617, 9.24729
345, 0, 96, 68.5767, 9.26636
346, 0, 96, 68.1617, 9.28625
347, 0, 96, 67.7881, 9.30497
348, 0, 96, 67.5836, 9.34268
349, 0, 96, 67.1686, 9.37453
350, 0, 96, 67.0156, 9.40175
351, 0, 96, 66.6006, 9.42631
352, 0, 96, 66.396, 9.4557
353, 0, 96, 66.2431, 9.47345
354, 0, 96, 66.0902, 9.49448
355, 0, 96, 65.9372, 9.51238
356, 0, 96, 65.7843, 9.5309
357, 0, 96, 65.6314, 9.55055
358, 0, 96, 65.4784, 9.57939
359, 0, 96, 65.6415, 9.59811
360, 0, 96, 65.531, 9.61697
361, 0, 95, 65.7723, 9.67078
362, 0, 95, 65.9943, 9.6901
363, 0, 95, 65.8838, 9.71022
364, 0, 95, 65.8, 9.73027
365, 0, 95, 65.63, 9.76895
366, 0, 95, 65.4771, 9.80504
367, 0, 95, 65.3242, 9.82359
368, 0, 95, 65.2404, 9.84169
369, 0, 95, 65.2038, 9.8609
370, 0, 95, 65.1508, 9.89446
371, 0, 95, 64.7773, 9.91286
372, 0, 95, 64.6243, 9.94246
373, 0, 95, 64.4544, 9.96153
374, 0, 95, 64.3439, 9.98159
375, 0, 95, 64.191, 10.0218
376, 0, 95, 64.021, 10.0411
377, 0, 95, 63.8681, 10.0615
378, 0, 95, 63.6982, 10.0867
379, 0, 95, 63.5452, 10.1052
380, 0, 95, 63.3753, 10.1285
381, 0, 94, 63.6167, 10.1689
382, 0, 94, 63.4121, 10.1913
383, 0, 94, 63.2592, 10.2114
384, 0, 94, 63.0893, 10.2345
385, 0, 94, 62.8847, 10.2728
386, 0, 94, 62.7916, 10.307
387, 0, 94, 62.7078, 10.329
388, 0, 94, 62.4444, 10.3505
389, 0, 94, 62.2915, 10.3792
390, 0, 93, 63.6396, 10.3991
391, 0, 93, 63.2246, 10.4172
392, 0, 93, 63.0716, 10.4352
393, 0, 93, 62.5867, 10.4647
394, 0, 93, 62.1716, 10.4845
395, 0, 93, 61.7981, 10.5029
396, 0, 93, 61.4246, 10.5217
397, 0, 93, 61.4163, 10.5407
398, 0, 93, 61.3797, 10.5613
399, 0, 93, 61.1163, 10.5801
400, 0, 93, 60.7428, 10.5989
401, 0, 93, 60.5728, 10.6174
402, 0, 93, 60.4029, 10.6359
403, 0, 92, 60.6443, 10.6544
404, 0, 92, 60.4397, 10.6731
405, 0, 91, 60.6811, 10.7027
406, 0, 91, 60.3075, 10.7215
407, 0, 91, 60.2237, 10.7623
408, 0, 91, 60.0538, 10.7808
409, 0, 90, 60.2951, 10.7996
410, 0, 90, 60.0906, 10.8462
411, 0, 90, 59.6756, 10.8746
412, 0, 90, 59.5056, 10.8994
413, 0, 90, 59.1321, 10.9184
414, 0, 89, 60.1321, 10.9381
415, 0, 88, 60.8953, 10.9611
416, 0, 87, 61.8953, 10.9797
417, 0, 86, 62.8953, 10.9978
418, 0, 85, 63.6585, 11.0163
419, 0, 84, 64.4217, 11.0345
420, 0, 84, 64.0482, 11.0536
421, 0, 84, 63.8952, 11.0804
422, 0, 84, 63.7847, 11.1051
423, 0, 84, 63.6148, 11.1379
424, 0, 84, 63.4449, 11.1568
425, 0, 84, 63.3611, 11.1797
426, 0, 84, 63.1912, 11.1991
427, 0, 84, 63.3542, 11.2179
428, 0, 84, 63.2704, 11.2538
429, 0, 84, 63.1773, 11.2721
430, 0, 84, 63.0935, 11.3079
431, 0, 84, 63.0097, 11.352
432, 0, 84, 62.9259, 11.3781
433, 0, 84, 62.8729, 11.3959
434, 0, 84, 62.7798, 11.4159
435, 0, 84, 62.7268, 11.4407
436, 0, 84, 62.643, 11.4593
437, 0, 84, 62.5756, 11.4787
438, 0, 84, 62.5083, 11.5112
439, 0, 84, 62.3571, 11.5732
440, 0, 84, 62.2733, 11.6064
441, 0, 84, 62.2466, 11.625
442, 0, 84, 62.1877, 11.6506
443, 0, 84, 62.147, 11.6693
444, 0, 84, 62.1105, 11.7172
445, 0, 84, 62.0739, 11.7455
446, 0, 84, 62.0808, 11.7746
447, 0, 84, 62.0674, 11.8035
448, 0, 84, 62.0192, 11.8274
449, 0, 84, 61.9519, 11.8788
450, 0, 84, 61.4669, 11.9053
451, 0, 84, 61.0934, 12.0061
452, 0, 84, 60.8888, 12.0253
453, 0, 84, 60.7359, 12.0522
454, 0, 84, 60.3209, 12.072
455, 0, 84, 60.1679, 12.095
456, 0, 84, 59.998, 12.1343
457, 0, 84, 59.8875, 12.1526
458, 0, 84, 59.7346, 12.1818
459, 0, 84, 59.53, 12.2004
460, 0, 84, 59.3771, 12.2281
461, 0, 84, 59.2242, 12.2713
462, 0, 84, 59.0712, 12.319
463, 0, 84, 58.9013, 12.3702
464, 0, 84, 58.7484, 12.3972
465, 0, 84, 58.5954, 12.416
466, 0, 84, 58.4425, 12.4492
467, 0, 84, 58.2896, 12.489
468, 0, 84, 58.085, 12.5171
469, 0, 83, 58.4378, 12.5355
470, 0, 83, 57.9528, 12.6039
471, 0, 83, 57.9163, 12.6351
472, 0, 83, 57.5427, 12.6703
473, 0, 83, 57.5021, 12.6971
474, 0, 83, 57.4723, 12.7167
475, 0, 83, 57.4456, 12.7361
476, 0, 83, 57.4188, 12.7548
477, 0, 83, 57.2677, 12.7891
478, 0, 83, 57.4896, 12.8086
479, 0, 83, 57.3367, 12.8275
480, 0, 83, 57.1321, 12.8506
481, 0, 83, 57.0483, 12.8786
482, 0, 83, 56.8954, 12.9103
483, 0, 83, 56.5219, 12.9292
484, 0, 83, 56.4114, 12.9554
485, 0, 83, 56.2584, 12.9784
486, 0, 83, 56.1746, 13.0196
487, 0, 83, 55.8011, 13.0653
488, 0, 83, 55.386, 13.0845
489, 0, 82, 56.7342, 13.1124
490, 0, 81, 57.087, 13.1318
491, 0, 81, 56.602, 13.1698
492, 0, 81, 56.59, 13.1966
493, 0, 81, 56.5781, 13.2172
494, 0, 81, 56.5661, 13.2661
495, 0, 81, 56.5553, 13.295
496, 0, 81, 56.5285, 13.3186
497, 0, 81, 56.5185, 13.375
498, 0, 81, 56.5084, 13.3944
499, 0, 81, 56.4983, 13.4147
500, 0, 81, 56.4896, 13.4539
501, 0, 81, 56.4537, 13.473
502, 0, 81, 56.3699, 13.4921
503, 0, 81, 56.2, 13.5255
504, 0, 81, 56.0895, 13.545
505, 0, 81, 56.0454, 13.5651
506, 0, 81, 55.8925, 13.5942
507, 0, 81, 55.8395, 13.6204
508, 0, 81, 55.7954, 13.6512
509, 0, 81, 55.888, 13.6861
510, 0, 81, 55.835, 13.7058
511, 0, 81, 55.8146, 13.7432
512, 0, 81, 55.7878, 13.762
513, 0, 81, 55.6349, 13.7857
514, 0, 80, 55.9876, 13.8048
515, 0, 80, 55.5027, 13.8397
516, 0, 80, 55.3497, 13.862
517, 0, 80, 55.1968, 13.8909
518, 0, 80, 55.0439, 13.9112
519, 0, 80, 54.5589, 13.9318
520, 0, 80, 54.3544, 13.9631
521, 0, 79, 54.5957, 13.982
522, 0, 79, 54.3912, 14.0035
523, 0, 79, 54.2382, 14.0355
524, 0, 79, 54.2085, 14.0551
525, 0, 79, 54.1858, 14.0859
526, 0, 79, 54.1653, 14.1193
527, 0, 79, 54.1449, 14.1636
528, 0, 79, 54.0919, 14.1998
529, 0, 79, 53.9988, 14.2184
530, 0, 79, 53.8883, 14.2474
531, 0, 79, 53.7353, 14.2668
532, 0, 79, 53.6515, 14.2945
533, 0, 79, 53.7857, 14.3136
534, 0, 79, 53.7189, 14.3347
535, 0, 79, 53.6659, 14.3592
536, 0, 79, 53.5728, 14.3799
537, 0, 79, 53.489, 14.4033
538, 0, 78, 53.6787, 14.4257
539, 0, 78, 53.5682, 14.4475
540, 0, 78, 53.5009, 14.4674
541, 0, 78, 53.442, 14.5029
542, 0, 78, 53.389, 14.5406
543, 0, 78, 53.3449, 14.5839
544, 0, 78, 53.286, 14.6233
545, 0, 78, 53.2494, 14.6438
546, 0, 78, 53.1563, 14.6823
547, 0, 78, 53.3202, 14.7326
548, 0, 78, 53.2672, 14.7841
549, 0, 77, 53.4302, 14.8055
550, 0, 77, 53.3936, 14.8253
551, 0, 77, 53.3406, 14.8612
552, 0, 77, 53.2733, 14.8903
553, 0, 77, 53.2144, 14.9253
554, 0, 77, 53.0335, 14.9591
555, 0, 77, 52.9404, 15.0009
556, 0, 77, 52.8566, 15.0224
557, 0, 77, 52.7728, 15.0411
558, 0, 77, 52.6199, 15.071
559, 0, 77, 52.4669, 15.0908
560, 0, 77, 52.3831, 15.1225
561, 0, 77, 52.2302, 15.1625
562, 0, 77, 52.0603, 15.2052
563, 0, 77, 51.9765, 15.2246
564, 0, 77, 51.8066, 15.2456
565, 0, 77, 51.7135, 15.2665
566, 0, 76, 51.9032, 15.2867
567, 0, 76, 51.7927, 15.3135
568, 0, 76, 51.7089, 15.3414
569, 0, 76, 51.6251, 15.3667
570, 0, 76, 51.5413, 15.3892
571, 0, 76, 51.4215, 15.4081
572, 0, 76, 51.3541, 15.4313
573, 0, 76, 51.3011, 15.468
574, 0, 76, 51.2807, 15.4872
575, 0, 76, 51.2736, 15.5095
576, 0, 76, 51.2462, 15.5309
577, 0, 76, 51.1932, 15.5627
578, 0, 76, 51.1491, 15.5821
579, 0, 76, 51.1188, 15.603
580, 0, 76, 50.9659, 15.6219
581, 0, 76, 50.9455, 15.6489
582, 0, 76, 50.8617, 15.6746
583, 0, 75, 51.2144, 15.6965
584, 0, 75, 50.8409, 15.7151
585, 0, 75, 50.4674, 15.7345
586, 0, 75, 49.9824, 15.7539
587, 0, 75, 49.8986, 15.7799
588, 0, 75, 49.7457, 15.7992
589, 0, 75, 49.6526, 15.8397
590, 0, 75, 49.5852, 15.8613
591, 0, 75, 49.5014, 15.8801
592, 0, 75, 49.3909, 15.9045
593, 0, 75, 49.3071, 15.9244
594, 0, 75, 49.1542, 15.9496
595, 0, 75, 48.9497, 15.9728
596, 0, 75, 48.8659, 15.9916
597, 0, 75, 48.8573, 16.0115
598, 0, 75, 48.8487, 16.0318
599, 0, 75, 48.8402, 16.0561
600, 0, 75, 48.8344, 16.0756
601, 0, 75, 48.8182, 16.097
602, 0, 75, 48.7955, 16.1237
603, 0, 75, 48.7776, 16.1421
604, 0, 75, 48.7615, 16.1621
605, 0, 75, 48.7453, 16.2
606, 0, 75, 48.8738, 16.2303
607, 0, 75, 48.8372, 16.2657
608, 0, 75, 48.8241, 16.297
609, 0, 75, 48.776, 16.3339
610, 0, 75, 48.7319, 16.3537
611, 0, 75, 48.6953, 16.3916
612, 0, 75, 48.6547, 16.4125
613, 0, 75, 48.6181, 16.4317
614, 0, 75, 48.5592, 16.4513
615, 0, 75, 48.5062, 16.4797
616, 0, 75, 48.4389, 16.5056
617, 0, 75, 48.3284, 16.5269
618, 0, 74, 48.5697, 16.5593
619, 0, 74, 48.3652, 16.5816
620, 0, 73, 48.5139, 16.6013
621, 0, 73, 48.4698, 16.655
622, 0, 73, 48.4168, 16.6795
623, 0, 73, 48.3865, 16.7005
624, 0, 73, 48.3192, 16.7391
625, 0, 73, 48.289, 16.7608
626, 0, 73, 48.2483, 16.7997
627, 0, 73, 48.2216, 16.8326
628, 0, 73, 48.185, 16.8521
629, 0, 73, 48.0879, 16.8718
630, 0, 73, 48.0513, 16.8914
631, 0, 73, 48.1212, 16.9116
632, 0, 73, 48.091, 16.9412
633, 0, 73, 48.0504, 16.9606
634, 0, 73, 47.9656, 17.003
635, 0, 73, 47.9126, 17.0585
636, 0, 73, 47.8288, 17.0779
637, 0, 73, 47.7183, 17.0987
638, 0, 73, 47.6252, 17.1183
639, 0, 73, 47.5722, 17.1462
640, 0, 73, 47.4884, 17.1866
641, 0, 73, 47.3779, 17.2074
642, 0, 73, 47.0044, 17.2267
643, 0, 73, 46.741, 17.2526
644, 0, 73, 46.6572, 17.2724
645, 0, 73, 46.5734, 17.2922
646, 0, 73, 46.4896, 17.3147
647, 0, 73, 46.3196, 17.3501
648, 0, 73, 46.1667, 17.3878
649, 0, 73, 45.9622, 17.4076
650, 0, 73, 45.946, 17.4429
651, 0, 73, 45.8622, 17.4714
652, 0, 73, 45.7517, 17.5061
653, 0, 72, 45.9415, 17.5314
654, 0, 72, 45.831, 17.551
655, 0, 72, 45.8131, 17.5697
656, 0, 72, 45.7986, 17.5881
657, 0, 72, 45.7841, 17.6074
658, 0, 71, 45.9216, 17.6264
659, 0, 71, 45.9103, 17.6518
660, 0, 71, 45.8942, 17.672
661, 0, 71, 45.8868, 17.7232
662, 0, 71, 45.8794, 17.7429
663, 0, 71, 45.872, 17.7834
664, 0, 71, 45.8673, 17.8032
665, 0, 71, 45.9243, 17.8223
666, 0, 71, 45.8944, 17.8452
667, 0, 71, 45.8578, 17.891
668, 0, 71, 45.847, 17.9097
669, 0, 71, 45.8257, 17.9296
670, 0, 71, 45.7816, 17.9491
671, 0, 71, 45.6885, 17.9717
672, 0, 71, 45.6211, 17.9906
673, 0, 71, 45.5106, 18.0245
674, 0, 71, 45.3729, 18.0621
675, 0, 71, 45.1095, 18.0838
676, 0, 71, 45.103, 18.1055
677, 0, 71, 45.0966, 18.1536
678, 0, 71, 45.0902, 18.1733
679, 0, 71, 45.0864, 18.1925
680, 0, 71, 45.0733, 18.2278
681, 0, 71, 45.065, 18.2621
682, 0, 71, 45.052, 18.2866
683, 0, 71, 45.0463, 18.315
684, 0, 71, 45.0407, 18.3507
685, 0, 71, 45.035, 18.369
686, 0, 71, 45.032, 18.3886
687, 0, 71, 45.0077, 18.4114
688, 0, 70, 45.1564, 18.432
689, 0, 70, 45.2491, 18.4522
690, 0, 70, 45.1823, 18.4859
691, 0, 70, 45.1293, 18.515
692, 0, 70, 45.1025, 18.5367
693, 0, 70, 45.0728, 18.5558
694, 0, 70, 45.05, 18.5745
695, 0, 70, 45.0233, 18.5974
696, 0, 70, 44.9867, 18.6185
697, 0, 70, 45.0981, 18.6479
698, 0, 70, 45.0767, 18.6735
699, 0, 70, 45.05, 18.6984
700, 0, 70, 45.0018, 18.7187
701, 0, 70, 44.975, 18.7391
702, 0, 70, 44.9643, 18.7591
703, 0, 70, 44.9582, 18.7797
704, 0, 70, 44.9383, 18.8158
705, 0, 70, 44.917, 18.8444
706, 0, 70, 44.8332, 18.8643
707, 0, 70, 44.785, 18.935
708, 0, 70, 44.7261, 18.978
709, 0, 70, 44.6959, 19.0195
710, 0, 70, 44.6691, 19.0696
711, 0, 70, 44.7796, 19.1082
712, 0, 70, 44.6804, 19.1292
713, 0, 70, 44.6536, 19.1504
714, 0, 70, 44.6428, 19.1767
715, 0, 70, 44.6404, 19.2009
716, 0, 70, 44.6313, 19.223
717, 0, 70, 44.6193, 19.2417
718, 0, 70, 44.6063, 19.2717
719, 0, 70, 44.7287, 19.2924
720, 0, 70, 44.6757, 19.3119
721, 0, 70, 44.4711, 19.332
722, 0, 70, 44.32, 19.3597
723, 0, 70, 44.2362, 19.3821
724, 0, 70, 44.1921, 19.4203
725, 0, 70, 44.1332, 19.4463
726, 0, 70, 44.0802, 19.4732
727, 0, 70, 44.0272, 19.4943
728, 0, 70, 44.1903, 19.515
729, 0, 70, 44.1065, 19.5406
730, 0, 70, 44.0133, 19.5599
731, 0, 70, 43.9295, 19.5921
732, 0, 70, 43.8364, 19.612
733, 0, 70, 43.7526, 19.6367
734, 0, 70, 43.6555, 19.6631
735, 0, 70, 43.5717, 19.7167
736, 0, 70, 43.4188, 19.7486
737, 0, 70, 43.2143, 19.7675
738, 0, 70, 43.0613, 19.7873
739, 0, 70, 42.9102, 19.809
740, 0, 70, 42.7403, 19.8285
741, 0, 70, 42.6298, 19.8542
742, 0, 70, 42.546, 19.8872
743, 0, 70, 42.4622, 19.9153
744, 0, 70, 42.4092, 19.9594
745, 0, 70, 42.3562, 19.9862
746, 0, 70, 42.2973, 20.0357
747, 0, 70, 42.2443, 20.0556
748, 0, 70, 42.1854, 20.0816
749, 0, 70, 42.1552, 20.1068
750, 0, 70, 42.1021, 20.126
751, 0, 70, 42.009, 20.1508
752, 0, 70, 41.9417, 20.173
753, 0, 69, 42.1047, 20.1987
754, 0, 69, 42.0374, 20.2395
755, 0, 69, 41.8845, 20.2722
756, 0, 69, 41.7315, 20.292
757, 0, 69, 41.621, 20.3118
758, 0, 69, 41.5769, 20.351
759, 0, 69, 41.4838, 20.3706
760, 0, 69, 41.4, 20.4001
761, 0, 68, 41.6414, 20.4237
762, 0, 68, 41.4368, 20.4455
763, 0, 68, 41.353, 20.4647
764, 0, 68, 41.2425, 20.4845
765, 0, 68, 41.1587, 20.5035
766, 0, 68, 41.0656, 20.5247
767, 0, 68, 40.9983, 20.5632
768, 0, 68, 40.9052, 20.5868
769, 0, 68, 40.8522, 20.607
770, 0, 68, 40.7848, 20.6275
771, 0, 68, 40.7259, 20.6994
772, 0, 67, 40.889, 20.7434
773, 0, 67, 40.8216, 20.7803
774, 0, 67, 40.7378, 20.8004
775, 0, 67, 40.6848, 20.8218
776, 0, 67, 40.6318, 20.8414
777, 0, 67, 40.5952, 20.8607
778, 0, 67, 40.5422, 20.8868
779, 0, 67, 40.4584, 20.9105
780, 0, 67, 40.454, 20.9301
781, 0, 67, 40.445, 20.9539
782, 0, 67, 40.4825, 20.9835
783, 0, 67, 40.4466, 21.0039
784, 0, 67, 40.4107, 21.0227
785, 0, 67, 40.3115, 21.082
786, 0, 67, 40.2277, 21.1209
787, 0, 67, 40.1346, 21.1417
788, 0, 67, 40.0415, 21.1946
789, 0, 67, 39.9742, 21.2431
790, 0, 67, 39.9068, 21.2697
791, 0, 67, 39.8864, 21.2897
792, 0, 67, 39.8773, 21.3098
793, 0, 67, 39.8723, 21.3361
794, 0, 67, 39.8673, 21.3624
795, 0, 67, 39.8623, 21.3896
796, 0, 67, 39.8604, 21.4184
797, 0, 67, 39.8439, 21.441
798, 0, 67, 39.8285, 21.4989
799, 0, 67, 39.7611, 21.53
800, 0, 67, 39.7022, 21.5713
801, 0, 67, 39.6657, 21.6031
802, 0, 67, 39.6068, 21.6305
803, 0, 67, 39.5538, 21.655
804, 0, 67, 39.4026, 21.6738
805, 0, 67, 39.3585, 21.6942
806, 0, 67, 39.322, 21.7138
807, 0, 67, 39.2813, 21.7327
808, 0, 67, 39.2447, 21.7578
809, 0, 67, 39.215, 21.7882
810, 0, 67, 39.1523, 21.8191
811, 0, 67, 39.131, 21.8558
812, 0, 67, 39.0951, 21.8884
813, 0, 66, 39.2363, 21.9081
814, 0, 66, 39.206, 21.9468
815, 0, 66, 39.1695, 21.9675
816, 0, 66, 39.1165, 21.9984
817, 0, 66, 39.0491, 22.0322
818, 0, 66, 38.8962, 22.0694
819, 0, 66, 38.8031, 22.0955
820, 0, 66, 38.7193, 22.1231
821, 0, 66, 38.5663, 22.1427
822, 0, 66, 38.4134, 22.175
823, 0, 66, 38.2605, 22.1951
824, 0, 66, 38.2164, 22.2294
825, 0, 66, 38.1059, 22.2493
826, 0, 66, 38.1028, 22.3073
827, 0, 66, 38.0951, 22.388
828, 0, 66, 38.0831, 22.4121
829, 0, 66, 38.0723, 22.4588
830, 0, 66, 38.0193, 22.4786
831, 0, 66, 38.0149, 22.5148
832, 0, 66, 38.0104, 22.5845
833, 0, 66, 38.0059, 22.6043
834, 0, 66, 38.0019, 22.6477
835, 0, 66, 38.0004, 22.6673
836, 0, 66, 37.9927, 22.7012
837, 0, 66, 37.9653, 22.7234
838, 0, 66, 37.9212, 22.7634
839, 0, 66, 37.8806, 22.8307
840, 0, 66, 37.844, 22.8547
841, 0, 66, 37.7851, 22.875
842, 0, 66, 37.7549, 22.9242
843, 0, 66, 37.6711, 22.9521
844, 0, 66, 37.2561, 22.9918
845, 0, 66, 36.8825, 23.0328
846, 0, 66, 36.509, 23.0526
847, 0, 66, 36.1355, 23.0912
848, 0, 66, 35.9825, 23.121
849, 0, 66, 35.609, 23.1417
850, 0, 66, 35.4045, 23.1616
851, 0, 66, 35.1999, 23.1818
852, 0, 66, 35.1558, 23.2014
853, 0, 66, 35.1028, 23.2436
854, 0, 66, 35.0498, 23.2635
855, 0, 66, 34.9393, 23.2822
856, 0, 66, 34.8804, 23.3156
857, 0, 66, 34.8215, 23.3381
858, 0, 66, 34.7913, 23.3835
859, 0, 66, 34.6402, 23.4126
860, 0, 66, 34.6362, 23.4433
861, 0, 66, 34.6322, 23.4834
862, 0, 66, 34.631, 23.5118
863, 0, 66, 34.6233, 23.5452
864, 0, 66, 34.6225, 23.5749
865, 0, 66, 34.6087, 23.6066
866, 0, 66, 34.5975, 23.6504
867, 0, 66, 34.5445, 23.6923
868, 0, 66, 34.524, 23.7215
869, 0, 66, 34.4973, 23.742
870, 0, 66, 34.4759, 23.7711
871, 0, 66, 34.4461, 23.8129
872, 0, 66, 34.4257, 23.8325
873, 0, 66, 34.4052, 23.8637
874, 0, 66, 34.3848, 23.888
875, 0, 66, 34.358, 23.9125
876, 0, 66, 34.3426, 23.9341
877, 0, 66, 34.3221, 23.9535
878, 0, 66, 34.3109, 23.9779
879, 0, 66, 34.2881, 23.9977
880, 0, 66, 34.272, 24.0342
881, 0, 66, 34.2493, 24.0551
882, 0, 66, 34.2332, 24.0745
883, 0, 66, 34.1853, 24.0944
884, 0, 66, 34.1639, 24.1474
885, 0, 66, 34.1233, 24.1735
886, 0, 66, 34.0965, 24.1994
887, 0, 66, 34.0599, 24.2189
888, 0, 66, 34.0159, 24.2468
889, 0, 66, 33.9793, 24.3053
890, 0, 66, 33.9525, 24.3359
891, 0, 66, 33.9257, 24.3641
892, 0, 66, 33.9096, 24.3844
893, 0, 66, 33.8892, 24.4079
894, 0, 66, 33.8594, 24.4323
895, 0, 66, 33.8326, 24.4535
896, 0, 66, 33.8024, 24.4815
897, 0, 66, 33.787, 24.5062
898, 0, 66, 33.7691, 24.5351
899, 0, 66, 33.7529, 24.5588
900, 0, 66, 33.7417, 24.5828
901, 0, 66, 33.7237, 24.6135
902, 0, 66, 33.7107, 24.6333
903, 0, 66, 33.6976, 24.6775
904, 0, 66, 33.6846, 24.6964
905, 0, 66, 33.6619, 24.7153
906, 0, 66, 33.6414, 24.7365
907, 0, 66, 33.614, 24.7668
908, 0, 66, 33.5866, 24.8042
909, 0, 66, 33.5653, 24.8242
910, 0, 66, 33.5492, 24.848
911, 0, 66, 33.5376, 24.8824
912, 0, 66, 33.5171, 24.9197
913, 0, 66, 33.5105, 24.9692
914, 0, 66, 33.5004, 24.9949
915, 0, 66, 33.4904, 25.0189
916, 0, 66, 33.4813, 25.0443
917, 0, 66, 33.4283, 25.064
918, 0, 66, 33.361, 25.0832
919, 0, 66, 33.2639, 25.1075
920, 0, 66, 33.2618, 25.145
921, 0, 66, 33.2551, 25.1797
922, 0, 66, 33.1805, 25.2052
923, 0, 66, 33.1364, 25.2296
924, 0, 66, 33.1151, 25.2679
925, 0, 66, 33.0785, 25.299
926, 0, 66, 33.0572, 25.3629
927, 0, 66, 32.9826, 25.4005
928, 0, 66, 32.9552, 25.4213
929, 0, 66, 32.9397, 25.4564
930, 0, 66, 32.9315, 25.4795
931, 0, 66, 32.8785, 25.516
932, 0, 66, 32.8771, 25.5638
933, 0, 66, 32.8705, 25.59
934, 0, 66, 32.8699, 25.6146
935, 0, 66, 32.8602, 25.64
936, 0, 66, 32.844, 25.6685
937, 0, 66, 32.8357, 25.6946
938, 0, 66, 32.8178, 25.7276
939, 0, 66, 32.7804, 25.7475
940, 0, 66, 32.7506, 25.7684
941, 0, 66, 32.7352, 25.8067
942, 0, 66, 32.7084, 25.8266
943, 0, 66, 32.6782, 25.8587
944, 0, 66, 32.6484, 25.9058
945, 0, 66, 32.628, 25.9535
946, 0, 66, 32.5914, 25.9815
947, 0, 66, 32.5384, 26.0108
948, 0, 66, 32.4943, 26.0404
949, 0, 66, 32.4413, 26.0676
950, 0, 66, 32.4007, 26.1118
951, 0, 66, 32.3739, 26.1541
952, 0, 66, 32.3298, 26.1867
953, 0, 66, 32.2768, 26.2351
954, 0, 66, 32.193, 26.2651
955, 0, 66, 32.1257, 26.302
956, 0, 66, 32.0891, 26.3537
957, 0, 66, 32.0223, 26.3963
958, 0, 66, 31.9782, 26.4329
959, 0, 66, 31.9114, 26.4649
960, 0, 66, 31.9028, 26.4933
961, 0, 65, 32.0476, 26.5291
962, 0, 65, 32.0432, 26.57
963, 0, 65, 32.0066, 26.6067
964, 0, 65, 31.8961, 26.643
965, 0, 65, 31.852, 26.6629
966, 0, 65, 31.8218, 26.6958
967, 0, 65, 31.7629, 26.7154
968, 0, 65, 31.7099, 26.7547
969, 0, 65, 31.5994, 26.7753
970, 0, 64, 31.7481, 26.8025
971, 0, 64, 31.704, 26.8274
972, 0, 64, 31.7004, 26.8471
973, 0, 64, 31.6968, 26.8684
974, 0, 64, 31.6932, 26.9119
975, 0, 64, 31.6899, 26.9414
976, 0, 64, 31.6866, 26.9611
977, 0, 64, 31.6834, 26.9807
978, 0, 64, 31.6831, 27.0079
979, 0, 64, 31.6773, 27.068
980, 0, 64, 31.6687, 27.107
981, 0, 64, 31.6656, 27.1297
982, 0, 64, 31.6354, 27.153
983, 0, 64, 31.6324, 27.1945
984, 0, 64, 31.6294, 27.231
985, 0, 64, 31.6264, 27.2701
986, 0, 64, 31.6263, 27.3273
987, 0, 64, 31.6206, 27.3787
988, 0, 64, 31.6037, 27.4047
989, 0, 64, 31.5631, 27.4434
990, 0, 64, 31.5417, 27.4669
991, 0, 64, 31.4579, 27.5332
992, 0, 64, 31.4365, 27.5588
993, 0, 64, 31.4161, 27.579
994, 0, 64, 31.3893, 27.5987
995, 0, 64, 31.3314, 27.6193
996, 0, 63, 31.4944, 27.6941
997, 0, 63, 31.4271, 27.7148
998, 0, 63, 31.383, 27.7352
999, 0, 63, 31.4757, 27.7732
