Seed is: 82
Number of samples is: 1000
Simulation name is: NoTvSim.sim
TimeStep, Distraction Rate, Missed States, Model Accuracy, Time (ms)
0, 0, 256, 0, 5e-05
1, 0, 255, 1, 0.016111
2, 0, 254, 0.767807, 0.0316
3, 0, 253, 1.531, 0.046739
4, 0, 252, 2.531, 0.075564
5, 0, 251, 3.2942, 0.109609
6, 0, 250, 4.0574, 0.12597
7, 0, 249, 3.82521, 0.149455
8, 0, 248, 4.5884, 0.187818
9, 0, 247, 5.5884, 0.224728
10, 0, 247, 5.17337, 0.249165
11, 0, 246, 6.52153, 0.270345
12, 0, 245, 7.28472, 0.285113
13, 0, 244, 8.04792, 0.307366
14, 0, 243, 8.81112, 0.334868
15, 0, 243, 8.43758, 0.349616
16, 0, 242, 9.78574, 0.364615
17, 0, 241, 10.7857, 0.379854
18, 0, 240, 11.5489, 0.407015
19, 0, 239, 12.3121, 0.423868
20, 0, 238, 12.0799, 0.441912
21, 0, 237, 12.8431, 0.476017
22, 0, 237, 12.3582, 0.491717
23, 0, 237, 11.9431, 0.515382
24, 0, 237, 11.5696, 0.530741
25, 0, 236, 12.3328, 0.57731
26, 0, 235, 13.3328, 0.592619
27, 0, 234, 14.096, 0.608579
28, 0, 233, 14.8592, 0.626634
29, 0, 232, 14.627, 0.706957
30, 0, 231, 15.627, 0.737084
31, 0, 231, 15.212, 0.75592
32, 0, 231, 14.8384, 0.774365
33, 0, 230, 15.6016, 0.790005
34, 0, 229, 16.3648, 0.805565
35, 0, 228, 16.1326, 0.825603
36, 0, 227, 16.8958, 0.848827
37, 0, 226, 17.659, 0.864687
38, 0, 225, 18.4222, 0.901818
39, 0, 224, 19.1854, 0.9395
40, 0, 223, 19.9486, 0.977111
41, 0, 222, 20.7118, 0.996819
42, 0, 221, 21.475, 1.01332
43, 0, 220, 22.2382, 1.02919
44, 0, 220, 21.8647, 1.04918
45, 0, 220, 21.8232, 1.06637
46, 0, 220, 21.4081, 1.08235
47, 0, 220, 21.2382, 1.12108
48, 0, 220, 21.0853, 1.1422
49, 0, 220, 20.7117, 1.17247
50, 0, 219, 21.4749, 1.20013
51, 0, 218, 22.2381, 1.21604
52, 0, 217, 22.006, 1.26208
53, 0, 216, 22.7691, 1.27937
54, 0, 215, 23.5323, 1.31615
55, 0, 214, 24.2955, 1.33379
56, 0, 213, 25.0587, 1.36303
57, 0, 212, 25.4115, 1.38742
58, 0, 212, 24.9265, 1.40443
59, 0, 212, 24.885, 1.42269
60, 0, 212, 24.5115, 1.4395
61, 0, 212, 24.138, 1.45543
62, 0, 211, 24.9012, 1.49334
63, 0, 210, 25.6644, 1.509
64, 0, 209, 26.4276, 1.54062
65, 0, 208, 27.1908, 1.55693
66, 0, 207, 27.954, 1.57354
67, 0, 206, 28.7172, 1.59012
68, 0, 205, 29.4804, 1.61976
69, 0, 204, 29.2482, 1.6585
70, 0, 203, 30.2482, 1.67503
71, 0, 203, 29.8746, 1.7027
72, 0, 202, 30.6378, 1.72783
73, 0, 202, 30.4849, 1.77213
74, 0, 202, 30.1114, 1.78892
75, 0, 201, 30.8746, 1.80537
76, 0, 200, 31.8746, 1.82683
77, 0, 200, 31.501, 1.86326
78, 0, 199, 31.2688, 1.90271
79, 0, 198, 32.2688, 1.9197
80, 0, 198, 31.8953, 1.93641
81, 0, 197, 32.6585, 1.95251
82, 0, 196, 33.4217, 1.97169
83, 0, 195, 34.1849, 2.0122
84, 0, 194, 34.9481, 2.0286
85, 0, 193, 35.9481, 2.04985
86, 0, 192, 36.7113, 2.06601
87, 0, 191, 37.4745, 2.08246
88, 0, 190, 38.2377, 2.11866
89, 0, 189, 39.0009, 2.13529
90, 0, 188, 39.7641, 2.15319
91, 0, 187, 40.7641, 2.18455
92, 0, 186, 41.5273, 2.201
93, 0, 185, 42.2905, 2.23302
94, 0, 184, 43.0537, 2.25877
95, 0, 183, 43.8169, 2.27547
96, 0, 182, 44.5801, 2.29175
97, 0, 181, 45.5801, 2.30821
98, 0, 180, 46.3433, 2.3404
99, 0, 179, 47.1065, 2.3574
100, 0, 178, 47.8696, 2.37412
101, 0, 177, 48.8696, 2.39098
102, 0, 176, 49.6328, 2.40808
103, 0, 175, 50.6328, 2.43262
104, 0, 175, 50.2593, 2.4714
105, 0, 174, 50.0271, 2.51312
106, 0, 174, 49.6536, 2.52972
107, 0, 174, 49.2801, 2.55403
108, 0, 173, 50.0433, 2.57081
109, 0, 172, 50.8064, 2.58817
110, 0, 171, 51.5696, 2.61037
111, 0, 170, 52.3328, 2.65272
112, 0, 169, 53.096, 2.68619
113, 0, 168, 54.096, 2.70342
114, 0, 167, 54.8592, 2.73001
115, 0, 166, 55.6224, 2.74889
116, 0, 165, 56.3856, 2.76613
117, 0, 164, 57.3856, 2.78294
118, 0, 163, 58.3856, 2.83669
119, 0, 162, 59.3856, 2.85661
120, 0, 161, 60.1488, 2.89264
121, 0, 160, 60.3902, 2.91023
122, 0, 160, 60.6121, 2.94829
123, 0, 160, 60.4592, 2.96583
124, 0, 160, 60.0856, 2.98915
125, 0, 159, 61.0856, 3.1653
126, 0, 158, 61.8488, 3.18217
127, 0, 157, 62.8488, 3.19949
128, 0, 156, 63.612, 3.22195
129, 0, 155, 64.3752, 3.24018
130, 0, 154, 65.1384, 3.25792
131, 0, 153, 65.9016, 3.27846
132, 0, 153, 65.4866, 3.31156
133, 0, 153, 65.0715, 3.32934
134, 0, 153, 64.6565, 3.34695
135, 0, 153, 64.283, 3.37095
136, 0, 152, 65.9877, 3.40926
137, 0, 152, 65.8347, 3.4511
138, 0, 152, 66.0982, 3.46944
139, 0, 152, 65.9452, 3.48895
140, 0, 151, 66.298, 3.5093
141, 0, 151, 66.613, 3.52733
142, 0, 151, 66.035, 3.56203
143, 0, 150, 66.7982, 3.60465
144, 0, 150, 66.6282, 3.6218
145, 0, 150, 66.5444, 3.64589
146, 0, 150, 65.9075, 3.66668
147, 0, 150, 65.7376, 3.69736
148, 0, 150, 65.5676, 3.71621
149, 0, 150, 65.3977, 3.73401
150, 0, 150, 65.3046, 3.75871
151, 0, 150, 65.2115, 3.77624
152, 0, 150, 65.1184, 3.7957
153, 0, 150, 65.0595, 3.83988
154, 0, 150, 64.9757, 3.85859
155, 0, 150, 64.7123, 3.88857
156, 0, 150, 64.6593, 3.91438
157, 0, 150, 64.5755, 3.93428
158, 0, 149, 65.9236, 3.95264
159, 0, 149, 65.5501, 3.97986
160, 0, 149, 65.4912, 4.00302
161, 0, 149, 65.4323, 4.03918
162, 0, 149, 65.3793, 4.05698
163, 0, 149, 65.2955, 4.08776
164, 0, 149, 64.922, 4.10732
165, 0, 149, 64.5484, 4.12488
166, 0, 149, 64.1749, 4.14255
167, 0, 148, 65.1749, 4.18783
168, 0, 147, 65.9381, 4.22554
169, 0, 146, 66.7013, 4.24395
170, 0, 145, 67.7013, 4.27804
171, 0, 145, 67.3277, 4.31843
172, 0, 144, 68.6759, 4.33799
173, 0, 144, 68.3024, 4.35599
174, 0, 144, 67.9288, 4.37358
175, 0, 143, 68.2816, 4.4077
176, 0, 143, 67.7966, 4.45753
177, 0, 143, 67.3117, 4.47576
178, 0, 142, 67.0795, 4.49505
179, 0, 141, 67.8427, 4.51271
180, 0, 140, 68.6059, 4.5441
181, 0, 139, 69.3691, 4.56924
182, 0, 138, 70.3691, 4.59778
183, 0, 137, 71.3691, 4.63127
184, 0, 136, 71.1369, 4.64883
185, 0, 136, 70.7634, 4.66707
186, 0, 135, 71.5266, 4.69002
187, 0, 134, 72.2898, 4.70906
188, 0, 133, 73.0529, 4.72689
189, 0, 132, 74.0529, 4.74454
190, 0, 131, 74.8161, 4.76332
191, 0, 130, 75.5793, 4.80525
192, 0, 130, 75.5387, 4.84682
193, 0, 130, 75.5021, 4.87484
194, 0, 130, 75.666, 4.914
195, 0, 130, 75.3619, 4.93243
196, 0, 130, 75.3352, 4.94966
197, 0, 130, 75.2822, 4.98864
198, 0, 130, 74.9086, 5.02412
199, 0, 130, 74.5351, 5.04359
200, 0, 130, 74.8501, 5.06641
201, 0, 130, 74.4351, 5.08725
202, 0, 130, 74.6985, 5.10488
203, 0, 130, 74.5456, 5.13165
204, 0, 130, 74.1721, 5.15546
205, 0, 130, 73.7985, 5.43242
206, 0, 130, 73.7455, 5.46539
207, 0, 130, 73.5926, 5.48384
208, 0, 130, 73.7437, 5.5059
209, 0, 130, 73.5628, 5.53676
210, 0, 130, 73.5222, 5.55462
211, 0, 130, 73.4816, 5.5732
212, 0, 130, 73.4518, 5.5952
213, 0, 130, 73.4221, 5.61309
214, 0, 130, 73.3923, 5.64574
215, 0, 130, 73.3696, 5.67478
216, 0, 130, 73.3469, 5.74477
217, 0, 130, 73.3242, 5.78182
218, 0, 130, 73.3037, 5.80094
219, 0, 130, 73.1001, 5.83056
220, 0, 129, 74.8048, 5.84832
221, 0, 128, 75.568, 5.8842
222, 0, 128, 75.1945, 5.91116
223, 0, 127, 75.5472, 5.94611
224, 0, 127, 75.8623, 5.9649
225, 0, 127, 75.4472, 5.99207
226, 0, 127, 74.8692, 6.01051
227, 0, 127, 74.4956, 6.02853
228, 0, 126, 75.4956, 6.04639
229, 0, 125, 76.2588, 6.06546
230, 0, 124, 77.022, 6.09223
231, 0, 123, 77.7852, 6.1101
232, 0, 123, 77.3702, 6.13618
233, 0, 122, 78.7183, 6.17119
234, 0, 122, 78.3033, 6.19384
235, 0, 122, 77.9298, 6.23437
236, 0, 122, 77.5562, 6.25483
237, 0, 122, 77.1827, 6.27217
238, 0, 122, 76.8092, 6.29413
239, 0, 122, 76.4356, 6.31237
240, 0, 122, 76.0621, 6.33187
241, 0, 122, 75.6886, 6.35487
242, 0, 122, 75.2735, 6.38713
243, 0, 122, 74.9, 6.40543
244, 0, 122, 74.7471, 6.42378
245, 0, 122, 74.2621, 6.45563
246, 0, 122, 73.8471, 6.47504
247, 0, 121, 74.1998, 6.50795
248, 0, 121, 73.7149, 6.62114
249, 0, 121, 73.545, 6.63968
250, 0, 121, 73.1714, 6.6582
251, 0, 121, 72.7979, 6.67721
252, 0, 121, 72.5933, 6.72411
253, 0, 121, 72.3888, 6.77018
254, 0, 121, 72.2359, 6.79543
255, 0, 121, 72.0829, 6.83067
256, 0, 121, 71.7094, 6.85947
257, 0, 120, 72.4726, 6.88013
258, 0, 120, 71.8945, 6.89879
259, 0, 119, 72.2473, 6.95821
260, 0, 119, 71.7623, 7.01742
261, 0, 118, 72.5255, 7.05224
262, 0, 117, 73.2887, 7.11824
263, 0, 116, 74.0519, 7.14559
264, 0, 115, 75.0519, 7.16387
265, 0, 115, 74.6784, 7.1892
266, 0, 115, 74.1934, 7.20778
267, 0, 115, 73.8199, 7.25299
268, 0, 115, 73.4464, 7.27449
269, 0, 115, 73.0313, 7.29635
270, 0, 115, 72.8784, 7.33157
271, 0, 114, 74.2266, 7.35001
272, 0, 113, 74.9898, 7.38933
273, 0, 113, 74.5048, 7.4235
274, 0, 113, 74.1313, 7.44387
275, 0, 113, 73.7577, 7.46687
276, 0, 113, 73.3427, 7.49685
277, 0, 113, 72.9692, 7.53653
278, 0, 113, 72.5956, 7.5545
279, 0, 113, 72.2221, 7.58048
280, 0, 113, 71.9587, 7.59828
281, 0, 113, 71.5851, 7.61879
282, 0, 113, 71.3217, 7.64597
283, 0, 113, 70.9482, 7.66614
284, 0, 113, 70.9302, 7.6918
285, 0, 113, 70.9123, 7.73264
286, 0, 113, 70.8944, 7.75105
287, 0, 113, 70.8783, 7.7737
288, 0, 113, 70.7585, 7.79285
289, 0, 113, 70.744, 7.83251
290, 0, 113, 70.7295, 7.85392
291, 0, 113, 70.715, 7.87211
292, 0, 113, 70.7019, 7.89044
293, 0, 113, 70.6653, 7.91735
294, 0, 113, 70.5124, 7.94465
295, 0, 113, 70.3595, 7.96582
296, 0, 113, 70.2065, 8.0171
297, 0, 113, 69.7915, 8.05506
298, 0, 113, 69.418, 8.09435
299, 0, 113, 69.0029, 8.11424
300, 0, 113, 68.6294, 8.1325
301, 0, 113, 68.2559, 8.15049
302, 0, 113, 68.0513, 8.18913
303, 0, 113, 68.0147, 8.20819
304, 0, 113, 67.8102, 8.24328
305, 0, 112, 68.5734, 8.26908
306, 0, 112, 68.4205, 8.29017
307, 0, 112, 68.0054, 8.33029
308, 0, 112, 67.6319, 8.36551
309, 0, 111, 68.6319, 8.38344
310, 0, 110, 69.3951, 8.40601
311, 0, 109, 70.1583, 8.44031
312, 0, 109, 69.7432, 8.47407
313, 0, 109, 69.3282, 8.49595
314, 0, 108, 70.6764, 8.5259
315, 0, 107, 72.0245, 8.56937
316, 0, 106, 71.7923, 8.59772
317, 0, 106, 71.4188, 8.63396
318, 0, 106, 70.9338, 8.66391
319, 0, 106, 70.5188, 8.68774
320, 0, 106, 70.1453, 8.72498
321, 0, 105, 71.1453, 8.76519
322, 0, 104, 71.9085, 8.80371
323, 0, 103, 72.6717, 8.82592
324, 0, 102, 73.4349, 8.867
325, 0, 101, 74.4349, 8.90229
326, 0, 100, 75.4349, 8.94314
327, 0, 99, 76.1981, 8.99409
328, 0, 98, 76.9613, 9.0405
329, 0, 97, 78.3094, 9.07547
330, 0, 97, 77.9359, 9.09837
331, 0, 97, 77.5623, 9.11675
332, 0, 97, 77.1473, 9.14702
333, 0, 97, 76.9944, 9.20355
334, 0, 97, 76.8245, 9.2325
335, 0, 97, 76.1875, 9.2515
336, 0, 97, 75.9829, 9.3123
337, 0, 97, 75.83, 9.34728
338, 0, 97, 75.6771, 9.38873
339, 0, 97, 75.5933, 9.42382
340, 0, 96, 75.8346, 9.46582
341, 0, 96, 75.6301, 9.51357
342, 0, 96, 75.4772, 9.5668
343, 0, 96, 75.3242, 9.586
344, 0, 96, 75.2404, 9.62671
345, 0, 96, 75.0875, 9.65208
346, 0, 96, 75.0037, 9.6882
347, 0, 96, 74.919, 9.71495
348, 0, 96, 74.907, 9.76321
349, 0, 96, 74.895, 9.78192
350, 0, 96, 74.8842, 9.81778
351, 0, 96, 74.7465, 9.83712
352, 0, 96, 74.6534, 9.87867
353, 0, 96, 74.5023, 9.89658
354, 0, 96, 74.1287, 9.91911
355, 0, 96, 73.9758, 9.93732
356, 0, 96, 73.8059, 9.96605
357, 0, 96, 73.5424, 10.0174
358, 0, 96, 73.3895, 10.0594
359, 0, 96, 73.2196, 10.0819
360, 0, 96, 73.0666, 10.1142
361, 0, 96, 72.9137, 10.132
362, 0, 96, 72.8299, 10.1521
363, 0, 96, 72.677, 10.1809
364, 0, 95, 73.4402, 10.1994
365, 0, 94, 74.7883, 10.2211
366, 0, 94, 74.3733, 10.2485
367, 0, 94, 73.9998, 10.2668
368, 0, 94, 73.6262, 10.3004
369, 0, 94, 73.2527, 10.346
370, 0, 94, 72.7677, 10.3683
371, 0, 94, 72.5978, 10.3943
372, 0, 94, 72.4449, 10.4142
373, 0, 93, 72.7977, 10.4327
374, 0, 93, 72.3127, 10.4567
375, 0, 93, 71.9392, 10.4759
376, 0, 93, 71.846, 10.516
377, 0, 93, 71.7872, 10.5361
378, 0, 93, 71.7283, 10.5816
379, 0, 93, 71.6917, 10.6202
380, 0, 93, 71.6649, 10.647
381, 0, 93, 71.5544, 10.667
382, 0, 93, 71.5276, 10.6917
383, 0, 93, 71.4746, 10.7094
384, 0, 93, 71.6377, 10.7454
385, 0, 93, 71.8007, 10.765
386, 0, 93, 71.7169, 10.7845
387, 0, 93, 71.6639, 10.8025
388, 0, 93, 71.6013, 10.8336
389, 0, 93, 71.5893, 10.8633
390, 0, 93, 71.5792, 10.8819
391, 0, 93, 71.5692, 10.9186
392, 0, 93, 71.5591, 10.9375
393, 0, 93, 71.5501, 10.9763
394, 0, 93, 71.4508, 11.0065
395, 0, 93, 71.3538, 11.0437
396, 0, 93, 71.1492, 11.0642
397, 0, 93, 70.9963, 11.0824
398, 0, 93, 70.8433, 11.1012
399, 0, 93, 70.7328, 11.1221
400, 0, 93, 70.5629, 11.1408
401, 0, 93, 70.4524, 11.1641
402, 0, 93, 70.3686, 11.1821
403, 0, 93, 70.2848, 11.204
404, 0, 93, 70.1319, 11.2223
405, 0, 93, 69.7584, 11.3031
406, 0, 93, 70.0734, 11.3392
407, 0, 93, 69.4953, 11.3634
408, 0, 92, 69.8481, 11.3823
409, 0, 92, 69.3631, 11.4105
410, 0, 92, 69.2102, 11.4595
411, 0, 91, 69.563, 11.4783
412, 0, 91, 69.878, 11.5188
413, 0, 90, 70.2308, 11.54
414, 0, 90, 70.5458, 11.5588
415, 0, 90, 70.8092, 11.5841
416, 0, 90, 70.2312, 11.6114
417, 0, 90, 70.2226, 11.6356
418, 0, 90, 70.2141, 11.6658
419, 0, 90, 70.2055, 11.6847
420, 0, 90, 70.1978, 11.7031
421, 0, 90, 70.1773, 11.7271
422, 0, 90, 70.0668, 11.7469
423, 0, 90, 69.6933, 11.7844
424, 0, 90, 69.6095, 11.8194
425, 0, 90, 69.4566, 11.8569
426, 0, 90, 69.3728, 11.8847
427, 0, 90, 69.289, 11.9039
428, 0, 89, 69.4787, 11.9402
429, 0, 89, 69.3682, 11.9647
430, 0, 89, 69.1983, 11.9834
431, 0, 89, 69.0454, 12.0262
432, 0, 89, 68.8754, 12.0731
433, 0, 89, 68.7225, 12.1011
434, 0, 89, 68.5526, 12.1285
435, 0, 89, 68.3996, 12.1751
436, 0, 89, 67.9147, 12.197
437, 0, 89, 67.7617, 12.2156
438, 0, 89, 67.6088, 12.2528
439, 0, 89, 67.4389, 12.2886
440, 0, 88, 67.6286, 12.3139
441, 0, 88, 67.5181, 12.3511
442, 0, 88, 67.425, 12.3786
443, 0, 88, 67.3661, 12.3969
444, 0, 88, 67.4885, 12.4178
445, 0, 88, 67.1844, 12.4481
446, 0, 88, 67.0333, 12.4683
447, 0, 88, 66.9495, 12.5075
448, 0, 88, 66.7984, 12.5536
449, 0, 88, 66.731, 12.5728
450, 0, 88, 66.7106, 12.6147
451, 0, 88, 66.6268, 12.637
452, 0, 88, 66.543, 12.6645
453, 0, 88, 66.3621, 12.7031
454, 0, 88, 66.3091, 12.7253
455, 0, 88, 66.1579, 12.7445
456, 0, 88, 65.7844, 12.7634
457, 0, 88, 65.3694, 12.8092
458, 0, 88, 65.1994, 12.8334
459, 0, 88, 64.9949, 12.8553
460, 0, 88, 64.842, 12.8841
461, 0, 88, 64.4684, 12.92
462, 0, 88, 64.0949, 12.9426
463, 0, 88, 63.7214, 12.9625
464, 0, 87, 64.0741, 12.9897
465, 0, 87, 63.5892, 13.011
466, 0, 87, 63.1741, 13.045
467, 0, 87, 62.9696, 13.0639
468, 0, 87, 62.5961, 13.0823
469, 0, 87, 62.2225, 13.1207
470, 0, 87, 61.8075, 13.1508
471, 0, 86, 62.0488, 13.181
472, 0, 86, 61.8443, 13.2002
473, 0, 86, 61.6744, 13.2334
474, 0, 86, 61.5214, 13.2526
475, 0, 86, 61.3169, 13.2751
476, 0, 86, 61.1124, 13.3093
477, 0, 86, 60.9594, 13.3279
478, 0, 86, 60.7895, 13.3555
479, 0, 86, 60.6366, 13.3895
480, 0, 86, 60.263, 13.4342
481, 0, 86, 60.2224, 13.4525
482, 0, 86, 60.1556, 13.4769
483, 0, 86, 60.0027, 13.4976
484, 0, 86, 59.9953, 13.5204
485, 0, 86, 59.9879, 13.5517
486, 0, 86, 59.9805, 13.5706
487, 0, 86, 59.9739, 13.5909
488, 0, 86, 59.8993, 13.614
489, 0, 86, 59.8586, 13.6328
490, 0, 86, 59.8105, 13.6648
491, 0, 86, 59.6575, 13.6866
492, 0, 85, 59.8989, 13.7047
493, 0, 85, 59.6943, 13.7363
494, 0, 85, 59.3208, 13.7761
495, 0, 85, 58.9473, 13.8194
496, 0, 85, 58.5322, 13.8401
497, 0, 85, 58.3793, 13.8766
498, 0, 85, 58.2264, 13.8953
499, 0, 85, 58.0734, 13.9529
500, 0, 85, 57.6999, 13.9736
501, 0, 84, 58.6999, 14.0081
502, 0, 83, 59.4631, 14.033
503, 0, 83, 59.2932, 14.0522
504, 0, 83, 59.1232, 14.0713
505, 0, 83, 58.8598, 14.0998
506, 0, 83, 58.6553, 14.1279
507, 0, 83, 58.4507, 14.1686
508, 0, 83, 58.3669, 14.1903
509, 0, 83, 58.2996, 14.2386
510, 0, 83, 58.0951, 14.2712
511, 0, 83, 58.0113, 14.2902
512, 0, 83, 57.8583, 14.3155
513, 0, 83, 57.7054, 14.3425
514, 0, 83, 57.5525, 14.371
515, 0, 83, 57.5227, 14.436
516, 0, 83, 57.4959, 14.4596
517, 0, 83, 57.58, 14.4885
518, 0, 83, 57.5638, 14.5254
519, 0, 83, 57.5108, 14.5435
520, 0, 83, 57.4177, 14.5625
521, 0, 82, 57.6075, 14.5811
522, 0, 82, 57.497, 14.6004
523, 0, 82, 57.3865, 14.6224
524, 0, 82, 57.3027, 14.6414
525, 0, 82, 57.2096, 14.6728
526, 0, 82, 57.1258, 14.6929
527, 0, 82, 57.0584, 14.7122
528, 0, 82, 56.8885, 14.7318
529, 0, 82, 56.7356, 14.7544
530, 0, 82, 56.5826, 14.7904
531, 0, 82, 56.5762, 14.8258
532, 0, 82, 56.5698, 14.866
533, 0, 82, 56.5633, 14.8871
534, 0, 82, 56.5576, 14.9116
535, 0, 82, 56.5414, 14.9324
536, 0, 82, 56.4884, 14.9617
537, 0, 82, 56.3185, 14.9808
538, 0, 81, 56.5082, 15.0134
539, 0, 81, 56.3977, 15.0351
540, 0, 81, 56.2448, 15.0651
541, 0, 81, 56.161, 15.0844
542, 0, 81, 56.1244, 15.1123
543, 0, 81, 56.0313, 15.1657
544, 0, 81, 55.964, 15.2159
545, 0, 81, 55.811, 15.235
546, 0, 81, 55.6581, 15.2552
547, 0, 81, 55.5476, 15.2852
548, 0, 80, 55.789, 15.3295
549, 0, 80, 55.5844, 15.3579
550, 0, 80, 55.4873, 15.4226
551, 0, 80, 55.3344, 15.4891
552, 0, 80, 55.3046, 15.5491
553, 0, 80, 55.2688, 15.5875
554, 0, 80, 55.185, 15.6165
555, 0, 80, 55.1793, 15.6404
556, 0, 80, 55.1737, 15.6599
557, 0, 80, 55.168, 15.6983
558, 0, 80, 55.1629, 15.7356
559, 0, 80, 55.105, 15.7592
560, 0, 80, 55.0823, 15.8104
561, 0, 80, 55.0619, 15.8303
562, 0, 80, 55.004, 15.8548
563, 0, 80, 54.999, 15.9095
564, 0, 80, 54.9945, 15.9414
565, 0, 80, 54.9485, 15.9605
566, 0, 80, 54.9257, 15.9855
567, 0, 80, 54.8983, 16.0045
568, 0, 80, 54.7878, 16.0348
569, 0, 80, 54.4143, 16.0728
570, 0, 80, 54.3212, 16.1053
571, 0, 80, 54.17, 16.1244
572, 0, 80, 54.0001, 16.1505
573, 0, 80, 53.9163, 16.1756
574, 0, 80, 53.8232, 16.1945
575, 0, 80, 53.7394, 16.23
576, 0, 80, 53.6556, 16.2763
577, 0, 80, 53.4857, 16.3014
578, 0, 80, 53.3328, 16.3199
579, 0, 80, 53.2223, 16.3466
580, 0, 80, 53.1385, 16.3655
581, 0, 80, 53.0454, 16.4265
582, 0, 80, 52.9923, 16.4449
583, 0, 80, 52.8992, 16.4638
584, 0, 80, 52.8319, 16.483
585, 0, 80, 52.7388, 16.5049
586, 0, 80, 52.655, 16.5356
587, 0, 80, 52.5619, 16.5543
588, 0, 80, 52.4781, 16.5794
589, 0, 79, 52.8308, 16.6386
590, 0, 79, 52.7471, 16.6569
591, 0, 79, 52.6633, 16.679
592, 0, 79, 52.5959, 16.7156
593, 0, 79, 52.537, 16.7339
594, 0, 79, 52.4929, 16.768
595, 0, 79, 52.4488, 16.8038
596, 0, 79, 52.39, 16.823
597, 0, 79, 52.3369, 16.8503
598, 0, 79, 52.2531, 16.8766
599, 0, 78, 52.4162, 16.9044
600, 0, 78, 52.3488, 16.9237
601, 0, 78, 52.2899, 16.9489
602, 0, 78, 52.2369, 16.987
603, 0, 78, 52.1929, 17.0073
604, 0, 78, 52.1399, 17.0261
605, 0, 78, 52.0868, 17.0441
606, 0, 78, 52.0566, 17.07
607, 0, 78, 52.1265, 17.1175
608, 0, 78, 52.0859, 17.137
609, 0, 77, 52.2346, 17.1775
610, 0, 77, 52.1905, 17.1971
611, 0, 77, 52.1375, 17.2436
612, 0, 77, 52.0537, 17.2649
613, 0, 77, 51.6387, 17.3039
614, 0, 77, 51.2651, 17.3552
615, 0, 77, 50.6282, 17.3736
616, 0, 77, 50.4752, 17.398
617, 0, 77, 50.3821, 17.4327
618, 0, 77, 50.2983, 17.4516
619, 0, 77, 50.2145, 17.4706
620, 0, 77, 50.1615, 17.502
621, 0, 77, 50.0777, 17.5321
622, 0, 77, 49.9248, 17.5909
623, 0, 77, 49.8317, 17.6237
624, 0, 77, 49.7787, 17.662
625, 0, 77, 49.5153, 17.6815
626, 0, 77, 49.5103, 17.7062
627, 0, 77, 49.5053, 17.7265
628, 0, 77, 49.5008, 17.7478
629, 0, 77, 49.4963, 17.7743
630, 0, 77, 49.4919, 17.8057
631, 0, 77, 49.4879, 17.8249
632, 0, 77, 49.4418, 17.8445
633, 0, 77, 49.4378, 17.8631
634, 0, 77, 49.4338, 17.8817
635, 0, 77, 49.4298, 17.9004
636, 0, 77, 49.4262, 17.919
637, 0, 76, 49.5637, 17.9613
638, 0, 76, 49.5507, 17.986
639, 0, 76, 49.4839, 18.0056
640, 0, 76, 49.3309, 18.0416
641, 0, 76, 49.2472, 18.0692
642, 0, 76, 49.0942, 18.0883
643, 0, 76, 48.9413, 18.1088
644, 0, 76, 48.7367, 18.1392
645, 0, 76, 48.5668, 18.1614
646, 0, 76, 48.7299, 18.1825
647, 0, 76, 48.6367, 18.2266
648, 0, 76, 48.5529, 18.2461
649, 0, 76, 48.383, 18.2652
650, 0, 76, 48.2301, 18.2846
651, 0, 76, 48.1463, 18.3098
652, 0, 76, 48.0358, 18.3382
653, 0, 76, 47.8829, 18.3571
654, 0, 76, 47.7724, 18.3766
655, 0, 76, 47.6793, 18.3955
656, 0, 76, 47.5281, 18.4167
657, 0, 76, 47.3582, 18.4568
658, 0, 76, 47.2477, 18.4877
659, 0, 76, 47.1888, 18.5095
660, 0, 76, 47.1299, 18.5284
661, 0, 76, 47.0769, 18.5663
662, 0, 76, 46.9838, 18.6016
663, 0, 76, 46.9, 18.6222
664, 0, 76, 46.7471, 18.6599
665, 0, 76, 46.9101, 18.6973
666, 0, 76, 46.8263, 18.7157
667, 0, 76, 46.8084, 18.7575
668, 0, 75, 46.9452, 18.7895
669, 0, 75, 46.9297, 18.8179
670, 0, 75, 46.9553, 18.842
671, 0, 75, 46.9339, 18.8687
672, 0, 75, 46.8899, 18.8907
673, 0, 75, 46.873, 18.9111
674, 0, 75, 46.8289, 18.9318
675, 0, 75, 46.676, 18.9532
676, 0, 75, 46.623, 18.9964
677, 0, 75, 46.5864, 19.0383
678, 0, 75, 46.5498, 19.0756
679, 0, 75, 46.4968, 19.0985
680, 0, 75, 46.3998, 19.1207
681, 0, 75, 46.3066, 19.1481
682, 0, 75, 46.2228, 19.1919
683, 0, 75, 46.139, 19.218
684, 0, 75, 46.0459, 19.24
685, 0, 75, 45.9786, 19.2672
686, 0, 75, 45.9256, 19.2878
687, 0, 75, 45.8815, 19.3066
688, 0, 75, 45.7977, 19.3266
689, 0, 75, 45.7447, 19.3575
690, 0, 75, 45.6779, 19.3774
691, 0, 75, 45.619, 19.4296
692, 0, 75, 45.5749, 19.4609
693, 0, 75, 45.4551, 19.4892
694, 0, 75, 45.358, 19.5101
695, 0, 75, 45.305, 19.5293
696, 0, 75, 45.4392, 19.5577
697, 0, 75, 45.5506, 19.5785
698, 0, 75, 45.4308, 19.6136
699, 0, 75, 45.4005, 19.6456
700, 0, 75, 45.3871, 19.6651
701, 0, 75, 45.3569, 19.6958
702, 0, 75, 45.2464, 19.724
703, 0, 75, 45.0934, 19.7465
704, 0, 74, 45.4462, 19.7767
705, 0, 74, 44.9613, 19.7958
706, 0, 74, 44.8681, 19.8152
707, 0, 74, 44.717, 19.8344
708, 0, 74, 44.88, 19.8539
709, 0, 74, 44.7962, 19.8994
710, 0, 74, 44.7926, 19.9185
711, 0, 74, 44.7894, 19.9382
712, 0, 74, 44.7857, 19.9635
713, 0, 74, 44.7821, 19.9828
714, 0, 74, 44.7789, 20.0015
715, 0, 74, 44.7416, 20.0214
716, 0, 74, 44.7203, 20.0396
717, 0, 74, 44.6365, 20.0615
718, 0, 74, 44.5835, 20.1037
719, 0, 74, 44.5246, 20.1231
720, 0, 74, 44.4275, 20.16
721, 0, 74, 44.3686, 20.1789
722, 0, 74, 44.3156, 20.1976
723, 0, 74, 44.2854, 20.2169
724, 0, 74, 44.2447, 20.2622
725, 0, 74, 44.2082, 20.2842
726, 0, 74, 44.1413, 20.3036
727, 0, 74, 44.1048, 20.3265
728, 0, 74, 44.0745, 20.3612
729, 0, 73, 44.2232, 20.3937
730, 0, 73, 44.1792, 20.4281
731, 0, 73, 44.1261, 20.4472
732, 0, 73, 44.0959, 20.4664
733, 0, 73, 44.0429, 20.5092
734, 0, 72, 44.2843, 20.53
735, 0, 72, 44.5062, 20.5494
736, 0, 72, 44.3363, 20.5769
737, 0, 72, 44.1833, 20.612
738, 0, 71, 44.3731, 20.6318
739, 0, 71, 44.2626, 20.6514
740, 0, 71, 44.2096, 20.6935
741, 0, 71, 44.1258, 20.7351
742, 0, 71, 44.0669, 20.7574
743, 0, 71, 44.008, 20.7768
744, 0, 71, 44.1421, 20.8051
745, 0, 71, 44.0223, 20.8245
746, 0, 71, 43.9385, 20.8444
747, 0, 71, 43.9019, 20.8643
748, 0, 71, 43.8578, 20.8826
749, 0, 71, 43.7741, 20.9021
750, 0, 71, 43.359, 20.9237
751, 0, 71, 42.9855, 20.959
752, 0, 71, 42.6119, 20.9781
753, 0, 71, 42.2384, 21.001
754, 0, 71, 42.0855, 21.0251
755, 0, 71, 41.7119, 21.0444
756, 0, 71, 41.9165, 21.0812
757, 0, 71, 41.8327, 21.1008
758, 0, 71, 41.7738, 21.1246
759, 0, 71, 41.7208, 21.1477
760, 0, 71, 41.637, 21.1671
761, 0, 71, 41.5532, 21.1928
762, 0, 71, 41.5419, 21.2227
763, 0, 71, 41.5047, 21.2424
764, 0, 71, 41.5014, 21.2611
765, 0, 71, 41.4981, 21.3016
766, 0, 71, 41.4952, 21.3208
767, 0, 71, 41.4844, 21.3539
768, 0, 71, 41.4478, 21.3739
769, 0, 71, 41.4824, 21.4151
770, 0, 71, 41.4518, 21.4576
771, 0, 71, 41.4435, 21.4895
772, 0, 71, 41.4128, 21.509
773, 0, 71, 41.4099, 21.5355
774, 0, 71, 41.4069, 21.5554
775, 0, 71, 41.4039, 21.5788
776, 0, 71, 41.4012, 21.5978
777, 0, 71, 41.3922, 21.6186
778, 0, 71, 41.344, 21.6377
779, 0, 71, 41.2602, 21.6568
780, 0, 71, 41.1073, 21.6839
781, 0, 71, 40.7337, 21.7065
782, 0, 71, 40.2488, 21.7475
783, 0, 70, 40.6016, 21.7778
784, 0, 70, 40.1166, 21.7978
785, 0, 70, 39.9637, 21.817
786, 0, 70, 39.8799, 22.1143
787, 0, 70, 39.7868, 22.1408
788, 0, 70, 39.9091, 22.1605
789, 0, 70, 39.8561, 22.2055
790, 0, 70, 39.7723, 22.2251
791, 0, 70, 39.6885, 22.2739
792, 0, 70, 39.6047, 22.2984
793, 0, 70, 39.5517, 22.3245
794, 0, 70, 39.5152, 22.3444
795, 0, 70, 39.4786, 22.3827
796, 0, 70, 39.4256, 22.4031
797, 0, 70, 39.3988, 22.4279
798, 0, 70, 39.3622, 22.4557
799, 0, 70, 39.3216, 22.5098
800, 0, 70, 39.2734, 22.546
801, 0, 70, 39.2204, 22.5643
802, 0, 70, 39.1615, 22.6143
803, 0, 70, 39.1085, 22.6548
804, 0, 70, 39.0555, 22.6786
805, 0, 70, 39.019, 22.7152
806, 0, 70, 38.9342, 22.7402
807, 0, 70, 38.8812, 22.7591
808, 0, 70, 38.8223, 22.7895
809, 0, 70, 38.7921, 22.8092
810, 0, 70, 38.7074, 22.832
811, 0, 70, 38.6226, 22.8517
812, 0, 70, 38.6013, 22.8707
813, 0, 70, 38.5848, 22.9109
814, 0, 70, 38.5634, 22.9345
815, 0, 70, 38.4961, 22.9769
816, 0, 70, 38.4123, 23.0202
817, 0, 70, 38.2611, 23.0842
818, 0, 70, 38.2246, 23.1233
819, 0, 70, 38.1572, 23.1433
820, 0, 70, 38.0899, 23.1629
821, 0, 70, 38.0533, 23.1858
822, 0, 70, 37.9602, 23.2087
823, 0, 70, 37.8764, 23.2558
824, 0, 70, 37.5723, 23.3204
825, 0, 70, 37.2682, 23.3402
826, 0, 70, 36.8532, 23.4395
827, 0, 70, 36.4797, 23.4588
828, 0, 70, 36.439, 23.5158
829, 0, 70, 36.3984, 23.5489
830, 0, 70, 36.3137, 23.6946
831, 0, 70, 36.2696, 23.7149
832, 0, 70, 36.1765, 23.7376
833, 0, 70, 36.1235, 23.7821
834, 0, 70, 36.0705, 23.8096
835, 0, 70, 36.0677, 23.843
836, 0, 70, 36.065, 23.8715
837, 0, 70, 36.0623, 23.9153
838, 0, 70, 36.0598, 23.9352
839, 0, 70, 36.0343, 23.9757
840, 0, 70, 36.0164, 24.0223
841, 0, 70, 36.0103, 24.0687
842, 0, 70, 35.9848, 24.0918
843, 0, 70, 35.9823, 24.1253
844, 0, 70, 35.9798, 24.1446
845, 0, 70, 35.9773, 24.1767
846, 0, 70, 35.975, 24.2019
847, 0, 70, 35.9673, 24.222
848, 0, 70, 35.9405, 24.2412
849, 0, 70, 35.9268, 24.2611
850, 0, 70, 35.9, 24.282
851, 0, 70, 35.8411, 24.3017
852, 0, 70, 35.7881, 24.3633
853, 0, 70, 35.7515, 24.3825
854, 0, 70, 35.7248, 24.4099
855, 0, 70, 35.698, 24.433
856, 0, 70, 35.6678, 24.4519
857, 0, 70, 35.6089, 24.477
858, 0, 70, 35.5118, 24.5007
859, 0, 70, 35.3606, 24.537
860, 0, 70, 35.3248, 24.5598
861, 0, 70, 35.2277, 24.5913
862, 0, 70, 35.2072, 24.6194
863, 0, 70, 35.2006, 24.6622
864, 0, 70, 35.1801, 24.6828
865, 0, 70, 35.1534, 24.7205
866, 0, 70, 35.1266, 24.7406
867, 0, 70, 35.0677, 24.7708
868, 0, 70, 35.0311, 24.8315
869, 0, 70, 35.0107, 24.8616
870, 0, 70, 34.97, 24.8826
871, 0, 70, 34.9486, 24.9025
872, 0, 70, 34.8818, 24.9319
873, 0, 70, 34.8288, 24.961
874, 0, 70, 34.745, 25.0085
875, 0, 70, 34.5405, 25.0527
876, 0, 70, 34.4567, 25.0919
877, 0, 70, 34.3636, 25.1144
878, 0, 70, 34.2962, 25.1499
879, 0, 70, 34.1992, 25.1691
880, 0, 70, 34.1551, 25.1905
881, 0, 70, 34.0883, 25.241
882, 0, 70, 34.0353, 25.2606
883, 0, 70, 33.9987, 25.28
884, 0, 70, 33.9457, 25.3213
885, 0, 70, 33.8927, 25.3474
886, 0, 70, 33.8253, 25.3729
887, 0, 70, 33.7148, 25.4008
888, 0, 70, 33.631, 25.4203
889, 0, 70, 33.5379, 25.4439
890, 0, 70, 33.4541, 25.4648
891, 0, 70, 33.3012, 25.4844
892, 0, 70, 33.2174, 25.5097
893, 0, 70, 33.3398, 25.531
894, 0, 70, 33.2957, 25.5506
895, 0, 70, 33.2284, 25.5842
896, 0, 70, 33.1754, 25.618
897, 0, 70, 33.1313, 25.6609
898, 0, 70, 33.0724, 25.6978
899, 0, 70, 33.0194, 25.7169
900, 0, 70, 33.2413, 25.7456
901, 0, 70, 33.0368, 25.7795
902, 0, 70, 32.8838, 25.8071
903, 0, 70, 32.867, 25.8378
904, 0, 70, 32.7996, 25.8883
905, 0, 70, 32.6467, 25.9081
906, 0, 70, 32.6101, 25.9554
907, 0, 70, 32.5661, 25.9965
908, 0, 70, 32.5295, 26.0297
909, 0, 70, 32.4888, 26.0689
910, 0, 70, 32.4523, 26.0889
911, 0, 70, 32.4116, 26.1189
912, 0, 70, 32.3902, 26.1497
913, 0, 70, 32.3537, 26.1878
914, 0, 70, 32.313, 26.2234
915, 0, 70, 32.2764, 26.2505
916, 0, 70, 32.1659, 26.2959
917, 0, 69, 32.4073, 26.3297
918, 0, 69, 32.2027, 26.3598
919, 0, 69, 31.9393, 26.3978
920, 0, 69, 31.8952, 26.4177
921, 0, 68, 32.085, 26.4381
922, 0, 68, 31.9745, 26.4648
923, 0, 68, 31.9263, 26.5016
924, 0, 68, 31.9049, 26.5287
925, 0, 68, 31.8643, 26.5687
926, 0, 67, 32.013, 26.5894
927, 0, 67, 31.9689, 26.6152
928, 0, 67, 31.9159, 26.6356
929, 0, 67, 31.8629, 26.6648
930, 0, 67, 31.8606, 26.684
931, 0, 67, 31.8583, 26.7288
932, 0, 67, 31.856, 26.7606
933, 0, 67, 31.8539, 26.8078
934, 0, 67, 31.9041, 26.8389
935, 0, 67, 31.8827, 26.8635
936, 0, 67, 31.8805, 26.9068
937, 0, 67, 31.8784, 26.9356
938, 0, 67, 31.8763, 26.9712
939, 0, 66, 32.0686, 27.0042
940, 0, 66, 32.0701, 27.0353
941, 0, 66, 32.0585, 27.0567
942, 0, 66, 32.0318, 27.0956
943, 0, 66, 31.9691, 27.143
944, 0, 66, 31.9285, 27.1623
945, 0, 65, 32.0772, 27.1923
946, 0, 65, 32.0331, 27.2121
947, 0, 65, 32.0029, 27.2753
948, 0, 65, 31.9355, 27.3115
949, 0, 65, 31.8989, 27.336
950, 0, 65, 31.8835, 27.379
951, 0, 65, 31.8653, 27.411
952, 0, 65, 31.8669, 27.4328
953, 0, 65, 31.841, 27.4605
954, 0, 65, 31.8265, 27.4847
955, 0, 65, 31.812, 27.5322
956, 0, 65, 31.8076, 27.5677
957, 0, 65, 31.7978, 27.5881
958, 0, 65, 31.7773, 27.6072
959, 0, 65, 31.7147, 27.6887
960, 0, 65, 31.6993, 27.709
961, 0, 65, 31.6463, 27.749
962, 0, 65, 31.635, 27.7809
963, 0, 65, 31.6194, 27.8104
964, 0, 65, 31.6211, 27.8337
965, 0, 65, 31.5989, 27.8538
966, 0, 65, 31.5854, 27.8909
967, 0, 65, 31.5324, 27.9136
968, 0, 65, 31.5022, 27.9343
969, 0, 65, 31.472, 27.9729
970, 0, 65, 31.4354, 27.9989
971, 0, 65, 31.4086, 28.0338
972, 0, 65, 31.372, 28.0579
973, 0, 65, 31.2209, 28.0898
974, 0, 65, 31.2226, 28.1224
975, 0, 65, 31.2169, 28.1678
976, 0, 65, 31.2839, 28.2228
977, 0, 65, 31.2678, 28.2489
978, 0, 65, 31.2594, 28.278
979, 0, 65, 31.2482, 28.31
980, 0, 65, 31.1511, 28.3359
981, 0, 65, 31.1243, 28.3713
982, 0, 65, 31.0802, 28.3957
983, 0, 65, 31.0436, 28.4208
984, 0, 65, 30.9906, 28.4408
985, 0, 65, 30.9875, 28.4879
986, 0, 65, 30.9741, 28.5236
987, 0, 65, 30.9759, 28.5455
988, 0, 65, 30.9567, 28.6186
989, 0, 65, 30.9447, 28.6669
990, 0, 65, 30.9328, 28.6871
991, 0, 65, 30.9219, 28.742
992, 0, 65, 30.9919, 28.7698
993, 0, 65, 30.9553, 28.8003
994, 0, 65, 30.9571, 28.8202
995, 0, 65, 30.952, 28.8809
996, 0, 65, 30.9359, 28.9123
997, 0, 65, 30.9154, 28.9378
998, 0, 65, 30.8993, 28.9733
999, 0, 65, 30.8725, 29.0422
