Seed is: 43
Number of samples is: 3000
Simulation name is: Simulation_2TV_10x10.sim
TimeStep, Distraction Rate, Missed States, Model Accuracy, Time (ms)
0, 0, 732, 0, 0.00011
1, 0, 731, 1, 0.066687
2, 0, 731, 0.584963, 0.130027
3, 0, 731, 0.415037, 0.193989
4, 0, 730, 1.17823, 0.256188
5, 0, 729, 1.94143, 0.320009
6, 0, 729, 1.5679, 0.382137
7, 0, 729, 1.19436, 0.444396
8, 0, 729, 1.04143, 0.506474
9, 0, 729, 0.888499, 0.594993
10, 0, 728, 1.8885, 0.657863
11, 0, 728, 1.47346, 0.719951
12, 0, 728, 1.30354, 0.78243
13, 0, 727, 2.06673, 0.859587
14, 0, 726, 3.06673, 0.922817
15, 0, 726, 2.6517, 0.985156
16, 0, 726, 2.48177, 1.0472
17, 0, 725, 3.24497, 1.10974
18, 0, 724, 4.00817, 1.17186
19, 0, 724, 3.63463, 1.23417
20, 0, 724, 3.2611, 1.2963
21, 0, 724, 3.10817, 1.35869
22, 0, 724, 2.95523, 1.43254
23, 0, 723, 3.71843, 1.49525
24, 0, 723, 3.3449, 1.55751
25, 0, 723, 2.97136, 1.61952
26, 0, 723, 2.81843, 1.68172
27, 0, 723, 2.6655, 1.74419
28, 0, 723, 2.5817, 1.81023
29, 0, 722, 3.3449, 1.87629
30, 0, 721, 4.10809, 1.93906
31, 0, 720, 4.46086, 2.00289
32, 0, 720, 3.9759, 2.06634
33, 0, 720, 3.60237, 2.12936
34, 0, 720, 3.39783, 2.19225
35, 0, 720, 3.2449, 2.25451
36, 0, 719, 4.2449, 2.31727
37, 0, 719, 3.82986, 2.38039
38, 0, 719, 3.65993, 2.44353
39, 0, 718, 4.42313, 2.50623
40, 0, 717, 5.18633, 2.58732
41, 0, 716, 5.94953, 2.6508
42, 0, 716, 5.57599, 2.71385
43, 0, 716, 5.20246, 2.77699
44, 0, 716, 5.04953, 2.84142
45, 0, 716, 4.89659, 2.90401
46, 0, 715, 5.65979, 2.96676
47, 0, 715, 5.28626, 3.02925
48, 0, 715, 4.91272, 3.09197
49, 0, 714, 5.15406, 3.1549
50, 0, 714, 4.94953, 3.21786
51, 0, 714, 4.79659, 3.28032
52, 0, 714, 4.68609, 3.34265
53, 0, 713, 5.44929, 3.40553
54, 0, 712, 6.21249, 3.46898
55, 0, 712, 5.83896, 3.53177
56, 0, 712, 5.46542, 3.59459
57, 0, 712, 5.31249, 3.65797
58, 0, 712, 5.15956, 3.72163
59, 0, 711, 6.15956, 3.79783
60, 0, 711, 5.74452, 3.86116
61, 0, 711, 5.57459, 3.92645
62, 0, 710, 6.33779, 3.99017
63, 0, 709, 7.10099, 4.05374
64, 0, 708, 7.86419, 4.11612
65, 0, 707, 8.21696, 4.17994
66, 0, 707, 7.73199, 4.24324
67, 0, 707, 7.35846, 4.30802
68, 0, 707, 7.15392, 4.37175
69, 0, 707, 7.00099, 4.43495
70, 0, 706, 6.7688, 4.49778
71, 0, 705, 8.11696, 4.56463
72, 0, 704, 8.46972, 4.6285
73, 0, 704, 8.78476, 4.69205
74, 0, 704, 8.20669, 4.77069
75, 0, 704, 8.52173, 4.83769
76, 0, 704, 7.94366, 4.90298
77, 0, 704, 7.68022, 4.96682
78, 0, 704, 7.41679, 5.03083
79, 0, 704, 7.33299, 5.09443
80, 0, 703, 8.09619, 5.15855
81, 0, 702, 8.85939, 5.22228
82, 0, 702, 8.48585, 5.28602
83, 0, 702, 8.11232, 5.34968
84, 0, 701, 8.35366, 5.41373
85, 0, 701, 8.14912, 5.47716
86, 0, 701, 7.99619, 5.54113
87, 0, 700, 8.99619, 5.60473
88, 0, 700, 8.58115, 5.66837
89, 0, 700, 8.41123, 5.73166
90, 0, 699, 9.17443, 5.79543
91, 0, 698, 9.93762, 5.8595
92, 0, 697, 10.7008, 5.92267
93, 0, 696, 11.0536, 5.98637
94, 0, 696, 10.5686, 6.05005
95, 0, 696, 10.1951, 6.11348
96, 0, 696, 9.99056, 6.17715
97, 0, 696, 9.83762, 6.24061
98, 0, 695, 10.6008, 6.30422
99, 0, 695, 10.2273, 6.36764
100, 0, 695, 9.85375, 6.43134
101, 0, 695, 9.70082, 6.49662
102, 0, 695, 9.54789, 6.56048
103, 0, 695, 9.43739, 6.6251
104, 0, 694, 10.2006, 6.6888
105, 0, 693, 10.9638, 6.75535
106, 0, 693, 10.5902, 6.81949
107, 0, 693, 10.2167, 6.88686
108, 0, 693, 10.0638, 6.95004
109, 0, 693, 9.91085, 7.01292
110, 0, 692, 10.674, 7.07722
111, 0, 691, 11.4372, 7.14058
112, 0, 690, 12.2004, 7.20357
113, 0, 689, 11.9682, 7.26717
114, 0, 688, 13.3164, 7.3313
115, 0, 687, 14.0796, 7.39506
116, 0, 686, 15.0796, 7.45966
117, 0, 686, 14.6646, 7.52319
118, 0, 686, 14.4946, 7.58698
119, 0, 685, 14.2625, 7.65189
120, 0, 684, 15.6106, 7.71551
121, 0, 684, 15.2371, 7.77935
122, 0, 684, 14.7521, 7.84427
123, 0, 684, 14.5992, 7.90824
124, 0, 684, 14.3946, 7.97258
125, 0, 683, 15.1578, 8.03894
126, 0, 683, 14.6729, 8.11385
127, 0, 682, 15.0256, 8.17824
128, 0, 682, 14.5407, 8.24204
129, 0, 682, 14.3361, 8.30797
130, 0, 682, 14.1316, 8.37567
131, 0, 681, 14.8948, 8.43907
132, 0, 680, 15.2476, 8.50299
133, 0, 680, 14.7626, 8.5692
134, 0, 680, 14.3891, 8.63392
135, 0, 680, 14.1845, 8.69803
136, 0, 679, 14.4259, 8.76148
137, 0, 679, 14.6478, 8.82532
138, 0, 679, 14.3844, 8.88912
139, 0, 678, 14.1522, 8.95281
140, 0, 677, 15.5003, 9.01703
141, 0, 677, 15.1268, 9.08084
142, 0, 677, 14.6418, 9.14481
143, 0, 677, 14.4889, 9.2085
144, 0, 677, 14.2844, 9.27238
145, 0, 676, 15.0476, 9.33632
146, 0, 675, 14.8154, 9.40975
147, 0, 674, 16.1635, 9.47385
148, 0, 674, 15.79, 9.53889
149, 0, 674, 15.305, 9.6032
150, 0, 674, 15.1521, 9.66753
151, 0, 674, 15.374, 9.73188
152, 0, 673, 16.1372, 9.79629
153, 0, 672, 16.9004, 9.86042
154, 0, 672, 16.5269, 9.92458
155, 0, 672, 16.1534, 9.98896
156, 0, 672, 16.0004, 10.053
157, 0, 672, 15.8475, 10.1174
158, 0, 671, 16.6107, 10.1818
159, 0, 670, 17.3739, 10.2462
160, 0, 669, 17.1417, 10.3104
161, 0, 668, 18.4899, 10.3756
162, 0, 667, 19.2531, 10.4399
163, 0, 666, 20.0163, 10.5045
164, 0, 665, 20.7795, 10.5691
165, 0, 664, 21.7795, 10.6335
166, 0, 664, 21.3644, 10.6981
167, 0, 664, 21.1945, 10.7625
168, 0, 663, 21.9577, 10.8269
169, 0, 663, 21.5842, 10.8928
170, 0, 663, 21.2106, 10.9597
171, 0, 663, 21.0577, 11.0241
172, 0, 663, 20.9048, 11.0912
173, 0, 662, 21.668, 11.1557
174, 0, 662, 21.2944, 11.2203
175, 0, 662, 20.9209, 11.2847
176, 0, 662, 20.768, 11.3496
177, 0, 662, 20.615, 11.4147
178, 0, 661, 21.3782, 11.5012
179, 0, 661, 21.0047, 11.5659
180, 0, 661, 20.6312, 11.6307
181, 0, 661, 20.4782, 11.6953
182, 0, 661, 20.3253, 11.7604
183, 0, 660, 21.0885, 11.8253
184, 0, 660, 20.6035, 11.8922
185, 0, 660, 20.23, 11.9572
186, 0, 660, 20.0255, 12.0226
187, 0, 660, 19.8725, 12.0878
188, 0, 659, 20.6357, 12.1531
189, 0, 659, 20.2622, 12.2182
190, 0, 659, 19.8886, 12.2832
191, 0, 659, 19.7357, 12.3481
192, 0, 659, 19.5828, 12.4139
193, 0, 658, 20.5828, 12.4793
194, 0, 658, 20.1677, 12.5444
195, 0, 658, 19.9978, 12.6095
196, 0, 657, 20.761, 12.6777
197, 0, 656, 21.5242, 12.7436
198, 0, 655, 22.2874, 12.8089
199, 0, 654, 23.0506, 12.8922
200, 0, 653, 23.8138, 12.9586
201, 0, 652, 24.577, 13.0238
202, 0, 651, 25.577, 13.089
203, 0, 651, 25.162, 13.1544
204, 0, 651, 24.992, 13.2195
205, 0, 650, 24.7598, 13.2957
206, 0, 649, 26.108, 13.3614
207, 0, 649, 25.7345, 13.4355
208, 0, 649, 25.2495, 13.5014
209, 0, 649, 25.0966, 13.567
210, 0, 649, 24.892, 13.6331
211, 0, 648, 25.6552, 13.6984
212, 0, 648, 25.2817, 13.764
213, 0, 648, 24.9082, 13.8296
214, 0, 648, 24.7552, 13.8954
215, 0, 648, 24.6023, 13.9624
216, 0, 647, 25.6023, 14.0276
217, 0, 647, 25.1873, 14.0948
218, 0, 647, 25.0173, 14.1606
219, 0, 646, 25.7805, 14.2266
220, 0, 645, 26.5437, 14.2922
221, 0, 644, 27.3069, 14.3581
222, 0, 643, 28.3069, 14.4236
223, 0, 643, 27.8919, 14.4895
224, 0, 643, 27.722, 14.5552
225, 0, 642, 28.4852, 14.6223
226, 0, 641, 28.8379, 14.6885
227, 0, 641, 28.353, 14.7648
228, 0, 641, 27.9794, 14.8311
229, 0, 641, 28.2014, 14.8983
230, 0, 641, 27.9379, 14.974
231, 0, 641, 27.785, 15.0398
232, 0, 640, 28.5482, 15.1055
233, 0, 640, 28.1747, 15.1714
234, 0, 640, 27.8011, 15.2369
235, 0, 640, 27.6482, 15.3026
236, 0, 640, 27.4953, 15.3679
237, 0, 639, 28.2585, 15.4344
238, 0, 638, 28.0263, 15.5005
239, 0, 637, 29.3744, 15.5666
240, 0, 637, 29.0009, 15.6325
241, 0, 637, 28.5159, 15.6999
242, 0, 637, 28.363, 15.7672
243, 0, 637, 28.1585, 15.8332
244, 0, 636, 27.9263, 15.8993
245, 0, 635, 29.2744, 15.9657
246, 0, 634, 30.0376, 16.0319
247, 0, 633, 30.8008, 16.0977
248, 0, 632, 31.8008, 16.1672
249, 0, 632, 31.3858, 16.2334
250, 0, 632, 31.2159, 16.2996
251, 0, 631, 31.9791, 16.3653
252, 0, 631, 31.6055, 16.4343
253, 0, 630, 31.9583, 16.5004
254, 0, 630, 31.4733, 16.5929
255, 0, 630, 31.3204, 16.6593
256, 0, 630, 31.1159, 16.7252
257, 0, 629, 31.8791, 16.7933
258, 0, 629, 31.5055, 16.8596
259, 0, 628, 31.8583, 16.9257
260, 0, 628, 31.3733, 16.9925
261, 0, 628, 31.2204, 17.0582
262, 0, 628, 31.4423, 17.1249
263, 0, 627, 32.4423, 17.1927
264, 0, 627, 32.0273, 17.2612
265, 0, 627, 31.8574, 17.3274
266, 0, 626, 32.6206, 17.3938
267, 0, 625, 33.3838, 17.4599
268, 0, 625, 33.0102, 17.5272
269, 0, 625, 32.6367, 17.5939
270, 0, 625, 32.4838, 17.6616
271, 0, 625, 32.3308, 17.7279
272, 0, 625, 32.247, 17.7938
273, 0, 624, 33.247, 17.8601
274, 0, 624, 32.832, 17.9264
275, 0, 624, 32.6621, 17.9926
276, 0, 623, 33.4253, 18.0616
277, 0, 622, 34.1885, 18.1359
278, 0, 621, 34.5412, 18.2031
279, 0, 621, 34.0563, 18.2697
280, 0, 621, 33.6827, 18.3408
281, 0, 621, 33.4782, 18.4074
282, 0, 620, 33.7195, 18.4877
283, 0, 620, 33.515, 18.5551
284, 0, 620, 33.4045, 18.6218
285, 0, 619, 34.1677, 18.6882
286, 0, 618, 34.9309, 18.7555
287, 0, 618, 34.5574, 18.822
288, 0, 618, 34.1838, 18.8885
289, 0, 618, 34.0309, 18.9547
290, 0, 618, 33.878, 19.0213
291, 0, 618, 33.7942, 19.0874
292, 0, 617, 34.5574, 19.154
293, 0, 616, 35.3206, 19.2209
294, 0, 616, 34.947, 19.2874
295, 0, 615, 35.2998, 19.3542
296, 0, 615, 34.8148, 19.4205
297, 0, 615, 34.6619, 19.4866
298, 0, 615, 34.4574, 19.5637
299, 0, 615, 34.3736, 19.632
300, 0, 614, 35.1368, 19.6991
301, 0, 613, 35.9, 19.7659
302, 0, 613, 35.5264, 19.8324
303, 0, 613, 35.1529, 19.899
304, 0, 613, 35, 19.9653
305, 0, 613, 34.847, 20.0335
306, 0, 613, 34.7632, 20.1024
307, 0, 612, 35.7632, 20.1693
308, 0, 612, 35.3482, 20.236
309, 0, 612, 35.1783, 20.3024
310, 0, 612, 35.0852, 20.3693
311, 0, 612, 34.9921, 20.4358
312, 0, 612, 34.8816, 20.5026
313, 0, 611, 35.6447, 20.5695
314, 0, 610, 36.4079, 20.6362
315, 0, 609, 37.1711, 20.7202
316, 0, 608, 37.9343, 20.788
317, 0, 607, 38.2871, 20.857
318, 0, 607, 38.6021, 20.9251
319, 0, 607, 38.0241, 20.9917
320, 0, 606, 38.3768, 21.058
321, 0, 606, 38.6919, 21.1245
322, 0, 606, 38.1138, 21.1913
323, 0, 606, 38.3183, 21.2575
324, 0, 606, 38.0143, 21.3239
325, 0, 606, 37.7508, 21.3904
326, 0, 605, 38.514, 21.4656
327, 0, 605, 38.1405, 21.5322
328, 0, 605, 37.767, 21.5983
329, 0, 605, 37.614, 21.6645
330, 0, 605, 37.4611, 21.7307
331, 0, 604, 38.2243, 21.7975
332, 0, 604, 37.8508, 21.8639
333, 0, 604, 37.4772, 21.9301
334, 0, 604, 37.3243, 21.9968
335, 0, 604, 37.1714, 22.0633
336, 0, 603, 38.1714, 22.1309
337, 0, 603, 37.7563, 22.1971
338, 0, 603, 37.5864, 22.2635
339, 0, 603, 37.5026, 22.3298
340, 0, 603, 37.4188, 22.3963
341, 0, 603, 37.3257, 22.4624
342, 0, 603, 37.2419, 22.53
343, 0, 603, 37.1581, 22.5981
344, 0, 603, 36.9772, 22.6646
345, 0, 603, 36.8261, 22.7309
346, 0, 603, 36.733, 22.797
347, 0, 603, 36.6492, 22.8636
348, 0, 603, 36.5654, 22.9298
349, 0, 603, 36.8804, 22.9969
350, 0, 602, 37.6436, 23.0635
351, 0, 602, 37.2701, 23.1297
352, 0, 601, 37.6228, 23.1963
353, 0, 601, 37.1379, 23.2629
354, 0, 601, 36.9849, 23.3294
355, 0, 601, 36.7804, 23.3955
356, 0, 600, 37.5436, 23.4617
357, 0, 599, 38.3068, 23.5284
358, 0, 599, 37.9333, 23.5965
359, 0, 599, 37.5597, 23.6646
360, 0, 599, 37.4068, 23.8409
361, 0, 599, 37.2539, 23.9087
362, 0, 599, 37.1701, 23.9769
363, 0, 599, 36.592, 24.0596
364, 0, 598, 37.3552, 24.1267
365, 0, 597, 38.1184, 24.1936
366, 0, 597, 37.7449, 24.2605
367, 0, 597, 37.3713, 24.3274
368, 0, 597, 37.2184, 24.3941
369, 0, 597, 37.0655, 24.4624
370, 0, 596, 38.0655, 24.5296
371, 0, 596, 37.6504, 24.5961
372, 0, 596, 37.4805, 24.6627
373, 0, 595, 38.2437, 24.7293
374, 0, 595, 38.1599, 24.8053
375, 0, 595, 38.1069, 24.8747
376, 0, 595, 38.0231, 24.9418
377, 0, 594, 38.7863, 25.0087
378, 0, 593, 39.5495, 25.0755
379, 0, 593, 39.176, 25.1427
380, 0, 593, 38.8024, 25.2097
381, 0, 593, 38.6495, 25.2767
382, 0, 593, 38.4966, 25.3438
383, 0, 592, 39.2598, 25.4108
384, 0, 591, 40.023, 25.4781
385, 0, 590, 39.7908, 25.545
386, 0, 590, 39.7493, 25.6119
387, 0, 589, 41.454, 25.6791
388, 0, 589, 41.0804, 25.7461
389, 0, 589, 40.5024, 25.8132
390, 0, 589, 40.3494, 25.8801
391, 0, 588, 41.1126, 25.9471
392, 0, 587, 41.8758, 26.0305
393, 0, 587, 41.5023, 26.0989
394, 0, 587, 41.1287, 26.1664
395, 0, 587, 40.9758, 26.2335
396, 0, 587, 40.8229, 26.3179
397, 0, 586, 41.8229, 26.3863
398, 0, 586, 41.4078, 26.4534
399, 0, 586, 41.2379, 26.5209
400, 0, 585, 42.0011, 26.5884
401, 0, 584, 42.7643, 26.6567
402, 0, 583, 43.5275, 26.7268
403, 0, 583, 43.154, 26.7941
404, 0, 583, 42.7804, 26.8615
405, 0, 583, 42.6275, 26.9292
406, 0, 583, 42.4746, 27.011
407, 0, 582, 43.2378, 27.0897
408, 0, 582, 42.8642, 27.1639
409, 0, 582, 42.4907, 27.2369
410, 0, 582, 42.3378, 27.3099
411, 0, 581, 42.5791, 27.3885
412, 0, 581, 42.3746, 27.4612
413, 0, 581, 42.2908, 27.534
414, 0, 580, 43.2908, 27.6071
415, 0, 580, 42.8757, 27.6806
416, 0, 580, 42.7058, 27.7588
417, 0, 579, 43.7058, 27.8316
418, 0, 579, 43.2908, 27.9047
419, 0, 579, 43.1209, 27.9775
420, 0, 578, 43.8841, 28.0508
421, 0, 577, 44.8841, 28.1391
422, 0, 577, 44.469, 28.2151
423, 0, 577, 44.2991, 28.2885
424, 0, 576, 44.0669, 28.3616
425, 0, 575, 45.4151, 28.4362
426, 0, 575, 45.0415, 28.5144
427, 0, 575, 44.5566, 28.5824
428, 0, 575, 44.4036, 28.6499
429, 0, 575, 44.1991, 28.7173
430, 0, 575, 44.106, 28.7852
431, 0, 575, 44.0129, 28.8524
432, 0, 574, 44.2026, 28.9199
433, 0, 574, 44.0921, 28.9875
434, 0, 573, 44.8553, 29.0546
435, 0, 573, 44.4818, 29.1224
436, 0, 572, 44.8345, 29.1902
437, 0, 572, 45.1496, 29.2583
438, 0, 572, 44.5715, 29.3263
439, 0, 572, 44.198, 29.394
440, 0, 572, 44.1142, 29.4618
441, 0, 572, 44.0304, 29.5292
442, 0, 572, 43.9373, 29.5965
443, 0, 572, 43.8268, 29.6636
444, 0, 572, 43.743, 29.7308
445, 0, 571, 43.9327, 29.7985
446, 0, 571, 43.8222, 29.8661
447, 0, 570, 44.5854, 29.9339
448, 0, 569, 45.3486, 30.0019
449, 0, 569, 44.9751, 30.0697
450, 0, 569, 44.6015, 30.1377
451, 0, 569, 44.4486, 30.2053
452, 0, 569, 44.2957, 30.2728
453, 0, 568, 44.4854, 30.3407
454, 0, 568, 44.3749, 30.4086
455, 0, 568, 44.2911, 30.4764
456, 0, 568, 44.2073, 30.544
457, 0, 567, 45.2073, 30.6117
458, 0, 567, 44.7923, 30.6796
459, 0, 567, 44.6223, 30.7473
460, 0, 567, 44.5292, 30.8151
461, 0, 567, 44.4187, 30.8833
462, 0, 567, 44.3256, 30.9509
463, 0, 567, 44.2418, 31.0189
464, 0, 567, 44.1745, 31.087
465, 0, 567, 44.3375, 31.1555
466, 0, 567, 44.2845, 31.2231
467, 0, 567, 44.2007, 31.2924
468, 0, 567, 44.1418, 31.3604
469, 0, 567, 44.1052, 31.4561
470, 0, 567, 44.0522, 31.5248
471, 0, 567, 43.9684, 31.5928
472, 0, 566, 44.7316, 31.6605
473, 0, 565, 45.4948, 31.7281
474, 0, 565, 45.2314, 31.7963
475, 0, 565, 44.8579, 31.864
476, 0, 565, 44.7067, 31.9322
477, 0, 564, 45.4699, 32.0026
478, 0, 564, 45.0964, 32.0708
479, 0, 563, 46.0964, 32.1391
480, 0, 563, 45.6814, 32.2072
481, 0, 563, 45.5114, 32.2752
482, 0, 562, 46.2746, 32.343
483, 0, 561, 47.0378, 32.4108
484, 0, 560, 47.3906, 32.4926
485, 0, 560, 46.9056, 32.561
486, 0, 560, 46.5321, 32.6404
487, 0, 560, 46.3276, 32.7086
488, 0, 560, 46.1746, 32.7771
489, 0, 560, 46.3377, 32.8538
490, 0, 559, 47.1009, 32.9235
491, 0, 559, 46.7273, 32.9916
492, 0, 558, 47.0801, 33.0601
493, 0, 558, 46.5951, 33.1279
494, 0, 558, 46.4422, 33.1987
495, 0, 558, 46.2377, 33.2669
496, 0, 557, 47.0009, 33.3515
497, 0, 556, 46.7687, 33.4208
498, 0, 555, 48.1168, 33.4891
499, 0, 555, 47.7433, 33.5574
500, 0, 555, 47.2583, 33.6257
501, 0, 555, 47.1054, 33.6943
502, 0, 555, 46.9009, 33.7627
503, 0, 555, 46.8171, 33.8305
504, 0, 555, 46.6641, 33.8986
505, 0, 554, 47.4273, 33.9669
506, 0, 554, 47.2744, 34.0373
507, 0, 554, 46.9009, 34.1054
508, 0, 554, 46.8171, 34.1739
509, 0, 553, 47.5803, 34.2424
510, 0, 552, 48.3435, 34.3111
511, 0, 552, 47.9699, 34.3794
512, 0, 552, 47.5964, 34.4477
513, 0, 552, 47.4435, 34.5196
514, 0, 552, 47.2905, 34.5894
515, 0, 551, 48.0537, 34.6592
516, 0, 550, 48.8169, 34.7274
517, 0, 550, 48.4434, 34.8055
518, 0, 549, 48.7961, 34.8759
519, 0, 549, 49.1112, 34.9447
520, 0, 549, 48.5331, 35.0135
521, 0, 549, 48.3802, 35.0821
522, 0, 549, 48.1168, 35.1509
523, 0, 549, 47.9638, 35.2194
524, 0, 548, 48.9638, 35.2881
525, 0, 548, 48.5488, 35.3567
526, 0, 548, 48.3789, 35.4252
527, 0, 547, 49.1421, 35.4939
528, 0, 547, 48.7685, 35.5629
529, 0, 546, 49.1213, 35.6323
530, 0, 546, 48.6363, 35.7007
531, 0, 546, 48.4834, 35.7695
532, 0, 546, 48.2789, 35.8386
533, 0, 546, 48.1951, 35.9071
534, 0, 545, 47.9629, 35.9757
535, 0, 544, 49.311, 36.0444
536, 0, 544, 48.9375, 36.1134
537, 0, 544, 48.4525, 36.1826
538, 0, 544, 48.2996, 36.2511
539, 0, 544, 48.0951, 36.3201
540, 0, 543, 48.8583, 36.3889
541, 0, 543, 48.4847, 36.4579
542, 0, 543, 48.1112, 36.5266
543, 0, 543, 47.9583, 36.5954
544, 0, 543, 47.8053, 36.664
545, 0, 542, 48.5685, 36.7329
546, 0, 541, 49.3317, 36.8045
547, 0, 540, 50.0949, 36.8759
548, 0, 540, 49.7214, 36.9452
549, 0, 540, 49.3478, 37.0138
550, 0, 540, 49.1949, 37.0831
551, 0, 540, 49.042, 37.1521
552, 0, 539, 49.8052, 37.2212
553, 0, 539, 49.4316, 37.2901
554, 0, 539, 49.0581, 37.359
555, 0, 539, 48.9052, 37.428
556, 0, 538, 49.1465, 37.4976
557, 0, 538, 48.942, 37.5669
558, 0, 538, 48.8582, 37.6515
559, 0, 537, 48.626, 37.7223
560, 0, 536, 49.9741, 37.7919
561, 0, 535, 50.7373, 37.861
562, 0, 535, 50.2524, 37.9302
563, 0, 535, 49.8789, 37.9993
564, 0, 535, 49.6743, 38.0685
565, 0, 535, 49.5214, 38.1469
566, 0, 534, 50.2846, 38.2186
567, 0, 533, 51.2846, 38.2875
568, 0, 533, 50.8695, 38.3567
569, 0, 533, 50.6996, 38.4261
570, 0, 532, 51.4628, 38.4955
571, 0, 531, 52.226, 38.5644
572, 0, 531, 51.8525, 38.6337
573, 0, 531, 51.4789, 38.7118
574, 0, 531, 51.326, 38.7811
575, 0, 531, 51.1731, 38.8504
576, 0, 530, 51.9363, 38.9198
577, 0, 529, 52.9363, 38.9888
578, 0, 529, 52.5212, 39.061
579, 0, 529, 52.3513, 39.1304
580, 0, 528, 53.1145, 39.1996
581, 0, 527, 53.8777, 39.2737
582, 0, 527, 53.5042, 39.3509
583, 0, 527, 53.1306, 39.4204
584, 0, 527, 52.9777, 39.4896
585, 0, 527, 52.8248, 39.5586
586, 0, 526, 53.588, 39.6283
587, 0, 525, 54.588, 39.6978
588, 0, 525, 54.1729, 39.7683
589, 0, 525, 54.003, 39.8379
590, 0, 524, 54.7662, 39.9079
591, 0, 523, 55.5294, 39.9775
592, 0, 523, 55.1559, 40.0474
593, 0, 523, 54.7823, 40.1171
594, 0, 523, 54.6294, 40.1876
595, 0, 523, 54.4765, 40.2571
596, 0, 522, 54.2443, 40.3273
597, 0, 521, 55.5924, 40.3974
598, 0, 520, 56.5924, 40.481
599, 0, 520, 56.1774, 40.5518
600, 0, 520, 56.0075, 40.6218
601, 0, 519, 56.7707, 40.6918
602, 0, 518, 57.5339, 40.7631
603, 0, 518, 57.1603, 40.8331
604, 0, 518, 56.7868, 40.9027
605, 0, 518, 56.6339, 40.9743
606, 0, 518, 56.4809, 41.0444
607, 0, 517, 57.4809, 41.1147
608, 0, 517, 57.0659, 41.1847
609, 0, 517, 56.896, 41.2561
610, 0, 516, 57.6592, 41.3263
611, 0, 516, 57.1742, 41.396
612, 0, 516, 56.8007, 41.4763
613, 0, 516, 56.5961, 41.5463
614, 0, 516, 56.4432, 41.6165
615, 0, 515, 57.2064, 41.6863
616, 0, 515, 56.8329, 41.7561
617, 0, 515, 56.4593, 41.8259
618, 0, 514, 56.7007, 41.8961
619, 0, 514, 56.4961, 41.9674
620, 0, 514, 56.3432, 42.0368
621, 0, 513, 57.1064, 42.1059
622, 0, 512, 57.4592, 42.1756
623, 0, 512, 56.9742, 42.2449
624, 0, 512, 56.6007, 42.3145
625, 0, 512, 56.3961, 42.3842
626, 0, 512, 56.2432, 42.454
627, 0, 511, 57.0064, 42.524
628, 0, 511, 56.6329, 42.5934
629, 0, 511, 56.2593, 42.6634
630, 0, 511, 56.1064, 42.7328
631, 0, 511, 55.9535, 42.8025
632, 0, 510, 56.9535, 42.8721
633, 0, 510, 56.5384, 42.9416
634, 0, 510, 56.3685, 43.0112
635, 0, 510, 56.2847, 43.0808
636, 0, 510, 56.1742, 43.1502
637, 0, 510, 56.0637, 43.2199
638, 0, 510, 55.9799, 43.2895
639, 0, 509, 56.7431, 43.3593
640, 1, 508, 57.7431, 43.4288
641, 2, 508, 57.3281, 43.4992
642, 3, 508, 57.1581, 43.5729
643, 4, 508, 57.065, 43.6448
644, 5, 508, 57.0061, 43.7171
645, 6, 508, 56.9655, 43.7892
646, 7, 508, 56.9358, 43.86
647, 8, 508, 56.913, 43.9314
648, 9, 508, 56.8951, 44.0024
649, 10, 508, 56.8806, 44.0737
650, 10, 507, 57.6438, 44.1434
651, 10, 506, 58.407, 44.2134
652, 10, 506, 58.0335, 44.2836
653, 10, 506, 57.6599, 44.354
654, 10, 506, 57.507, 44.4248
655, 10, 506, 57.3541, 44.4946
656, 10, 505, 58.1173, 44.5648
657, 10, 504, 58.8805, 44.6425
658, 10, 503, 59.6437, 44.7135
659, 10, 503, 59.2701, 44.792
660, 10, 503, 58.8966, 44.8622
661, 10, 503, 58.7437, 44.9326
662, 10, 503, 58.5907, 45.003
663, 10, 502, 58.3585, 45.0746
664, 10, 501, 59.7067, 45.1453
665, 10, 500, 59.4745, 45.2158
666, 10, 499, 60.8227, 45.2867
667, 10, 499, 60.3377, 45.3572
668, 10, 499, 59.8527, 45.429
669, 10, 499, 59.6482, 45.4996
670, 10, 498, 60.6482, 45.5705
671, 10, 498, 60.2332, 45.6411
672, 10, 498, 60.0632, 45.7112
673, 10, 497, 61.0632, 45.7818
674, 10, 497, 60.6482, 45.8524
675, 10, 497, 60.4783, 45.9232
676, 10, 496, 61.2415, 45.9937
677, 10, 495, 62.2415, 46.0645
678, 10, 495, 61.8264, 46.135
679, 10, 495, 61.6565, 46.2074
680, 10, 494, 61.4243, 46.2783
681, 10, 493, 62.7725, 46.3492
682, 10, 493, 62.3989, 46.4199
683, 10, 493, 61.914, 46.4906
684, 10, 493, 61.7611, 46.5613
685, 10, 493, 61.5565, 46.6321
686, 10, 493, 61.352, 46.7054
687, 10, 492, 62.352, 46.7762
688, 10, 492, 61.9369, 46.8469
689, 10, 492, 61.767, 46.9177
690, 10, 491, 62.5302, 46.9886
691, 10, 491, 62.1567, 47.0594
692, 10, 491, 61.7831, 47.1354
693, 10, 491, 61.6302, 47.2064
694, 10, 491, 61.4773, 47.2771
695, 10, 490, 62.2405, 47.3482
696, 10, 489, 63.0037, 47.4207
697, 10, 488, 63.7669, 47.4915
698, 10, 488, 63.3933, 47.5624
699, 10, 488, 63.0198, 47.6332
700, 10, 488, 62.8669, 47.7041
701, 10, 488, 62.7139, 47.7747
702, 10, 487, 63.4771, 47.8455
703, 10, 486, 64.2403, 47.9163
704, 10, 486, 63.8668, 47.987
705, 10, 486, 63.4933, 48.0575
706, 10, 485, 63.7346, 48.1514
707, 10, 485, 63.5301, 48.224
708, 10, 485, 63.3771, 48.295
709, 10, 484, 64.1403, 48.3665
710, 10, 484, 63.7668, 48.4373
711, 10, 484, 63.3933, 48.5097
712, 10, 484, 63.2403, 48.6057
713, 10, 484, 63.0874, 48.6772
714, 11, 484, 63.0754, 48.75
715, 11, 484, 62.9916, 48.821
716, 11, 483, 62.7594, 48.8919
717, 11, 482, 64.1076, 48.9627
718, 11, 481, 65.1076, 49.0335
719, 11, 481, 64.6926, 49.1062
720, 11, 481, 64.5226, 49.1973
721, 11, 480, 65.2858, 49.2703
722, 11, 480, 64.8009, 49.3421
723, 11, 480, 64.4273, 49.4143
724, 11, 480, 64.2228, 49.4855
725, 11, 480, 64.0699, 49.5567
726, 11, 480, 63.9768, 49.6278
727, 11, 480, 64.1398, 49.7102
728, 11, 480, 64.056, 49.7824
729, 11, 480, 63.9722, 49.8537
730, 11, 480, 63.8884, 49.9245
731, 11, 479, 64.8884, 49.9956
732, 11, 479, 64.4734, 50.0666
733, 11, 479, 64.3034, 50.1376
734, 11, 478, 65.0666, 50.2092
735, 11, 477, 65.4194, 50.2805
736, 11, 477, 64.9344, 50.3518
737, 11, 477, 64.8506, 50.423
738, 11, 476, 65.6138, 50.4938
739, 11, 475, 66.377, 50.5645
740, 11, 474, 67.1402, 50.6355
741, 11, 474, 66.7667, 50.7066
742, 11, 474, 66.3932, 50.7774
743, 11, 474, 66.2402, 50.8487
744, 11, 474, 66.0873, 50.9214
745, 11, 473, 66.8505, 50.9935
746, 11, 472, 67.6137, 51.0652
747, 11, 472, 67.2402, 51.1373
748, 11, 472, 66.8666, 51.2106
749, 11, 472, 66.7137, 51.2831
750, 11, 472, 66.5608, 51.3551
751, 11, 471, 67.324, 51.4378
752, 11, 471, 66.9504, 51.5107
753, 11, 471, 66.5769, 51.5825
754, 11, 471, 66.424, 51.6541
755, 11, 471, 66.271, 51.728
756, 11, 471, 66.1605, 51.8
757, 11, 470, 65.9283, 51.8716
758, 11, 469, 67.2765, 51.9435
759, 11, 468, 68.2765, 52.0154
760, 11, 468, 67.8615, 52.0871
761, 11, 468, 67.6915, 52.1588
762, 11, 467, 68.4547, 52.2302
763, 11, 467, 67.9698, 52.3103
764, 11, 467, 67.5962, 52.3828
765, 11, 467, 67.3917, 52.4548
766, 11, 467, 67.2388, 52.5267
767, 11, 467, 67.1456, 52.5984
768, 11, 467, 67.0351, 52.6702
769, 11, 466, 67.7983, 52.7421
770, 11, 465, 68.5615, 52.8142
771, 11, 464, 69.3247, 52.886
772, 11, 463, 70.0879, 52.9579
773, 11, 463, 69.7144, 53.0297
774, 11, 463, 69.3409, 53.1017
775, 11, 463, 69.1879, 53.1744
776, 11, 463, 69.035, 53.2462
777, 11, 462, 69.7982, 53.3181
778, 11, 462, 69.4247, 53.3903
779, 11, 461, 69.7774, 53.4623
780, 11, 461, 69.2925, 53.5345
781, 11, 460, 69.5338, 53.6068
782, 11, 460, 69.3293, 53.6795
783, 11, 460, 69.1247, 53.7518
784, 11, 459, 70.1247, 53.8237
785, 11, 459, 69.7097, 53.8954
786, 11, 459, 69.5398, 53.9693
787, 11, 458, 70.303, 54.0419
788, 11, 458, 69.9294, 54.1143
789, 11, 458, 69.5559, 54.1869
790, 11, 458, 69.403, 54.2605
791, 11, 458, 69.25, 54.3327
792, 11, 458, 69.1662, 54.4054
793, 11, 457, 70.1662, 54.4788
794, 11, 457, 69.7512, 54.5515
795, 11, 457, 69.5813, 54.6245
796, 11, 457, 69.4708, 54.6974
797, 11, 456, 70.234, 54.7786
798, 11, 455, 70.9972, 54.8516
799, 11, 455, 70.6236, 54.9242
800, 11, 455, 70.2501, 54.9967
801, 11, 455, 70.0972, 55.069
802, 11, 455, 69.9442, 55.1438
803, 11, 454, 70.9442, 55.2171
804, 11, 454, 70.5292, 55.2895
805, 11, 454, 70.3593, 55.362
806, 11, 454, 70.2755, 55.4347
807, 11, 453, 71.0387, 55.507
808, 11, 452, 71.8019, 55.5797
809, 11, 451, 72.5651, 55.6522
810, 11, 450, 73.3283, 55.7258
811, 11, 450, 72.9547, 55.7987
812, 11, 450, 72.5812, 55.8902
813, 11, 450, 72.4283, 55.9639
814, 11, 450, 72.2753, 56.0365
815, 11, 450, 72.1915, 56.1091
816, 11, 449, 72.9547, 56.1815
817, 11, 448, 73.3075, 56.2543
818, 11, 448, 73.6225, 56.3271
819, 11, 448, 73.0445, 56.4004
820, 11, 448, 72.6709, 56.473
821, 11, 448, 72.4075, 56.5459
822, 11, 448, 72.2546, 56.6187
823, 11, 447, 72.0224, 56.691
824, 11, 446, 73.3705, 56.7637
825, 11, 446, 72.997, 56.8366
826, 11, 446, 72.512, 56.9094
827, 11, 446, 72.3591, 56.9829
828, 11, 446, 72.1546, 57.0556
829, 11, 445, 72.9178, 57.1282
830, 11, 445, 72.5442, 57.2003
831, 11, 445, 72.1707, 57.2724
832, 11, 445, 72.0178, 57.3456
833, 11, 445, 71.8648, 57.4179
834, 11, 444, 72.8648, 57.49
835, 11, 444, 72.4498, 57.5625
836, 11, 444, 72.2799, 57.6379
837, 11, 444, 72.1961, 57.7103
838, 11, 444, 72.1123, 57.7824
839, 11, 444, 71.9611, 57.8553
840, 11, 444, 71.8773, 57.9277
841, 11, 444, 71.7842, 58.0021
842, 11, 443, 71.974, 58.0745
843, 11, 443, 71.8635, 58.1565
844, 11, 443, 71.7797, 58.2292
845, 11, 443, 71.6959, 58.3014
846, 11, 443, 71.6028, 58.3736
847, 11, 443, 71.519, 58.4457
848, 12, 443, 71.5089, 58.5262
849, 12, 443, 71.4559, 58.6011
850, 12, 443, 71.3454, 58.6739
851, 12, 443, 71.2523, 58.7461
852, 12, 443, 71.1592, 58.8182
853, 12, 443, 71.0754, 58.8905
854, 12, 443, 71.0224, 58.9659
855, 12, 443, 70.9694, 59.0378
856, 12, 443, 70.8856, 59.1094
857, 12, 443, 70.8018, 59.1812
858, 12, 443, 70.718, 59.2532
859, 12, 443, 70.6342, 59.3251
860, 12, 443, 70.5504, 59.3968
861, 12, 443, 70.4666, 59.4705
862, 12, 443, 70.3828, 59.5523
863, 12, 443, 70.299, 59.6243
864, 12, 443, 70.2152, 59.6963
865, 12, 443, 70.1314, 59.768
866, 12, 443, 70.0383, 59.8406
867, 12, 443, 69.9545, 59.9126
868, 12, 442, 70.1442, 59.9843
869, 12, 442, 70.0337, 60.0565
870, 12, 442, 69.9499, 60.1285
871, 12, 442, 69.8661, 60.2005
872, 12, 442, 69.7823, 60.2725
873, 13, 442, 69.7738, 60.3463
874, 13, 442, 69.7208, 60.4185
875, 13, 442, 69.6103, 60.4903
876, 13, 442, 69.4998, 60.5624
877, 13, 442, 69.4468, 60.6341
878, 13, 442, 69.3938, 60.7065
879, 13, 442, 69.1892, 60.7806
880, 13, 442, 69.1526, 60.8527
881, 13, 442, 69.0853, 60.9264
882, 13, 442, 69.0015, 60.9981
883, 13, 442, 68.9485, 61.0701
884, 13, 442, 68.8811, 61.1423
885, 13, 442, 68.788, 61.2168
886, 13, 442, 68.6775, 61.2892
887, 13, 442, 68.5844, 61.3608
888, 13, 442, 68.4913, 61.44
889, 13, 442, 68.424, 61.512
890, 13, 442, 68.371, 61.5836
891, 13, 442, 68.2779, 61.6636
892, 13, 442, 68.1941, 61.7359
893, 13, 442, 68.1352, 61.8077
894, 13, 442, 68.0678, 61.8796
895, 13, 442, 67.984, 61.9531
896, 13, 442, 67.931, 62.0256
897, 13, 442, 67.8721, 62.0981
898, 13, 442, 67.8132, 62.1703
899, 13, 442, 67.7692, 62.2508
900, 13, 442, 67.7326, 62.3436
901, 13, 442, 67.6488, 62.4321
902, 13, 442, 67.5557, 62.5139
903, 13, 442, 67.7187, 62.5863
904, 13, 442, 67.6349, 62.6599
905, 13, 441, 67.8246, 62.7322
906, 13, 441, 67.7141, 62.8043
907, 13, 440, 67.9039, 62.8767
908, 13, 440, 67.7934, 62.9511
909, 13, 439, 68.5566, 63.0236
910, 13, 438, 69.3198, 63.096
911, 13, 438, 68.9462, 63.1687
912, 13, 438, 68.5727, 63.2413
913, 13, 438, 68.4198, 63.3142
914, 13, 438, 68.2668, 63.3865
915, 13, 438, 68.183, 63.4589
916, 13, 437, 68.9462, 63.5314
917, 13, 437, 68.5727, 63.6056
918, 13, 437, 68.1992, 63.6795
919, 13, 437, 68.0462, 63.7525
920, 13, 437, 67.8933, 63.8253
921, 13, 436, 68.6565, 63.898
922, 13, 435, 68.4243, 63.9712
923, 13, 434, 69.7725, 64.044
924, 13, 433, 70.5357, 64.117
925, 13, 433, 70.0507, 64.19
926, 13, 433, 69.6772, 64.263
927, 13, 433, 69.4726, 64.336
928, 13, 432, 69.714, 64.4096
929, 13, 432, 69.5094, 64.4822
930, 13, 431, 70.2726, 64.5558
931, 13, 431, 69.8991, 64.6536
932, 13, 431, 69.5256, 64.7269
933, 13, 431, 69.3726, 64.8196
934, 13, 431, 69.2197, 64.8928
935, 13, 431, 69.1359, 64.9657
936, 13, 430, 69.8991, 65.0387
937, 13, 429, 69.6669, 65.1125
938, 13, 428, 71.0151, 65.1859
939, 13, 427, 71.7783, 65.2591
940, 13, 427, 71.2933, 65.3324
941, 13, 427, 70.9198, 65.4053
942, 13, 427, 70.7152, 65.4802
943, 13, 427, 70.5623, 65.5551
944, 13, 426, 71.3255, 65.6298
945, 13, 426, 70.952, 65.7029
946, 13, 426, 70.5784, 65.7754
947, 13, 426, 70.4255, 65.8495
948, 13, 426, 70.2726, 65.9241
949, 13, 426, 70.1888, 65.9974
950, 13, 425, 70.952, 66.0855
951, 13, 424, 71.7152, 66.1793
952, 13, 424, 71.3416, 66.2965
953, 13, 424, 70.9681, 66.4178
954, 13, 424, 70.8152, 66.5402
955, 13, 424, 70.6622, 66.6458
956, 13, 423, 71.6622, 66.7707
957, 13, 423, 71.2472, 66.9127
958, 13, 423, 71.0773, 66.9896
959, 13, 422, 71.8405, 67.0635
960, 13, 421, 72.6037, 67.1739
961, 13, 420, 73.3669, 67.2499
962, 13, 420, 72.9933, 67.3238
963, 13, 420, 72.6198, 67.3982
964, 13, 420, 72.4669, 67.4723
965, 13, 420, 72.3139, 67.5462
966, 13, 419, 72.0817, 67.62
967, 13, 418, 73.4299, 67.6967
968, 13, 418, 73.0564, 67.7712
969, 13, 418, 72.5714, 67.8454
970, 13, 418, 72.4185, 67.9195
971, 13, 418, 72.2139, 67.9937
972, 13, 418, 72.1301, 68.0677
973, 13, 417, 72.8933, 68.1548
974, 13, 416, 72.6611, 68.2289
975, 13, 415, 74.0093, 68.3036
976, 13, 415, 73.6357, 68.3793
977, 13, 415, 73.1508, 68.4542
978, 13, 415, 72.9979, 68.5282
979, 13, 415, 73.2198, 68.6028
980, 13, 414, 73.983, 68.6767
981, 13, 413, 74.7462, 68.7531
982, 13, 413, 74.3726, 68.8298
983, 13, 413, 73.9991, 68.9038
984, 13, 413, 73.8462, 68.9788
985, 13, 413, 73.6932, 69.0534
986, 13, 412, 74.6932, 69.1276
987, 13, 412, 74.2782, 69.2048
988, 13, 412, 74.1083, 69.2908
989, 13, 411, 74.8715, 69.3656
990, 13, 410, 75.6347, 69.4398
991, 13, 409, 76.3979, 69.5322
992, 13, 408, 76.7506, 69.6077
993, 13, 408, 76.2657, 69.6936
994, 13, 408, 75.8921, 69.7753
995, 13, 408, 75.6876, 69.8499
996, 13, 408, 75.5347, 69.9243
997, 13, 407, 76.2979, 70.0004
998, 13, 406, 77.0611, 70.0747
999, 13, 405, 77.4138, 70.1493
1000, 13, 405, 76.9289, 70.2238
1001, 13, 405, 76.5553, 70.2984
1002, 13, 405, 76.3508, 70.3731
1003, 13, 405, 76.1979, 70.4488
1004, 13, 404, 76.9611, 70.5248
1005, 13, 404, 76.5875, 70.5992
1006, 13, 404, 76.214, 70.6738
1007, 13, 404, 76.0611, 70.7482
1008, 13, 404, 75.9081, 70.8226
1009, 13, 403, 76.0979, 70.8981
1010, 13, 403, 75.9874, 70.9745
1011, 13, 402, 76.9874, 71.0646
1012, 13, 402, 76.5723, 71.1394
1013, 13, 402, 76.4024, 71.214
1014, 13, 401, 77.4024, 71.2879
1015, 13, 401, 76.9874, 71.3632
1016, 13, 401, 76.8174, 71.4488
1017, 13, 400, 77.5806, 71.5241
1018, 13, 399, 78.5806, 71.6005
1019, 13, 399, 78.1656, 71.6747
1020, 13, 399, 77.9957, 71.7489
1021, 13, 398, 78.7589, 71.8307
1022, 13, 398, 78.3853, 71.905
1023, 13, 398, 78.0118, 71.9788
1024, 13, 398, 77.8589, 72.0525
1025, 13, 397, 78.1002, 72.1313
1026, 13, 397, 77.8957, 72.2075
1027, 13, 397, 77.8119, 72.2815
1028, 13, 396, 78.5751, 72.3557
1029, 13, 395, 79.3383, 72.43
1030, 13, 394, 80.1015, 72.5041
1031, 13, 393, 80.8647, 72.5786
1032, 13, 392, 81.6279, 72.6543
1033, 13, 391, 81.3957, 72.7285
1034, 13, 390, 82.7438, 72.8029
1035, 13, 389, 83.507, 72.8772
1036, 13, 388, 84.2702, 72.9514
1037, 13, 387, 84.038, 73.0289
1038, 13, 386, 85.3862, 73.1033
1039, 13, 385, 86.1494, 73.178
1040, 13, 384, 87.1494, 73.2519
1041, 13, 384, 86.7344, 73.3256
1042, 13, 384, 86.5644, 73.3994
1043, 13, 383, 87.3276, 73.4732
1044, 13, 383, 86.9541, 73.5477
1045, 13, 382, 87.3069, 73.622
1046, 13, 382, 86.8219, 73.6962
1047, 13, 382, 86.669, 73.7698
1048, 13, 382, 86.4644, 73.8438
1049, 13, 381, 86.2322, 73.9176
1050, 13, 380, 87.5804, 73.9922
1051, 13, 380, 87.8954, 74.0659
1052, 13, 379, 88.6586, 74.14
1053, 13, 379, 88.2851, 74.2155
1054, 13, 379, 87.9116, 74.2901
1055, 13, 378, 88.1529, 74.3643
1056, 13, 378, 87.9484, 74.4386
1057, 13, 378, 87.7954, 74.5127
1058, 13, 377, 88.5586, 74.5866
1059, 13, 377, 88.1851, 74.6611
1060, 13, 377, 87.8116, 74.7354
1061, 13, 377, 87.6586, 74.8223
1062, 13, 377, 87.5057, 74.8968
1063, 13, 376, 88.2689, 74.9709
1064, 13, 376, 87.7839, 75.0452
1065, 13, 376, 87.4104, 75.1192
1066, 13, 376, 87.6323, 75.1937
1067, 13, 376, 87.3689, 75.2853
1068, 13, 376, 87.216, 75.3602
1069, 13, 375, 87.9792, 75.4342
1070, 13, 375, 87.6056, 75.5084
1071, 13, 375, 87.2321, 75.5826
1072, 13, 375, 87.0792, 75.6567
1073, 13, 375, 86.9262, 75.7437
1074, 13, 374, 87.6894, 75.8187
1075, 13, 374, 87.3159, 75.8932
1076, 13, 374, 86.9424, 75.9691
1077, 13, 374, 86.7894, 76.0647
1078, 13, 374, 86.6365, 76.1551
1079, 13, 373, 87.3997, 76.2456
1080, 13, 373, 87.0262, 76.3212
1081, 13, 373, 86.6526, 76.3954
1082, 13, 373, 86.4997, 76.4695
1083, 13, 373, 86.3468, 76.5435
1084, 13, 372, 87.11, 76.6178
1085, 13, 372, 86.7364, 76.6923
1086, 13, 372, 86.3629, 76.7735
1087, 13, 372, 86.21, 76.8481
1088, 13, 372, 86.057, 76.9225
1089, 13, 371, 87.057, 76.9982
1090, 13, 371, 86.642, 77.0724
1091, 13, 371, 86.4721, 77.1462
1092, 13, 370, 87.2353, 77.2204
1093, 13, 370, 86.8617, 77.2958
1094, 13, 370, 86.4882, 77.3716
1095, 13, 370, 86.3353, 77.4461
1096, 13, 370, 86.1823, 77.5205
1097, 13, 370, 86.0985, 77.5949
1098, 13, 369, 86.8617, 77.6692
1099, 13, 368, 87.6249, 77.7449
1100, 13, 367, 88.3881, 77.8193
1101, 13, 366, 89.1513, 77.8938
1102, 13, 365, 88.9191, 77.97
1103, 13, 364, 90.2673, 78.0452
1104, 13, 363, 91.0305, 78.1313
1105, 13, 362, 91.7937, 78.2066
1106, 13, 361, 92.5569, 78.2821
1107, 13, 360, 93.3201, 78.3574
1108, 13, 359, 94.0833, 78.4325
1109, 13, 358, 95.0833, 78.5077
1110, 13, 358, 94.6682, 78.5842
1111, 13, 358, 94.4983, 78.6782
1112, 13, 357, 95.2615, 78.766
1113, 13, 357, 94.888, 78.8622
1114, 13, 357, 94.5144, 78.9452
1115, 13, 357, 94.3615, 79.0326
1116, 13, 357, 94.2086, 79.1144
1117, 13, 356, 94.9718, 79.1957
1118, 13, 356, 94.5982, 79.2826
1119, 13, 355, 94.951, 79.3642
1120, 13, 355, 94.466, 79.4466
1121, 13, 355, 94.3131, 79.5339
1122, 13, 355, 94.1086, 79.6207
1123, 13, 354, 94.8718, 79.6974
1124, 13, 354, 94.4982, 79.7863
1125, 13, 354, 94.1247, 79.8828
1126, 13, 354, 93.9718, 79.9703
1127, 13, 354, 93.8188, 80.0526
1128, 13, 353, 94.582, 80.1422
1129, 13, 353, 94.2085, 80.2241
1130, 13, 353, 93.835, 80.301
1131, 13, 353, 93.682, 80.3775
1132, 13, 353, 93.5291, 80.4539
1133, 13, 352, 94.2923, 80.53
1134, 13, 352, 93.9188, 80.6164
1135, 13, 352, 93.5452, 80.6928
1136, 13, 352, 93.3923, 80.7899
1137, 13, 351, 93.6336, 80.8683
1138, 13, 351, 93.4291, 80.9471
1139, 13, 350, 94.1923, 81.0243
1140, 13, 350, 93.7073, 81.1017
1141, 13, 350, 93.3338, 81.1789
1142, 13, 350, 93.1293, 81.2559
1143, 13, 350, 92.9763, 81.3346
1144, 13, 349, 93.7395, 81.412
1145, 13, 349, 93.366, 81.4996
1146, 13, 349, 92.9925, 81.5778
1147, 13, 349, 92.8395, 81.6551
1148, 13, 349, 92.6866, 81.7322
1149, 13, 348, 93.4498, 81.8095
1150, 13, 348, 93.0763, 81.8866
1151, 13, 348, 92.7027, 81.9675
1152, 13, 348, 92.5498, 82.0597
1153, 13, 348, 92.3969, 82.166
1154, 13, 347, 93.1601, 82.2694
1155, 13, 346, 93.5128, 82.3556
1156, 13, 346, 93.0279, 82.4979
1157, 13, 345, 93.3806, 82.603
1158, 13, 345, 92.8957, 82.6815
1159, 13, 345, 93.1176, 82.7605
1160, 13, 345, 93.3221, 82.8501
1161, 13, 344, 94.3221, 82.9301
1162, 13, 344, 93.9071, 83.0097
1163, 13, 344, 93.7372, 83.0878
1164, 13, 343, 94.5004, 83.1771
1165, 13, 343, 94.1268, 83.257
1166, 13, 343, 93.7533, 83.3358
1167, 13, 343, 93.6004, 83.4153
1168, 13, 343, 93.4474, 83.4936
1169, 13, 343, 93.3636, 83.5718
1170, 13, 342, 94.1268, 83.65
1171, 13, 341, 94.89, 83.7284
1172, 13, 341, 94.5165, 83.8066
1173, 13, 341, 94.143, 83.887
1174, 13, 341, 93.99, 83.9652
1175, 13, 341, 93.8371, 84.0436
1176, 13, 340, 94.6003, 84.1248
1177, 13, 340, 94.3958, 84.2043
1178, 13, 339, 95.159, 84.2832
1179, 13, 338, 95.9222, 84.3639
1180, 13, 337, 96.6854, 84.4422
1181, 13, 336, 97.4486, 84.5204
1182, 13, 335, 98.2118, 84.599
1183, 13, 334, 98.975, 84.6776
1184, 13, 333, 99.7381, 84.7817
1185, 13, 332, 99.506, 84.8615
1186, 13, 331, 100.854, 84.9423
1187, 13, 330, 101.617, 85.021
1188, 13, 329, 102.381, 85.0994
1189, 13, 328, 103.381, 85.1778
1190, 13, 328, 102.965, 85.2561
1191, 13, 328, 102.796, 85.3359
1192, 13, 327, 103.559, 85.4143
1193, 13, 327, 103.185, 85.4929
1194, 13, 327, 102.812, 85.5713
1195, 13, 326, 103.053, 85.6504
1196, 13, 326, 102.848, 85.7295
1197, 13, 326, 102.696, 85.8077
1198, 13, 325, 103.459, 85.8862
1199, 13, 324, 103.812, 85.966
1200, 13, 324, 103.327, 86.0456
1201, 13, 324, 102.953, 86.1232
1202, 13, 324, 102.748, 86.202
1203, 13, 324, 102.596, 86.2829
1204, 13, 323, 103.359, 86.3608
1205, 13, 323, 102.874, 86.4388
1206, 13, 323, 102.5, 86.5164
1207, 13, 323, 102.296, 86.596
1208, 13, 323, 102.143, 86.6739
1209, 13, 322, 102.906, 86.7515
1210, 13, 321, 103.259, 86.8295
1211, 13, 321, 102.774, 86.9076
1212, 13, 321, 102.4, 86.9857
1213, 13, 321, 102.196, 87.0647
1214, 13, 321, 102.043, 87.1417
1215, 13, 320, 102.806, 87.2189
1216, 13, 320, 102.432, 87.2958
1217, 13, 320, 102.059, 87.3728
1218, 13, 320, 101.906, 87.4503
1219, 13, 320, 101.753, 87.5298
1220, 13, 319, 102.516, 87.6075
1221, 13, 319, 102.143, 87.6873
1222, 13, 319, 101.769, 87.7645
1223, 13, 319, 101.616, 87.8418
1224, 13, 319, 101.463, 87.92
1225, 13, 318, 102.227, 87.9978
1226, 13, 318, 101.853, 88.0762
1227, 13, 318, 101.479, 88.1691
1228, 13, 318, 101.327, 88.2467
1229, 13, 318, 101.174, 88.3237
1230, 13, 317, 101.937, 88.4024
1231, 13, 317, 101.563, 88.4793
1232, 13, 317, 101.19, 88.5559
1233, 13, 317, 101.037, 88.6325
1234, 13, 317, 100.884, 88.709
1235, 13, 316, 101.647, 88.7858
1236, 13, 316, 101.273, 88.8619
1237, 13, 316, 100.9, 88.9381
1238, 13, 316, 100.747, 89.0156
1239, 13, 316, 100.594, 89.0935
1240, 13, 315, 101.594, 89.1692
1241, 13, 315, 101.179, 89.2456
1242, 13, 315, 101.009, 89.322
1243, 13, 314, 100.777, 89.3986
1244, 13, 313, 102.125, 89.4753
1245, 13, 313, 101.752, 89.5517
1246, 13, 313, 101.267, 89.6285
1247, 13, 313, 101.114, 89.7048
1248, 13, 313, 100.909, 89.7814
1249, 13, 313, 100.605, 89.8579
1250, 13, 312, 101.368, 89.9343
1251, 13, 312, 100.995, 90.0129
1252, 13, 311, 101.347, 90.0894
1253, 13, 311, 100.863, 90.171
1254, 13, 311, 100.71, 90.2474
1255, 13, 311, 100.505, 90.3237
1256, 13, 310, 100.695, 90.4003
1257, 13, 310, 100.584, 90.4767
1258, 13, 309, 101.347, 90.5531
1259, 13, 308, 102.111, 90.6304
1260, 13, 308, 101.737, 90.7068
1261, 13, 308, 101.364, 90.7832
1262, 13, 307, 101.605, 90.8597
1263, 13, 307, 101.827, 90.9361
1264, 13, 307, 101.563, 91.0139
1265, 13, 306, 101.805, 91.0907
1266, 13, 306, 101.6, 91.1683
1267, 13, 305, 101.79, 91.2444
1268, 13, 305, 101.953, 91.3205
1269, 13, 305, 101.802, 91.3977
1270, 13, 304, 102.802, 91.4976
1271, 13, 304, 102.387, 91.5739
1272, 13, 304, 102.217, 91.6495
1273, 13, 304, 102.133, 91.7255
1274, 13, 303, 102.896, 91.8013
1275, 13, 302, 103.66, 91.8784
1276, 13, 301, 104.423, 91.956
1277, 13, 300, 105.186, 92.0335
1278, 13, 299, 106.186, 92.1117
1279, 13, 299, 105.771, 92.1874
1280, 13, 299, 105.601, 92.2632
1281, 13, 298, 106.364, 92.3391
1282, 13, 298, 105.991, 92.4323
1283, 13, 298, 105.617, 92.5096
1284, 13, 298, 105.464, 92.5854
1285, 13, 298, 105.311, 92.6614
1286, 13, 297, 106.074, 92.7384
1287, 13, 297, 105.701, 92.8145
1288, 13, 297, 105.327, 92.8907
1289, 13, 297, 105.174, 92.9665
1290, 13, 297, 105.021, 93.0528
1291, 13, 296, 105.785, 93.1288
1292, 13, 296, 105.411, 93.2049
1293, 13, 296, 105.038, 93.2811
1294, 13, 296, 104.885, 93.357
1295, 13, 296, 104.732, 93.433
1296, 13, 295, 104.5, 93.5187
1297, 13, 294, 105.848, 93.5951
1298, 13, 294, 105.474, 93.6712
1299, 13, 294, 104.989, 93.7476
1300, 13, 293, 105.231, 93.8238
1301, 13, 293, 105.026, 93.8999
1302, 13, 293, 105.248, 93.9771
1303, 13, 293, 105.164, 94.0541
1304, 13, 292, 105.927, 94.1305
1305, 13, 291, 106.691, 94.2073
1306, 13, 290, 106.458, 94.2836
1307, 13, 289, 107.807, 94.3637
1308, 13, 289, 107.433, 94.4417
1309, 13, 289, 106.948, 94.5188
1310, 13, 289, 106.795, 94.5966
1311, 13, 289, 106.591, 94.675
1312, 13, 288, 107.354, 94.7615
1313, 13, 288, 106.98, 94.8384
1314, 13, 288, 106.607, 94.9151
1315, 13, 288, 106.454, 94.9932
1316, 13, 288, 106.301, 95.0701
1317, 13, 287, 106.069, 95.1465
1318, 13, 286, 107.417, 95.2233
1319, 13, 285, 108.18, 95.2995
1320, 13, 285, 107.695, 95.376
1321, 13, 285, 107.321, 95.4524
1322, 13, 285, 107.117, 95.529
1323, 13, 285, 106.964, 95.6062
1324, 13, 285, 106.88, 95.6831
1325, 13, 285, 106.796, 95.7595
1326, 13, 284, 107.56, 95.8357
1327, 13, 283, 108.323, 95.912
1328, 13, 283, 107.949, 95.9903
1329, 13, 283, 107.576, 96.0673
1330, 13, 283, 107.423, 96.1442
1331, 13, 283, 107.27, 96.2221
1332, 13, 282, 108.033, 96.2993
1333, 13, 281, 108.796, 96.3767
1334, 13, 281, 108.423, 96.4539
1335, 13, 281, 108.049, 96.5312
1336, 13, 281, 107.896, 96.6302
1337, 13, 281, 107.743, 96.7079
1338, 13, 281, 107.66, 96.7856
1339, 13, 281, 107.549, 96.8631
1340, 13, 281, 107.465, 96.9408
1341, 13, 281, 107.381, 97.018
1342, 13, 281, 107.288, 97.0954
1343, 13, 281, 107.205, 97.1727
1344, 13, 280, 107.394, 97.25
1345, 13, 280, 107.284, 97.3334
1346, 13, 280, 107.173, 97.4109
1347, 13, 280, 107.089, 97.4882
1348, 13, 280, 106.979, 97.5671
1349, 13, 280, 106.886, 97.645
1350, 13, 280, 106.802, 97.723
1351, 13, 280, 106.718, 97.8003
1352, 13, 280, 106.634, 97.8772
1353, 13, 280, 106.551, 97.9627
1354, 13, 280, 106.467, 98.0607
1355, 13, 280, 106.383, 98.1748
1356, 13, 280, 106.299, 98.2818
1357, 13, 280, 106.215, 98.3651
1358, 13, 279, 106.979, 98.4761
1359, 13, 278, 107.742, 98.5937
1360, 13, 278, 107.368, 98.6886
1361, 13, 278, 106.995, 98.7678
1362, 13, 278, 106.842, 98.8465
1363, 13, 278, 106.689, 98.9252
1364, 13, 278, 106.605, 99.0034
1365, 13, 277, 107.368, 99.0812
1366, 13, 276, 108.132, 99.1616
1367, 13, 275, 108.895, 99.2568
1368, 13, 275, 108.521, 99.3403
1369, 13, 275, 108.148, 99.4185
1370, 13, 275, 107.995, 99.4966
1371, 13, 275, 107.842, 99.5743
1372, 13, 274, 108.605, 99.6525
1373, 13, 274, 108.231, 99.7309
1374, 13, 274, 107.858, 99.8087
1375, 13, 273, 108.099, 99.8871
1376, 13, 273, 107.895, 99.9652
1377, 13, 273, 107.742, 100.043
1378, 13, 272, 108.505, 100.122
1379, 13, 271, 109.268, 100.2
1380, 13, 271, 108.895, 100.296
1381, 13, 271, 108.521, 100.375
1382, 13, 271, 108.368, 100.453
1383, 13, 271, 108.215, 100.543
1384, 13, 271, 108.105, 100.621
1385, 13, 271, 108.021, 100.7
1386, 13, 270, 108.784, 100.777
1387, 13, 269, 109.547, 100.857
1388, 13, 269, 109.174, 100.935
1389, 13, 269, 108.8, 101.013
1390, 13, 269, 108.647, 101.091
1391, 13, 268, 108.889, 101.169
1392, 13, 268, 108.684, 101.248
1393, 13, 267, 109.447, 101.328
1394, 13, 266, 110.211, 101.408
1395, 13, 266, 109.837, 101.504
1396, 13, 266, 109.463, 101.582
1397, 13, 266, 109.311, 101.661
1398, 13, 266, 109.158, 101.739
1399, 13, 266, 109.321, 101.818
1400, 13, 266, 109.237, 101.896
1401, 13, 266, 109.126, 101.974
1402, 13, 266, 109.016, 102.053
1403, 13, 266, 108.905, 102.131
1404, 13, 266, 108.822, 102.21
1405, 13, 266, 108.711, 102.288
1406, 13, 266, 108.627, 102.367
1407, 13, 265, 109.39, 102.445
1408, 13, 264, 110.154, 102.523
1409, 13, 264, 109.78, 102.603
1410, 13, 264, 109.407, 102.682
1411, 13, 264, 109.254, 102.76
1412, 13, 263, 109.495, 102.841
1413, 13, 263, 109.29, 102.919
1414, 13, 263, 109.207, 102.998
1415, 13, 262, 109.97, 103.078
1416, 13, 261, 110.733, 103.155
1417, 13, 260, 111.496, 103.235
1418, 13, 260, 111.123, 103.313
1419, 13, 260, 110.749, 103.391
1420, 13, 260, 110.596, 103.468
1421, 13, 260, 110.443, 103.546
1422, 13, 259, 110.211, 103.624
1423, 13, 258, 111.559, 103.702
1424, 13, 258, 111.186, 103.781
1425, 13, 258, 110.701, 103.86
1426, 13, 258, 110.548, 103.938
1427, 13, 258, 110.343, 104.016
1428, 13, 257, 111.107, 104.103
1429, 13, 256, 111.87, 104.181
1430, 13, 256, 111.496, 104.259
1431, 13, 256, 111.123, 104.337
1432, 13, 256, 110.97, 104.417
1433, 13, 256, 110.817, 104.497
1434, 13, 256, 110.733, 104.576
1435, 14, 255, 111.733, 104.66
1436, 15, 255, 111.318, 104.739
1437, 16, 255, 111.148, 104.831
1438, 17, 255, 111.055, 104.911
1439, 18, 255, 110.996, 104.99
1440, 19, 255, 110.955, 105.07
1441, 20, 255, 110.926, 105.148
1442, 21, 255, 110.903, 105.227
1443, 22, 255, 110.885, 105.305
1444, 23, 255, 110.87, 105.384
1445, 24, 254, 111.87, 105.462
1446, 25, 254, 111.455, 105.548
1447, 26, 254, 111.286, 105.627
1448, 27, 254, 111.192, 105.705
1449, 28, 254, 111.134, 105.783
1450, 29, 254, 111.093, 105.861
1451, 30, 254, 111.063, 105.939
1452, 31, 254, 111.04, 106.018
1453, 32, 254, 111.022, 106.096
1454, 33, 254, 111.008, 106.174
1455, 34, 254, 110.996, 106.254
1456, 35, 254, 110.984, 106.333
1457, 35, 254, 110.9, 106.411
1458, 35, 253, 111.663, 106.489
1459, 35, 252, 112.427, 106.583
1460, 35, 251, 112.194, 106.662
1461, 35, 250, 113.543, 106.74
1462, 35, 250, 113.169, 106.818
1463, 35, 250, 113.484, 106.896
1464, 35, 250, 112.906, 106.974
1465, 35, 250, 112.753, 107.052
1466, 35, 250, 112.49, 107.132
1467, 35, 249, 113.253, 107.212
1468, 35, 249, 112.879, 107.306
1469, 35, 249, 112.506, 107.386
1470, 35, 249, 112.353, 107.464
1471, 35, 249, 112.2, 107.541
1472, 35, 248, 112.963, 107.619
1473, 35, 247, 113.726, 107.697
1474, 35, 247, 113.353, 107.774
1475, 35, 247, 112.979, 107.852
1476, 35, 247, 112.826, 107.93
1477, 35, 247, 112.673, 108.008
1478, 35, 247, 112.59, 108.095
1479, 35, 247, 112.496, 108.175
1480, 35, 247, 112.413, 108.252
1481, 35, 247, 112.329, 108.33
1482, 35, 246, 113.092, 108.408
1483, 35, 246, 112.607, 108.486
1484, 35, 246, 112.029, 108.564
1485, 35, 245, 112.792, 108.65
1486, 35, 245, 112.419, 108.728
1487, 35, 245, 112.045, 108.806
1488, 35, 245, 111.892, 108.884
1489, 35, 245, 111.739, 108.962
1490, 35, 245, 111.656, 109.04
1491, 35, 244, 112.419, 109.118
1492, 36, 244, 112.409, 109.199
1493, 37, 244, 112.399, 109.278
1494, 37, 244, 112.288, 109.357
1495, 37, 243, 112.478, 109.434
1496, 37, 243, 112.367, 109.512
1497, 37, 242, 113.367, 109.59
1498, 37, 242, 112.952, 109.668
1499, 37, 242, 112.782, 109.746
1500, 37, 242, 112.672, 109.824
1501, 37, 241, 113.435, 109.902
1502, 37, 241, 113.382, 109.98
1503, 37, 241, 113.298, 110.058
1504, 37, 240, 114.298, 110.136
1505, 37, 240, 113.883, 110.213
1506, 37, 240, 113.713, 110.291
1507, 37, 240, 113.62, 110.369
1508, 37, 240, 113.527, 110.446
1509, 37, 240, 113.443, 110.524
1510, 37, 239, 113.796, 110.603
1511, 37, 239, 113.311, 110.681
1512, 38, 239, 113.303, 110.761
1513, 39, 239, 113.294, 110.841
1514, 39, 239, 113.227, 110.938
1515, 39, 239, 113.143, 111.016
1516, 39, 239, 113.059, 111.094
1517, 39, 239, 112.949, 111.172
1518, 39, 238, 113.138, 111.251
1519, 39, 238, 113.028, 111.329
1520, 39, 238, 112.944, 111.408
1521, 39, 238, 112.86, 111.507
1522, 39, 238, 112.776, 111.589
1523, 39, 238, 112.693, 111.667
1524, 39, 238, 112.609, 111.745
1525, 39, 238, 112.525, 111.823
1526, 39, 238, 112.441, 111.901
1527, 39, 238, 112.357, 111.979
1528, 39, 238, 112.274, 112.057
1529, 39, 238, 112.19, 112.137
1530, 39, 237, 113.19, 112.216
1531, 39, 237, 112.775, 112.294
1532, 39, 237, 112.605, 112.373
1533, 39, 237, 112.512, 112.451
1534, 39, 237, 112.401, 112.53
1535, 39, 237, 112.308, 112.632
1536, 39, 237, 112.224, 112.71
1537, 39, 237, 112.141, 112.787
1538, 39, 236, 113.141, 112.875
1539, 39, 236, 112.725, 112.954
1540, 39, 236, 112.556, 113.033
1541, 39, 236, 112.445, 113.111
1542, 39, 236, 112.335, 113.19
1543, 39, 236, 112.251, 113.268
1544, 39, 236, 112.167, 113.348
1545, 39, 236, 112.074, 113.426
1546, 39, 236, 111.99, 113.512
1547, 39, 235, 112.99, 113.59
1548, 39, 235, 112.575, 113.668
1549, 39, 235, 112.405, 113.75
1550, 39, 235, 112.321, 113.83
1551, 39, 235, 112.238, 113.911
1552, 39, 235, 112.127, 113.99
1553, 39, 235, 112.043, 114.068
1554, 39, 235, 111.95, 114.146
1555, 39, 235, 111.866, 114.224
1556, 39, 234, 112.866, 114.302
1557, 39, 234, 112.451, 114.38
1558, 39, 234, 112.281, 114.459
1559, 39, 233, 112.471, 114.537
1560, 39, 233, 112.361, 114.615
1561, 39, 232, 112.524, 114.694
1562, 39, 232, 112.646, 114.787
1563, 39, 232, 112.562, 114.873
1564, 39, 232, 112.478, 114.952
1565, 39, 232, 112.368, 115.03
1566, 39, 232, 112.315, 115.108
1567, 39, 232, 112.248, 115.187
1568, 39, 232, 112.164, 115.265
1569, 39, 232, 112.013, 115.344
1570, 39, 232, 111.96, 115.422
1571, 39, 232, 111.907, 115.501
1572, 39, 232, 111.854, 115.579
1573, 39, 232, 111.77, 115.657
1574, 39, 232, 111.717, 115.735
1575, 39, 232, 111.664, 115.813
1576, 39, 232, 111.611, 115.892
1577, 39, 232, 111.552, 115.973
1578, 39, 232, 111.499, 116.051
1579, 39, 232, 111.44, 116.129
1580, 39, 232, 111.387, 116.208
1581, 39, 232, 111.334, 116.286
1582, 39, 232, 111.25, 116.364
1583, 39, 232, 111.197, 116.444
1584, 39, 232, 111.113, 116.523
1585, 39, 232, 111.03, 116.602
1586, 39, 232, 111.152, 116.681
1587, 39, 232, 111.099, 116.763
1588, 39, 232, 111.006, 116.841
1589, 39, 232, 110.922, 116.919
1590, 39, 232, 110.829, 116.998
1591, 39, 232, 110.678, 117.076
1592, 39, 232, 110.527, 117.154
1593, 39, 232, 110.443, 117.233
1594, 39, 232, 110.332, 117.312
1595, 39, 232, 110.279, 117.39
1596, 39, 232, 109.906, 117.471
1597, 39, 232, 109.869, 117.557
1598, 39, 232, 109.776, 117.636
1599, 39, 232, 109.692, 117.714
1600, 39, 231, 109.834, 117.793
1601, 40, 231, 109.826, 117.873
1602, 41, 231, 109.819, 117.953
1603, 41, 231, 109.789, 118.032
1604, 41, 231, 109.736, 118.119
1605, 41, 231, 109.683, 118.197
1606, 41, 230, 110.683, 118.275
1607, 41, 230, 110.268, 118.353
1608, 41, 230, 110.098, 118.431
1609, 41, 230, 109.987, 118.51
1610, 41, 230, 109.951, 118.596
1611, 41, 230, 109.857, 118.676
1612, 41, 230, 109.774, 118.761
1613, 41, 230, 109.706, 118.839
1614, 41, 230, 109.647, 118.918
1615, 41, 230, 109.869, 118.997
1616, 41, 230, 109.802, 119.076
1617, 41, 230, 109.718, 119.154
1618, 41, 229, 109.867, 119.233
1619, 41, 229, 109.814, 119.311
1620, 41, 229, 109.703, 119.39
1621, 41, 229, 109.62, 119.468
1622, 41, 229, 109.536, 119.547
1623, 41, 229, 109.477, 119.625
1624, 41, 229, 109.433, 119.703
1625, 41, 229, 109.374, 119.782
1626, 41, 229, 109.315, 119.86
1627, 41, 229, 109.288, 119.94
1628, 41, 229, 109.235, 120.019
1629, 41, 228, 109.425, 120.099
1630, 41, 228, 109.588, 120.178
1631, 41, 228, 109.529, 120.279
1632, 41, 228, 109.378, 120.359
1633, 41, 228, 109.311, 120.439
1634, 41, 228, 109.258, 120.52
1635, 41, 228, 109.199, 120.603
1636, 41, 228, 109.131, 120.682
1637, 41, 228, 109.034, 120.76
1638, 41, 228, 108.981, 120.839
1639, 41, 228, 108.937, 120.93
1640, 41, 228, 108.884, 121.008
1641, 41, 228, 108.774, 121.087
1642, 41, 227, 108.922, 121.166
1643, 41, 227, 108.869, 121.244
1644, 41, 227, 108.816, 121.324
1645, 41, 227, 108.939, 121.402
1646, 41, 227, 108.886, 121.49
1647, 41, 227, 108.818, 121.568
1648, 41, 227, 108.751, 121.647
1649, 41, 227, 108.714, 121.725
1650, 41, 227, 108.67, 121.803
1651, 41, 227, 108.407, 121.881
1652, 41, 227, 108.323, 121.961
1653, 41, 227, 108.287, 122.039
1654, 41, 227, 108.082, 122.117
1655, 41, 227, 108.029, 122.214
1656, 41, 227, 107.976, 122.294
1657, 41, 227, 107.892, 122.373
1658, 41, 227, 107.799, 122.452
1659, 41, 227, 107.648, 122.53
1660, 41, 227, 107.581, 122.609
1661, 41, 227, 107.528, 122.688
1662, 41, 227, 107.444, 122.766
1663, 41, 227, 107.351, 122.853
1664, 41, 227, 107.267, 122.931
1665, 41, 227, 107.183, 123.01
1666, 41, 227, 107.13, 123.092
1667, 41, 227, 107.077, 123.171
1668, 41, 227, 106.993, 123.25
1669, 41, 227, 106.9, 123.331
1670, 41, 227, 106.807, 123.418
1671, 41, 227, 106.754, 123.497
1672, 41, 227, 106.687, 123.578
1673, 41, 227, 106.634, 123.658
1674, 41, 227, 106.566, 123.738
1675, 41, 227, 106.483, 123.817
1676, 41, 226, 106.672, 123.897
1677, 41, 226, 106.562, 123.977
1678, 41, 225, 107.562, 124.056
1679, 41, 225, 107.147, 124.135
1680, 41, 225, 106.977, 124.214
1681, 41, 225, 106.866, 124.293
1682, 41, 225, 106.715, 124.372
1683, 41, 225, 106.622, 124.451
1684, 41, 225, 106.512, 124.546
1685, 41, 225, 106.428, 124.626
1686, 41, 225, 106.344, 124.706
1687, 41, 225, 106.26, 124.802
1688, 41, 225, 106.176, 124.883
1689, 41, 225, 106.093, 124.962
1690, 41, 225, 106.009, 125.041
1691, 41, 225, 105.925, 125.12
1692, 41, 225, 105.841, 125.199
1693, 41, 225, 105.797, 125.28
1694, 41, 224, 105.96, 125.36
1695, 41, 224, 105.893, 125.439
1696, 41, 224, 105.84, 125.518
1697, 41, 224, 105.747, 125.601
1698, 41, 224, 105.663, 125.681
1699, 41, 224, 105.552, 125.76
1700, 41, 224, 105.469, 125.839
1701, 41, 224, 105.385, 125.918
1702, 41, 224, 105.301, 125.997
1703, 41, 224, 105.191, 126.077
1704, 41, 224, 105.107, 126.158
1705, 41, 224, 104.996, 126.248
1706, 41, 224, 104.733, 126.328
1707, 41, 224, 104.649, 126.415
1708, 41, 224, 104.596, 126.499
1709, 41, 224, 104.529, 126.578
1710, 41, 224, 104.418, 126.658
1711, 41, 224, 104.334, 126.738
1712, 41, 224, 104.281, 126.818
1713, 41, 224, 104.198, 126.897
1714, 41, 224, 104.114, 126.976
1715, 41, 224, 104.021, 127.057
1716, 41, 224, 103.953, 127.136
1717, 41, 224, 103.9, 127.216
1718, 41, 224, 103.817, 127.295
1719, 41, 224, 103.749, 127.374
1720, 41, 224, 103.665, 127.453
1721, 41, 224, 103.555, 127.533
1722, 41, 224, 103.502, 127.612
1723, 41, 224, 103.351, 127.692
1724, 41, 224, 103.267, 127.773
1725, 41, 224, 103.183, 127.852
1726, 41, 224, 103.09, 127.932
1727, 41, 224, 103.006, 128.013
1728, 41, 224, 102.922, 128.1
1729, 41, 224, 102.839, 128.182
1730, 41, 224, 102.728, 128.262
1731, 41, 224, 102.692, 128.341
1732, 41, 224, 102.539, 128.42
1733, 41, 224, 102.486, 128.499
1734, 41, 224, 102.375, 128.596
1735, 41, 224, 102.316, 128.677
1736, 41, 224, 102.263, 128.756
1737, 41, 224, 102.179, 128.836
1738, 41, 223, 102.342, 128.915
1739, 41, 223, 102.275, 129.013
1740, 41, 223, 102.222, 129.093
1741, 41, 223, 102.186, 129.174
1742, 41, 223, 101.922, 129.254
1743, 41, 223, 101.549, 129.333
1744, 41, 223, 101.397, 129.412
1745, 41, 223, 101.314, 129.507
1746, 41, 223, 101.23, 129.587
1747, 41, 223, 101.079, 129.667
1748, 41, 223, 100.959, 129.746
1749, 41, 223, 100.875, 129.825
1750, 41, 223, 101.08, 129.904
1751, 41, 223, 100.987, 129.983
1752, 41, 223, 100.934, 130.063
1753, 41, 223, 100.84, 130.143
1754, 41, 223, 100.747, 130.221
1755, 41, 223, 100.91, 130.317
1756, 41, 223, 100.843, 130.409
1757, 41, 223, 100.732, 130.498
1758, 41, 223, 100.674, 130.583
1759, 41, 223, 100.615, 130.667
1760, 41, 223, 100.464, 130.758
1761, 41, 223, 100.159, 130.843
1762, 41, 223, 100.076, 130.928
1763, 41, 223, 99.7021, 131.017
1764, 41, 223, 99.5492, 131.102
1765, 41, 223, 99.4561, 131.186
1766, 41, 223, 99.3723, 131.276
1767, 41, 223, 99.3193, 131.362
1768, 41, 223, 99.2663, 131.481
1769, 41, 223, 99.1732, 131.568
1770, 41, 223, 99.0203, 131.659
1771, 41, 223, 98.9673, 131.748
1772, 41, 223, 98.8568, 131.84
1773, 41, 223, 98.7597, 131.92
1774, 41, 223, 98.7067, 131.999
1775, 41, 223, 98.5258, 132.08
1776, 41, 223, 98.4669, 132.16
1777, 41, 223, 98.4303, 132.238
1778, 41, 223, 98.3465, 132.317
1779, 41, 223, 98.2627, 132.396
1780, 41, 223, 98.1789, 132.475
1781, 41, 223, 98.0951, 132.553
1782, 41, 223, 97.9846, 132.632
1783, 41, 223, 97.7212, 132.711
1784, 41, 223, 97.6682, 132.791
1785, 41, 223, 97.5751, 132.87
1786, 41, 223, 97.5221, 132.952
1787, 41, 223, 97.4383, 133.032
1788, 41, 223, 97.3794, 133.111
1789, 41, 222, 97.5424, 133.192
1790, 41, 222, 97.4751, 133.271
1791, 41, 222, 97.4221, 133.366
1792, 41, 221, 97.6118, 133.453
1793, 41, 221, 97.5013, 133.532
1794, 41, 221, 97.4175, 133.611
1795, 41, 221, 97.3244, 133.691
1796, 41, 220, 97.5141, 133.769
1797, 41, 220, 97.4036, 133.849
1798, 41, 220, 97.2931, 133.93
1799, 41, 219, 97.4562, 134.01
1800, 41, 219, 97.3888, 134.089
1801, 41, 219, 97.2957, 134.17
1802, 41, 219, 97.2427, 134.248
1803, 41, 219, 97.1456, 134.336
1804, 41, 219, 97.0618, 134.415
1805, 41, 219, 96.978, 134.494
1806, 41, 219, 96.8675, 134.575
1807, 41, 218, 97.0572, 134.654
1808, 41, 218, 97.2203, 134.733
1809, 41, 218, 97.1529, 134.822
1810, 41, 218, 97.0018, 134.902
1811, 41, 218, 96.9344, 134.981
1812, 41, 218, 96.8814, 135.06
1813, 41, 218, 96.7976, 135.139
1814, 41, 217, 96.9607, 135.218
1815, 41, 217, 96.8933, 135.297
1816, 41, 217, 96.826, 135.376
1817, 41, 217, 96.7671, 135.455
1818, 41, 217, 96.6998, 135.533
1819, 41, 217, 96.5893, 135.612
1820, 41, 217, 96.5219, 135.691
1821, 41, 217, 96.463, 135.77
1822, 41, 217, 96.4189, 135.849
1823, 41, 217, 96.3824, 135.927
1824, 41, 217, 96.3294, 136.006
1825, 41, 217, 96.2764, 136.084
1826, 41, 217, 96.2233, 136.163
1827, 41, 217, 96.156, 136.242
1828, 41, 217, 96.1194, 136.32
1829, 41, 217, 96.0605, 136.399
1830, 41, 217, 96.0016, 136.477
1831, 41, 217, 95.9486, 136.557
1832, 41, 217, 95.7975, 136.636
1833, 41, 217, 95.7386, 136.715
1834, 41, 217, 95.702, 136.794
1835, 41, 216, 95.8432, 136.873
1836, 41, 216, 95.7594, 136.952
1837, 41, 216, 95.7064, 137.031
1838, 41, 216, 95.6534, 137.11
1839, 41, 216, 95.5945, 137.19
1840, 41, 216, 95.5579, 137.273
1841, 41, 216, 95.5138, 137.354
1842, 41, 216, 95.4608, 137.433
1843, 41, 215, 95.6239, 137.512
1844, 41, 215, 95.5565, 137.592
1845, 41, 215, 95.5035, 137.671
1846, 41, 215, 95.4197, 137.749
1847, 41, 215, 95.5828, 137.828
1848, 41, 214, 95.7458, 137.918
1849, 41, 214, 95.6785, 137.997
1850, 41, 214, 95.6255, 138.076
1851, 41, 214, 95.5666, 138.164
1852, 41, 214, 95.4154, 138.243
1853, 41, 214, 95.3316, 138.322
1854, 41, 214, 95.2727, 138.401
1855, 41, 214, 95.2197, 138.48
1856, 41, 214, 95.1226, 138.559
1857, 41, 214, 95.0861, 138.637
1858, 41, 214, 95.0272, 138.716
1859, 41, 214, 94.9598, 138.794
1860, 41, 213, 95.1228, 138.873
1861, 41, 213, 95.0555, 138.952
1862, 41, 213, 95.0114, 139.031
1863, 41, 213, 94.9748, 139.11
1864, 41, 213, 94.9159, 139.189
1865, 41, 213, 94.8571, 139.27
1866, 41, 213, 94.813, 139.349
1867, 41, 213, 94.6618, 139.428
1868, 41, 213, 94.6029, 139.507
1869, 41, 213, 94.5356, 139.586
1870, 41, 213, 94.4826, 139.665
1871, 41, 213, 94.4296, 139.744
1872, 41, 213, 94.3325, 139.823
1873, 41, 213, 94.2795, 139.902
1874, 41, 213, 94.2121, 139.981
1875, 41, 213, 94.1819, 140.063
1876, 41, 213, 94.1413, 140.142
1877, 41, 213, 94.1047, 140.22
1878, 41, 212, 94.2534, 140.3
1879, 41, 212, 94.2093, 140.378
1880, 41, 212, 94.1727, 140.457
1881, 41, 212, 94.0889, 140.536
1882, 41, 212, 94.0524, 140.616
1883, 41, 212, 94.0083, 140.704
1884, 41, 212, 93.9717, 140.797
1885, 41, 212, 93.9187, 140.877
1886, 41, 212, 93.8513, 140.956
1887, 41, 212, 93.7924, 141.035
1888, 41, 212, 93.6413, 141.114
1889, 41, 212, 93.5883, 141.193
1890, 41, 212, 93.5353, 141.273
1891, 41, 212, 93.4422, 141.352
1892, 41, 211, 93.6319, 141.451
1893, 41, 211, 93.5214, 141.531
1894, 41, 211, 93.4684, 141.61
1895, 41, 211, 93.4011, 141.689
1896, 41, 211, 93.357, 141.772
1897, 41, 211, 93.2896, 141.86
1898, 41, 211, 93.2366, 141.939
1899, 41, 211, 93.2001, 142.018
1900, 41, 211, 93.1471, 142.097
1901, 41, 211, 93.0941, 142.176
1902, 41, 211, 93.0411, 142.255
1903, 41, 211, 92.9881, 142.334
1904, 41, 211, 92.935, 142.413
1905, 41, 211, 92.8985, 142.492
1906, 41, 211, 92.8396, 142.575
1907, 41, 211, 92.7866, 142.654
1908, 41, 210, 92.9496, 142.733
1909, 41, 210, 92.8823, 142.812
1910, 41, 209, 93.0453, 142.891
1911, 41, 209, 92.978, 142.97
1912, 41, 209, 92.9191, 143.049
1913, 41, 209, 92.8602, 143.129
1914, 41, 209, 92.8072, 143.207
1915, 41, 209, 92.7483, 143.286
1916, 41, 209, 92.6953, 143.365
1917, 41, 209, 92.6587, 143.444
1918, 41, 209, 92.5998, 143.523
1919, 41, 209, 92.5324, 143.602
1920, 41, 209, 92.4794, 143.682
1921, 41, 209, 92.4354, 143.761
1922, 41, 209, 92.3765, 143.84
1923, 41, 209, 92.3399, 143.938
1924, 41, 209, 92.3097, 144.018
1925, 41, 209, 92.2656, 144.099
1926, 41, 209, 92.229, 144.178
1927, 41, 209, 92.176, 144.258
1928, 41, 209, 92.0922, 144.339
1929, 41, 209, 92.0333, 144.427
1930, 41, 209, 91.9967, 144.506
1931, 41, 209, 91.9129, 144.603
1932, 41, 209, 91.8291, 144.683
1933, 41, 208, 92.0189, 144.771
1934, 41, 208, 91.9084, 144.851
1935, 41, 208, 91.8246, 144.931
1936, 41, 208, 91.7408, 145.01
1937, 41, 208, 91.6477, 145.09
1938, 41, 208, 91.3842, 145.169
1939, 41, 207, 91.5473, 145.248
1940, 41, 207, 91.4799, 145.329
1941, 41, 207, 91.4126, 145.409
1942, 41, 207, 91.3195, 145.489
1943, 41, 207, 91.2264, 145.569
1944, 41, 207, 91.1426, 145.649
1945, 41, 207, 91.0752, 145.728
1946, 41, 207, 91.0222, 145.827
1947, 41, 207, 90.9384, 145.908
1948, 41, 207, 90.8546, 145.987
1949, 41, 207, 90.7615, 146.067
1950, 41, 207, 90.6777, 146.148
1951, 41, 206, 91.6777, 146.227
1952, 41, 206, 91.2627, 146.308
1953, 41, 206, 91.0927, 146.389
1954, 41, 206, 91.0089, 146.468
1955, 41, 206, 90.9158, 146.547
1956, 41, 205, 91.1056, 146.627
1957, 41, 205, 90.9951, 146.706
1958, 41, 205, 90.902, 146.787
1959, 41, 205, 90.8088, 146.866
1960, 41, 205, 90.6983, 146.945
1961, 41, 205, 90.5175, 147.025
1962, 41, 205, 90.407, 147.104
1963, 41, 205, 90.3396, 147.183
1964, 41, 205, 90.2291, 147.262
1965, 41, 205, 90.1761, 147.341
1966, 41, 205, 90.1231, 147.42
1967, 41, 205, 90.0701, 147.499
1968, 41, 204, 91.0701, 147.578
1969, 41, 204, 90.6551, 147.657
1970, 41, 204, 90.4851, 147.736
1971, 41, 204, 90.4013, 147.817
1972, 41, 204, 90.3082, 147.896
1973, 41, 204, 90.2244, 147.974
1974, 41, 204, 90.1313, 148.053
1975, 41, 204, 90.0208, 148.144
1976, 41, 204, 89.937, 148.225
1977, 41, 203, 90.1268, 148.304
1978, 41, 203, 90.0163, 148.384
1979, 41, 203, 89.7528, 148.464
1980, 41, 203, 89.669, 148.547
1981, 41, 203, 89.5585, 148.627
1982, 41, 203, 89.4614, 148.706
1983, 41, 203, 89.4249, 148.786
1984, 41, 203, 89.3575, 148.868
1985, 41, 203, 89.2737, 148.949
1986, 41, 203, 89.1226, 149.031
1987, 41, 203, 89.0696, 149.111
1988, 41, 203, 88.9591, 149.191
1989, 41, 203, 88.8753, 149.271
1990, 41, 203, 88.7915, 149.351
1991, 41, 203, 88.7549, 149.43
1992, 41, 203, 88.7019, 149.51
1993, 41, 203, 88.6181, 149.59
1994, 41, 202, 88.7668, 149.67
1995, 41, 202, 88.7227, 149.75
1996, 41, 202, 88.6697, 149.83
1997, 41, 201, 88.8594, 149.91
1998, 41, 201, 88.7489, 149.991
1999, 41, 201, 88.6959, 150.071
2000, 41, 201, 88.6286, 150.151
2001, 41, 201, 88.5756, 150.231
2002, 41, 201, 88.5226, 150.314
2003, 41, 200, 88.6713, 150.401
2004, 41, 199, 88.8343, 150.481
2005, 41, 199, 88.767, 150.562
2006, 41, 199, 88.714, 150.642
2007, 41, 199, 88.661, 150.724
2008, 41, 199, 88.5936, 150.803
2009, 41, 199, 88.5406, 150.883
2010, 41, 199, 88.4475, 150.963
2011, 41, 199, 88.3945, 151.042
2012, 41, 199, 88.3415, 151.122
2013, 41, 199, 88.2577, 151.202
2014, 41, 199, 88.1472, 151.282
2015, 41, 199, 88.0942, 151.362
2016, 41, 199, 88.0353, 151.454
2017, 41, 199, 87.9987, 151.534
2018, 41, 199, 87.9457, 151.614
2019, 41, 198, 88.1355, 151.694
2020, 41, 198, 88.025, 151.774
2021, 41, 198, 87.9661, 151.856
2022, 41, 198, 87.9131, 151.936
2023, 41, 198, 87.8601, 152.015
2024, 41, 198, 87.8071, 152.095
2025, 41, 198, 87.7482, 152.175
2026, 41, 198, 87.7041, 152.255
2027, 41, 198, 87.6452, 152.335
2028, 41, 198, 87.5863, 152.415
2029, 41, 198, 87.5333, 152.495
2030, 41, 198, 87.3821, 152.575
2031, 41, 198, 87.3232, 152.654
2032, 41, 198, 87.2702, 152.734
2033, 41, 198, 87.2172, 152.814
2034, 41, 198, 87.1732, 152.894
2035, 41, 198, 87.1291, 152.973
2036, 41, 198, 87.0617, 153.053
2037, 41, 198, 87.0087, 153.133
2038, 41, 198, 86.9414, 153.213
2039, 41, 198, 86.8884, 153.293
2040, 41, 198, 86.8354, 153.372
2041, 41, 198, 86.7824, 153.452
2042, 41, 198, 86.7294, 153.532
2043, 41, 198, 86.662, 153.611
2044, 41, 198, 86.5947, 153.691
2045, 41, 198, 86.5506, 153.771
2046, 41, 198, 86.4976, 153.851
2047, 41, 198, 86.4138, 153.932
2048, 41, 198, 86.3608, 154.011
2049, 41, 198, 86.3078, 154.108
2050, 41, 198, 86.2107, 154.191
2051, 41, 198, 86.1577, 154.27
2052, 41, 198, 86.2503, 154.35
2053, 41, 198, 86.2138, 154.429
2054, 41, 198, 86.1772, 154.51
2055, 41, 198, 86.1406, 154.591
2056, 41, 198, 86.104, 154.67
2057, 41, 198, 86.0069, 154.757
2058, 41, 198, 85.9539, 154.837
2059, 41, 198, 85.9009, 154.916
2060, 41, 198, 85.8479, 154.997
2061, 41, 198, 85.7806, 155.076
2062, 41, 198, 85.744, 155.155
2063, 41, 198, 85.6772, 155.235
2064, 41, 198, 85.6242, 155.314
2065, 41, 197, 85.7729, 155.393
2066, 41, 197, 85.7288, 155.474
2067, 41, 197, 85.6922, 155.553
2068, 41, 197, 85.5951, 155.634
2069, 41, 197, 85.5362, 155.713
2070, 41, 197, 85.4832, 155.793
2071, 41, 197, 85.4302, 155.872
2072, 41, 197, 85.3772, 155.951
2073, 41, 197, 85.4996, 156.039
2074, 41, 197, 85.4694, 156.121
2075, 41, 197, 85.4392, 156.203
2076, 41, 197, 85.3718, 156.283
2077, 41, 197, 85.3352, 156.365
2078, 41, 197, 85.2911, 156.445
2079, 41, 197, 85.2471, 156.524
2080, 41, 197, 85.1797, 156.604
2081, 41, 197, 85.1267, 156.683
2082, 41, 197, 85.0901, 156.762
2083, 41, 197, 85.0536, 156.841
2084, 41, 197, 85.017, 156.92
2085, 41, 197, 84.9581, 156.999
2086, 41, 197, 84.8383, 157.078
2087, 41, 197, 84.7412, 157.157
2088, 41, 197, 84.59, 157.236
2089, 41, 197, 84.5312, 157.315
2090, 41, 197, 84.4871, 157.395
2091, 41, 197, 84.4341, 157.474
2092, 41, 197, 84.3667, 157.553
2093, 41, 197, 84.2994, 157.632
2094, 41, 197, 84.2628, 157.712
2095, 41, 197, 84.2262, 157.791
2096, 41, 197, 84.1821, 157.87
2097, 41, 197, 84.1554, 157.949
2098, 41, 197, 84.1024, 158.028
2099, 41, 197, 84.0053, 158.126
2100, 41, 197, 83.9523, 158.207
2101, 41, 197, 83.8934, 158.287
2102, 41, 197, 83.826, 158.367
2103, 41, 197, 83.7671, 158.447
2104, 41, 197, 83.7082, 158.527
2105, 41, 197, 83.6717, 158.606
2106, 41, 197, 83.6043, 158.686
2107, 41, 197, 83.7157, 158.766
2108, 41, 197, 83.6489, 158.846
2109, 41, 197, 83.6124, 158.928
2110, 41, 197, 83.5758, 159.008
2111, 41, 197, 83.5317, 159.088
2112, 41, 197, 83.4644, 159.168
2113, 41, 197, 83.4114, 159.247
2114, 41, 197, 83.3748, 159.327
2115, 41, 197, 83.3382, 159.406
2116, 41, 197, 83.2941, 159.486
2117, 41, 197, 83.2268, 159.567
2118, 41, 197, 83.1902, 159.656
2119, 41, 197, 83.1634, 159.737
2120, 41, 197, 83.1228, 159.817
2121, 41, 197, 83.096, 159.897
2122, 41, 197, 83.0594, 159.976
2123, 41, 197, 82.9921, 160.056
2124, 41, 197, 82.9514, 160.136
2125, 41, 197, 82.8667, 160.216
2126, 41, 197, 82.8226, 160.297
2127, 41, 197, 82.7924, 160.377
2128, 41, 197, 82.7077, 160.457
2129, 41, 197, 82.6809, 160.536
2130, 41, 197, 82.6403, 160.638
2131, 41, 197, 82.6037, 160.718
2132, 41, 197, 82.563, 160.799
2133, 41, 197, 82.6557, 160.879
2134, 41, 197, 82.6116, 160.961
2135, 41, 197, 82.5489, 161.041
2136, 41, 196, 82.6867, 161.122
2137, 41, 196, 82.6569, 161.201
2138, 41, 196, 82.7684, 161.281
2139, 41, 196, 82.747, 161.361
2140, 41, 196, 82.7104, 161.449
2141, 41, 196, 82.6431, 161.53
2142, 41, 196, 82.6024, 161.61
2143, 41, 196, 82.5658, 161.69
2144, 41, 196, 82.5293, 161.77
2145, 41, 196, 82.4625, 161.85
2146, 41, 195, 82.6112, 161.93
2147, 41, 195, 82.5671, 162.009
2148, 41, 195, 82.5368, 162.089
2149, 41, 195, 82.5003, 162.169
2150, 41, 195, 82.5929, 162.249
2151, 41, 195, 82.5448, 162.337
2152, 41, 195, 82.478, 162.425
2153, 41, 195, 82.4512, 162.506
2154, 41, 195, 82.4105, 162.585
2155, 41, 195, 82.374, 162.666
2156, 41, 195, 82.2769, 162.746
2157, 41, 195, 82.2328, 162.827
2158, 41, 195, 82.1962, 162.909
2159, 41, 195, 82.1596, 162.99
2160, 41, 195, 82.1382, 163.07
2161, 41, 195, 82.0852, 163.15
2162, 41, 195, 82.0412, 163.23
2163, 41, 194, 82.1823, 163.31
2164, 41, 194, 82.1458, 163.39
2165, 41, 194, 82.1092, 163.47
2166, 41, 194, 82.0418, 163.55
2167, 41, 194, 81.9745, 163.631
2168, 41, 194, 81.9215, 163.711
2169, 41, 194, 81.8542, 163.791
2170, 41, 194, 81.703, 163.89
2171, 41, 194, 81.7957, 163.971
2172, 41, 194, 81.7591, 164.051
2173, 41, 194, 81.7225, 164.131
2174, 41, 194, 81.6636, 164.213
2175, 41, 194, 81.627, 164.292
2176, 41, 194, 81.5597, 164.371
2177, 41, 194, 81.4666, 164.451
2178, 41, 194, 81.3828, 164.531
2179, 41, 194, 81.3239, 164.61
2180, 41, 194, 81.2798, 164.689
2181, 41, 194, 81.2125, 164.778
2182, 41, 194, 81.1194, 164.858
2183, 41, 194, 81.0089, 164.938
2184, 41, 194, 80.9157, 165.017
2185, 41, 194, 80.8226, 165.098
2186, 41, 194, 80.7388, 165.18
2187, 41, 194, 80.655, 165.261
2188, 41, 194, 80.5961, 165.349
2189, 41, 194, 80.6888, 165.429
2190, 41, 194, 80.6358, 165.509
2191, 41, 194, 80.5253, 165.589
2192, 41, 194, 80.4415, 165.669
2193, 41, 194, 80.3826, 165.749
2194, 41, 194, 80.3296, 165.829
2195, 41, 194, 80.4935, 165.912
2196, 41, 194, 80.4569, 165.993
2197, 41, 194, 80.4203, 166.073
2198, 41, 194, 80.3673, 166.156
2199, 41, 194, 80.3307, 166.237
2200, 41, 193, 80.4719, 166.317
2201, 41, 193, 80.4417, 166.408
2202, 41, 193, 80.4149, 166.488
2203, 41, 193, 80.3619, 166.567
2204, 41, 193, 80.3089, 166.646
2205, 41, 193, 80.2648, 166.728
2206, 41, 193, 80.2381, 166.818
2207, 41, 193, 80.2113, 166.897
2208, 41, 192, 80.3743, 166.977
2209, 41, 192, 80.307, 167.056
2210, 41, 192, 80.254, 167.136
2211, 41, 192, 80.1866, 167.215
2212, 41, 192, 80.146, 167.294
2213, 41, 192, 79.9651, 167.374
2214, 41, 192, 79.9121, 167.454
2215, 41, 192, 79.8591, 167.534
2216, 41, 192, 79.8061, 167.613
2217, 41, 192, 79.7223, 167.693
2218, 41, 192, 79.655, 167.772
2219, 41, 192, 79.5961, 167.851
2220, 41, 192, 79.5431, 167.93
2221, 41, 192, 79.499, 168.01
2222, 41, 192, 79.446, 168.097
2223, 41, 192, 79.393, 168.177
2224, 41, 192, 79.34, 168.256
2225, 41, 192, 79.2429, 168.337
2226, 41, 192, 79.1591, 168.417
2227, 41, 192, 79.1061, 168.497
2228, 41, 192, 79.0223, 168.577
2229, 41, 192, 78.9693, 168.678
2230, 41, 192, 78.9327, 168.76
2231, 41, 192, 78.8797, 168.839
2232, 41, 192, 78.8267, 168.919
2233, 41, 192, 78.7593, 168.998
2234, 41, 192, 78.7228, 169.087
2235, 41, 192, 78.6559, 169.169
2236, 41, 192, 78.6029, 169.25
2237, 41, 192, 78.5356, 169.33
2238, 41, 192, 78.4767, 169.409
2239, 41, 192, 78.4178, 169.488
2240, 41, 192, 78.3648, 169.568
2241, 41, 192, 78.3059, 169.648
2242, 41, 192, 78.2529, 169.727
2243, 41, 192, 78.194, 169.807
2244, 41, 192, 78.141, 169.886
2245, 42, 192, 78.1336, 169.972
2246, 42, 192, 78.0971, 170.052
2247, 42, 192, 78.0605, 170.149
2248, 42, 192, 78.0239, 170.228
2249, 42, 192, 77.9709, 170.31
2250, 42, 192, 77.912, 170.39
2251, 42, 192, 77.8447, 170.469
2252, 42, 192, 77.7917, 170.549
2253, 42, 192, 77.7551, 170.628
2254, 42, 192, 77.7021, 170.708
2255, 42, 192, 77.6539, 170.787
2256, 42, 192, 77.5434, 170.867
2257, 42, 192, 77.5167, 170.947
2258, 42, 192, 77.4726, 171.026
2259, 42, 192, 77.3888, 171.116
2260, 42, 192, 77.3299, 171.197
2261, 42, 192, 77.2625, 171.291
2262, 42, 192, 77.2036, 171.371
2263, 42, 192, 77.1447, 171.471
2264, 42, 192, 77.0774, 171.551
2265, 42, 192, 77.0101, 171.631
2266, 42, 192, 76.9571, 171.711
2267, 42, 192, 76.8059, 171.791
2268, 42, 192, 76.747, 171.87
2269, 42, 192, 76.694, 171.95
2270, 42, 192, 76.641, 172.032
2271, 42, 192, 76.6044, 172.114
2272, 42, 192, 76.5679, 172.197
2273, 43, 192, 76.5614, 172.279
2274, 44, 192, 76.5558, 172.362
2275, 44, 192, 76.529, 172.443
2276, 44, 192, 76.4884, 172.523
2277, 44, 192, 76.4518, 172.602
2278, 44, 192, 76.4313, 172.682
2279, 44, 192, 76.3948, 172.762
2280, 44, 192, 76.3418, 172.856
2281, 44, 192, 76.3115, 172.936
2282, 44, 192, 76.2674, 173.016
2283, 44, 192, 76.2144, 173.096
2284, 44, 191, 76.3775, 173.176
2285, 44, 191, 76.3101, 173.255
2286, 44, 191, 76.2695, 173.335
2287, 44, 191, 76.3621, 173.415
2288, 44, 191, 76.265, 173.495
2289, 44, 191, 76.2244, 173.575
2290, 44, 191, 76.1878, 173.655
2291, 44, 191, 76.1512, 173.735
2292, 44, 191, 76.1147, 173.815
2293, 44, 190, 76.2559, 173.895
2294, 44, 190, 76.2256, 173.987
2295, 44, 190, 76.1891, 174.101
2296, 44, 190, 76.136, 174.182
2297, 44, 190, 76.0995, 174.274
2298, 44, 190, 76.0629, 174.359
2299, 44, 190, 76.0263, 174.439
2300, 44, 190, 75.9897, 174.519
2301, 44, 190, 75.9367, 174.601
2302, 44, 190, 75.8961, 174.681
2303, 44, 190, 75.8595, 174.774
2304, 44, 190, 75.8293, 174.855
2305, 44, 190, 75.8025, 174.935
2306, 44, 190, 75.7495, 175.015
2307, 44, 190, 75.7054, 175.095
2308, 44, 190, 75.6648, 175.175
2309, 44, 190, 75.6241, 175.256
2310, 44, 190, 75.5939, 175.336
2311, 44, 190, 75.5533, 175.416
2312, 44, 190, 75.5167, 175.495
2313, 44, 190, 75.4953, 175.575
2314, 44, 190, 75.4749, 175.655
2315, 44, 190, 75.4342, 175.736
2316, 44, 190, 75.3976, 175.835
2317, 44, 190, 75.2778, 175.916
2318, 44, 190, 75.2413, 175.996
2319, 44, 190, 75.211, 176.076
2320, 44, 190, 75.1744, 176.157
2321, 44, 189, 75.3156, 176.238
2322, 44, 189, 75.2854, 176.33
2323, 44, 189, 75.2557, 176.41
2324, 44, 189, 75.2259, 176.492
2325, 44, 189, 75.2779, 176.603
2326, 44, 189, 75.2511, 176.683
2327, 44, 189, 75.2146, 176.763
2328, 44, 189, 75.1843, 176.843
2329, 44, 189, 75.1546, 176.923
2330, 44, 189, 75.1278, 177.003
2331, 44, 189, 75.0912, 177.083
2332, 44, 189, 75.0547, 177.162
2333, 44, 189, 75.0279, 177.242
2334, 44, 188, 75.1691, 177.325
2335, 44, 188, 75.1389, 177.405
2336, 45, 188, 75.1338, 177.488
2337, 45, 188, 75.1177, 177.568
2338, 45, 188, 75.0963, 177.649
2339, 45, 188, 75.0523, 177.731
2340, 45, 188, 75.0225, 177.812
2341, 45, 188, 74.9557, 177.894
2342, 45, 188, 74.926, 177.974
2343, 45, 188, 74.8992, 178.054
2344, 45, 188, 74.8778, 178.143
2345, 45, 188, 74.851, 178.224
2346, 45, 187, 74.9922, 178.304
2347, 45, 187, 74.962, 178.385
2348, 45, 187, 74.9254, 178.465
2349, 45, 186, 75.0666, 178.545
2350, 45, 186, 75.0136, 178.634
2351, 45, 186, 74.9834, 178.714
2352, 45, 186, 74.9427, 178.794
2353, 45, 186, 74.9125, 178.874
2354, 45, 186, 74.8684, 178.954
2355, 45, 186, 74.8318, 179.034
2356, 45, 186, 74.7878, 179.115
2357, 45, 186, 74.7512, 179.195
2358, 45, 186, 74.7244, 179.276
2359, 45, 186, 74.6976, 179.356
2360, 45, 186, 74.6709, 179.438
2361, 45, 185, 74.812, 179.536
2362, 45, 185, 74.7818, 179.617
2363, 45, 185, 74.7604, 179.699
2364, 45, 185, 74.7391, 179.78
2365, 45, 185, 74.7163, 179.86
2366, 45, 185, 74.6936, 179.94
2367, 45, 185, 74.6577, 180.02
2368, 45, 185, 74.628, 180.101
2369, 45, 185, 74.6119, 180.182
2370, 45, 185, 74.5821, 180.262
2371, 45, 185, 74.5553, 180.342
2372, 45, 185, 74.5349, 180.421
2373, 45, 185, 74.4943, 180.501
2374, 45, 185, 74.4502, 180.59
2375, 45, 185, 74.4234, 180.671
2376, 45, 185, 74.3793, 180.751
2377, 45, 185, 74.2822, 180.832
2378, 45, 185, 74.2554, 180.911
2379, 45, 185, 74.2189, 180.993
2380, 45, 185, 74.1823, 181.073
2381, 45, 185, 74.1293, 181.154
2382, 45, 185, 74.0852, 181.235
2383, 45, 185, 74.0411, 181.315
2384, 45, 185, 73.997, 181.395
2385, 45, 185, 73.944, 181.486
2386, 45, 185, 73.891, 181.567
2387, 45, 185, 73.8237, 181.657
2388, 45, 185, 73.7796, 181.738
2389, 45, 185, 73.739, 181.818
2390, 45, 185, 73.7024, 181.906
2391, 45, 185, 73.6658, 182.005
2392, 45, 185, 73.6128, 182.091
2393, 45, 185, 73.5157, 182.178
2394, 45, 185, 73.4484, 182.271
2395, 45, 185, 73.3816, 182.358
2396, 45, 185, 73.3513, 182.444
2397, 45, 185, 73.1984, 182.536
2398, 45, 185, 73.1618, 182.627
2399, 45, 185, 73.1088, 182.713
2400, 45, 185, 73.2202, 182.8
2401, 45, 185, 73.1762, 182.892
2402, 45, 185, 73.1494, 182.977
2403, 45, 185, 73.0964, 183.066
2404, 45, 185, 73.0434, 183.16
2405, 45, 184, 73.2064, 183.252
2406, 45, 184, 73.1391, 183.339
2407, 45, 184, 73.0717, 183.427
2408, 45, 184, 73.0187, 183.508
2409, 45, 183, 73.1817, 183.589
2410, 45, 183, 73.1144, 183.67
2411, 45, 183, 73.0476, 183.766
2412, 45, 183, 72.9946, 183.85
2413, 45, 183, 72.9416, 183.931
2414, 45, 183, 73.0115, 184.012
2415, 45, 183, 72.9749, 184.092
2416, 45, 183, 72.9384, 184.173
2417, 45, 183, 73.0608, 184.254
2418, 45, 183, 72.9637, 184.336
2419, 45, 183, 72.8125, 184.416
2420, 45, 183, 72.6614, 184.497
2421, 45, 183, 72.6084, 184.578
2422, 45, 183, 72.5554, 184.659
2423, 45, 183, 72.4583, 184.74
2424, 45, 183, 72.3994, 184.83
2425, 45, 183, 72.3553, 184.911
2426, 45, 183, 72.2024, 185.009
2427, 45, 183, 72.181, 185.09
2428, 45, 183, 72.1444, 185.173
2429, 45, 182, 72.3074, 185.254
2430, 45, 182, 72.2401, 185.335
2431, 45, 182, 72.1995, 185.417
2432, 45, 182, 72.1692, 185.498
2433, 45, 181, 72.3323, 185.582
2434, 45, 181, 72.2649, 185.664
2435, 45, 181, 72.2119, 185.745
2436, 46, 181, 72.2055, 185.829
2437, 47, 181, 72.1991, 185.912
2438, 47, 181, 72.1688, 185.995
2439, 47, 181, 72.1386, 186.077
2440, 47, 181, 72.0856, 186.158
2441, 47, 181, 72.0326, 186.24
2442, 47, 181, 71.996, 186.323
2443, 47, 181, 71.9595, 186.418
2444, 47, 181, 71.9064, 186.501
2445, 47, 181, 71.8699, 186.582
2446, 47, 181, 71.8031, 186.664
2447, 47, 181, 71.706, 186.747
2448, 47, 181, 71.6694, 186.828
2449, 47, 181, 71.6021, 186.912
2450, 47, 181, 71.5753, 186.994
2451, 47, 181, 71.5387, 187.076
2452, 47, 181, 71.4416, 187.158
2453, 47, 181, 71.3886, 187.239
2454, 47, 181, 71.352, 187.32
2455, 47, 180, 71.5007, 187.402
2456, 47, 180, 71.4566, 187.484
2457, 47, 180, 71.4201, 187.565
2458, 47, 180, 71.3835, 187.647
2459, 47, 180, 71.3428, 187.728
2460, 47, 180, 71.2988, 187.81
2461, 47, 180, 71.2581, 187.892
2462, 47, 180, 71.214, 187.973
2463, 47, 180, 71.1774, 188.055
2464, 47, 180, 71.2889, 188.147
2465, 47, 180, 71.2621, 188.229
2466, 47, 180, 71.2353, 188.31
2467, 47, 179, 71.384, 188.391
2468, 47, 179, 71.3399, 188.473
2469, 47, 179, 71.3132, 188.555
2470, 47, 179, 71.2691, 188.636
2471, 47, 179, 71.2023, 188.717
2472, 47, 179, 71.1657, 188.799
2473, 48, 179, 71.1601, 188.882
2474, 49, 179, 71.1544, 188.966
2475, 49, 179, 71.139, 189.047
2476, 49, 179, 71.1024, 189.129
2477, 49, 179, 71.081, 189.212
2478, 49, 179, 71.0369, 189.293
2479, 49, 179, 70.9929, 189.374
2480, 49, 179, 70.9563, 189.455
2481, 49, 179, 70.9156, 189.537
2482, 49, 179, 70.8791, 189.618
2483, 49, 179, 70.8488, 189.7
2484, 49, 179, 70.8186, 189.781
2485, 49, 179, 70.7745, 189.862
2486, 49, 179, 70.7339, 189.944
2487, 49, 179, 70.6932, 190.025
2488, 49, 179, 70.6728, 190.106
2489, 49, 179, 70.6321, 190.187
2490, 49, 179, 70.3687, 190.27
2491, 50, 179, 70.3637, 190.354
2492, 51, 179, 70.3587, 190.438
2493, 51, 179, 70.3433, 190.519
2494, 51, 179, 70.3219, 190.602
2495, 51, 179, 70.2248, 190.683
2496, 51, 179, 70.1882, 190.765
2497, 51, 179, 70.1615, 190.848
2498, 51, 179, 70.051, 190.93
2499, 51, 179, 70.0242, 191.011
2500, 51, 179, 70.1583, 191.092
2501, 51, 179, 70.1218, 191.173
2502, 51, 179, 70.0688, 191.255
2503, 51, 179, 70.042, 191.336
2504, 51, 179, 70.0054, 191.437
2505, 51, 179, 69.9648, 191.518
2506, 51, 179, 69.9282, 191.599
2507, 51, 179, 69.8916, 191.68
2508, 51, 179, 69.8475, 191.761
2509, 51, 179, 69.8069, 191.841
2510, 51, 179, 69.7662, 191.922
2511, 51, 179, 69.7297, 192.002
2512, 51, 179, 69.8411, 192.083
2513, 51, 179, 69.8045, 192.163
2514, 51, 179, 69.7777, 192.244
2515, 51, 179, 69.7371, 192.326
2516, 51, 179, 69.7069, 192.406
2517, 51, 179, 69.6628, 192.488
2518, 51, 179, 69.6187, 192.585
2519, 51, 179, 69.5982, 192.665
2520, 51, 179, 69.5617, 192.745
2521, 51, 179, 69.521, 192.824
2522, 51, 179, 69.4908, 192.904
2523, 51, 178, 69.632, 192.984
2524, 51, 178, 69.6018, 193.065
2525, 51, 178, 69.575, 193.147
2526, 51, 178, 69.5452, 193.227
2527, 51, 178, 69.4605, 193.308
2528, 51, 178, 69.4239, 193.388
2529, 51, 178, 69.3972, 193.468
2530, 51, 178, 69.3674, 193.548
2531, 51, 178, 69.3377, 193.628
2532, 51, 178, 69.3172, 193.708
2533, 51, 178, 69.2958, 193.788
2534, 51, 178, 69.2552, 193.868
2535, 51, 178, 69.1884, 193.948
2536, 51, 178, 69.0686, 194.028
2537, 51, 178, 69.0418, 194.108
2538, 51, 178, 69.0012, 194.188
2539, 51, 178, 68.9571, 194.269
2540, 51, 178, 69.0497, 194.349
2541, 51, 178, 68.9526, 194.431
2542, 51, 178, 68.9322, 194.511
2543, 51, 178, 68.9161, 194.591
2544, 51, 178, 68.8323, 194.672
2545, 52, 178, 68.8278, 194.766
2546, 53, 178, 68.8233, 194.849
2547, 53, 178, 68.8121, 194.929
2548, 53, 178, 68.7818, 195.009
2549, 53, 178, 68.7605, 195.089
2550, 53, 178, 68.7337, 195.171
2551, 53, 178, 68.7039, 195.251
2552, 53, 178, 68.6558, 195.332
2553, 53, 178, 68.629, 195.414
2554, 53, 178, 68.6177, 195.496
2555, 53, 178, 68.591, 195.577
2556, 53, 178, 68.5469, 195.658
2557, 53, 178, 68.5255, 195.743
2558, 53, 178, 68.4814, 195.83
2559, 53, 178, 68.4517, 195.912
2560, 53, 178, 68.4249, 195.993
2561, 53, 178, 68.4166, 196.073
2562, 53, 178, 68.3962, 196.154
2563, 53, 178, 68.3664, 196.235
2564, 53, 178, 68.4184, 196.318
2565, 53, 178, 68.3882, 196.399
2566, 53, 178, 68.3728, 196.48
2567, 53, 178, 68.343, 196.561
2568, 53, 178, 68.3133, 196.641
2569, 53, 178, 68.2972, 196.722
2570, 53, 178, 68.2669, 196.803
2571, 53, 178, 68.2539, 196.883
2572, 53, 178, 68.2241, 196.964
2573, 53, 178, 68.073, 197.045
2574, 54, 178, 68.069, 197.128
2575, 55, 178, 68.065, 197.214
2576, 55, 178, 68.0567, 197.295
2577, 55, 178, 68.0942, 197.376
2578, 55, 178, 68.064, 197.458
2579, 55, 177, 68.2127, 197.54
2580, 55, 177, 68.1686, 197.621
2581, 55, 177, 68.1418, 197.702
2582, 55, 177, 68.1214, 197.784
2583, 55, 177, 68.1, 197.865
2584, 55, 177, 68.0732, 197.947
2585, 55, 177, 68.0465, 198.028
2586, 55, 177, 68.0197, 198.118
2587, 55, 177, 67.9715, 198.2
2588, 55, 177, 67.9413, 198.282
2589, 55, 177, 67.9145, 198.364
2590, 55, 177, 67.8848, 198.445
2591, 55, 177, 67.858, 198.527
2592, 55, 177, 67.8099, 198.609
2593, 55, 177, 67.7801, 198.709
2594, 55, 177, 67.7499, 198.792
2595, 55, 177, 67.7201, 198.873
2596, 55, 177, 67.6934, 198.958
2597, 55, 177, 67.6666, 199.039
2598, 55, 177, 67.6184, 199.121
2599, 55, 177, 67.5819, 199.205
2600, 55, 177, 67.5453, 199.302
2601, 55, 177, 67.5185, 199.386
2602, 55, 177, 67.4517, 199.47
2603, 55, 177, 67.3844, 199.556
2604, 55, 177, 67.363, 199.639
2605, 55, 177, 67.3362, 199.723
2606, 55, 177, 67.3094, 199.817
2607, 55, 177, 67.2792, 199.899
2608, 55, 177, 67.249, 199.982
2609, 55, 177, 67.2285, 200.064
2610, 55, 177, 67.1988, 200.147
2611, 55, 177, 67.1774, 200.229
2612, 55, 177, 67.157, 200.312
2613, 55, 177, 67.1342, 200.396
2614, 55, 177, 67.1138, 200.479
2615, 55, 177, 67.0924, 200.561
2616, 55, 177, 67.071, 200.653
2617, 55, 177, 67.0408, 200.735
2618, 55, 177, 67.014, 200.818
2619, 55, 177, 66.9659, 200.9
2620, 55, 177, 66.9357, 200.983
2621, 55, 177, 66.8916, 201.065
2622, 55, 177, 66.8648, 201.147
2623, 55, 177, 66.8207, 201.232
2624, 55, 177, 66.7841, 201.315
2625, 55, 177, 66.7401, 201.398
2626, 55, 177, 66.696, 201.491
2627, 55, 177, 66.6594, 201.574
2628, 55, 177, 66.6153, 201.658
2629, 55, 177, 66.5851, 201.741
2630, 55, 177, 66.541, 201.848
2631, 55, 177, 66.5003, 201.971
2632, 55, 177, 66.4638, 202.085
2633, 55, 177, 66.4197, 202.181
2634, 55, 177, 66.3983, 202.314
2635, 55, 177, 66.4682, 202.399
2636, 55, 177, 66.4478, 202.546
2637, 55, 177, 66.421, 202.663
2638, 55, 177, 66.3996, 202.757
2639, 55, 177, 66.3792, 202.84
2640, 55, 177, 66.3385, 202.923
2641, 55, 177, 66.302, 203.005
2642, 55, 177, 66.2654, 203.089
2643, 55, 177, 66.2352, 203.171
2644, 55, 177, 66.1986, 203.254
2645, 55, 177, 66.162, 203.337
2646, 55, 177, 66.1214, 203.419
2647, 55, 177, 66.0911, 203.502
2648, 55, 177, 66.0505, 203.589
2649, 55, 177, 66.0098, 203.673
2650, 55, 177, 65.9733, 203.755
2651, 55, 177, 65.8762, 203.838
2652, 55, 176, 66.0249, 203.921
2653, 55, 176, 65.9808, 204.004
2654, 55, 176, 65.951, 204.088
2655, 55, 176, 65.9349, 204.173
2656, 55, 176, 65.9047, 204.256
2657, 55, 176, 65.8745, 204.338
2658, 55, 176, 65.8304, 204.422
2659, 55, 176, 65.7938, 204.506
2660, 55, 176, 65.767, 204.589
2661, 55, 176, 65.7304, 204.671
2662, 55, 176, 65.7007, 204.769
2663, 55, 176, 65.6739, 204.853
2664, 55, 176, 65.6472, 204.936
2665, 55, 176, 65.6169, 205.018
2666, 55, 176, 65.5763, 205.101
2667, 55, 176, 65.5397, 205.184
2668, 55, 176, 65.5129, 205.266
2669, 55, 176, 65.4862, 205.349
2670, 55, 176, 65.4496, 205.432
2671, 55, 176, 65.4055, 205.515
2672, 55, 176, 65.3787, 205.598
2673, 55, 176, 65.3583, 205.681
2674, 55, 176, 65.3378, 205.763
2675, 55, 176, 65.3111, 205.846
2676, 55, 176, 65.2704, 205.929
2677, 55, 176, 65.2298, 206.012
2678, 55, 176, 65.203, 206.095
2679, 55, 176, 65.1876, 206.178
2680, 55, 176, 65.1578, 206.263
2681, 55, 176, 65.131, 206.345
2682, 55, 176, 65.1008, 206.428
2683, 55, 176, 65.0706, 206.51
2684, 55, 176, 65.0438, 206.592
2685, 55, 176, 65.017, 206.675
2686, 55, 176, 64.9873, 206.757
2687, 55, 176, 64.9659, 206.84
2688, 55, 176, 64.9362, 206.922
2689, 55, 176, 64.9064, 207.004
2690, 55, 176, 64.8797, 207.087
2691, 55, 176, 64.8583, 207.169
2692, 55, 176, 64.8369, 207.254
2693, 55, 176, 64.8072, 207.337
2694, 55, 176, 64.7804, 207.42
2695, 55, 176, 64.7502, 207.502
2696, 55, 176, 64.7234, 207.584
2697, 55, 176, 64.6868, 207.667
2698, 55, 176, 64.6664, 207.749
2699, 55, 176, 64.6459, 207.831
2700, 55, 176, 64.6191, 207.913
2701, 55, 176, 64.5889, 207.996
2702, 55, 176, 64.5685, 208.078
2703, 55, 176, 64.5319, 208.177
2704, 55, 176, 64.5051, 208.259
2705, 55, 176, 64.4783, 208.341
2706, 55, 176, 64.4516, 208.423
2707, 55, 176, 64.4302, 208.505
2708, 55, 176, 64.4097, 208.608
2709, 55, 176, 64.38, 208.69
2710, 55, 176, 64.3532, 208.772
2711, 55, 176, 64.3318, 208.854
2712, 55, 176, 64.296, 208.937
2713, 55, 176, 64.2478, 209.021
2714, 55, 176, 64.2274, 209.103
2715, 55, 176, 64.1971, 209.184
2716, 55, 176, 64.1758, 209.267
2717, 55, 176, 64.149, 209.348
2718, 55, 176, 64.0822, 209.43
2719, 55, 176, 64.0381, 209.512
2720, 55, 176, 64.022, 209.595
2721, 55, 176, 63.9922, 209.686
2722, 55, 176, 63.9718, 209.771
2723, 55, 176, 63.9277, 209.857
2724, 55, 176, 63.865, 209.939
2725, 55, 176, 63.8169, 210.022
2726, 55, 175, 63.9537, 210.104
2727, 55, 175, 63.931, 210.187
2728, 55, 175, 63.9155, 210.271
2729, 55, 175, 63.8858, 210.352
2730, 55, 175, 63.856, 210.447
2731, 55, 175, 63.8333, 210.529
2732, 55, 175, 63.8106, 210.613
2733, 55, 175, 63.7902, 210.695
2734, 55, 175, 63.7674, 210.781
2735, 55, 175, 63.6827, 210.864
2736, 55, 175, 63.6525, 210.946
2737, 55, 175, 63.6412, 211.028
2738, 55, 175, 63.6233, 211.11
2739, 55, 175, 63.6054, 211.192
2740, 55, 175, 63.5892, 211.273
2741, 55, 175, 63.578, 211.356
2742, 55, 175, 63.5552, 211.446
2743, 55, 175, 63.5391, 211.529
2744, 55, 175, 63.5123, 211.61
2745, 55, 175, 63.4969, 211.692
2746, 55, 175, 63.4755, 211.774
2747, 55, 175, 63.4453, 211.857
2748, 55, 175, 63.4087, 211.939
2749, 55, 175, 63.3819, 212.02
2750, 55, 175, 63.3454, 212.102
2751, 55, 175, 63.324, 212.184
2752, 55, 175, 63.2972, 212.267
2753, 55, 175, 63.4087, 212.35
2754, 55, 175, 63.3819, 212.432
2755, 55, 175, 63.2848, 212.522
2756, 55, 175, 63.2482, 212.605
2757, 55, 175, 63.2041, 212.688
2758, 55, 175, 63.1511, 212.77
2759, 55, 175, 63.0981, 212.853
2760, 55, 175, 63.0615, 212.936
2761, 55, 175, 63.172, 213.018
2762, 55, 174, 63.3351, 213.1
2763, 55, 174, 63.2677, 213.183
2764, 55, 174, 63.2312, 213.289
2765, 55, 174, 63.1946, 213.373
2766, 55, 174, 63.1678, 213.457
2767, 55, 174, 63.084, 213.539
2768, 55, 174, 63.0399, 213.621
2769, 55, 174, 62.9726, 213.704
2770, 55, 174, 63.0652, 213.786
2771, 55, 174, 63.0122, 213.868
2772, 55, 174, 62.9854, 213.95
2773, 55, 174, 62.9489, 214.033
2774, 55, 174, 62.9048, 214.115
2775, 55, 174, 62.878, 214.199
2776, 55, 174, 62.8414, 214.281
2777, 55, 174, 62.7443, 214.364
2778, 55, 174, 62.6854, 214.446
2779, 55, 174, 62.6181, 214.529
2780, 55, 173, 62.7668, 214.613
2781, 55, 173, 62.7227, 214.695
2782, 55, 173, 62.6746, 214.787
2783, 55, 173, 62.6443, 214.87
2784, 55, 173, 62.6141, 214.953
2785, 55, 173, 62.5735, 215.051
2786, 55, 173, 62.5432, 215.135
2787, 55, 173, 62.4461, 215.219
2788, 55, 172, 62.5948, 215.303
2789, 55, 172, 62.5508, 215.386
2790, 55, 172, 62.5067, 215.469
2791, 55, 172, 62.466, 215.552
2792, 55, 172, 62.4358, 215.636
2793, 55, 172, 62.409, 215.72
2794, 55, 172, 62.3724, 215.802
2795, 55, 171, 62.5136, 215.885
2796, 55, 171, 62.4834, 215.968
2797, 55, 171, 62.4468, 216.051
2798, 55, 171, 62.4062, 216.135
2799, 55, 171, 62.3621, 216.218
2800, 55, 171, 62.3319, 216.302
2801, 55, 171, 62.3051, 216.384
2802, 55, 171, 62.2204, 216.467
2803, 55, 171, 62.153, 216.55
2804, 55, 171, 62.1, 216.633
2805, 55, 171, 62.0327, 216.717
2806, 55, 171, 61.9797, 216.804
2807, 55, 171, 61.9529, 216.888
2808, 55, 171, 61.9123, 216.971
2809, 55, 171, 61.8455, 217.054
2810, 55, 171, 61.9381, 217.137
2811, 55, 171, 61.8975, 217.221
2812, 55, 171, 61.8307, 217.304
2813, 55, 171, 61.7941, 217.388
2814, 55, 171, 61.7575, 217.472
2815, 55, 171, 61.7307, 217.555
2816, 55, 171, 61.6941, 217.639
2817, 55, 171, 61.5971, 217.754
2818, 55, 170, 61.7458, 217.855
2819, 55, 170, 61.7017, 217.981
2820, 55, 170, 61.661, 218.072
2821, 55, 170, 61.6308, 218.218
2822, 55, 170, 61.604, 218.329
2823, 55, 170, 61.5674, 218.413
2824, 55, 170, 61.5234, 218.497
2825, 55, 170, 61.4793, 218.58
2826, 55, 170, 61.4386, 218.663
2827, 55, 170, 61.3415, 218.747
2828, 55, 170, 61.2934, 218.83
2829, 55, 170, 61.2636, 218.913
2830, 55, 170, 61.3572, 218.996
2831, 55, 170, 61.3269, 219.079
2832, 55, 170, 61.2972, 219.173
2833, 55, 170, 61.3671, 219.258
2834, 55, 170, 61.3305, 219.342
2835, 55, 170, 61.3038, 219.425
2836, 55, 170, 61.277, 219.508
2837, 55, 170, 61.2329, 219.593
2838, 55, 170, 61.1923, 219.697
2839, 55, 170, 61.1482, 219.782
2840, 55, 170, 61.1041, 219.865
2841, 55, 170, 61.0836, 219.948
2842, 55, 170, 61.0395, 220.032
2843, 55, 170, 60.9727, 220.115
2844, 55, 170, 60.8735, 220.198
2845, 55, 170, 60.8369, 220.283
2846, 55, 170, 60.7839, 220.366
2847, 55, 170, 60.7572, 220.449
2848, 55, 170, 60.6373, 220.533
2849, 55, 169, 60.786, 220.616
2850, 55, 169, 60.742, 220.7
2851, 55, 169, 60.7013, 220.783
2852, 55, 169, 60.6745, 220.869
2853, 55, 169, 60.8087, 220.953
2854, 55, 169, 60.7681, 221.036
2855, 55, 169, 60.7274, 221.121
2856, 55, 169, 60.6076, 221.207
2857, 55, 169, 60.5229, 221.29
2858, 55, 169, 60.4699, 221.374
2859, 55, 169, 60.4025, 221.47
2860, 55, 169, 60.3821, 221.554
2861, 55, 169, 60.3553, 221.637
2862, 55, 169, 60.3023, 221.721
2863, 55, 169, 60.2617, 221.804
2864, 55, 169, 60.2349, 221.888
2865, 55, 169, 60.1942, 221.971
2866, 55, 169, 60.1729, 222.056
2867, 55, 169, 60.0891, 222.14
2868, 55, 169, 60.0623, 222.224
2869, 55, 169, 60.0257, 222.307
2870, 55, 169, 60.0956, 222.391
2871, 55, 169, 60.033, 222.475
2872, 55, 169, 59.9662, 222.558
2873, 55, 169, 59.9221, 222.653
2874, 55, 169, 59.8739, 222.738
2875, 55, 169, 59.8374, 222.821
2876, 55, 168, 59.9786, 222.904
2877, 55, 168, 59.9483, 222.988
2878, 55, 168, 59.8815, 223.073
2879, 55, 168, 59.8548, 223.158
2880, 55, 168, 59.8245, 223.244
2881, 55, 168, 59.7839, 223.328
2882, 55, 168, 59.7571, 223.412
2883, 55, 168, 59.7165, 223.495
2884, 55, 168, 59.6758, 223.579
2885, 55, 168, 59.6456, 223.663
2886, 55, 168, 59.609, 223.746
2887, 55, 168, 59.5724, 223.83
2888, 55, 168, 59.5056, 223.916
2889, 55, 168, 59.4691, 224.006
2890, 55, 168, 59.4423, 224.089
2891, 55, 168, 59.4121, 224.172
2892, 55, 168, 59.3916, 224.255
2893, 55, 168, 59.355, 224.339
2894, 55, 167, 59.4962, 224.424
2895, 55, 167, 59.5661, 224.53
2896, 55, 167, 59.5364, 224.615
2897, 55, 167, 59.5159, 224.699
2898, 55, 167, 59.4857, 224.801
2899, 55, 167, 59.4653, 224.885
2900, 55, 167, 59.4439, 224.969
2901, 55, 167, 59.3998, 225.052
2902, 55, 167, 59.3701, 225.136
2903, 55, 167, 59.3403, 225.219
2904, 55, 167, 59.3249, 225.304
2905, 55, 167, 59.2951, 225.386
2906, 55, 167, 59.2747, 225.469
2907, 55, 167, 59.2542, 225.552
2908, 55, 167, 59.1916, 225.634
2909, 55, 167, 59.1618, 225.717
2910, 55, 167, 59.1464, 225.8
2911, 55, 167, 59.0934, 225.883
2912, 55, 167, 59.0666, 225.966
2913, 55, 167, 59.0301, 226.049
2914, 55, 167, 58.9998, 226.131
2915, 55, 167, 58.9696, 226.219
2916, 55, 166, 59.1108, 226.302
2917, 55, 166, 59.0806, 226.398
2918, 55, 165, 59.2183, 226.482
2919, 55, 165, 59.1969, 226.565
2920, 55, 165, 59.1765, 226.647
2921, 55, 165, 59.1235, 226.731
2922, 55, 165, 59.0937, 226.814
2923, 55, 165, 59.0776, 226.896
2924, 55, 165, 59.0562, 226.979
2925, 55, 165, 59.0081, 227.062
2926, 55, 165, 58.9876, 227.145
2927, 55, 165, 58.9579, 227.227
2928, 55, 165, 58.9365, 227.311
2929, 55, 165, 58.9067, 227.394
2930, 55, 165, 58.8863, 227.476
2931, 55, 165, 58.8565, 227.559
2932, 55, 165, 58.8268, 227.642
2933, 55, 165, 58.8788, 227.724
2934, 55, 165, 58.852, 227.808
2935, 55, 165, 58.8218, 227.89
2936, 55, 165, 58.7852, 227.973
2937, 55, 165, 58.7648, 228.056
2938, 55, 165, 58.738, 228.148
2939, 55, 165, 58.6899, 228.231
2940, 55, 164, 58.831, 228.315
2941, 55, 164, 58.8008, 228.399
2942, 55, 164, 58.7706, 228.482
2943, 55, 164, 58.6859, 228.564
2944, 55, 164, 58.6561, 228.646
2945, 55, 164, 58.6195, 228.729
2946, 55, 164, 58.5527, 228.811
2947, 55, 164, 58.5225, 228.893
2948, 55, 164, 58.502, 228.975
2949, 55, 164, 58.4718, 229.058
2950, 55, 164, 58.4416, 229.14
2951, 55, 164, 58.367, 229.223
2952, 55, 164, 58.3508, 229.307
2953, 55, 164, 58.3347, 229.389
2954, 55, 164, 58.312, 229.471
2955, 55, 164, 58.2893, 229.554
2956, 55, 164, 58.3148, 229.636
2957, 55, 164, 58.2522, 229.719
2958, 55, 164, 58.2043, 229.803
2959, 55, 163, 58.3455, 229.886
2960, 55, 163, 58.3153, 229.97
2961, 55, 163, 58.2712, 230.053
2962, 55, 163, 58.2498, 230.136
2963, 55, 163, 58.2294, 230.219
2964, 55, 163, 58.2026, 230.301
2965, 55, 163, 58.1821, 230.383
2966, 55, 163, 58.1617, 230.466
2967, 55, 163, 58.1176, 230.549
2968, 55, 162, 58.2663, 230.632
2969, 55, 162, 58.2222, 230.715
2970, 55, 162, 58.192, 230.799
2971, 55, 161, 58.3332, 230.881
2972, 55, 161, 58.3029, 230.964
2973, 55, 161, 58.2825, 231.046
2974, 55, 161, 58.2598, 231.129
2975, 55, 161, 58.2443, 231.211
2976, 55, 161, 58.2282, 231.294
2977, 55, 161, 58.198, 231.377
2978, 55, 161, 58.1678, 231.469
2979, 55, 161, 58.138, 231.551
2980, 55, 161, 58.1166, 231.634
2981, 55, 161, 58.0498, 231.717
2982, 55, 160, 58.191, 231.8
2983, 55, 160, 58.1608, 231.883
2984, 55, 160, 58.131, 231.966
2985, 55, 160, 58.1106, 232.048
2986, 55, 160, 58.0804, 232.147
2987, 55, 160, 58.0501, 232.231
2988, 55, 160, 58.0234, 232.316
2989, 55, 160, 57.9827, 232.399
2990, 55, 160, 57.9421, 232.482
2991, 55, 160, 57.9055, 232.565
2992, 55, 160, 57.8084, 232.656
2993, 55, 160, 57.7603, 232.74
2994, 55, 160, 57.7305, 232.823
2995, 55, 160, 57.7101, 232.906
2996, 55, 160, 57.6798, 232.99
2997, 55, 160, 57.6357, 233.073
2998, 55, 160, 57.606, 233.156
2999, 55, 160, 57.5763, 233.24
