Seed is: 53
Number of samples is: 3000
Simulation name is: Simulation_2TV_10x10.sim
TimeStep, Distraction Rate, Missed States, Model Accuracy, Time (ms)
0, 0, 732, 0, 7e-05
1, 0, 731, 1, 0.065094
2, 0, 731, 0.584963, 0.130288
3, 0, 731, 0.415037, 0.19434
4, 0, 730, 1.17823, 0.25724
5, 0, 729, 1.94143, 0.321833
6, 0, 729, 1.5679, 0.384803
7, 0, 729, 1.19436, 0.447693
8, 0, 729, 1.04143, 0.510873
9, 0, 729, 0.888499, 0.573392
10, 0, 728, 1.8885, 0.636342
11, 0, 728, 1.47346, 0.699072
12, 0, 728, 1.30354, 0.761811
13, 0, 727, 2.06673, 0.826594
14, 0, 726, 3.06673, 0.889334
15, 0, 726, 2.6517, 0.952274
16, 0, 726, 2.48177, 1.01541
17, 0, 725, 3.24497, 1.07869
18, 0, 724, 4.00817, 1.14247
19, 0, 724, 3.63463, 1.20832
20, 0, 724, 3.2611, 1.27156
21, 0, 724, 3.10817, 1.33614
22, 0, 724, 2.95523, 1.39957
23, 0, 723, 3.71843, 1.46264
24, 0, 723, 3.3449, 1.53544
25, 0, 722, 3.69767, 1.59977
26, 0, 722, 3.2127, 1.66374
27, 0, 722, 3.05977, 1.72763
28, 0, 722, 2.85523, 1.79097
29, 0, 722, 2.77144, 1.85448
30, 0, 721, 3.53463, 1.91856
31, 0, 720, 4.53463, 1.98215
32, 0, 720, 4.11959, 2.04549
33, 0, 720, 3.94967, 2.11791
34, 0, 719, 4.71287, 2.1816
35, 0, 718, 5.47606, 2.2449
36, 0, 718, 5.10253, 2.30849
37, 0, 718, 4.729, 2.3737
38, 0, 718, 4.57606, 2.43735
39, 0, 718, 4.42313, 2.50045
40, 0, 717, 5.18633, 2.56403
41, 0, 717, 4.8128, 2.64304
42, 0, 717, 4.43926, 2.70739
43, 0, 717, 4.28633, 2.77137
44, 0, 716, 4.52767, 2.84412
45, 0, 716, 4.7496, 2.91044
46, 0, 716, 4.95414, 2.98622
47, 0, 715, 5.71733, 3.05027
48, 0, 714, 6.71733, 3.1141
49, 0, 714, 6.3023, 3.17745
50, 0, 714, 6.13237, 3.2413
51, 0, 713, 6.89557, 3.30514
52, 0, 712, 7.65877, 3.36899
53, 0, 712, 7.28523, 3.43309
54, 0, 712, 6.9117, 3.49756
55, 0, 712, 6.75877, 3.56151
56, 0, 712, 6.60583, 3.62552
57, 0, 711, 7.36903, 3.68953
58, 0, 711, 6.9955, 3.75273
59, 0, 711, 6.62196, 3.81766
60, 0, 710, 6.8633, 3.88122
61, 0, 710, 6.65877, 3.9451
62, 0, 709, 6.90011, 4.01247
63, 0, 709, 6.69557, 4.07649
64, 0, 709, 6.58507, 4.14076
65, 0, 708, 7.34827, 4.20492
66, 0, 707, 8.34827, 4.26867
67, 0, 707, 7.93323, 4.33245
68, 0, 707, 7.7633, 4.39646
69, 0, 706, 8.5265, 4.46058
70, 0, 705, 9.2897, 4.52452
71, 0, 705, 8.91616, 4.58864
72, 0, 705, 8.54263, 4.66152
73, 0, 705, 8.3897, 4.72557
74, 0, 705, 8.23677, 4.78965
75, 0, 704, 8.99996, 4.85391
76, 0, 704, 8.62643, 4.91799
77, 0, 704, 8.2529, 4.9827
78, 0, 704, 8.09996, 5.04664
79, 0, 704, 7.94703, 5.11053
80, 0, 703, 8.13677, 5.17493
81, 0, 703, 8.02627, 5.24177
82, 0, 702, 8.78946, 5.30546
83, 0, 701, 9.55266, 5.36961
84, 0, 701, 9.17913, 5.44516
85, 0, 701, 8.80559, 5.50975
86, 0, 701, 8.65266, 5.57403
87, 0, 701, 8.49973, 5.63836
88, 1, 700, 9.49973, 5.70222
89, 2, 700, 9.08469, 5.76681
90, 3, 700, 8.91477, 5.83167
91, 4, 700, 8.82166, 5.90323
92, 5, 700, 8.76276, 5.96822
93, 6, 700, 8.72212, 6.03664
94, 7, 700, 8.69237, 6.10173
95, 8, 700, 8.66965, 6.16747
96, 9, 700, 8.65173, 6.23375
97, 10, 700, 8.63723, 6.29917
98, 11, 699, 9.63723, 6.36382
99, 12, 699, 9.22219, 6.42883
100, 13, 699, 9.05227, 6.49356
101, 14, 699, 8.95916, 6.55826
102, 15, 699, 8.90027, 6.6235
103, 16, 699, 8.85962, 6.68904
104, 17, 699, 8.82988, 6.7621
105, 18, 699, 8.80716, 6.82734
106, 19, 699, 8.78923, 6.89295
107, 20, 699, 8.77474, 6.95792
108, 21, 699, 8.76276, 7.02354
109, 22, 699, 8.75079, 7.09736
110, 22, 699, 8.66699, 7.16188
111, 22, 698, 9.43019, 7.22664
112, 22, 697, 10.1934, 7.29697
113, 22, 697, 9.81985, 7.37173
114, 22, 697, 9.44632, 7.43635
115, 22, 697, 9.29339, 7.50138
116, 22, 697, 9.14045, 7.56627
117, 22, 696, 9.90365, 7.63092
118, 22, 695, 10.6668, 7.69512
119, 22, 694, 11.43, 7.76002
120, 22, 694, 11.0565, 7.82461
121, 22, 694, 10.683, 7.89492
122, 22, 694, 10.53, 7.96256
123, 22, 694, 10.3771, 8.02746
124, 22, 693, 11.1403, 8.09634
125, 22, 692, 11.9035, 8.16145
126, 22, 691, 12.2563, 8.22679
127, 22, 691, 11.7713, 8.29489
128, 22, 691, 11.3978, 8.36048
129, 22, 691, 11.1932, 8.4394
130, 22, 691, 11.0403, 8.50911
131, 22, 690, 11.8035, 8.57459
132, 22, 689, 12.5667, 8.64036
133, 22, 688, 13.3299, 8.70597
134, 22, 688, 12.9564, 8.77896
135, 22, 688, 12.5828, 8.84413
136, 22, 688, 12.4299, 8.90951
137, 22, 688, 12.277, 8.9748
138, 22, 687, 13.0402, 9.04022
139, 22, 686, 13.8034, 9.10538
140, 22, 686, 13.4298, 9.17074
141, 22, 685, 13.7826, 9.23636
142, 22, 685, 13.2976, 9.30374
143, 22, 685, 13.1447, 9.36907
144, 22, 685, 12.9402, 9.43502
145, 22, 684, 13.7034, 9.50034
146, 22, 683, 14.4666, 9.56652
147, 22, 682, 15.2298, 9.6327
148, 22, 681, 15.5825, 9.69872
149, 22, 681, 15.8976, 9.76613
150, 22, 681, 15.3195, 9.83233
151, 22, 681, 14.946, 9.89847
152, 22, 681, 14.6825, 9.98091
153, 22, 681, 14.5296, 10.0497
154, 22, 680, 15.2928, 10.1318
155, 22, 679, 16.056, 10.1976
156, 22, 679, 15.6825, 10.2635
157, 22, 679, 15.3089, 10.3305
158, 22, 679, 15.156, 10.4233
159, 22, 679, 15.0031, 10.4972
160, 22, 678, 16.0031, 10.5623
161, 22, 678, 15.588, 10.6277
162, 22, 678, 15.4181, 10.6928
163, 22, 677, 16.1813, 10.7585
164, 22, 677, 15.8078, 10.8241
165, 22, 677, 15.4342, 10.8897
166, 22, 677, 15.2813, 10.9549
167, 22, 677, 15.1284, 11.0205
168, 22, 676, 15.8916, 11.0858
169, 22, 676, 15.518, 11.1527
170, 22, 676, 15.1445, 11.2198
171, 22, 676, 14.9916, 11.2871
172, 22, 676, 14.8386, 11.3562
173, 22, 675, 14.6064, 11.4214
174, 22, 674, 15.9546, 11.4873
175, 22, 674, 15.5811, 11.5607
176, 22, 674, 15.0961, 11.6357
177, 22, 674, 14.9432, 11.7011
178, 22, 674, 14.7386, 11.7779
179, 22, 673, 14.5064, 11.8439
180, 22, 672, 15.8546, 11.9099
181, 22, 671, 16.6178, 11.9758
182, 22, 670, 17.381, 12.043
183, 22, 669, 17.7338, 12.1206
184, 22, 669, 17.2488, 12.1876
185, 22, 669, 16.8753, 12.2649
186, 22, 669, 16.6707, 12.3314
187, 22, 669, 16.5178, 12.3977
188, 22, 668, 17.281, 12.4641
189, 22, 667, 18.0442, 12.5306
190, 22, 667, 17.6706, 12.5991
191, 22, 667, 17.2971, 12.6653
192, 22, 667, 17.1442, 12.7323
193, 22, 667, 16.9912, 12.799
194, 22, 666, 17.7544, 12.8656
195, 22, 666, 18.0695, 12.932
196, 22, 666, 17.4914, 12.9984
197, 22, 666, 17.1179, 13.0682
198, 22, 666, 16.8544, 13.1351
199, 22, 666, 16.7015, 13.2023
200, 22, 666, 16.6177, 13.2687
201, 22, 665, 17.3809, 13.3353
202, 22, 664, 18.1441, 13.4029
203, 22, 664, 17.7706, 13.4699
204, 22, 664, 17.397, 13.5364
205, 22, 664, 17.2441, 13.6039
206, 22, 664, 17.0912, 13.6706
207, 22, 663, 17.8544, 13.7458
208, 22, 662, 18.6176, 13.8126
209, 22, 661, 19.3808, 13.8794
210, 22, 661, 19.0072, 13.9477
211, 22, 661, 18.6337, 14.0147
212, 22, 661, 18.4808, 14.081
213, 22, 661, 18.3278, 14.148
214, 22, 660, 19.091, 14.2183
215, 22, 659, 19.8542, 14.2856
216, 22, 658, 20.6174, 14.3525
217, 22, 658, 20.2439, 14.4192
218, 22, 658, 19.8704, 14.4857
219, 22, 658, 19.7174, 14.554
220, 22, 658, 19.5645, 14.6206
221, 22, 657, 20.3277, 14.6874
222, 22, 656, 21.0909, 14.7544
223, 22, 655, 21.8541, 14.8211
224, 22, 655, 21.4806, 14.8877
225, 22, 655, 21.107, 14.9551
226, 22, 655, 20.9541, 15.0241
227, 22, 654, 21.1954, 15.0911
228, 22, 654, 20.9909, 15.1582
229, 22, 653, 21.9909, 15.2249
230, 22, 653, 21.5759, 15.2919
231, 22, 653, 21.4059, 15.3595
232, 22, 652, 22.1691, 15.4348
233, 22, 652, 21.7956, 15.5023
234, 22, 652, 21.4221, 15.5696
235, 22, 652, 21.2691, 15.6365
236, 22, 652, 21.1162, 15.7035
237, 22, 651, 21.8794, 15.7706
238, 22, 651, 21.5059, 15.8376
239, 22, 651, 21.1323, 15.9048
240, 22, 651, 20.9794, 15.9719
241, 22, 651, 20.8265, 16.0395
242, 22, 650, 21.5897, 16.1069
243, 22, 649, 21.9424, 16.1744
244, 22, 649, 21.4575, 16.242
245, 22, 649, 21.0839, 16.3089
246, 22, 649, 20.8794, 16.3763
247, 22, 649, 20.7265, 16.4434
248, 22, 648, 21.4897, 16.5106
249, 22, 647, 22.2529, 16.578
250, 22, 646, 23.016, 16.6454
251, 22, 646, 22.6425, 16.7131
252, 22, 645, 22.9953, 16.7838
253, 22, 645, 22.5103, 16.8515
254, 22, 645, 22.3574, 16.9191
255, 22, 645, 22.5793, 16.9866
256, 22, 644, 23.3425, 17.0557
257, 22, 643, 24.1057, 17.1249
258, 22, 643, 23.7322, 17.1961
259, 22, 643, 23.3586, 17.2637
260, 22, 642, 23.6, 17.3317
261, 22, 642, 23.3954, 17.4068
262, 22, 641, 23.6368, 17.4747
263, 22, 641, 23.4323, 17.5423
264, 22, 640, 23.2001, 17.6117
265, 22, 639, 24.5482, 17.6963
266, 22, 638, 24.316, 17.766
267, 22, 637, 25.6642, 17.8346
268, 22, 636, 26.4274, 17.9025
269, 22, 636, 25.9424, 17.9747
270, 22, 636, 25.5689, 18.0425
271, 22, 636, 25.7908, 18.1105
272, 22, 636, 25.5274, 18.1796
273, 22, 636, 25.3744, 18.2467
274, 22, 635, 26.1376, 18.3155
275, 22, 634, 26.9008, 18.3828
276, 22, 633, 27.664, 18.4503
277, 22, 633, 27.2905, 18.5195
278, 22, 633, 26.917, 18.587
279, 22, 633, 26.764, 18.6542
280, 22, 633, 26.6111, 18.7226
281, 22, 632, 27.3743, 18.798
282, 22, 631, 28.1375, 18.8653
283, 22, 630, 28.9007, 18.9323
284, 22, 630, 28.5272, 19.0011
285, 22, 630, 28.1536, 19.0687
286, 22, 630, 28.0007, 19.1354
287, 22, 630, 27.8478, 19.2029
288, 22, 629, 28.611, 19.2702
289, 22, 628, 29.3742, 19.3378
290, 22, 627, 30.1374, 19.408
291, 22, 627, 29.7638, 19.4762
292, 22, 627, 29.3903, 19.5437
293, 22, 627, 29.2374, 19.6113
294, 22, 627, 29.0844, 19.6786
295, 22, 626, 29.8476, 19.7482
296, 22, 625, 30.6108, 19.8161
297, 22, 624, 31.374, 19.8837
298, 22, 623, 32.1372, 19.9535
299, 22, 622, 32.9004, 20.0214
300, 22, 621, 33.9004, 20.0889
301, 22, 621, 33.4854, 20.1559
302, 22, 621, 33.3155, 20.2235
303, 22, 620, 34.0786, 20.292
304, 22, 620, 33.7051, 20.3596
305, 22, 620, 33.3316, 20.4272
306, 22, 620, 33.1786, 20.4954
307, 22, 619, 33.42, 20.5643
308, 22, 619, 33.2155, 20.6323
309, 22, 618, 33.9786, 20.6998
310, 22, 618, 33.6051, 20.767
311, 22, 618, 33.2316, 20.8342
312, 22, 618, 33.0786, 20.9043
313, 22, 617, 33.32, 20.9731
314, 22, 617, 33.5419, 21.0413
315, 22, 617, 33.2785, 21.1092
316, 22, 616, 33.0463, 21.1768
317, 22, 615, 34.3945, 21.2446
318, 22, 615, 34.0209, 21.3124
319, 22, 615, 34.336, 21.3805
320, 22, 615, 33.7579, 21.4488
321, 22, 615, 33.605, 21.5166
322, 22, 615, 33.3415, 21.5849
323, 22, 614, 33.1093, 21.6529
324, 22, 614, 33.0678, 21.7203
325, 22, 614, 33.0508, 21.7898
326, 22, 613, 32.8186, 21.8722
327, 22, 612, 34.1668, 21.9406
328, 22, 611, 34.93, 22.0087
329, 22, 610, 35.6932, 22.0764
330, 22, 609, 36.4564, 22.1587
331, 22, 608, 37.4564, 22.2271
332, 22, 608, 37.0414, 22.2961
333, 22, 608, 36.8714, 22.3644
334, 22, 607, 37.6346, 22.4332
335, 22, 607, 37.2611, 22.5027
336, 22, 607, 36.8876, 22.571
337, 22, 607, 36.7346, 22.6391
338, 22, 607, 36.5817, 22.7083
339, 22, 606, 37.3449, 22.7771
340, 22, 606, 36.9714, 22.8459
341, 22, 606, 36.5978, 22.9147
342, 22, 606, 36.4449, 22.983
343, 22, 605, 36.6862, 23.052
344, 22, 605, 36.4817, 23.1206
345, 22, 604, 37.2449, 23.1888
346, 22, 604, 36.8714, 23.2573
347, 22, 604, 36.4978, 23.3263
348, 22, 604, 36.3449, 23.395
349, 22, 604, 36.192, 23.4671
350, 22, 603, 36.9552, 23.5363
351, 22, 602, 37.7183, 23.6079
352, 22, 602, 37.3448, 23.6765
353, 22, 602, 36.9713, 23.7457
354, 22, 602, 36.8183, 23.8166
355, 22, 602, 36.6654, 23.8999
356, 22, 601, 37.4286, 23.9687
357, 22, 600, 38.1918, 24.0377
358, 22, 599, 37.9596, 24.1066
359, 22, 598, 39.3078, 24.176
360, 22, 597, 40.071, 24.2475
361, 22, 596, 41.071, 24.3232
362, 22, 596, 40.6559, 24.3924
363, 22, 596, 40.486, 24.4615
364, 22, 595, 41.2492, 24.5306
365, 22, 594, 41.602, 24.5998
366, 22, 594, 41.117, 24.6687
367, 22, 594, 40.7435, 24.7374
368, 22, 594, 40.9654, 24.8073
369, 22, 594, 40.702, 24.8765
370, 22, 594, 40.549, 24.9548
371, 22, 593, 41.3122, 25.0238
372, 22, 593, 41.6273, 25.0927
373, 22, 592, 42.6273, 25.1622
374, 22, 592, 42.2122, 25.2312
375, 22, 592, 42.0423, 25.3003
376, 22, 591, 41.8101, 25.3698
377, 22, 590, 43.1583, 25.4486
378, 22, 589, 43.9215, 25.5193
379, 22, 588, 44.6847, 25.5902
380, 22, 587, 45.6847, 25.6596
381, 22, 587, 45.2696, 25.7286
382, 22, 587, 45.0997, 25.7978
383, 22, 586, 45.8629, 25.8672
384, 22, 586, 45.4894, 25.9364
385, 22, 586, 45.1158, 26.0055
386, 22, 585, 45.3572, 26.0755
387, 22, 585, 45.1527, 26.1445
388, 22, 585, 44.9997, 26.2145
389, 22, 584, 45.7629, 26.2853
390, 22, 584, 45.3894, 26.3544
391, 22, 584, 45.0158, 26.4244
392, 22, 583, 45.2572, 26.4938
393, 22, 583, 45.0527, 26.5631
394, 22, 583, 44.8997, 26.633
395, 22, 582, 45.6629, 26.7025
396, 22, 581, 46.4261, 26.7724
397, 22, 581, 46.0526, 26.8532
398, 22, 581, 45.679, 26.94
399, 22, 581, 45.5261, 27.0105
400, 22, 581, 45.3732, 27.0799
401, 22, 580, 46.1364, 27.1492
402, 22, 579, 46.8996, 27.2204
403, 22, 578, 47.6628, 27.29
404, 22, 577, 48.6628, 27.3599
405, 22, 577, 48.2477, 27.4297
406, 22, 577, 48.0778, 27.5147
407, 22, 576, 48.841, 27.5846
408, 22, 576, 48.4675, 27.6543
409, 22, 576, 48.0939, 27.7239
410, 22, 576, 47.941, 27.7935
411, 22, 576, 47.7881, 27.8632
412, 22, 575, 48.5513, 27.9333
413, 22, 575, 48.1777, 28.0034
414, 22, 575, 47.8042, 28.0729
415, 22, 575, 47.6513, 28.1425
416, 22, 575, 47.4983, 28.2131
417, 22, 574, 48.2615, 28.2822
418, 22, 573, 49.0247, 28.3519
419, 22, 573, 48.6512, 28.421
420, 22, 573, 48.2777, 28.4918
421, 22, 573, 48.1247, 28.5616
422, 22, 573, 47.9718, 28.631
423, 22, 572, 48.9718, 28.7001
424, 22, 572, 48.5568, 28.7788
425, 22, 572, 48.3868, 28.8486
426, 22, 571, 49.15, 28.9179
427, 22, 571, 48.7765, 28.9872
428, 22, 571, 48.403, 29.0572
429, 22, 571, 48.25, 29.126
430, 22, 571, 48.0971, 29.1974
431, 22, 570, 48.8603, 29.267
432, 22, 570, 48.3753, 29.3371
433, 22, 570, 48.0018, 29.4074
434, 22, 570, 47.7973, 29.4776
435, 22, 570, 47.6443, 29.5477
436, 22, 569, 48.4075, 29.6177
437, 22, 568, 49.1707, 29.6874
438, 22, 568, 48.7972, 29.7569
439, 22, 568, 48.4237, 29.8356
440, 22, 567, 48.665, 29.9063
441, 22, 567, 48.4605, 29.9765
442, 22, 567, 48.3075, 30.0469
443, 22, 567, 47.7295, 30.1173
444, 22, 567, 47.3559, 30.1899
445, 22, 567, 47.0925, 30.2596
446, 22, 567, 46.9396, 30.3287
447, 22, 567, 46.8291, 30.3988
448, 22, 566, 46.5969, 30.4684
449, 22, 566, 46.5554, 30.538
450, 22, 565, 48.2601, 30.608
451, 22, 564, 49.0233, 30.6774
452, 22, 564, 48.4452, 30.7477
453, 22, 564, 48.0717, 30.8178
454, 22, 564, 47.8082, 30.8876
455, 22, 563, 48.8082, 30.9588
456, 22, 563, 48.3932, 31.0282
457, 22, 563, 48.2233, 31.0975
458, 22, 563, 48.0703, 31.1673
459, 22, 563, 47.9865, 31.2367
460, 22, 562, 48.7497, 31.3059
461, 22, 561, 49.5129, 31.3753
462, 22, 560, 50.2761, 31.4453
463, 22, 559, 51.2761, 31.5164
464, 22, 559, 50.8611, 31.5858
465, 22, 559, 50.6912, 31.6552
466, 22, 558, 51.4544, 31.725
467, 22, 558, 51.0808, 31.7944
468, 22, 558, 50.7073, 31.8639
469, 22, 557, 50.9486, 31.9337
470, 22, 557, 51.1706, 32.0034
471, 22, 557, 50.9071, 32.0732
472, 22, 557, 50.7542, 32.1531
473, 22, 556, 51.5174, 32.2224
474, 22, 556, 51.1439, 32.2923
475, 22, 556, 50.7703, 32.3618
476, 22, 556, 50.6174, 32.4485
477, 22, 556, 50.4645, 32.5205
478, 22, 555, 51.2277, 32.5901
479, 22, 555, 50.8541, 32.6599
480, 22, 555, 50.4806, 32.7297
481, 22, 554, 50.7219, 32.8002
482, 22, 554, 50.5174, 32.8703
483, 22, 554, 50.3645, 32.9405
484, 22, 553, 51.1277, 33.0099
485, 22, 552, 51.8909, 33.0799
486, 22, 552, 51.5173, 33.151
487, 22, 552, 51.1438, 33.2458
488, 22, 552, 50.9909, 33.3163
489, 22, 552, 50.8379, 33.4007
490, 22, 552, 50.7274, 33.4712
491, 22, 552, 50.6436, 33.5406
492, 22, 552, 50.5331, 33.6106
493, 22, 551, 51.2963, 33.6927
494, 22, 550, 52.2963, 33.7634
495, 22, 550, 51.8813, 33.8347
496, 22, 550, 51.7114, 33.9045
497, 22, 549, 52.4746, 33.9886
498, 22, 549, 52.101, 34.0661
499, 22, 549, 51.7275, 34.1365
500, 22, 549, 51.5746, 34.2065
501, 22, 549, 51.4216, 34.2766
502, 22, 548, 52.1848, 34.3469
503, 22, 547, 51.9526, 34.4177
504, 22, 546, 53.3008, 34.488
505, 22, 546, 52.9273, 34.5577
506, 22, 546, 52.4423, 34.6292
507, 22, 546, 52.2894, 34.6994
508, 22, 546, 52.0848, 34.77
509, 22, 546, 52.001, 34.8411
510, 22, 546, 51.9079, 34.9144
511, 22, 546, 51.8148, 34.9845
512, 22, 546, 51.731, 35.0548
513, 22, 546, 51.6472, 35.1281
514, 22, 546, 51.5634, 35.198
515, 22, 546, 51.4703, 35.2683
516, 22, 546, 51.3865, 35.3386
517, 22, 545, 52.1497, 35.4085
518, 22, 544, 52.9129, 35.4882
519, 22, 544, 52.5394, 35.5742
520, 22, 544, 52.1658, 35.6505
521, 22, 544, 52.0129, 35.7204
522, 22, 544, 51.86, 35.7907
523, 22, 544, 51.7762, 35.8619
524, 22, 543, 52.5394, 35.932
525, 22, 542, 53.3026, 36.0023
526, 22, 542, 52.929, 36.0723
527, 22, 542, 52.5555, 36.1422
528, 22, 542, 52.4026, 36.214
529, 22, 542, 52.2496, 36.2841
530, 22, 542, 52.1658, 36.354
531, 22, 541, 53.1658, 36.424
532, 22, 541, 52.7508, 36.4978
533, 22, 541, 52.5809, 36.5679
534, 22, 541, 52.4878, 36.6377
535, 22, 541, 52.3946, 36.7082
536, 22, 541, 52.5577, 36.7788
537, 22, 541, 52.4739, 36.8572
538, 22, 541, 52.3808, 36.9275
539, 22, 541, 52.297, 37.0009
540, 22, 541, 52.2132, 37.0715
541, 22, 541, 52.1602, 37.1421
542, 22, 541, 52.1013, 37.2128
543, 22, 541, 52.0424, 37.2833
544, 22, 541, 51.9894, 37.3534
545, 22, 541, 51.9056, 37.4287
546, 22, 541, 51.8125, 37.5096
547, 22, 541, 51.7287, 37.5807
548, 22, 541, 51.5775, 37.6535
549, 22, 541, 51.5245, 37.7241
550, 22, 541, 51.4715, 37.7954
551, 22, 540, 51.6613, 37.868
552, 22, 540, 51.5508, 37.9391
553, 22, 539, 52.5508, 38.0203
554, 22, 539, 52.1357, 38.0963
555, 22, 539, 51.9658, 38.1674
556, 22, 539, 51.882, 38.2383
557, 22, 539, 51.7309, 38.3093
558, 22, 539, 51.6377, 38.38
559, 22, 539, 51.4866, 38.4542
560, 22, 539, 51.4028, 38.5245
561, 22, 539, 51.319, 38.5969
562, 22, 539, 51.2085, 38.6679
563, 22, 539, 51.0574, 38.7386
564, 22, 539, 50.9643, 38.832
565, 22, 539, 50.8131, 38.9031
566, 22, 539, 50.3282, 38.974
567, 22, 539, 49.9546, 39.0453
568, 22, 539, 49.5811, 39.1156
569, 22, 539, 49.488, 39.1863
570, 22, 539, 49.3775, 39.2564
571, 22, 539, 49.267, 39.3272
572, 22, 539, 49.4309, 39.398
573, 22, 539, 49.3471, 39.4688
574, 22, 538, 49.5368, 39.5401
575, 22, 538, 49.4263, 39.611
576, 22, 537, 49.1941, 39.6822
577, 22, 536, 50.5423, 39.7528
578, 22, 535, 51.3055, 39.8273
579, 22, 535, 50.8205, 39.8985
580, 22, 535, 50.447, 39.9694
581, 22, 535, 50.2424, 40.0402
582, 22, 535, 50.0895, 40.1114
583, 22, 534, 50.8527, 40.1823
584, 22, 533, 51.6159, 40.2569
585, 22, 532, 52.3791, 40.3379
586, 22, 532, 52.0056, 40.4092
587, 22, 531, 52.3583, 40.4813
588, 22, 531, 52.6734, 40.5524
589, 22, 531, 52.0953, 40.6233
590, 22, 531, 51.9424, 40.6947
591, 22, 531, 51.6789, 40.7663
592, 22, 530, 52.6789, 40.8372
593, 22, 530, 52.2639, 40.908
594, 22, 530, 52.094, 40.979
595, 22, 529, 52.8572, 41.0505
596, 22, 529, 52.4836, 41.1214
597, 22, 529, 52.1101, 41.1925
598, 22, 529, 51.9572, 41.273
599, 22, 528, 52.1985, 41.3445
600, 22, 528, 51.994, 41.4154
601, 22, 527, 52.7572, 41.4862
602, 22, 526, 52.525, 41.5576
603, 22, 525, 53.8731, 41.6288
604, 22, 524, 54.6363, 41.6992
605, 22, 524, 54.1514, 41.7738
606, 22, 524, 53.7778, 41.8452
607, 22, 524, 53.5733, 41.9165
608, 22, 524, 53.4204, 41.9875
609, 22, 523, 54.1836, 42.0742
610, 22, 522, 54.5363, 42.1582
611, 22, 522, 54.0514, 42.2298
612, 22, 522, 53.6778, 42.3014
613, 22, 522, 53.8998, 42.3728
614, 22, 522, 53.6363, 42.4443
615, 22, 522, 53.4834, 42.516
616, 22, 522, 53.3996, 42.5872
617, 22, 521, 53.5893, 42.6589
618, 22, 521, 53.4788, 42.7304
619, 22, 520, 54.242, 42.8018
620, 22, 519, 54.0098, 42.8734
621, 22, 518, 55.358, 42.9448
622, 22, 518, 54.9845, 43.0246
623, 22, 518, 54.4995, 43.0962
624, 22, 518, 54.3466, 43.1674
625, 22, 518, 54.5685, 43.2385
626, 22, 517, 55.5685, 43.3101
627, 22, 517, 55.1535, 43.3817
628, 22, 517, 54.9835, 43.4533
629, 22, 516, 55.9835, 43.5251
630, 22, 516, 55.5685, 43.5962
631, 22, 516, 55.3986, 43.6692
632, 22, 515, 56.1618, 43.7405
633, 22, 514, 56.925, 43.8119
634, 22, 513, 57.6882, 43.8857
635, 22, 513, 57.3146, 43.9567
636, 22, 513, 56.9411, 44.0277
637, 22, 513, 56.7882, 44.0992
638, 22, 513, 56.6352, 44.1709
639, 22, 512, 57.6352, 44.2547
640, 22, 512, 57.2202, 44.3255
641, 22, 512, 57.0503, 44.3964
642, 22, 511, 57.8135, 44.4675
643, 22, 511, 57.4399, 44.5384
644, 22, 511, 57.0664, 44.6124
645, 22, 511, 56.9135, 44.6849
646, 22, 511, 56.7605, 44.7557
647, 22, 511, 56.6767, 44.8276
648, 22, 510, 56.4446, 44.8988
649, 22, 509, 57.7927, 44.9703
650, 22, 508, 57.5605, 45.0417
651, 22, 507, 58.9087, 45.1128
652, 22, 506, 59.6719, 45.1859
653, 22, 506, 59.1869, 45.264
654, 22, 506, 58.8134, 45.3372
655, 22, 506, 58.6088, 45.4092
656, 22, 506, 58.4559, 45.491
657, 22, 505, 59.4559, 45.5633
658, 22, 505, 59.0409, 45.6348
659, 22, 505, 58.8709, 45.707
660, 22, 504, 59.6341, 45.7795
661, 22, 504, 59.1492, 45.8514
662, 22, 504, 58.7756, 45.9231
663, 22, 504, 58.5711, 45.9961
664, 22, 504, 58.4182, 46.068
665, 22, 504, 58.3344, 46.1401
666, 22, 503, 59.0976, 46.2119
667, 22, 502, 60.0976, 46.2833
668, 22, 502, 59.6825, 46.3549
669, 22, 502, 59.5126, 46.4268
670, 22, 501, 60.2758, 46.5006
671, 22, 501, 59.9023, 46.5722
672, 22, 501, 59.5287, 46.6439
673, 22, 501, 59.3758, 46.7306
674, 22, 501, 59.2229, 46.8033
675, 22, 500, 59.9861, 46.8749
676, 22, 499, 60.7493, 46.9471
677, 22, 499, 60.3757, 47.0193
678, 22, 499, 60.0022, 47.0914
679, 22, 499, 59.8493, 47.1782
680, 22, 499, 59.6963, 47.2527
681, 22, 499, 59.6125, 47.3253
682, 22, 499, 59.5194, 47.398
683, 22, 499, 59.4356, 47.4706
684, 22, 499, 59.3425, 47.5433
685, 22, 499, 59.2494, 47.6156
686, 22, 499, 58.986, 47.688
687, 22, 499, 58.9022, 47.7625
688, 22, 499, 58.8184, 47.8352
689, 22, 498, 58.5862, 47.9196
690, 22, 497, 59.9344, 47.9924
691, 22, 496, 60.6976, 48.0662
692, 22, 495, 61.4607, 48.1385
693, 22, 495, 61.0872, 48.2113
694, 22, 495, 60.7137, 48.2834
695, 22, 495, 60.5607, 48.3558
696, 22, 494, 60.8021, 48.4277
697, 22, 494, 60.5976, 48.5001
698, 22, 493, 61.3607, 48.5728
699, 22, 493, 60.8758, 48.6451
700, 22, 493, 60.5023, 48.7195
701, 22, 493, 60.2977, 48.8012
702, 22, 493, 60.1448, 48.8736
703, 22, 493, 60.0343, 48.946
704, 22, 492, 60.7975, 49.0201
705, 22, 492, 60.4239, 49.0924
706, 22, 492, 60.2194, 49.1666
707, 22, 492, 60.0665, 49.2401
708, 22, 491, 60.8297, 49.314
709, 22, 490, 61.5929, 49.3873
710, 22, 489, 62.5929, 49.4606
711, 22, 489, 62.1778, 49.5358
712, 22, 489, 62.0079, 49.6086
713, 22, 488, 63.993, 49.6819
714, 22, 487, 64.7562, 49.7547
715, 22, 486, 65.5194, 49.8271
716, 22, 486, 65.1459, 49.8998
717, 22, 486, 64.7724, 49.9727
718, 22, 486, 64.6194, 50.0617
719, 22, 486, 64.4665, 50.1356
720, 22, 485, 65.2297, 50.2088
721, 22, 485, 64.8562, 50.282
722, 22, 485, 64.4826, 50.3555
723, 22, 485, 64.3297, 50.4284
724, 22, 485, 64.1768, 50.5016
725, 22, 485, 64.093, 50.5746
726, 22, 484, 64.8562, 50.6492
727, 22, 484, 64.4826, 50.7225
728, 22, 484, 64.1091, 50.7959
729, 22, 483, 64.3504, 50.8709
730, 22, 483, 64.1459, 50.9438
731, 22, 483, 63.993, 51.0173
732, 22, 482, 64.7562, 51.0902
733, 22, 482, 64.3826, 51.1633
734, 22, 482, 64.0091, 51.2364
735, 22, 482, 63.8562, 51.3098
736, 22, 482, 63.7032, 51.3829
737, 22, 481, 64.4664, 51.4562
738, 22, 481, 64.0929, 51.5298
739, 22, 481, 63.7194, 51.6029
740, 22, 481, 63.5664, 51.676
741, 22, 481, 63.4135, 51.7492
742, 22, 480, 63.1813, 51.823
743, 22, 479, 64.5295, 51.8964
744, 22, 479, 64.1559, 51.9701
745, 22, 479, 63.671, 52.0441
746, 22, 479, 63.518, 52.129
747, 22, 479, 63.3135, 52.2032
748, 22, 478, 64.0767, 52.2765
749, 22, 478, 64.3917, 52.3497
750, 22, 477, 65.3917, 52.4232
751, 22, 477, 64.9767, 52.4964
752, 22, 477, 64.8068, 52.5694
753, 22, 477, 64.2287, 52.6433
754, 22, 476, 64.5815, 52.7173
755, 22, 476, 64.0965, 52.7917
756, 22, 476, 63.8331, 52.865
757, 22, 476, 63.6285, 52.9391
758, 22, 476, 63.518, 53.0143
759, 22, 475, 63.2858, 53.0882
760, 22, 475, 63.2443, 53.1643
761, 22, 474, 64.949, 53.2395
762, 22, 473, 65.7122, 53.3119
763, 22, 473, 65.1342, 53.386
764, 22, 472, 65.4869, 53.4599
765, 22, 472, 65.002, 53.5329
766, 22, 472, 64.7385, 53.6066
767, 22, 471, 65.5017, 53.6798
768, 22, 470, 66.2649, 53.7533
769, 22, 470, 65.8914, 53.8269
770, 22, 470, 65.5179, 53.9005
771, 22, 470, 65.3649, 53.9739
772, 22, 470, 65.212, 54.0562
773, 22, 469, 64.9798, 54.1479
774, 22, 468, 66.328, 54.2223
775, 22, 467, 67.0912, 54.3012
776, 22, 466, 67.8544, 54.3756
777, 22, 466, 67.4808, 54.452
778, 22, 466, 67.1073, 54.5259
779, 22, 466, 66.9544, 54.5996
780, 22, 466, 66.8014, 54.6733
781, 22, 465, 67.5646, 54.7469
782, 22, 464, 68.3278, 54.8202
783, 22, 464, 67.9543, 54.8934
784, 22, 464, 67.5808, 54.9673
785, 22, 464, 67.4278, 55.041
786, 22, 464, 67.2749, 55.115
787, 22, 463, 68.0381, 55.1889
788, 22, 462, 68.8013, 55.2635
789, 22, 461, 69.5645, 55.3366
790, 22, 461, 69.1909, 55.4098
791, 22, 461, 68.8174, 55.4991
792, 22, 461, 68.6645, 55.5723
793, 22, 461, 68.5115, 55.6456
794, 22, 460, 68.2794, 55.7187
795, 22, 459, 69.6275, 55.7925
796, 22, 458, 70.3907, 55.8659
797, 22, 458, 69.9057, 55.9395
798, 22, 458, 69.5322, 56.0128
799, 22, 458, 69.3277, 56.0868
800, 22, 457, 69.569, 56.1601
801, 22, 457, 69.3645, 56.2353
802, 22, 456, 69.1323, 56.3104
803, 22, 456, 69.0908, 56.3836
804, 22, 455, 70.7955, 56.4568
805, 22, 454, 71.5587, 56.5298
806, 22, 453, 71.3265, 56.6027
807, 22, 452, 72.6746, 56.6765
808, 22, 452, 72.3011, 56.7501
809, 22, 452, 71.8161, 56.8236
810, 22, 451, 72.0575, 56.8973
811, 22, 451, 71.853, 56.974
812, 22, 451, 72.0749, 57.0474
813, 22, 450, 72.8381, 57.1205
814, 22, 449, 73.6013, 57.1937
815, 22, 448, 74.3645, 57.2682
816, 22, 448, 73.9909, 57.3412
817, 22, 448, 73.6174, 57.4144
818, 22, 448, 73.4645, 57.4985
819, 22, 448, 73.3115, 57.5715
820, 22, 447, 74.0747, 57.6444
821, 22, 446, 74.8379, 57.7177
822, 22, 445, 75.6011, 57.7913
823, 22, 445, 75.2276, 57.8646
824, 22, 445, 74.8541, 57.9451
825, 22, 445, 74.7011, 58.0214
826, 22, 445, 74.5482, 58.0948
827, 22, 444, 75.3114, 58.1688
828, 22, 443, 76.3114, 58.2423
829, 22, 443, 75.8964, 58.316
830, 22, 443, 75.7264, 58.3909
831, 22, 442, 76.4896, 58.4656
832, 22, 441, 77.2528, 58.5391
833, 22, 441, 76.8793, 58.613
834, 22, 441, 76.5058, 58.6868
835, 22, 441, 76.3528, 58.7719
836, 22, 441, 76.1999, 58.846
837, 22, 440, 76.9631, 58.9194
838, 22, 440, 76.5896, 58.9928
839, 22, 440, 76.216, 59.0664
840, 22, 440, 76.0631, 59.1394
841, 22, 440, 75.9102, 59.2149
842, 22, 439, 76.6734, 59.289
843, 22, 438, 77.0261, 59.3841
844, 22, 438, 76.5412, 59.4588
845, 22, 438, 76.1676, 59.5327
846, 22, 438, 75.9631, 59.6065
847, 22, 438, 75.8102, 59.6804
848, 22, 437, 76.5734, 59.755
849, 22, 437, 76.1998, 59.8291
850, 22, 437, 75.8263, 59.9031
851, 22, 437, 75.6734, 59.9776
852, 22, 437, 75.5204, 60.0514
853, 22, 436, 76.2836, 60.1251
854, 22, 435, 77.0468, 60.1989
855, 22, 434, 77.3996, 60.273
856, 22, 434, 76.9146, 60.3465
857, 22, 434, 76.5411, 60.4202
858, 22, 434, 76.763, 60.4948
859, 22, 434, 76.4996, 60.5694
860, 22, 434, 76.3467, 60.6432
861, 22, 434, 76.2629, 60.7171
862, 22, 434, 76.1524, 60.791
863, 22, 434, 76.0686, 60.8749
864, 22, 433, 76.8318, 60.949
865, 22, 432, 77.595, 61.0237
866, 22, 432, 77.2214, 61.1085
867, 22, 432, 76.8479, 61.1846
868, 22, 432, 76.695, 61.2596
869, 22, 432, 76.542, 61.3341
870, 22, 431, 77.3052, 61.4085
871, 22, 430, 78.3052, 61.4828
872, 22, 430, 77.8902, 61.5571
873, 22, 430, 77.7203, 61.6313
874, 22, 429, 78.4835, 61.7059
875, 22, 428, 79.2467, 61.7974
876, 22, 428, 78.8731, 61.8728
877, 22, 428, 78.4996, 61.9491
878, 22, 428, 78.3467, 62.0247
879, 22, 428, 78.1937, 62.1074
880, 22, 427, 78.9569, 62.1825
881, 22, 426, 79.9569, 62.2687
882, 22, 426, 79.5419, 62.3435
883, 22, 426, 79.372, 62.4183
884, 22, 425, 80.1352, 62.4937
885, 22, 424, 80.8983, 62.5683
886, 22, 424, 80.5248, 62.6431
887, 22, 424, 80.1513, 62.7177
888, 22, 424, 79.9983, 62.7927
889, 22, 424, 79.8454, 62.8679
890, 22, 423, 80.6086, 62.944
891, 22, 422, 81.6086, 63.0184
892, 22, 422, 81.1936, 63.0929
893, 22, 422, 81.0236, 63.1679
894, 22, 421, 81.7868, 63.2446
895, 22, 420, 82.55, 63.3201
896, 22, 420, 82.1765, 63.397
897, 22, 420, 81.803, 63.4745
898, 22, 420, 81.65, 63.5499
899, 22, 420, 81.4971, 63.6257
900, 22, 419, 82.2603, 63.7015
901, 22, 418, 83.2603, 63.7772
902, 22, 418, 82.8453, 63.8526
903, 22, 418, 82.6753, 63.9309
904, 22, 417, 83.4385, 64.0065
905, 22, 416, 84.2017, 64.0836
906, 22, 416, 83.8282, 64.1589
907, 22, 416, 83.4547, 64.2341
908, 22, 416, 83.3017, 64.3092
909, 22, 416, 83.1488, 64.3857
910, 22, 415, 84.1488, 64.4615
911, 22, 415, 83.7338, 64.5368
912, 22, 415, 83.5638, 64.6125
913, 22, 414, 84.327, 64.6882
914, 22, 414, 83.9535, 64.7637
915, 22, 414, 83.58, 64.8394
916, 22, 414, 83.427, 64.9153
917, 22, 414, 83.2741, 64.991
918, 22, 413, 84.0373, 65.0665
919, 22, 413, 83.6638, 65.142
920, 22, 413, 83.2902, 65.2196
921, 22, 413, 83.1373, 65.2961
922, 22, 413, 82.9844, 65.3757
923, 22, 412, 83.7476, 65.4608
924, 22, 412, 83.374, 65.5516
925, 22, 412, 83.0005, 65.6285
926, 22, 412, 82.8476, 65.7049
927, 22, 412, 82.6946, 65.7952
928, 22, 411, 83.4578, 65.889
929, 22, 411, 83.0843, 66
930, 22, 411, 82.7108, 66.0967
931, 22, 411, 82.5578, 66.1843
932, 22, 411, 82.4049, 66.3075
933, 22, 410, 83.4049, 66.3895
934, 22, 410, 82.9899, 66.5039
935, 22, 410, 82.8199, 66.6232
936, 22, 410, 82.7361, 66.7253
937, 22, 409, 83.4993, 66.8024
938, 22, 408, 84.2625, 66.8786
939, 22, 408, 83.889, 66.9542
940, 22, 408, 83.5155, 67.0302
941, 22, 408, 83.3625, 67.1071
942, 22, 408, 83.2096, 67.1829
943, 22, 407, 83.9728, 67.2593
944, 22, 406, 84.736, 67.3355
945, 22, 405, 85.4992, 67.4115
946, 22, 405, 85.1257, 67.4876
947, 22, 405, 84.7521, 67.5639
948, 22, 405, 84.5992, 67.6423
949, 22, 405, 84.4463, 67.7188
950, 22, 404, 84.2141, 67.7952
951, 22, 403, 85.5622, 67.8717
952, 22, 402, 86.3254, 67.948
953, 22, 401, 87.0886, 68.0237
954, 22, 401, 86.7151, 68.1003
955, 22, 401, 86.3416, 68.1781
956, 22, 401, 86.1886, 68.2542
957, 22, 401, 86.0357, 68.3308
958, 22, 400, 86.7989, 68.4075
959, 22, 399, 87.5621, 68.4838
960, 23, 398, 88.5621, 68.5625
961, 24, 398, 88.1471, 68.639
962, 25, 398, 87.9771, 68.7159
963, 26, 398, 87.884, 68.8103
964, 27, 398, 87.8251, 68.8903
965, 28, 398, 87.7845, 68.9757
966, 29, 398, 87.7547, 69.0536
967, 30, 398, 87.732, 69.1306
968, 31, 398, 87.7141, 69.2077
969, 32, 398, 87.6996, 69.2856
970, 32, 397, 88.4628, 69.3618
971, 32, 396, 89.226, 69.4388
972, 32, 396, 88.8525, 69.515
973, 32, 396, 88.4789, 69.5914
974, 32, 396, 88.326, 69.6684
975, 32, 396, 88.1731, 69.745
976, 32, 395, 88.9363, 69.8215
977, 32, 394, 89.6994, 69.8987
978, 32, 393, 90.4626, 69.9754
979, 32, 393, 90.0891, 70.0518
980, 32, 393, 89.7156, 70.1282
981, 32, 393, 89.5626, 70.2045
982, 32, 392, 89.804, 70.2824
983, 32, 392, 89.5994, 70.3704
984, 32, 391, 90.3626, 70.4538
985, 32, 390, 91.1258, 70.5328
986, 32, 390, 90.7523, 70.6111
987, 32, 390, 90.3788, 70.6899
988, 32, 389, 90.6201, 70.767
989, 32, 389, 90.4156, 70.8445
990, 32, 389, 90.2626, 70.9231
991, 32, 388, 91.2626, 71.0155
992, 32, 388, 90.8476, 71.0926
993, 32, 388, 90.6777, 71.169
994, 32, 387, 91.4409, 71.2468
995, 32, 386, 91.7936, 71.3229
996, 32, 386, 91.3087, 71.3987
997, 32, 386, 90.9352, 71.4743
998, 32, 386, 90.7306, 71.5586
999, 32, 386, 90.5777, 71.6511
1000, 32, 385, 90.3455, 71.7301
1001, 32, 384, 91.6936, 71.8081
1002, 32, 383, 92.4568, 71.8836
1003, 32, 382, 93.22, 71.9593
1004, 32, 382, 92.8465, 72.036
1005, 32, 382, 92.473, 72.1248
1006, 32, 382, 92.32, 72.2007
1007, 32, 382, 92.1671, 72.2762
1008, 32, 381, 92.9303, 72.3523
1009, 32, 381, 92.4453, 72.4283
1010, 32, 381, 92.0718, 72.504
1011, 32, 381, 92.2937, 72.5803
1012, 32, 381, 92.0303, 72.6571
1013, 32, 381, 91.8774, 72.7333
1014, 33, 381, 91.8654, 72.8113
1015, 33, 381, 91.7549, 72.8871
1016, 33, 381, 91.6444, 72.9633
1017, 33, 380, 92.6444, 73.0393
1018, 33, 380, 92.2294, 73.1217
1019, 33, 380, 92.0594, 73.1975
1020, 33, 379, 93.0594, 73.2735
1021, 33, 379, 92.6444, 73.3496
1022, 33, 379, 92.4745, 73.4259
1023, 33, 378, 93.2377, 73.5017
1024, 33, 377, 94.2377, 73.5775
1025, 33, 377, 93.8226, 73.6577
1026, 33, 377, 93.6527, 73.734
1027, 33, 376, 94.4159, 73.8182
1028, 33, 376, 94.0424, 73.8942
1029, 33, 376, 93.6688, 73.97
1030, 33, 376, 93.5159, 74.0458
1031, 33, 376, 93.363, 74.1217
1032, 33, 376, 93.2792, 74.1977
1033, 33, 375, 94.0424, 74.2753
1034, 33, 374, 95.0424, 74.3507
1035, 33, 374, 94.6273, 74.4289
1036, 33, 374, 94.4574, 74.5042
1037, 33, 373, 95.2206, 74.5791
1038, 33, 373, 94.8471, 74.6548
1039, 33, 373, 94.4735, 74.73
1040, 33, 373, 94.3206, 74.8049
1041, 33, 373, 94.1677, 74.8806
1042, 33, 373, 94.0839, 74.956
1043, 33, 372, 94.8471, 75.0319
1044, 33, 371, 95.6103, 75.1081
1045, 33, 370, 96.3735, 75.1851
1046, 33, 369, 96.7262, 75.2611
1047, 33, 369, 96.2413, 75.337
1048, 33, 369, 95.8677, 75.414
1049, 33, 369, 95.6632, 75.5031
1050, 33, 369, 95.5103, 75.5788
1051, 33, 368, 96.5103, 75.6543
1052, 33, 368, 96.0952, 75.73
1053, 33, 368, 95.9253, 75.8057
1054, 33, 367, 96.6885, 75.8816
1055, 33, 367, 96.315, 75.9571
1056, 33, 367, 95.9414, 76.0375
1057, 33, 367, 95.7885, 76.1128
1058, 33, 367, 95.6356, 76.1885
1059, 33, 367, 95.5518, 76.266
1060, 33, 366, 96.315, 76.3421
1061, 33, 365, 97.0782, 76.4199
1062, 33, 364, 97.8414, 76.496
1063, 33, 364, 97.4678, 76.5722
1064, 33, 364, 97.0943, 76.6482
1065, 33, 364, 96.9414, 76.7244
1066, 33, 364, 96.7884, 76.8005
1067, 33, 363, 97.7884, 76.8767
1068, 33, 363, 97.3734, 76.953
1069, 33, 363, 97.2035, 77.0314
1070, 33, 362, 97.9667, 77.108
1071, 33, 362, 97.5931, 77.1845
1072, 33, 362, 97.2196, 77.2607
1073, 33, 362, 97.0667, 77.3374
1074, 33, 362, 96.9137, 77.4134
1075, 33, 362, 96.8032, 77.4899
1076, 33, 361, 96.571, 77.5661
1077, 33, 360, 97.9192, 77.6429
1078, 33, 359, 98.6824, 77.7193
1079, 33, 359, 98.9974, 77.7964
1080, 33, 358, 99.7606, 77.8728
1081, 33, 357, 100.524, 77.9492
1082, 33, 356, 100.877, 78.0259
1083, 33, 356, 100.392, 78.121
1084, 33, 356, 100.018, 78.1984
1085, 33, 356, 99.8136, 78.2752
1086, 33, 356, 99.6606, 78.3514
1087, 33, 356, 99.0826, 78.4279
1088, 33, 356, 98.709, 78.5046
1089, 33, 356, 98.4456, 78.5814
1090, 33, 356, 98.2927, 78.6581
1091, 33, 356, 98.1822, 78.7344
1092, 33, 355, 99.1822, 78.8228
1093, 33, 355, 98.7671, 78.8996
1094, 33, 355, 98.5972, 78.976
1095, 33, 355, 98.5041, 79.0535
1096, 33, 355, 98.4203, 79.1298
1097, 33, 354, 98.7731, 79.2067
1098, 33, 354, 98.2881, 79.2867
1099, 33, 354, 97.8031, 79.3639
1100, 33, 354, 97.4296, 79.443
1101, 33, 354, 97.0561, 79.5205
1102, 33, 354, 96.9723, 79.5981
1103, 33, 354, 96.8792, 79.6751
1104, 33, 354, 96.7954, 79.7519
1105, 34, 354, 96.7853, 79.8325
1106, 34, 354, 96.6342, 79.9175
1107, 34, 354, 96.5504, 79.9954
1108, 34, 354, 96.4573, 80.0833
1109, 34, 354, 96.3735, 80.1607
1110, 34, 354, 96.2897, 80.2378
1111, 34, 354, 96.1367, 80.3149
1112, 34, 353, 96.8999, 80.4007
1113, 34, 352, 97.8999, 80.4774
1114, 34, 352, 97.4849, 80.5543
1115, 34, 352, 97.315, 80.6309
1116, 34, 351, 98.0782, 80.7078
1117, 34, 351, 97.7046, 80.7849
1118, 34, 351, 97.3311, 80.8618
1119, 34, 351, 97.1782, 80.9387
1120, 34, 351, 97.0252, 81.0154
1121, 34, 350, 97.7884, 81.0922
1122, 34, 349, 97.5562, 81.1716
1123, 34, 348, 98.9044, 81.2487
1124, 34, 348, 98.6999, 81.3259
1125, 34, 348, 98.2149, 81.4029
1126, 34, 348, 98.1044, 81.4804
1127, 34, 348, 98.0206, 81.5574
1128, 34, 348, 97.9676, 81.6344
1129, 34, 348, 97.7631, 81.7279
1130, 34, 347, 98.5263, 81.8131
1131, 34, 347, 98.3217, 81.9264
1132, 34, 347, 97.9482, 82.0202
1133, 34, 347, 97.8377, 82.1312
1134, 34, 347, 97.7539, 82.2553
1135, 34, 347, 97.6027, 82.355
1136, 34, 347, 97.519, 82.4327
1137, 35, 347, 97.5104, 82.5136
1138, 35, 347, 97.443, 82.6044
1139, 35, 347, 97.3592, 82.6818
1140, 35, 347, 97.2661, 82.7592
1141, 35, 347, 97.1556, 82.8363
1142, 35, 347, 97.0625, 82.9137
1143, 35, 347, 96.9787, 82.9911
1144, 35, 347, 96.8816, 83.0787
1145, 35, 347, 96.7978, 83.1555
1146, 35, 347, 96.714, 83.2327
1147, 35, 347, 96.6302, 83.3113
1148, 35, 346, 97.6302, 83.404
1149, 35, 346, 97.2152, 83.4819
1150, 35, 346, 97.0453, 83.5592
1151, 35, 346, 96.9615, 83.6361
1152, 35, 346, 96.9085, 83.7135
1153, 35, 345, 97.9085, 83.7903
1154, 35, 345, 97.4934, 83.869
1155, 35, 345, 97.3235, 83.946
1156, 35, 345, 97.2397, 84.0229
1157, 35, 345, 97.1559, 84.0997
1158, 35, 345, 97.0628, 84.1767
1159, 35, 345, 96.9697, 84.2548
1160, 35, 345, 96.9167, 84.3327
1161, 35, 345, 96.8329, 84.4098
1162, 35, 345, 96.7491, 84.4891
1163, 35, 345, 96.5962, 84.5662
1164, 35, 345, 96.5031, 84.6434
1165, 35, 345, 96.4193, 84.7205
1166, 35, 345, 96.3355, 84.7979
1167, 35, 345, 96.2517, 84.8769
1168, 35, 345, 96.1679, 84.9538
1169, 35, 345, 96.0841, 85.0308
1170, 35, 345, 96.0003, 85.1078
1171, 35, 345, 95.9165, 85.1846
1172, 35, 345, 95.8327, 85.2617
1173, 35, 345, 95.7489, 85.3389
1174, 35, 345, 95.3753, 85.4158
1175, 35, 345, 95.2915, 85.5068
1176, 35, 345, 95.2077, 85.5841
1177, 35, 345, 95.1239, 85.661
1178, 35, 345, 95.0401, 85.7381
1179, 35, 345, 94.9563, 85.8149
1180, 35, 345, 94.8725, 85.8921
1181, 35, 345, 94.8195, 85.9689
1182, 35, 345, 94.7665, 86.0463
1183, 35, 345, 94.6827, 86.1368
1184, 35, 345, 94.5896, 86.2147
1185, 35, 345, 94.4965, 86.292
1186, 35, 345, 94.4127, 86.369
1187, 35, 345, 94.3196, 86.4462
1188, 35, 345, 94.2358, 86.5233
1189, 35, 345, 94.1427, 86.6009
1190, 35, 345, 94.0589, 86.6783
1191, 35, 345, 93.9658, 86.7554
1192, 35, 345, 93.882, 86.8472
1193, 35, 345, 93.7889, 86.9249
1194, 35, 344, 93.9786, 87.0023
1195, 35, 344, 93.8681, 87.0911
1196, 35, 344, 93.7843, 87.17
1197, 35, 344, 93.7005, 87.247
1198, 35, 344, 93.6074, 87.3242
1199, 35, 344, 93.4969, 87.4011
1200, 35, 344, 93.4131, 87.478
1201, 35, 344, 93.0396, 87.5551
1202, 35, 344, 92.6661, 87.6323
1203, 35, 344, 92.0291, 87.7092
1204, 35, 344, 91.9453, 87.7862
1205, 35, 344, 91.8615, 87.8634
1206, 35, 344, 91.7777, 87.9406
1207, 35, 343, 92.5409, 88.0174
1208, 35, 342, 93.3041, 88.0943
1209, 35, 342, 92.9306, 88.1715
1210, 35, 342, 92.557, 88.2486
1211, 35, 342, 92.4041, 88.3254
1212, 35, 342, 92.2512, 88.4025
1213, 35, 341, 93.2512, 88.4797
1214, 35, 341, 92.8361, 88.5573
1215, 35, 341, 92.6662, 88.6344
1216, 35, 340, 93.4294, 88.7112
1217, 35, 339, 94.1926, 88.8016
1218, 35, 338, 94.9558, 88.8791
1219, 35, 338, 94.5823, 88.9564
1220, 35, 338, 94.2087, 89.0336
1221, 35, 338, 94.0558, 89.1103
1222, 35, 338, 93.9029, 89.1873
1223, 35, 337, 94.666, 89.2641
1224, 35, 337, 94.2925, 89.3425
1225, 35, 336, 94.6453, 89.4195
1226, 35, 336, 94.1603, 89.4965
1227, 35, 336, 94.0074, 89.5732
1228, 35, 336, 93.8029, 89.6511
1229, 35, 336, 93.7191, 89.7273
1230, 35, 335, 94.4823, 89.8078
1231, 35, 335, 93.9042, 89.886
1232, 35, 335, 93.5306, 89.9629
1233, 35, 335, 93.2672, 90.0399
1234, 35, 335, 93.1143, 90.1164
1235, 35, 334, 93.8775, 90.1928
1236, 35, 334, 93.5039, 90.2693
1237, 35, 334, 93.1304, 90.3521
1238, 35, 334, 92.9775, 90.435
1239, 35, 334, 92.8245, 90.5163
1240, 35, 333, 92.5924, 90.5933
1241, 35, 332, 93.9405, 90.6699
1242, 35, 332, 93.4555, 90.747
1243, 35, 332, 92.9706, 90.8237
1244, 35, 332, 92.766, 90.9005
1245, 35, 332, 92.6823, 90.9788
1246, 35, 331, 93.4454, 91.0559
1247, 35, 330, 94.2086, 91.1327
1248, 35, 330, 93.8351, 91.2093
1249, 35, 330, 93.4616, 91.2861
1250, 35, 330, 93.3086, 91.3626
1251, 35, 329, 93.55, 91.4393
1252, 35, 329, 93.3454, 91.5161
1253, 35, 328, 94.1086, 91.5926
1254, 35, 327, 93.8765, 91.6793
1255, 35, 326, 95.2246, 91.757
1256, 35, 326, 94.8511, 91.8405
1257, 35, 326, 94.3661, 91.9177
1258, 35, 326, 94.2132, 91.9947
1259, 35, 326, 94.0086, 92.0716
1260, 35, 326, 93.9248, 92.1563
1261, 35, 326, 93.8143, 92.2335
1262, 35, 326, 93.7305, 92.3121
1263, 35, 325, 94.7305, 92.3884
1264, 35, 325, 94.3155, 92.4649
1265, 35, 325, 94.1456, 92.5437
1266, 35, 325, 94.0525, 92.6201
1267, 35, 325, 93.942, 92.6965
1268, 35, 325, 94.1465, 92.7732
1269, 35, 325, 94.0534, 92.8492
1270, 35, 325, 93.9023, 92.9286
1271, 35, 325, 93.8185, 93.0054
1272, 35, 325, 93.7347, 93.0817
1273, 35, 325, 93.6509, 93.1761
1274, 35, 324, 93.8406, 93.2554
1275, 35, 324, 93.7301, 93.3325
1276, 35, 324, 93.6463, 93.4094
1277, 35, 324, 93.4952, 93.4947
1278, 35, 323, 93.6849, 93.5958
1279, 35, 323, 93.5744, 93.6809
1280, 35, 323, 93.4906, 93.758
1281, 35, 323, 93.4068, 93.8353
1282, 35, 323, 93.1434, 93.9125
1283, 35, 323, 93.0596, 93.9893
1284, 35, 322, 93.8228, 94.0663
1285, 35, 321, 94.586, 94.1447
1286, 35, 321, 94.2124, 94.2222
1287, 35, 321, 93.8389, 94.2998
1288, 35, 321, 93.686, 94.3773
1289, 35, 321, 93.533, 94.4549
1290, 35, 320, 94.2962, 94.5324
1291, 35, 319, 95.0594, 94.6097
1292, 35, 318, 95.8226, 94.6887
1293, 35, 318, 95.4491, 94.7659
1294, 35, 317, 95.8019, 94.8433
1295, 35, 317, 95.3169, 94.921
1296, 35, 317, 95.164, 94.9983
1297, 35, 317, 94.9594, 95.0782
1298, 35, 316, 95.9594, 95.1557
1299, 35, 316, 95.5444, 95.2327
1300, 35, 316, 95.3745, 95.3099
1301, 35, 315, 96.1377, 95.3872
1302, 35, 315, 95.7641, 95.4744
1303, 35, 315, 95.3906, 95.5525
1304, 35, 315, 95.2377, 95.6303
1305, 35, 315, 95.0847, 95.7076
1306, 35, 314, 95.8479, 95.7852
1307, 35, 313, 96.6111, 95.8625
1308, 35, 312, 97.3743, 95.9417
1309, 35, 312, 97.0008, 96.0348
1310, 35, 312, 96.6273, 96.1132
1311, 35, 312, 96.4743, 96.1905
1312, 35, 312, 96.3214, 96.2694
1313, 35, 311, 97.0846, 96.3472
1314, 35, 311, 96.7111, 96.4256
1315, 35, 311, 96.3375, 96.5042
1316, 35, 311, 96.1846, 96.5834
1317, 35, 311, 96.0317, 96.6616
1318, 35, 311, 95.9479, 96.7397
1319, 35, 310, 96.7111, 96.8179
1320, 35, 309, 97.4743, 96.8963
1321, 35, 308, 97.827, 96.9751
1322, 35, 308, 97.3421, 97.0535
1323, 35, 308, 96.9685, 97.1317
1324, 35, 308, 97.1905, 97.2097
1325, 35, 308, 96.927, 97.288
1326, 35, 308, 96.7741, 97.3825
1327, 35, 307, 97.5373, 97.4614
1328, 35, 306, 98.3005, 97.5401
1329, 35, 305, 99.0637, 97.6185
1330, 35, 305, 98.6901, 97.6986
1331, 35, 305, 98.3166, 97.7949
1332, 35, 305, 98.1637, 97.9062
1333, 35, 305, 98.0107, 98.0067
1334, 35, 304, 99.0107, 98.1118
1335, 35, 304, 98.5957, 98.2461
1336, 35, 304, 98.4258, 98.3367
1337, 35, 303, 98.1936, 98.416
1338, 35, 302, 99.5418, 98.4948
1339, 35, 302, 99.1682, 98.5733
1340, 35, 302, 99.4833, 98.6519
1341, 35, 302, 98.9052, 98.7302
1342, 35, 302, 98.7523, 98.8239
1343, 35, 302, 98.4888, 98.9025
1344, 35, 301, 99.252, 98.9811
1345, 35, 300, 100.015, 99.0595
1346, 35, 299, 100.778, 99.1398
1347, 35, 299, 100.405, 99.2185
1348, 35, 299, 100.031, 99.2967
1349, 35, 298, 100.273, 99.3752
1350, 35, 298, 100.068, 99.4538
1351, 35, 298, 99.9152, 99.532
1352, 35, 297, 100.678, 99.6106
1353, 35, 297, 100.305, 99.6891
1354, 35, 297, 99.9313, 99.7672
1355, 35, 297, 99.7784, 99.8457
1356, 35, 297, 99.6255, 99.9237
1357, 35, 297, 99.5417, 100.002
1358, 35, 296, 100.305, 100.081
1359, 35, 295, 101.068, 100.17
1360, 35, 294, 101.831, 100.249
1361, 35, 294, 101.458, 100.327
1362, 35, 294, 101.084, 100.406
1363, 35, 294, 100.931, 100.485
1364, 35, 293, 101.173, 100.563
1365, 35, 293, 100.968, 100.642
1366, 35, 292, 101.731, 100.721
1367, 35, 291, 102.494, 100.799
1368, 35, 291, 102.121, 100.878
1369, 35, 291, 101.747, 100.957
1370, 35, 291, 101.594, 101.036
1371, 35, 291, 101.442, 101.114
1372, 35, 290, 102.205, 101.192
1373, 35, 290, 101.831, 101.271
1374, 35, 290, 101.458, 101.35
1375, 35, 290, 101.305, 101.428
1376, 35, 290, 101.152, 101.52
1377, 35, 290, 101.041, 101.599
1378, 35, 289, 102.041, 101.68
1379, 35, 289, 101.626, 101.761
1380, 35, 289, 101.456, 101.856
1381, 35, 288, 102.22, 101.936
1382, 35, 287, 103.22, 102.014
1383, 35, 287, 102.805, 102.104
1384, 35, 287, 102.635, 102.184
1385, 35, 286, 103.398, 102.263
1386, 35, 285, 104.398, 102.342
1387, 35, 285, 103.983, 102.42
1388, 35, 285, 103.813, 102.498
1389, 35, 284, 104.813, 102.577
1390, 35, 284, 104.398, 102.657
1391, 35, 284, 104.228, 102.735
1392, 35, 283, 104.991, 102.814
1393, 35, 282, 105.344, 102.893
1394, 35, 282, 104.859, 102.971
1395, 35, 282, 104.485, 103.05
1396, 35, 282, 104.281, 103.129
1397, 35, 282, 104.128, 103.208
1398, 35, 281, 104.891, 103.286
1399, 35, 281, 104.518, 103.366
1400, 35, 281, 104.144, 103.444
1401, 35, 281, 103.991, 103.522
1402, 35, 281, 103.838, 103.6
1403, 35, 280, 104.601, 103.678
1404, 35, 279, 105.601, 103.756
1405, 35, 279, 105.186, 103.834
1406, 35, 279, 105.016, 103.913
1407, 35, 278, 105.78, 103.991
1408, 35, 278, 105.406, 104.069
1409, 35, 278, 105.032, 104.149
1410, 35, 278, 104.88, 104.228
1411, 35, 277, 105.121, 104.306
1412, 35, 277, 104.916, 104.384
1413, 35, 277, 104.833, 104.494
1414, 35, 277, 104.722, 104.572
1415, 35, 277, 104.629, 104.651
1416, 35, 277, 104.536, 104.763
1417, 35, 277, 104.452, 104.842
1418, 35, 277, 104.359, 104.92
1419, 35, 277, 104.275, 104.998
1420, 35, 277, 104.124, 105.077
1421, 35, 277, 104.04, 105.155
1422, 35, 277, 103.956, 105.234
1423, 35, 276, 104.72, 105.312
1424, 35, 275, 105.483, 105.39
1425, 35, 274, 106.246, 105.482
1426, 35, 273, 107.009, 105.561
1427, 35, 273, 106.636, 105.639
1428, 35, 273, 106.262, 105.719
1429, 35, 273, 106.109, 105.797
1430, 35, 272, 106.351, 105.875
1431, 35, 272, 106.146, 105.953
1432, 35, 271, 106.909, 106.031
1433, 35, 271, 106.536, 106.11
1434, 35, 270, 106.888, 106.189
1435, 35, 270, 107.203, 106.267
1436, 35, 270, 107.467, 106.349
1437, 35, 270, 107.688, 106.427
1438, 35, 270, 107.011, 106.504
1439, 35, 269, 107.252, 106.582
1440, 35, 269, 107.048, 106.66
1441, 35, 269, 106.714, 106.738
1442, 35, 268, 107.714, 106.816
1443, 35, 268, 107.299, 106.895
1444, 35, 268, 107.129, 106.972
1445, 35, 267, 107.892, 107.05
1446, 35, 267, 107.518, 107.128
1447, 35, 267, 107.145, 107.206
1448, 35, 267, 106.992, 107.284
1449, 35, 267, 106.839, 107.363
1450, 35, 267, 106.755, 107.441
1451, 35, 266, 107.755, 107.52
1452, 35, 266, 107.34, 107.598
1453, 35, 266, 107.17, 107.699
1454, 35, 266, 107.06, 107.814
1455, 35, 265, 107.823, 107.9
1456, 35, 264, 108.586, 107.988
1457, 35, 264, 108.213, 108.068
1458, 35, 264, 107.839, 108.146
1459, 35, 263, 108.08, 108.224
1460, 35, 263, 107.876, 108.305
1461, 35, 262, 108.117, 108.384
1462, 35, 262, 107.913, 108.462
1463, 35, 261, 108.913, 108.541
1464, 35, 261, 108.498, 108.62
1465, 35, 261, 108.328, 108.698
1466, 35, 261, 108.217, 108.788
1467, 35, 261, 108.133, 108.867
1468, 35, 260, 108.897, 108.946
1469, 35, 259, 109.66, 109.039
1470, 35, 259, 109.286, 109.12
1471, 35, 259, 108.913, 109.21
1472, 35, 259, 108.76, 109.29
1473, 35, 258, 109.001, 109.368
1474, 35, 258, 109.223, 109.447
1475, 35, 258, 108.96, 109.526
1476, 35, 257, 109.723, 109.611
1477, 35, 256, 110.486, 109.688
1478, 35, 255, 110.839, 109.767
1479, 35, 255, 110.354, 109.845
1480, 35, 255, 109.98, 109.923
1481, 35, 255, 109.776, 110.001
1482, 35, 255, 109.623, 110.079
1483, 35, 255, 109.512, 110.158
1484, 35, 254, 110.512, 110.237
1485, 35, 254, 110.097, 110.315
1486, 35, 254, 109.927, 110.393
1487, 35, 254, 109.834, 110.471
1488, 35, 254, 109.724, 110.55
1489, 35, 254, 109.64, 110.628
1490, 35, 254, 109.556, 110.706
1491, 35, 253, 110.556, 110.785
1492, 35, 253, 110.141, 110.863
1493, 35, 253, 109.971, 110.946
1494, 35, 253, 109.767, 111.026
1495, 35, 253, 109.616, 111.105
1496, 35, 252, 109.805, 111.183
1497, 35, 252, 109.695, 111.261
1498, 35, 252, 109.611, 111.341
1499, 35, 252, 109.527, 111.42
1500, 35, 252, 109.443, 111.499
1501, 35, 252, 109.36, 111.578
1502, 35, 252, 109.276, 111.673
1503, 35, 252, 109.183, 111.753
1504, 35, 251, 109.372, 111.832
1505, 35, 251, 109.262, 111.912
1506, 35, 251, 109.151, 111.991
1507, 35, 251, 109.058, 112.07
1508, 35, 251, 108.855, 112.157
1509, 35, 251, 108.762, 112.236
1510, 35, 251, 108.669, 112.325
1511, 35, 251, 108.601, 112.405
1512, 35, 251, 108.724, 112.484
1513, 35, 251, 108.665, 112.563
1514, 35, 251, 108.527, 112.642
1515, 35, 251, 108.443, 112.722
1516, 35, 250, 108.606, 112.801
1517, 35, 250, 108.729, 112.881
1518, 35, 250, 108.618, 112.963
1519, 35, 250, 108.525, 113.042
1520, 35, 250, 108.441, 113.121
1521, 35, 250, 108.357, 113.201
1522, 35, 250, 108.247, 113.28
1523, 35, 250, 108.136, 113.36
1524, 35, 250, 107.985, 113.438
1525, 35, 250, 107.875, 113.517
1526, 35, 250, 107.822, 113.611
1527, 35, 250, 107.738, 113.692
1528, 35, 250, 107.654, 113.771
1529, 35, 250, 107.587, 113.852
1530, 35, 250, 107.534, 113.931
1531, 35, 250, 107.441, 114.01
1532, 35, 250, 107.33, 114.102
1533, 35, 250, 107.246, 114.181
1534, 35, 250, 107.163, 114.26
1535, 35, 250, 106.958, 114.341
1536, 35, 250, 106.891, 114.421
1537, 35, 250, 106.838, 114.5
1538, 35, 249, 107.027, 114.579
1539, 35, 249, 107.19, 114.657
1540, 35, 249, 107.107, 114.736
1541, 35, 249, 106.956, 114.815
1542, 35, 249, 106.903, 114.894
1543, 35, 249, 106.792, 114.973
1544, 35, 249, 106.956, 115.052
1545, 35, 249, 106.903, 115.131
1546, 35, 249, 106.819, 115.21
1547, 35, 249, 106.446, 115.289
1548, 35, 248, 107.209, 115.368
1549, 35, 248, 107.098, 115.455
1550, 35, 248, 107.015, 115.534
1551, 35, 248, 106.931, 115.614
1552, 35, 248, 106.847, 115.693
1553, 35, 248, 106.763, 115.773
1554, 35, 248, 106.679, 115.851
1555, 35, 248, 106.569, 115.93
1556, 35, 248, 106.485, 116.008
1557, 35, 248, 106.401, 116.087
1558, 35, 248, 106.308, 116.166
1559, 35, 248, 106.198, 116.245
1560, 35, 248, 106.114, 116.325
1561, 35, 248, 106.03, 116.403
1562, 35, 248, 105.946, 116.481
1563, 35, 248, 105.862, 116.559
1564, 35, 248, 105.809, 116.638
1565, 35, 248, 105.656, 116.716
1566, 35, 248, 105.563, 116.812
1567, 35, 248, 105.453, 116.891
1568, 35, 248, 105.3, 116.97
1569, 35, 248, 105.216, 117.048
1570, 35, 248, 105.119, 117.128
1571, 35, 248, 105.3, 117.207
1572, 35, 248, 105.247, 117.3
1573, 35, 248, 105.163, 117.386
1574, 35, 248, 105.079, 117.464
1575, 35, 248, 105.243, 117.542
1576, 35, 248, 105.366, 117.63
1577, 35, 248, 105.488, 117.709
1578, 35, 248, 105.429, 117.789
1579, 35, 248, 105.248, 117.883
1580, 35, 248, 105.164, 117.962
1581, 35, 248, 105.097, 118.04
1582, 35, 248, 105.231, 118.119
1583, 35, 248, 105.172, 118.2
1584, 35, 247, 105.335, 118.281
1585, 35, 247, 105.268, 118.36
1586, 35, 247, 105.39, 118.439
1587, 35, 247, 105.323, 118.518
1588, 35, 247, 105.27, 118.596
1589, 35, 247, 105.217, 118.674
1590, 35, 247, 105.181, 118.752
1591, 35, 247, 105.136, 118.836
1592, 35, 247, 105.083, 118.915
1593, 35, 247, 105, 118.993
1594, 35, 247, 104.847, 119.071
1595, 35, 247, 104.794, 119.152
1596, 35, 247, 104.957, 119.231
1597, 35, 247, 104.873, 119.31
1598, 35, 247, 104.722, 119.388
1599, 35, 247, 104.569, 119.469
1600, 35, 247, 104.449, 119.547
1601, 35, 247, 104.365, 119.628
1602, 35, 247, 104.268, 119.706
1603, 35, 247, 104.171, 119.785
1604, 35, 247, 104.112, 119.862
1605, 35, 247, 104.059, 119.941
1606, 35, 247, 104.006, 120.019
1607, 35, 247, 103.909, 120.098
1608, 35, 247, 103.825, 120.176
1609, 35, 247, 103.741, 120.254
1610, 35, 247, 103.648, 120.332
1611, 35, 247, 103.565, 120.41
1612, 35, 247, 103.481, 120.488
1613, 35, 247, 103.388, 120.566
1614, 35, 247, 103.277, 120.645
1615, 35, 247, 103.167, 120.723
1616, 35, 247, 103.083, 120.801
1617, 35, 247, 102.99, 120.879
1618, 35, 247, 102.879, 120.96
1619, 35, 247, 102.795, 121.039
1620, 35, 247, 102.712, 121.12
1621, 35, 247, 102.628, 121.198
1622, 35, 247, 102.544, 121.277
1623, 35, 247, 102.46, 121.356
1624, 35, 247, 102.376, 121.434
1625, 35, 247, 102.266, 121.513
1626, 35, 247, 102.182, 121.591
1627, 35, 247, 102.098, 121.669
1628, 35, 246, 102.288, 121.766
1629, 35, 246, 102.178, 121.845
1630, 35, 246, 102.094, 121.925
1631, 35, 246, 102.001, 122.003
1632, 35, 246, 101.917, 122.082
1633, 35, 246, 101.833, 122.167
1634, 35, 246, 101.749, 122.246
1635, 35, 246, 101.639, 122.325
1636, 35, 246, 101.555, 122.403
1637, 35, 246, 101.471, 122.481
1638, 35, 246, 101.387, 122.561
1639, 35, 246, 101.277, 122.64
1640, 35, 246, 101.193, 122.718
1641, 35, 246, 101.109, 122.796
1642, 35, 245, 101.272, 122.875
1643, 35, 245, 101.205, 122.954
1644, 35, 245, 101.152, 123.032
1645, 35, 245, 101.041, 123.11
1646, 35, 245, 100.974, 123.189
1647, 35, 245, 100.877, 123.267
1648, 35, 245, 100.818, 123.346
1649, 35, 245, 100.708, 123.424
1650, 35, 245, 100.64, 123.503
1651, 35, 245, 100.336, 123.581
1652, 35, 245, 99.9627, 123.659
1653, 35, 245, 99.8098, 123.738
1654, 35, 244, 100.81, 123.816
1655, 35, 244, 100.395, 123.894
1656, 35, 244, 100.225, 123.974
1657, 35, 244, 100.141, 124.052
1658, 35, 244, 99.9601, 124.131
1659, 35, 244, 99.867, 124.209
1660, 35, 244, 99.814, 124.287
1661, 35, 244, 99.6942, 124.366
1662, 35, 244, 99.6104, 124.444
1663, 35, 243, 100.61, 124.522
1664, 35, 243, 100.195, 124.601
1665, 35, 243, 100.025, 124.68
1666, 35, 243, 99.9149, 124.759
1667, 35, 242, 100.678, 124.837
1668, 36, 242, 100.668, 124.917
1669, 37, 242, 100.658, 124.996
1670, 37, 241, 100.848, 125.075
1671, 37, 241, 100.737, 125.153
1672, 37, 240, 100.927, 125.232
1673, 37, 240, 100.816, 125.31
1674, 37, 239, 101.816, 125.388
1675, 37, 239, 101.401, 125.474
1676, 37, 239, 101.232, 125.552
1677, 37, 238, 101.421, 125.631
1678, 37, 238, 101.311, 125.709
1679, 37, 238, 100.937, 125.788
1680, 37, 238, 100.884, 125.866
1681, 37, 238, 100.8, 125.944
1682, 37, 237, 100.99, 126.023
1683, 37, 237, 100.88, 126.101
1684, 37, 236, 101.643, 126.18
1685, 37, 235, 102.406, 126.268
1686, 37, 234, 103.406, 126.348
1687, 37, 234, 102.991, 126.428
1688, 37, 234, 102.821, 126.506
1689, 37, 233, 103.584, 126.585
1690, 37, 233, 103.211, 126.663
1691, 37, 232, 103.564, 126.741
1692, 37, 232, 103.079, 126.819
1693, 37, 232, 102.926, 126.897
1694, 37, 232, 102.721, 126.977
1695, 37, 231, 103.484, 127.055
1696, 37, 231, 103.111, 127.133
1697, 37, 230, 103.464, 127.211
1698, 37, 230, 102.979, 127.289
1699, 37, 230, 102.826, 127.367
1700, 37, 230, 102.621, 127.445
1701, 37, 229, 103.384, 127.524
1702, 38, 229, 103.376, 127.604
1703, 39, 229, 103.367, 127.684
1704, 39, 229, 103.3, 127.762
1705, 39, 229, 103.207, 127.841
1706, 39, 229, 103.329, 127.919
1707, 39, 229, 103.262, 127.997
1708, 39, 229, 103.194, 128.076
1709, 39, 228, 104.194, 128.154
1710, 39, 228, 103.779, 128.232
1711, 39, 228, 103.609, 128.311
1712, 39, 228, 103.516, 128.391
1713, 39, 227, 103.706, 128.47
1714, 39, 227, 103.596, 128.549
1715, 39, 227, 103.512, 128.628
1716, 39, 227, 103.459, 128.717
1717, 39, 227, 103.366, 128.804
1718, 39, 227, 103.298, 128.883
1719, 39, 227, 103.215, 128.961
1720, 39, 227, 103.121, 129.04
1721, 39, 227, 103.028, 129.119
1722, 39, 227, 102.984, 129.197
1723, 39, 227, 102.917, 129.276
1724, 39, 227, 102.833, 129.355
1725, 39, 227, 102.682, 129.435
1726, 39, 227, 102.623, 129.513
1727, 39, 227, 102.57, 129.592
1728, 39, 227, 102.486, 129.67
1729, 39, 227, 102.442, 129.749
1730, 39, 227, 102.332, 129.828
1731, 39, 227, 102.248, 129.907
1732, 39, 227, 101.874, 129.995
1733, 40, 227, 101.867, 130.076
1734, 41, 227, 101.86, 130.166
1735, 41, 227, 101.823, 130.245
1736, 41, 227, 101.77, 130.324
1737, 41, 226, 101.96, 130.403
1738, 41, 226, 101.849, 130.482
1739, 41, 226, 101.796, 130.561
1740, 41, 226, 101.712, 130.64
1741, 41, 226, 101.629, 130.719
1742, 41, 226, 101.545, 130.798
1743, 41, 226, 101.452, 130.877
1744, 41, 226, 101.341, 130.956
1745, 41, 226, 101.231, 131.035
1746, 41, 226, 101.147, 131.114
1747, 41, 226, 101.063, 131.193
1748, 41, 226, 100.979, 131.272
1749, 41, 226, 100.896, 131.352
1750, 41, 226, 100.812, 131.432
1751, 41, 226, 100.661, 131.511
1752, 41, 226, 100.577, 131.59
1753, 41, 226, 100.493, 131.67
1754, 41, 225, 100.683, 131.751
1755, 41, 225, 100.572, 131.83
1756, 41, 225, 100.479, 131.909
1757, 41, 225, 100.395, 131.989
1758, 41, 225, 100.312, 132.068
1759, 41, 225, 100.475, 132.161
1760, 41, 225, 100.597, 132.241
1761, 41, 225, 100.544, 132.321
1762, 41, 225, 100.491, 132.4
1763, 41, 225, 100.424, 132.48
1764, 41, 225, 100.34, 132.559
1765, 41, 224, 100.503, 132.641
1766, 41, 224, 100.435, 132.733
1767, 41, 224, 100.352, 132.813
1768, 41, 224, 100.284, 132.904
1769, 41, 224, 100.231, 132.984
1770, 41, 224, 100.178, 133.063
1771, 41, 224, 100.095, 133.142
1772, 41, 224, 99.984, 133.222
1773, 41, 224, 99.931, 133.301
1774, 41, 224, 99.8637, 133.38
1775, 41, 224, 99.8107, 133.46
1776, 41, 224, 99.7434, 133.54
1777, 41, 224, 99.6903, 133.619
1778, 41, 223, 99.8534, 133.699
1779, 41, 223, 99.786, 133.778
1780, 41, 222, 99.9347, 133.858
1781, 41, 222, 99.8906, 133.937
1782, 41, 222, 99.8376, 134.017
1783, 41, 222, 99.7538, 134.097
1784, 41, 222, 99.67, 134.177
1785, 41, 222, 99.7815, 134.256
1786, 41, 222, 99.6967, 134.336
1787, 41, 222, 99.6437, 134.415
1788, 41, 221, 99.8335, 134.496
1789, 41, 221, 99.723, 134.577
1790, 41, 221, 99.6259, 134.656
1791, 41, 221, 99.5154, 134.736
1792, 41, 221, 99.4316, 134.815
1793, 41, 221, 99.3642, 134.894
1794, 41, 221, 99.3112, 134.974
1795, 41, 221, 99.2582, 135.053
1796, 41, 220, 99.4069, 135.151
1797, 41, 220, 99.3629, 135.231
1798, 41, 220, 99.3098, 135.311
1799, 41, 220, 99.2425, 135.392
1800, 41, 220, 99.1895, 135.48
1801, 41, 220, 99.1057, 135.559
1802, 41, 220, 99.0126, 135.639
1803, 41, 220, 98.9288, 135.719
1804, 41, 220, 98.8758, 135.799
1805, 41, 220, 98.8228, 135.878
1806, 41, 220, 98.739, 135.958
1807, 41, 220, 98.5581, 136.046
1808, 41, 220, 98.5051, 136.126
1809, 41, 220, 98.4521, 136.206
1810, 41, 220, 98.3847, 136.286
1811, 41, 220, 98.2336, 136.371
1812, 41, 220, 98.1747, 136.451
1813, 41, 220, 98.1217, 136.531
1814, 41, 220, 98.0628, 136.611
1815, 41, 220, 98.0262, 136.691
1816, 41, 220, 97.9673, 136.77
1817, 41, 220, 97.9143, 136.849
1818, 41, 219, 98.0774, 136.929
1819, 41, 219, 98.01, 137.009
1820, 41, 219, 97.957, 137.089
1821, 41, 219, 97.9204, 137.169
1822, 41, 219, 97.8531, 137.248
1823, 41, 219, 97.809, 137.328
1824, 41, 219, 97.756, 137.408
1825, 41, 219, 97.6971, 137.489
1826, 41, 219, 97.6382, 137.568
1827, 41, 219, 97.5852, 137.648
1828, 41, 219, 97.5263, 137.727
1829, 41, 219, 97.4733, 137.807
1830, 41, 219, 97.6017, 137.887
1831, 41, 219, 97.575, 137.967
1832, 41, 219, 97.5309, 138.047
1833, 41, 219, 97.4635, 138.126
1834, 41, 219, 97.3797, 138.206
1835, 41, 219, 97.3432, 138.286
1836, 41, 219, 97.2758, 138.367
1837, 41, 219, 97.2228, 138.447
1838, 41, 219, 97.1698, 138.526
1839, 41, 219, 97.2658, 138.605
1840, 41, 219, 97.3763, 138.684
1841, 41, 219, 97.3357, 138.772
1842, 41, 219, 97.2689, 138.854
1843, 41, 219, 97.2323, 138.934
1844, 41, 219, 97.1485, 139.013
1845, 41, 219, 97.0896, 139.092
1846, 41, 219, 97.0223, 139.171
1847, 41, 219, 96.9692, 139.25
1848, 41, 219, 96.9024, 139.329
1849, 41, 219, 96.8494, 139.409
1850, 41, 219, 96.8054, 139.488
1851, 41, 219, 96.7083, 139.567
1852, 41, 218, 96.8713, 139.646
1853, 41, 218, 96.804, 139.726
1854, 41, 218, 96.7599, 139.805
1855, 41, 218, 96.6401, 139.884
1856, 41, 218, 96.5733, 139.963
1857, 41, 218, 96.2394, 140.043
1858, 41, 218, 96.1864, 140.125
1859, 41, 218, 96.3088, 140.206
1860, 41, 218, 96.2558, 140.285
1861, 41, 218, 96.172, 140.364
1862, 41, 218, 96.0882, 140.455
1863, 41, 218, 96.0209, 140.536
1864, 41, 218, 95.9535, 140.615
1865, 41, 217, 96.1166, 140.696
1866, 41, 217, 96.239, 140.775
1867, 41, 217, 96.186, 140.853
1868, 41, 217, 96.133, 140.932
1869, 41, 217, 96.0799, 141.012
1870, 41, 217, 96.0211, 141.091
1871, 41, 217, 95.968, 141.173
1872, 41, 217, 95.9092, 141.252
1873, 41, 217, 95.8562, 141.331
1874, 41, 217, 95.8031, 141.411
1875, 41, 217, 95.7501, 141.49
1876, 41, 217, 95.6971, 141.569
1877, 41, 217, 95.6441, 141.649
1878, 41, 217, 95.5603, 141.728
1879, 41, 216, 95.7501, 141.807
1880, 41, 216, 95.6396, 141.886
1881, 41, 216, 95.5558, 141.966
1882, 41, 215, 95.7455, 142.046
1883, 41, 215, 95.9085, 142.133
1884, 41, 215, 95.8496, 142.212
1885, 41, 215, 95.7908, 142.291
1886, 41, 215, 95.7377, 142.371
1887, 41, 215, 95.6847, 142.451
1888, 41, 215, 95.6317, 142.53
1889, 41, 215, 95.5728, 142.609
1890, 41, 215, 95.6952, 142.689
1891, 41, 215, 95.6279, 142.768
1892, 41, 215, 95.5441, 142.848
1893, 41, 215, 95.4768, 142.927
1894, 41, 215, 95.4238, 143.007
1895, 41, 215, 95.3707, 143.086
1896, 41, 215, 95.2869, 143.165
1897, 41, 215, 95.1938, 143.244
1898, 41, 215, 95.0833, 143.324
1899, 41, 215, 94.9902, 143.405
1900, 41, 215, 94.9064, 143.485
1901, 41, 215, 94.8133, 143.564
1902, 41, 215, 94.7295, 143.643
1903, 41, 215, 94.6622, 143.722
1904, 41, 215, 94.6092, 143.802
1905, 41, 215, 94.5562, 143.881
1906, 41, 215, 94.4888, 143.962
1907, 41, 215, 94.4215, 144.042
1908, 41, 215, 94.311, 144.121
1909, 41, 215, 94.258, 144.201
1910, 41, 215, 94.205, 144.28
1911, 41, 215, 94.152, 144.36
1912, 41, 215, 94.099, 144.439
1913, 41, 215, 94.0401, 144.518
1914, 41, 215, 93.9812, 144.605
1915, 41, 215, 93.9282, 144.685
1916, 41, 215, 93.8693, 144.764
1917, 41, 215, 93.8163, 144.844
1918, 41, 215, 93.7574, 144.923
1919, 41, 215, 93.7044, 145.003
1920, 41, 215, 93.6455, 145.09
1921, 41, 215, 93.5925, 145.17
1922, 41, 215, 93.5395, 145.249
1923, 41, 215, 93.4865, 145.33
1924, 41, 215, 93.4027, 145.414
1925, 41, 215, 93.3497, 145.502
1926, 41, 215, 93.2823, 145.582
1927, 41, 215, 93.2293, 145.662
1928, 41, 215, 93.1763, 145.742
1929, 41, 215, 93.0925, 145.822
1930, 41, 215, 93.0395, 145.903
1931, 41, 215, 92.9865, 145.983
1932, 41, 214, 93.1495, 146.063
1933, 41, 214, 93.0822, 146.143
1934, 41, 214, 92.9984, 146.222
1935, 41, 214, 92.9454, 146.303
1936, 41, 214, 92.8924, 146.384
1937, 41, 214, 92.8335, 146.463
1938, 41, 214, 92.7662, 146.544
1939, 41, 213, 92.9149, 146.624
1940, 41, 213, 92.8708, 146.704
1941, 41, 213, 92.787, 146.784
1942, 41, 213, 92.7504, 146.864
1943, 41, 213, 92.7098, 146.944
1944, 41, 213, 92.6732, 147.024
1945, 41, 213, 92.6464, 147.104
1946, 41, 213, 92.6162, 147.185
1947, 41, 213, 92.465, 147.265
1948, 41, 213, 92.3812, 147.345
1949, 41, 213, 92.3223, 147.427
1950, 41, 213, 92.2693, 147.507
1951, 41, 213, 92.2163, 147.587
1952, 41, 213, 92.1633, 147.667
1953, 41, 212, 92.312, 147.757
1954, 41, 212, 92.2679, 147.84
1955, 41, 212, 92.2149, 147.921
1956, 41, 212, 92.1044, 148.001
1957, 41, 212, 91.9533, 148.082
1958, 41, 212, 91.8695, 148.162
1959, 41, 212, 91.7184, 148.242
1960, 41, 212, 91.6654, 148.322
1961, 41, 212, 91.5816, 148.402
1962, 41, 212, 91.4978, 148.483
1963, 41, 212, 91.414, 148.563
1964, 41, 212, 91.3302, 148.643
1965, 41, 212, 91.2464, 148.735
1966, 41, 212, 91.1359, 148.822
1967, 41, 212, 91.0829, 148.902
1968, 41, 212, 91.0155, 148.982
1969, 41, 212, 90.8644, 149.078
1970, 41, 212, 90.7806, 149.158
1971, 41, 212, 90.7276, 149.238
1972, 41, 212, 90.6746, 149.32
1973, 41, 211, 90.8643, 149.401
1974, 41, 211, 90.7538, 149.481
1975, 41, 211, 90.7008, 149.561
1976, 41, 211, 90.6419, 149.641
1977, 41, 211, 90.5746, 149.721
1978, 41, 211, 90.5216, 149.801
1979, 41, 211, 90.4685, 149.881
1980, 41, 211, 90.4097, 149.961
1981, 41, 211, 90.3567, 150.041
1982, 41, 211, 90.2978, 150.122
1983, 41, 211, 90.2612, 150.202
1984, 41, 211, 90.2246, 150.283
1985, 41, 210, 90.3876, 150.363
1986, 41, 210, 90.3203, 150.445
1987, 41, 210, 90.2673, 150.525
1988, 41, 210, 90.2143, 150.606
1989, 41, 210, 90.1613, 150.687
1990, 41, 210, 90.0642, 150.767
1991, 41, 210, 90.0053, 150.847
1992, 41, 210, 89.9464, 150.927
1993, 41, 210, 89.8934, 151.007
1994, 41, 210, 89.8493, 151.088
1995, 41, 210, 89.782, 151.171
1996, 41, 210, 89.729, 151.252
1997, 41, 210, 89.6616, 151.333
1998, 41, 210, 89.5624, 151.413
1999, 41, 210, 89.5183, 151.493
2000, 41, 210, 89.4212, 151.574
2001, 41, 210, 89.3846, 151.654
2002, 41, 210, 89.3316, 151.742
2003, 41, 210, 89.2643, 151.822
2004, 41, 210, 89.2113, 151.903
2005, 41, 210, 89.1583, 151.982
2006, 41, 210, 89.0909, 152.063
2007, 41, 210, 88.9939, 152.154
2008, 41, 210, 88.9408, 152.235
2009, 41, 210, 88.8878, 152.315
2010, 41, 210, 88.8205, 152.397
2011, 41, 210, 88.7675, 152.477
2012, 41, 210, 88.7145, 152.556
2013, 41, 210, 88.6615, 152.636
2014, 41, 210, 88.6249, 152.716
2015, 41, 210, 88.5278, 152.796
2016, 41, 210, 88.4605, 152.876
2017, 41, 210, 88.3093, 152.966
2018, 41, 210, 88.2563, 153.048
2019, 41, 209, 88.405, 153.128
2020, 41, 209, 88.3609, 153.208
2021, 41, 209, 88.302, 153.288
2022, 41, 208, 88.4507, 153.367
2023, 41, 208, 88.4067, 153.447
2024, 41, 208, 88.3537, 153.526
2025, 41, 208, 88.3006, 153.606
2026, 41, 208, 88.2476, 153.686
2027, 41, 208, 88.1946, 153.765
2028, 41, 208, 88.317, 153.846
2029, 41, 208, 88.264, 153.927
2030, 41, 208, 88.211, 154.007
2031, 41, 208, 88.158, 154.086
2032, 41, 208, 88.3219, 154.166
2033, 41, 208, 88.2248, 154.245
2034, 41, 208, 88.1718, 154.325
2035, 41, 208, 88.0787, 154.405
2036, 41, 208, 87.7746, 154.501
2037, 41, 208, 87.6908, 154.581
2038, 41, 208, 87.6235, 154.661
2039, 41, 208, 87.5794, 154.741
2040, 41, 208, 87.4956, 154.82
2041, 41, 208, 87.4283, 154.9
2042, 41, 208, 87.2474, 154.98
2043, 41, 208, 87.1543, 155.06
2044, 41, 208, 87.0438, 155.141
2045, 41, 208, 86.9507, 155.222
2046, 41, 208, 86.8576, 155.304
2047, 41, 208, 86.8045, 155.384
2048, 41, 208, 86.7457, 155.473
2049, 41, 208, 86.6783, 155.573
2050, 41, 208, 86.6194, 155.654
2051, 41, 208, 86.5605, 155.733
2052, 41, 208, 86.5075, 155.813
2053, 41, 208, 86.4545, 155.892
2054, 41, 208, 86.4179, 155.972
2055, 41, 208, 86.359, 156.052
2056, 41, 208, 86.4814, 156.132
2057, 41, 208, 86.4141, 156.212
2058, 41, 208, 86.3611, 156.292
2059, 41, 208, 86.3081, 156.373
2060, 41, 207, 86.4711, 156.454
2061, 41, 207, 86.5935, 156.537
2062, 41, 207, 86.5405, 156.617
2063, 41, 207, 86.4964, 156.696
2064, 41, 207, 86.4523, 156.775
2065, 41, 207, 86.4158, 156.854
2066, 41, 207, 86.3569, 156.934
2067, 41, 207, 86.2371, 157.013
2068, 41, 206, 86.4001, 157.103
2069, 41, 206, 86.3327, 157.184
2070, 41, 206, 86.2887, 157.264
2071, 41, 206, 86.2357, 157.343
2072, 41, 206, 86.1386, 157.422
2073, 41, 205, 86.3016, 157.502
2074, 41, 205, 86.2343, 157.581
2075, 41, 205, 86.1977, 157.66
2076, 41, 205, 86.1006, 157.739
2077, 41, 205, 86.0035, 157.838
2078, 41, 205, 85.9629, 157.935
2079, 41, 205, 85.8658, 158.029
2080, 41, 204, 86.0288, 158.108
2081, 41, 204, 85.9615, 158.188
2082, 41, 204, 85.9249, 158.276
2083, 41, 204, 85.8947, 158.356
2084, 41, 204, 85.7417, 158.435
2085, 41, 204, 85.7115, 158.515
2086, 41, 204, 85.6526, 158.594
2087, 41, 204, 85.5555, 158.673
2088, 41, 204, 85.5287, 158.753
2089, 41, 203, 85.6774, 158.841
2090, 41, 203, 85.7701, 158.921
2091, 41, 203, 85.7335, 159.008
2092, 41, 203, 85.6497, 159.088
2093, 41, 203, 85.5908, 159.167
2094, 41, 203, 85.5542, 159.246
2095, 41, 203, 85.5101, 159.329
2096, 41, 203, 85.4512, 159.411
2097, 41, 203, 85.3982, 159.491
2098, 41, 203, 85.3394, 159.57
2099, 41, 203, 85.2805, 159.65
2100, 41, 203, 85.2502, 159.73
2101, 41, 203, 85.0973, 159.81
2102, 42, 203, 85.0909, 159.892
2103, 43, 203, 85.0844, 159.974
2104, 43, 203, 85.064, 160.054
2105, 43, 203, 85.0372, 160.134
2106, 43, 203, 84.9699, 160.214
2107, 43, 203, 84.9169, 160.294
2108, 43, 203, 84.8803, 160.375
2109, 43, 203, 84.8362, 160.455
2110, 43, 203, 84.7689, 160.535
2111, 43, 203, 84.7484, 160.615
2112, 43, 203, 84.7043, 160.695
2113, 43, 203, 84.6513, 160.775
2114, 43, 203, 84.5983, 160.855
2115, 43, 203, 84.531, 160.937
2116, 43, 203, 84.478, 161.017
2117, 43, 203, 84.425, 161.097
2118, 43, 203, 84.3279, 161.177
2119, 43, 203, 84.2308, 161.257
2120, 43, 203, 84.3649, 161.337
2121, 43, 203, 84.3284, 161.418
2122, 43, 203, 84.2918, 161.498
2123, 43, 203, 84.2477, 161.579
2124, 43, 203, 84.1947, 161.66
2125, 43, 203, 84.1274, 161.759
2126, 43, 203, 84.2497, 161.84
2127, 43, 203, 84.1527, 161.921
2128, 43, 203, 84.1161, 162.003
2129, 43, 203, 84.0795, 162.083
2130, 43, 203, 84.0429, 162.18
2131, 43, 203, 84.0063, 162.26
2132, 43, 203, 83.9533, 162.34
2133, 43, 203, 83.9168, 162.422
2134, 43, 203, 83.8802, 162.503
2135, 43, 203, 83.8361, 162.584
2136, 43, 203, 83.7995, 162.665
2137, 43, 203, 83.7406, 162.746
2138, 43, 203, 83.6965, 162.827
2139, 43, 203, 83.6377, 162.907
2140, 43, 203, 83.5406, 162.988
2141, 43, 203, 83.4738, 163.069
2142, 43, 203, 83.447, 163.167
2143, 43, 203, 83.3802, 163.271
2144, 43, 203, 83.3128, 163.353
2145, 43, 203, 83.2598, 163.451
2146, 43, 203, 83.2157, 163.533
2147, 43, 203, 83.1568, 163.64
2148, 43, 203, 83.1203, 163.722
2149, 43, 203, 83.0762, 163.809
2150, 43, 203, 83.0396, 163.891
2151, 43, 203, 82.8587, 163.972
2152, 43, 203, 82.7482, 164.053
2153, 43, 203, 82.7041, 164.136
2154, 43, 203, 82.6635, 164.218
2155, 43, 203, 82.6367, 164.299
2156, 43, 203, 82.5694, 164.382
2157, 43, 203, 82.5287, 164.463
2158, 43, 203, 82.4985, 164.544
2159, 43, 203, 82.4138, 164.625
2160, 43, 203, 82.2608, 164.706
2161, 43, 203, 82.2078, 164.787
2162, 43, 203, 82.1713, 164.868
2163, 43, 203, 82.1272, 164.949
2164, 43, 203, 82.2496, 165.031
2165, 43, 203, 82.2014, 165.112
2166, 43, 203, 82.1608, 165.194
2167, 43, 203, 82.2307, 165.276
2168, 43, 203, 82.2005, 165.358
2169, 43, 202, 82.3492, 165.449
2170, 43, 202, 82.3051, 165.532
2171, 43, 202, 82.2749, 165.614
2172, 43, 202, 82.2308, 165.696
2173, 43, 201, 82.3795, 165.778
2174, 43, 201, 82.3354, 165.86
2175, 43, 201, 82.3052, 165.942
2176, 43, 201, 82.2645, 166.023
2177, 43, 201, 82.1977, 166.107
2178, 43, 201, 82.1709, 166.188
2179, 43, 200, 82.3196, 166.271
2180, 43, 200, 82.2755, 166.353
2181, 43, 200, 82.239, 166.436
2182, 43, 200, 82.1949, 166.517
2183, 43, 200, 82.136, 166.599
2184, 43, 200, 82.083, 166.68
2185, 43, 200, 82.0464, 166.762
2186, 43, 200, 82.0023, 166.843
2187, 43, 200, 82.0957, 166.924
2188, 43, 200, 82.1892, 167.007
2189, 43, 200, 82.1594, 167.09
2190, 43, 200, 82.0747, 167.173
2191, 43, 200, 82.0341, 167.255
2192, 43, 200, 81.9935, 167.336
2193, 43, 199, 82.1421, 167.418
2194, 43, 199, 82.0981, 167.499
2195, 43, 199, 82.0574, 167.58
2196, 43, 199, 81.9906, 167.662
2197, 43, 199, 81.9604, 167.743
2198, 43, 199, 81.8939, 167.824
2199, 43, 199, 81.8642, 167.905
2200, 43, 199, 81.8344, 167.986
2201, 43, 199, 81.8042, 168.067
2202, 43, 199, 81.7071, 168.148
2203, 43, 199, 81.6705, 168.23
2204, 43, 199, 81.634, 168.335
2205, 43, 199, 81.5974, 168.418
2206, 43, 199, 81.5671, 168.499
2207, 43, 199, 81.5306, 168.58
2208, 43, 199, 81.4638, 168.661
2209, 43, 199, 81.4231, 168.742
2210, 43, 199, 81.3963, 168.831
2211, 43, 199, 81.3557, 168.911
2212, 43, 199, 81.3116, 168.992
2213, 43, 199, 81.271, 169.072
2214, 43, 199, 81.2303, 169.152
2215, 43, 199, 81.2001, 169.233
2216, 43, 199, 81.1699, 169.314
2217, 43, 199, 81.1333, 169.395
2218, 43, 199, 81.2557, 169.477
2219, 43, 199, 81.2255, 169.558
2220, 43, 199, 81.1889, 169.64
2221, 43, 199, 81.1523, 169.72
2222, 43, 199, 81.2637, 169.8
2223, 43, 199, 81.2197, 169.88
2224, 43, 199, 81.1831, 169.961
2225, 43, 199, 81.1465, 170.041
2226, 43, 199, 81.1024, 170.121
2227, 43, 199, 81.0658, 170.201
2228, 43, 199, 81.0217, 170.281
2229, 43, 199, 80.995, 170.364
2230, 43, 199, 80.8979, 170.446
2231, 43, 199, 80.8613, 170.526
2232, 43, 199, 80.7642, 170.614
2233, 43, 199, 80.6974, 170.694
2234, 43, 199, 80.676, 170.774
2235, 43, 199, 80.6493, 170.854
2236, 43, 199, 80.6052, 170.934
2237, 43, 199, 80.5611, 171.014
2238, 43, 199, 80.5204, 171.093
2239, 43, 199, 80.5904, 171.173
2240, 43, 199, 80.5538, 171.253
2241, 43, 199, 80.4567, 171.332
2242, 43, 199, 80.3899, 171.429
2243, 43, 199, 80.3533, 171.509
2244, 43, 199, 80.3167, 171.591
2245, 43, 199, 80.2761, 171.671
2246, 43, 199, 80.2395, 171.75
2247, 43, 199, 80.1865, 171.84
2248, 43, 199, 80.1335, 171.919
2249, 43, 199, 80.0969, 171.999
2250, 43, 199, 80.0439, 172.078
2251, 43, 199, 80.0074, 172.165
2252, 43, 199, 79.9633, 172.245
2253, 43, 199, 79.9103, 172.325
2254, 43, 199, 79.8573, 172.404
2255, 43, 199, 79.8207, 172.484
2256, 43, 199, 79.7618, 172.563
2257, 43, 199, 79.7252, 172.643
2258, 43, 199, 79.6663, 172.722
2259, 43, 199, 79.6133, 172.802
2260, 43, 199, 79.5767, 172.882
2261, 43, 199, 79.5402, 172.962
2262, 43, 199, 79.4813, 173.052
2263, 43, 199, 79.4283, 173.132
2264, 43, 199, 79.3445, 173.211
2265, 43, 199, 79.2514, 173.291
2266, 43, 199, 79.184, 173.371
2267, 43, 199, 79.1167, 173.452
2268, 43, 199, 79.0637, 173.533
2269, 43, 199, 79.0107, 173.613
2270, 43, 199, 78.9577, 173.693
2271, 43, 199, 78.8988, 173.773
2272, 43, 199, 78.8399, 173.853
2273, 43, 199, 78.7869, 173.933
2274, 43, 199, 78.7031, 174.013
2275, 43, 199, 78.6501, 174.093
2276, 43, 199, 78.5912, 174.173
2277, 43, 199, 78.5471, 174.254
2278, 43, 199, 78.4941, 174.334
2279, 43, 199, 78.4411, 174.414
2280, 43, 199, 78.344, 174.494
2281, 43, 199, 78.291, 174.577
2282, 43, 199, 78.2072, 174.657
2283, 43, 199, 78.1542, 174.737
2284, 43, 199, 78.0953, 174.817
2285, 43, 199, 78.0423, 174.897
2286, 43, 199, 78.0057, 174.977
2287, 43, 199, 77.9527, 175.057
2288, 43, 199, 77.8997, 175.137
2289, 43, 199, 77.8467, 175.217
2290, 43, 199, 77.6938, 175.298
2291, 43, 199, 77.6497, 175.378
2292, 43, 199, 77.5823, 175.468
2293, 43, 199, 77.4892, 175.55
2294, 43, 199, 77.3961, 175.631
2295, 43, 199, 77.3123, 175.711
2296, 43, 199, 77.2593, 175.8
2297, 43, 199, 77.2063, 175.881
2298, 43, 199, 77.1533, 175.961
2299, 43, 199, 77.0944, 176.042
2300, 43, 199, 77.0271, 176.125
2301, 43, 199, 76.9682, 176.207
2302, 43, 199, 76.9241, 176.287
2303, 43, 199, 76.8711, 176.368
2304, 43, 199, 76.7873, 176.449
2305, 43, 199, 76.7284, 176.529
2306, 43, 199, 76.6695, 176.61
2307, 43, 198, 76.8182, 176.691
2308, 43, 198, 76.7741, 176.772
2309, 43, 198, 76.7152, 176.852
2310, 43, 198, 76.6622, 176.933
2311, 43, 198, 76.6092, 177.014
2312, 43, 198, 76.5726, 177.095
2313, 43, 198, 76.5196, 177.175
2314, 43, 198, 76.4666, 177.256
2315, 43, 197, 76.6296, 177.337
2316, 43, 197, 76.5623, 177.42
2317, 43, 197, 76.5321, 177.501
2318, 43, 197, 76.4914, 177.583
2319, 43, 197, 76.4508, 177.667
2320, 43, 197, 76.4206, 177.748
2321, 43, 197, 76.384, 177.83
2322, 44, 197, 76.3766, 177.914
2323, 44, 197, 76.3464, 177.996
2324, 44, 197, 76.2934, 178.077
2325, 44, 197, 76.2266, 178.159
2326, 44, 197, 76.1736, 178.241
2327, 44, 197, 76.137, 178.322
2328, 44, 197, 76.084, 178.404
2329, 44, 197, 76.0474, 178.485
2330, 44, 197, 76.0108, 178.566
2331, 44, 197, 75.9742, 178.648
2332, 44, 197, 75.9377, 178.729
2333, 44, 197, 75.9011, 178.822
2334, 44, 197, 75.8604, 178.903
2335, 44, 197, 75.8302, 178.985
2336, 44, 197, 75.7634, 179.069
2337, 44, 197, 75.7104, 179.157
2338, 45, 197, 75.704, 179.241
2339, 46, 197, 75.6983, 179.327
2340, 46, 197, 75.6502, 179.409
2341, 46, 197, 75.6136, 179.49
2342, 46, 197, 75.573, 179.572
2343, 46, 197, 75.5364, 179.653
2344, 46, 197, 75.5096, 179.735
2345, 46, 197, 75.4566, 179.816
2346, 46, 197, 75.4362, 179.897
2347, 46, 197, 75.3996, 179.979
2348, 46, 197, 75.363, 180.07
2349, 46, 197, 75.3264, 180.152
2350, 46, 197, 75.1735, 180.234
2351, 46, 197, 75.1062, 180.318
2352, 46, 197, 75.0621, 180.4
2353, 46, 197, 75.0353, 180.481
2354, 46, 197, 74.9823, 180.563
2355, 46, 196, 75.1453, 180.646
2356, 46, 196, 75.078, 180.729
2357, 46, 196, 74.9942, 180.811
2358, 46, 196, 74.9728, 180.893
2359, 46, 196, 74.9362, 180.974
2360, 46, 196, 74.8956, 181.056
2361, 46, 196, 74.8515, 181.138
2362, 46, 196, 74.8109, 181.219
2363, 46, 196, 74.7743, 181.301
2364, 46, 196, 74.8533, 181.384
2365, 46, 196, 74.8167, 181.466
2366, 46, 196, 74.7761, 181.547
2367, 46, 196, 74.7493, 181.628
2368, 47, 196, 74.7443, 181.713
2369, 47, 196, 74.7289, 181.796
2370, 47, 196, 74.7809, 181.88
2371, 47, 196, 74.7541, 181.978
2372, 47, 196, 74.7175, 182.062
2373, 47, 196, 74.6769, 182.152
2374, 47, 196, 74.6362, 182.234
2375, 47, 196, 74.5997, 182.315
2376, 47, 196, 74.5631, 182.404
2377, 47, 196, 74.5265, 182.487
2378, 47, 196, 74.6191, 182.568
2379, 47, 196, 74.5894, 182.652
2380, 47, 196, 74.5592, 182.734
2381, 47, 196, 74.5294, 182.815
2382, 47, 195, 74.6672, 182.91
2383, 47, 195, 74.6458, 182.991
2384, 47, 195, 74.619, 183.073
2385, 47, 195, 74.5922, 183.166
2386, 47, 195, 74.5516, 183.247
2387, 47, 195, 74.515, 183.328
2388, 47, 195, 74.4784, 183.409
2389, 47, 195, 74.4419, 183.491
2390, 47, 195, 74.4053, 183.572
2391, 47, 195, 74.3785, 183.653
2392, 47, 195, 74.3517, 183.733
2393, 47, 195, 74.325, 183.814
2394, 47, 195, 74.2843, 183.895
2395, 47, 194, 74.433, 183.976
2396, 47, 194, 74.3889, 184.057
2397, 47, 194, 74.3524, 184.138
2398, 47, 194, 74.3221, 184.219
2399, 47, 194, 74.2855, 184.3
2400, 47, 194, 74.2415, 184.38
2401, 47, 194, 74.2049, 184.461
2402, 47, 194, 74.1747, 184.542
2403, 47, 194, 74.1381, 184.622
2404, 47, 194, 74.1015, 184.704
2405, 47, 194, 74.0747, 184.784
2406, 47, 194, 74.048, 184.866
2407, 47, 194, 74.0212, 184.949
2408, 47, 194, 73.9365, 185.03
2409, 47, 194, 73.8999, 185.113
2410, 47, 194, 73.8633, 185.194
2411, 47, 194, 73.8192, 185.275
2412, 47, 194, 73.7826, 185.356
2413, 47, 194, 73.7158, 185.446
2414, 47, 194, 73.6954, 185.528
2415, 47, 194, 73.6656, 185.609
2416, 47, 194, 73.6389, 185.689
2417, 47, 194, 73.6091, 185.77
2418, 47, 194, 73.5794, 185.851
2419, 47, 194, 73.558, 185.935
2420, 47, 194, 73.5312, 186.025
2421, 47, 194, 73.5015, 186.106
2422, 47, 194, 73.481, 186.203
2423, 47, 194, 73.4513, 186.285
2424, 47, 194, 73.421, 186.366
2425, 47, 194, 73.3542, 186.448
2426, 47, 194, 73.3061, 186.53
2427, 47, 194, 73.2793, 186.611
2428, 47, 194, 73.2525, 186.691
2429, 47, 194, 73.1852, 186.775
2430, 47, 194, 73.1446, 186.856
2431, 47, 194, 73.108, 186.938
2432, 47, 194, 73.1779, 187.033
2433, 47, 193, 73.3266, 187.115
2434, 47, 193, 73.2825, 187.197
2435, 47, 193, 73.2384, 187.278
2436, 47, 193, 73.2019, 187.359
2437, 47, 193, 73.1181, 187.45
2438, 47, 193, 73.0507, 187.555
2439, 47, 193, 72.9977, 187.663
2440, 47, 193, 72.9139, 187.811
2441, 47, 193, 72.8773, 187.937
2442, 47, 193, 72.8243, 188.065
2443, 47, 193, 72.7713, 188.172
2444, 47, 193, 72.7183, 188.254
2445, 47, 193, 72.6653, 188.336
2446, 47, 193, 72.5815, 188.417
2447, 47, 193, 72.5285, 188.499
2448, 47, 193, 72.4696, 188.582
2449, 47, 193, 72.4023, 188.663
2450, 47, 193, 72.3349, 188.745
2451, 47, 193, 72.2908, 188.841
2452, 47, 193, 72.2543, 188.924
2453, 47, 193, 72.2102, 189.009
2454, 47, 193, 72.1736, 189.091
2455, 47, 193, 72.137, 189.172
2456, 47, 193, 72.1004, 189.254
2457, 47, 193, 72.0416, 189.335
2458, 47, 193, 71.9886, 189.416
2459, 47, 193, 71.9297, 189.5
2460, 47, 193, 71.8708, 189.582
2461, 47, 193, 71.7196, 189.667
2462, 47, 193, 71.6225, 189.749
2463, 47, 193, 71.5784, 189.83
2464, 47, 193, 71.5378, 189.912
2465, 47, 192, 71.6865, 189.994
2466, 47, 192, 71.6424, 190.079
2467, 47, 192, 71.6058, 190.16
2468, 47, 192, 71.5528, 190.242
2469, 47, 192, 71.5122, 190.323
2470, 47, 192, 71.4715, 190.405
2471, 47, 192, 71.4448, 190.487
2472, 47, 192, 71.4041, 190.58
2473, 47, 192, 71.4968, 190.663
2474, 47, 192, 71.47, 190.744
2475, 47, 192, 71.4432, 190.826
2476, 47, 192, 71.4067, 190.909
2477, 47, 191, 71.5478, 190.99
2478, 47, 191, 71.5176, 191.072
2479, 47, 191, 71.4646, 191.154
2480, 47, 191, 71.4116, 191.236
2481, 47, 190, 71.5603, 191.317
2482, 47, 190, 71.5162, 191.4
2483, 47, 190, 71.4191, 191.482
2484, 47, 190, 71.3523, 191.564
2485, 47, 190, 71.3117, 191.646
2486, 47, 190, 71.2751, 191.736
2487, 47, 190, 71.2385, 191.818
2488, 47, 190, 71.1944, 191.916
2489, 47, 190, 71.0973, 191.999
2490, 47, 190, 71.0003, 192.083
2491, 47, 190, 70.9637, 192.176
2492, 47, 190, 70.9107, 192.259
2493, 47, 190, 70.8839, 192.341
2494, 47, 189, 71.0251, 192.424
2495, 47, 189, 70.9949, 192.51
2496, 47, 189, 70.9419, 192.593
2497, 47, 189, 70.9053, 192.676
2498, 47, 189, 70.8646, 192.76
2499, 47, 189, 70.8379, 192.842
2500, 47, 188, 70.9866, 192.924
2501, 47, 188, 70.9425, 193.007
2502, 47, 188, 70.9018, 193.089
2503, 47, 188, 70.8612, 193.172
2504, 47, 188, 70.8246, 193.254
2505, 47, 188, 70.788, 193.336
2506, 47, 188, 70.7291, 193.42
2507, 47, 188, 70.6618, 193.504
2508, 47, 188, 70.6252, 193.585
2509, 47, 188, 70.5811, 193.668
2510, 47, 188, 70.5446, 193.749
2511, 47, 188, 70.5241, 193.831
2512, 47, 188, 70.4835, 193.914
2513, 47, 188, 70.4469, 193.996
2514, 47, 188, 70.4167, 194.078
2515, 47, 188, 70.376, 194.162
2516, 47, 188, 70.3492, 194.243
2517, 47, 188, 70.3127, 194.325
2518, 47, 188, 70.2538, 194.409
2519, 47, 188, 70.2008, 194.49
2520, 47, 188, 70.1601, 194.574
2521, 47, 188, 70.1334, 194.656
2522, 47, 187, 70.2821, 194.738
2523, 47, 187, 70.238, 194.82
2524, 47, 187, 70.1409, 194.902
2525, 47, 187, 70.1002, 195.003
2526, 47, 187, 70.0472, 195.085
2527, 47, 187, 70.0107, 195.167
2528, 47, 187, 69.97, 195.249
2529, 47, 187, 69.9398, 195.333
2530, 47, 187, 69.8991, 195.416
2531, 47, 187, 69.8585, 195.511
2532, 47, 187, 69.7917, 195.593
2533, 47, 187, 69.707, 195.675
2534, 47, 187, 69.6588, 195.757
2535, 47, 187, 69.4552, 195.839
2536, 47, 187, 69.4186, 195.921
2537, 47, 187, 69.3215, 196.003
2538, 47, 187, 69.2685, 196.085
2539, 47, 187, 69.232, 196.167
2540, 47, 187, 69.1954, 196.249
2541, 47, 187, 69.0983, 196.333
2542, 47, 187, 69.0309, 196.415
2543, 47, 187, 68.9779, 196.497
2544, 47, 187, 68.9414, 196.579
2545, 47, 187, 68.9048, 196.661
2546, 47, 187, 68.8607, 196.743
2547, 47, 187, 68.8166, 196.825
2548, 47, 187, 68.78, 196.907
2549, 47, 187, 68.7435, 196.989
2550, 47, 187, 68.7069, 197.07
2551, 47, 187, 68.6662, 197.154
2552, 47, 187, 68.6297, 197.236
2553, 47, 187, 68.589, 197.317
2554, 47, 187, 68.5524, 197.399
2555, 47, 186, 68.6936, 197.481
2556, 47, 186, 68.6268, 197.563
2557, 47, 186, 68.5902, 197.646
2558, 47, 186, 68.5635, 197.728
2559, 47, 186, 68.5367, 197.811
2560, 47, 186, 68.5099, 197.909
2561, 47, 186, 68.4733, 197.992
2562, 47, 186, 68.4065, 198.075
2563, 47, 186, 68.3798, 198.157
2564, 47, 186, 68.3432, 198.239
2565, 47, 185, 68.4919, 198.321
2566, 47, 185, 68.4478, 198.403
2567, 47, 185, 68.328, 198.494
2568, 47, 185, 68.2839, 198.576
2569, 47, 185, 68.2171, 198.659
2570, 47, 184, 68.3658, 198.741
2571, 47, 184, 68.4584, 198.834
2572, 47, 184, 68.5699, 198.917
2573, 47, 184, 68.5431, 199
2574, 47, 184, 68.5129, 199.082
2575, 47, 184, 68.4763, 199.164
2576, 47, 184, 68.4322, 199.248
2577, 47, 184, 68.3351, 199.334
2578, 47, 184, 68.2945, 199.415
2579, 47, 184, 68.2318, 199.5
2580, 47, 184, 68.1912, 199.582
2581, 47, 184, 68.1644, 199.664
2582, 47, 184, 68.1114, 199.755
2583, 47, 184, 68.091, 199.837
2584, 47, 184, 68.0544, 199.92
2585, 47, 184, 67.9573, 200.002
2586, 47, 184, 67.9166, 200.084
2587, 47, 184, 67.8864, 200.176
2588, 47, 184, 67.8423, 200.259
2589, 47, 184, 67.821, 200.342
2590, 47, 184, 67.7803, 200.424
2591, 47, 184, 67.7437, 200.505
2592, 47, 184, 67.6907, 200.587
2593, 47, 184, 67.6605, 200.669
2594, 47, 184, 67.6199, 200.751
2595, 47, 184, 67.5792, 200.833
2596, 47, 184, 67.5578, 200.915
2597, 47, 184, 67.474, 200.997
2598, 47, 184, 67.4527, 201.079
2599, 47, 184, 67.4086, 201.161
2600, 47, 184, 67.3645, 201.242
2601, 47, 184, 67.3239, 201.34
2602, 47, 184, 67.257, 201.447
2603, 48, 184, 67.2514, 201.565
2604, 49, 184, 67.2458, 201.689
2605, 49, 183, 67.3826, 201.806
2606, 49, 183, 67.3671, 201.892
2607, 49, 183, 67.3369, 202.027
2608, 49, 183, 67.2963, 202.199
2609, 49, 183, 67.266, 202.282
2610, 49, 183, 67.2393, 202.363
2611, 49, 183, 67.1545, 202.461
2612, 49, 183, 67.1179, 202.544
2613, 49, 183, 67.0814, 202.625
2614, 49, 183, 67.0407, 202.707
2615, 49, 183, 67.1334, 202.788
2616, 49, 183, 67.0893, 202.87
2617, 49, 183, 67.0591, 202.951
2618, 49, 183, 67.0377, 203.033
2619, 49, 183, 67.0011, 203.114
2620, 49, 183, 66.9714, 203.196
2621, 49, 183, 66.95, 203.277
2622, 49, 183, 66.8873, 203.358
2623, 49, 183, 66.8576, 203.44
2624, 49, 183, 66.7908, 203.521
2625, 49, 183, 66.7542, 203.603
2626, 49, 183, 66.706, 203.684
2627, 49, 183, 66.6654, 203.766
2628, 49, 183, 66.6248, 203.847
2629, 49, 183, 66.598, 203.928
2630, 49, 183, 66.5312, 204.01
2631, 49, 183, 66.4871, 204.092
2632, 49, 183, 66.4203, 204.173
2633, 49, 183, 66.3535, 204.255
2634, 49, 183, 66.3233, 204.336
2635, 49, 183, 66.2565, 204.418
2636, 49, 183, 66.2124, 204.499
2637, 49, 183, 66.1683, 204.581
2638, 49, 183, 66.1317, 204.663
2639, 49, 183, 66.0649, 204.763
2640, 49, 182, 66.2279, 204.846
2641, 49, 182, 66.3503, 204.927
2642, 49, 182, 66.2665, 205.009
2643, 50, 182, 66.2615, 205.094
2644, 51, 182, 66.2565, 205.179
2645, 51, 182, 66.294, 205.261
2646, 52, 182, 66.2896, 205.345
2647, 53, 182, 66.2851, 205.445
2648, 53, 182, 66.2738, 205.531
2649, 53, 182, 66.2257, 205.613
2650, 53, 182, 66.1983, 205.698
2651, 53, 182, 66.1315, 205.782
2652, 53, 182, 65.9506, 205.865
2653, 53, 182, 65.8976, 205.948
2654, 53, 182, 65.9546, 206.03
2655, 54, 182, 65.9506, 206.115
2656, 55, 182, 65.9466, 206.2
2657, 55, 182, 65.9167, 206.282
2658, 55, 182, 65.9005, 206.364
2659, 55, 182, 65.8738, 206.446
2660, 55, 182, 65.8435, 206.53
2661, 55, 182, 65.8133, 206.612
2662, 55, 182, 65.7865, 206.693
2663, 55, 182, 65.7598, 206.775
2664, 55, 182, 65.733, 206.857
2665, 55, 182, 65.7033, 206.939
2666, 55, 181, 65.8444, 207.021
2667, 55, 181, 65.8142, 207.103
2668, 55, 181, 65.7845, 207.187
2669, 55, 181, 65.7577, 207.271
2670, 55, 181, 65.7275, 207.354
2671, 55, 181, 65.7061, 207.437
2672, 55, 181, 65.6856, 207.519
2673, 55, 181, 65.6416, 207.608
2674, 55, 181, 65.6118, 207.697
2675, 55, 181, 65.585, 207.779
2676, 55, 181, 65.5548, 207.861
2677, 55, 181, 65.5067, 207.953
2678, 55, 181, 65.4799, 208.048
2679, 55, 181, 65.4531, 208.132
2680, 55, 181, 65.4327, 208.214
2681, 55, 181, 65.4059, 208.315
2682, 55, 181, 65.3757, 208.399
2683, 55, 181, 65.3489, 208.49
2684, 55, 181, 65.4188, 208.572
2685, 55, 181, 65.392, 208.654
2686, 55, 181, 65.3618, 208.738
2687, 55, 181, 65.335, 208.828
2688, 55, 181, 65.2985, 208.91
2689, 55, 181, 65.2682, 208.993
2690, 55, 181, 65.2152, 209.075
2691, 55, 181, 65.1787, 209.157
2692, 55, 180, 65.3273, 209.239
2693, 55, 180, 65.2833, 209.323
2694, 55, 180, 65.2467, 209.406
2695, 55, 180, 65.206, 209.496
2696, 55, 180, 65.1695, 209.58
2697, 55, 179, 65.3182, 209.663
2698, 55, 179, 65.2741, 209.745
2699, 55, 179, 65.2375, 209.828
2700, 55, 179, 65.1969, 209.91
2701, 55, 179, 65.2895, 209.992
2702, 55, 179, 65.2593, 210.075
2703, 55, 179, 65.2325, 210.157
2704, 55, 179, 65.1919, 210.239
2705, 55, 178, 65.333, 210.322
2706, 55, 178, 65.3028, 210.405
2707, 55, 178, 65.2587, 210.488
2708, 55, 178, 65.2222, 210.57
2709, 55, 178, 65.1815, 210.654
2710, 55, 178, 65.1449, 210.738
2711, 55, 177, 65.308, 210.82
2712, 55, 177, 65.2406, 210.902
2713, 55, 177, 65.204, 210.984
2714, 55, 177, 65.1675, 211.066
2715, 55, 176, 65.3087, 211.149
2716, 55, 176, 65.2784, 211.231
2717, 55, 176, 65.2571, 211.313
2718, 55, 176, 65.2164, 211.396
2719, 55, 176, 65.1896, 211.478
2720, 55, 176, 65.1531, 211.56
2721, 55, 176, 65.1165, 211.643
2722, 55, 176, 65.0799, 211.725
2723, 55, 176, 65.0358, 211.827
2724, 55, 176, 64.9952, 211.912
2725, 55, 176, 64.9684, 211.994
2726, 55, 176, 64.9382, 212.078
2727, 55, 176, 64.8941, 212.168
2728, 55, 176, 64.8736, 212.25
2729, 55, 176, 64.8469, 212.333
2730, 55, 176, 64.8062, 212.418
2731, 55, 176, 64.7656, 212.5
2732, 55, 176, 64.7388, 212.582
2733, 55, 176, 64.7091, 212.665
2734, 55, 175, 64.8468, 212.747
2735, 55, 175, 64.82, 212.829
2736, 55, 174, 64.9612, 212.912
2737, 55, 174, 64.931, 212.995
2738, 55, 174, 64.9042, 213.077
2739, 55, 174, 64.8774, 213.16
2740, 55, 174, 64.8409, 213.243
2741, 55, 174, 64.8141, 213.325
2742, 55, 174, 64.7775, 213.408
2743, 55, 174, 64.7294, 213.491
2744, 55, 174, 64.7132, 213.574
2745, 55, 174, 64.6928, 213.656
2746, 55, 174, 64.6562, 213.739
2747, 55, 174, 64.5894, 213.822
2748, 55, 173, 64.7791, 213.908
2749, 55, 173, 64.6686, 213.99
2750, 55, 173, 64.6245, 214.073
2751, 55, 173, 64.5943, 214.156
2752, 55, 172, 64.7355, 214.24
2753, 55, 172, 64.7053, 214.323
2754, 55, 172, 64.6839, 214.406
2755, 55, 172, 64.6571, 214.489
2756, 55, 172, 64.6304, 214.573
2757, 55, 172, 64.6006, 214.661
2758, 55, 172, 64.5738, 214.744
2759, 55, 172, 64.5441, 214.827
2760, 55, 172, 64.5173, 214.909
2761, 55, 172, 64.4876, 214.991
2762, 55, 172, 64.4608, 215.073
2763, 55, 172, 64.431, 215.156
2764, 55, 172, 64.4013, 215.238
2765, 55, 172, 64.3809, 215.32
2766, 55, 172, 64.3604, 215.402
2767, 55, 172, 64.3336, 215.498
2768, 55, 172, 64.2971, 215.581
2769, 55, 172, 64.2605, 215.664
2770, 55, 172, 64.2337, 215.765
2771, 55, 172, 64.2069, 215.849
2772, 55, 172, 64.1704, 215.932
2773, 55, 172, 64.1338, 216.015
2774, 55, 172, 64.0897, 216.099
2775, 55, 172, 64.0629, 216.182
2776, 56, 172, 64.0585, 216.267
2777, 56, 172, 64.038, 216.35
2778, 56, 172, 64.0083, 216.433
2779, 56, 172, 63.9815, 216.517
2780, 56, 172, 63.9517, 216.6
2781, 56, 172, 63.922, 216.692
2782, 56, 172, 63.9006, 216.775
2783, 56, 172, 63.8802, 216.858
2784, 56, 172, 63.8323, 216.941
2785, 56, 171, 63.9735, 217.026
2786, 56, 171, 63.9433, 217.11
2787, 56, 171, 63.9165, 217.193
2788, 56, 171, 63.8868, 217.295
2789, 56, 171, 63.8654, 217.393
2790, 56, 171, 63.8352, 217.517
2791, 56, 171, 63.8872, 217.616
2792, 56, 171, 63.8667, 217.711
2793, 56, 171, 63.8399, 217.848
2794, 56, 171, 63.8132, 217.954
2795, 56, 171, 63.7918, 218.045
2796, 56, 171, 63.7713, 218.137
2797, 56, 171, 63.7416, 218.242
2798, 56, 171, 63.7118, 218.327
2799, 56, 171, 63.6914, 218.409
2800, 56, 170, 63.8326, 218.495
2801, 56, 170, 63.8024, 218.581
2802, 56, 170, 63.7726, 218.665
2803, 56, 170, 63.7522, 218.748
2804, 56, 170, 63.7391, 218.844
2805, 56, 170, 63.723, 218.928
2806, 56, 170, 63.6556, 219.011
2807, 56, 170, 63.6289, 219.095
2808, 56, 170, 63.6021, 219.178
2809, 56, 170, 63.5662, 219.262
2810, 56, 170, 63.5448, 219.345
2811, 56, 170, 63.5181, 219.436
2812, 56, 170, 63.4976, 219.52
2813, 56, 170, 63.4772, 219.603
2814, 56, 170, 63.4544, 219.685
2815, 56, 170, 63.439, 219.769
2816, 56, 170, 63.4176, 219.852
2817, 56, 169, 63.5554, 219.936
2818, 56, 169, 63.534, 220.019
2819, 56, 169, 63.5043, 220.104
2820, 56, 169, 63.4775, 220.188
2821, 56, 169, 63.4472, 220.291
2822, 56, 169, 63.4107, 220.375
2823, 56, 169, 63.3741, 220.458
2824, 56, 169, 63.3473, 220.545
2825, 56, 169, 63.4408, 220.629
2826, 56, 169, 63.4141, 220.712
2827, 56, 169, 63.3775, 220.796
2828, 56, 169, 63.357, 220.88
2829, 56, 169, 63.3089, 220.964
2830, 56, 169, 63.3788, 221.048
2831, 56, 169, 63.312, 221.133
2832, 56, 169, 63.4055, 221.217
2833, 56, 169, 63.3851, 221.301
2834, 56, 169, 63.4226, 221.402
2835, 56, 169, 63.4012, 221.487
2836, 56, 169, 63.3798, 221.571
2837, 56, 168, 63.5428, 221.656
2838, 56, 168, 63.4755, 221.741
2839, 56, 168, 63.4349, 221.825
2840, 56, 168, 63.3908, 221.909
2841, 56, 168, 63.3378, 221.994
2842, 56, 168, 63.2, 222.077
2843, 56, 168, 63.1796, 222.176
2844, 56, 168, 63.1494, 222.262
2845, 56, 168, 63.1226, 222.348
2846, 56, 168, 63.0744, 222.432
2847, 56, 168, 63.054, 222.516
2848, 56, 168, 63.0326, 222.6
2849, 56, 168, 63.0122, 222.684
2850, 56, 168, 62.9763, 222.767
2851, 56, 168, 62.9558, 222.851
2852, 56, 168, 62.9291, 222.935
2853, 56, 168, 62.8925, 223.02
2854, 56, 168, 62.9851, 223.104
2855, 56, 168, 62.9486, 223.188
2856, 56, 168, 62.9324, 223.272
2857, 56, 168, 62.9057, 223.356
2858, 56, 168, 63.0171, 223.44
2859, 56, 168, 63.004, 223.524
2860, 56, 168, 62.9827, 223.607
2861, 56, 168, 62.9559, 223.691
2862, 56, 168, 62.9291, 223.775
2863, 56, 168, 62.9023, 223.859
2864, 56, 168, 62.8721, 223.943
2865, 56, 168, 62.8419, 224.028
2866, 56, 168, 62.7221, 224.112
2867, 56, 168, 62.8156, 224.196
2868, 56, 168, 62.7308, 224.28
2869, 56, 168, 62.7011, 224.365
2870, 56, 168, 62.6857, 224.449
2871, 56, 168, 62.6589, 224.536
2872, 56, 168, 62.6292, 224.62
2873, 56, 168, 62.5994, 224.703
2874, 56, 168, 62.6369, 224.787
2875, 56, 167, 62.7781, 224.871
2876, 56, 167, 62.848, 224.956
2877, 56, 167, 62.8253, 225.039
2878, 56, 167, 62.8026, 225.123
2879, 56, 167, 62.7752, 225.206
2880, 56, 167, 62.7454, 225.29
2881, 56, 167, 62.6924, 225.373
2882, 56, 167, 62.6682, 225.468
2883, 56, 167, 62.6316, 225.554
2884, 56, 167, 62.6234, 225.637
2885, 56, 167, 62.6079, 225.721
2886, 56, 167, 62.5866, 225.805
2887, 56, 167, 62.5564, 225.893
2888, 56, 167, 62.5198, 225.979
2889, 56, 167, 62.493, 226.062
2890, 56, 167, 62.4633, 226.147
2891, 56, 167, 62.4154, 226.23
2892, 56, 167, 62.3316, 226.313
2893, 56, 167, 62.3112, 226.397
2894, 56, 167, 62.2844, 226.48
2895, 56, 167, 62.2576, 226.581
2896, 56, 167, 62.1729, 226.665
2897, 56, 167, 62.1461, 226.748
2898, 56, 167, 62.098, 226.831
2899, 56, 167, 62.0614, 226.913
2900, 56, 167, 62.0255, 226.996
2901, 56, 167, 61.9988, 227.078
2902, 56, 167, 61.9319, 227.161
2903, 56, 167, 61.9017, 227.244
2904, 56, 167, 61.8803, 227.327
2905, 56, 167, 61.8135, 227.41
2906, 56, 167, 61.7654, 227.492
2907, 56, 167, 61.6456, 227.575
2908, 56, 167, 61.5782, 227.658
2909, 56, 167, 61.5341, 227.741
2910, 56, 167, 61.5044, 227.824
2911, 56, 167, 61.4685, 227.907
2912, 56, 167, 61.4388, 227.99
2913, 56, 167, 61.3906, 228.073
2914, 56, 167, 61.3639, 228.156
2915, 56, 167, 61.3434, 228.24
2916, 56, 167, 61.2463, 228.323
2917, 56, 167, 61.1616, 228.406
2918, 56, 167, 61.1348, 228.488
2919, 56, 166, 61.276, 228.572
2920, 56, 166, 61.3459, 228.655
2921, 56, 166, 61.4159, 228.738
2922, 56, 166, 61.3311, 228.833
2923, 56, 166, 61.3009, 228.915
2924, 56, 166, 61.2527, 228.997
2925, 56, 166, 61.226, 229.08
2926, 56, 166, 61.1957, 229.177
2927, 56, 166, 61.169, 229.26
2928, 56, 166, 61.1422, 229.342
2929, 56, 166, 61.1218, 229.424
2930, 56, 166, 61.0915, 229.506
2931, 56, 166, 61.0613, 229.591
2932, 56, 166, 61.0131, 229.674
2933, 56, 166, 60.9505, 229.756
2934, 56, 166, 60.9203, 229.842
2935, 56, 166, 60.8998, 229.931
2936, 56, 166, 60.873, 230.014
2937, 56, 166, 60.8526, 230.101
2938, 56, 166, 60.8312, 230.188
2939, 56, 166, 60.8015, 230.271
2940, 56, 166, 60.781, 230.355
2941, 56, 166, 60.7596, 230.439
2942, 56, 166, 60.7383, 230.523
2943, 56, 166, 60.708, 230.606
2944, 56, 166, 60.6778, 230.689
2945, 56, 166, 60.6564, 230.772
2946, 56, 166, 60.636, 230.855
2947, 56, 166, 60.6092, 230.939
2948, 56, 166, 60.6791, 231.022
2949, 56, 166, 60.6524, 231.107
2950, 56, 166, 60.6226, 231.19
2951, 56, 166, 60.5745, 231.272
2952, 56, 165, 60.7157, 231.355
2953, 56, 165, 60.7856, 231.438
2954, 56, 164, 60.9268, 231.52
2955, 56, 164, 60.8965, 231.605
2956, 56, 164, 60.8752, 231.688
2957, 56, 164, 60.8524, 231.77
2958, 56, 164, 60.8363, 231.854
2959, 56, 164, 60.8209, 231.936
2960, 56, 164, 60.7727, 232.019
2961, 56, 164, 60.7523, 232.116
2962, 56, 164, 60.7041, 232.199
2963, 56, 164, 60.6828, 232.283
2964, 56, 164, 60.656, 232.367
2965, 56, 164, 60.6355, 232.45
2966, 56, 164, 60.6194, 232.532
2967, 56, 164, 60.5713, 232.616
2968, 56, 164, 60.5508, 232.699
2969, 56, 164, 60.5304, 232.781
2970, 56, 164, 60.5099, 232.864
2971, 56, 164, 60.4618, 232.947
2972, 56, 164, 60.4404, 233.039
2973, 56, 164, 60.4177, 233.127
2974, 56, 164, 60.3818, 233.21
2975, 56, 164, 60.3459, 233.294
2976, 56, 164, 60.31, 233.377
2977, 56, 164, 60.2873, 233.46
2978, 56, 164, 60.2646, 233.546
2979, 56, 164, 60.2432, 233.63
2980, 56, 164, 60.1806, 233.713
2981, 56, 164, 60.1644, 233.797
2982, 56, 164, 60.149, 233.88
2983, 56, 164, 60.1263, 233.984
2984, 56, 164, 60.1102, 234.068
2985, 56, 164, 60.0799, 234.151
2986, 56, 164, 60.0572, 234.235
2987, 56, 164, 60.0298, 234.319
2988, 56, 164, 60.0071, 234.402
2989, 56, 164, 59.9917, 234.486
2990, 56, 164, 59.9762, 234.57
2991, 56, 164, 59.9535, 234.653
2992, 56, 164, 59.9001, 234.737
2993, 56, 164, 59.8847, 234.82
2994, 56, 164, 59.8693, 234.904
2995, 56, 164, 59.8211, 234.988
2996, 56, 164, 59.8731, 235.072
2997, 56, 164, 59.8552, 235.155
2998, 56, 164, 59.8193, 235.238
2999, 56, 164, 59.7979, 235.321
