Seed is: 97
Number of samples is: 3000
Simulation name is: Simulation_2TV_10x10.sim
TimeStep, Distraction Rate, Missed States, Model Accuracy, Time (ms)
0, 0, 732, 0, 7e-05
1, 0, 731, 1, 0.066186
2, 0, 731, 0.584963, 0.129456
3, 0, 731, 0.415037, 0.191935
4, 0, 730, 1.17823, 0.253803
5, 0, 729, 1.94143, 0.317414
6, 0, 729, 1.5679, 0.379993
7, 0, 729, 1.19436, 0.441861
8, 0, 729, 1.04143, 0.506905
9, 0, 729, 0.888499, 0.582679
10, 0, 728, 1.8885, 0.645058
11, 0, 728, 1.47346, 0.707016
12, 0, 728, 1.30354, 0.769034
13, 0, 727, 2.06673, 0.830612
14, 0, 726, 3.06673, 0.893892
15, 0, 726, 2.6517, 0.963194
16, 0, 726, 2.48177, 1.02511
17, 0, 725, 3.24497, 1.10504
18, 0, 724, 4.00817, 1.16881
19, 0, 724, 3.63463, 1.2308
20, 0, 724, 3.2611, 1.29519
21, 0, 724, 3.10817, 1.35733
22, 0, 724, 2.95523, 1.41918
23, 0, 723, 3.71843, 1.48272
24, 0, 723, 3.3449, 1.54488
25, 0, 723, 2.97136, 1.6065
26, 0, 723, 2.81843, 1.68321
27, 0, 723, 2.6655, 1.74611
28, 0, 723, 2.5817, 1.81517
29, 0, 722, 3.3449, 1.88542
30, 0, 721, 4.10809, 1.94754
31, 0, 721, 3.73456, 2.02565
32, 0, 721, 3.36103, 2.08836
33, 0, 721, 3.20809, 2.1507
34, 0, 721, 3.05516, 2.21999
35, 0, 720, 4.05516, 2.28242
36, 0, 720, 3.64012, 2.34421
37, 0, 720, 3.4702, 2.40629
38, 0, 719, 3.23801, 2.46833
39, 0, 719, 3.1965, 2.53012
40, 0, 718, 4.9012, 2.59273
41, 0, 717, 5.6644, 2.6562
42, 0, 716, 6.4276, 2.71782
43, 0, 716, 6.05406, 2.78668
44, 0, 716, 5.68053, 2.85
45, 0, 716, 5.5276, 2.91334
46, 0, 716, 5.37467, 2.97504
47, 0, 715, 6.13786, 3.03671
48, 0, 715, 5.55979, 3.09967
49, 0, 715, 5.18626, 3.16143
50, 0, 715, 4.92283, 3.22323
51, 0, 714, 5.68602, 3.28463
52, 0, 713, 6.44922, 3.34628
53, 0, 712, 7.44922, 3.40776
54, 0, 712, 7.03418, 3.46898
55, 0, 712, 6.86426, 3.53081
56, 0, 711, 6.63206, 3.59243
57, 0, 710, 7.98022, 3.67256
58, 0, 710, 7.60669, 3.73533
59, 0, 710, 7.12173, 3.79916
60, 0, 710, 6.9688, 3.86081
61, 0, 710, 6.76426, 3.92266
62, 0, 709, 7.52745, 3.98446
63, 0, 708, 8.29065, 4.04633
64, 0, 708, 7.91712, 4.11159
65, 0, 708, 7.54358, 4.17428
66, 0, 707, 7.78493, 4.23657
67, 0, 707, 7.58039, 4.29914
68, 0, 707, 7.42745, 4.36125
69, 0, 706, 8.19065, 4.4232
70, 0, 706, 7.81712, 4.48502
71, 0, 706, 7.44358, 4.54737
72, 0, 706, 7.29065, 4.6096
73, 0, 706, 7.13772, 4.67202
74, 0, 706, 6.98479, 4.73403
75, 0, 706, 6.90099, 4.79766
76, 0, 705, 7.66419, 4.85997
77, 0, 704, 8.42738, 4.92223
78, 0, 704, 8.05385, 4.98398
79, 0, 704, 7.68032, 5.05985
80, 0, 704, 7.52738, 5.13061
81, 0, 704, 7.37445, 5.19318
82, 0, 703, 8.37445, 5.25592
83, 0, 703, 7.95941, 5.31794
84, 0, 703, 7.78949, 5.38027
85, 0, 702, 8.55268, 5.4424
86, 0, 701, 9.31588, 5.50509
87, 0, 700, 10.0791, 5.56936
88, 0, 700, 9.70555, 5.63408
89, 0, 700, 9.33201, 5.70428
90, 0, 700, 9.17908, 5.76979
91, 0, 700, 9.02615, 5.83289
92, 0, 699, 9.78934, 5.89612
93, 0, 699, 9.41581, 5.95909
94, 0, 699, 9.04228, 6.02256
95, 0, 698, 9.28362, 6.08534
96, 0, 698, 9.07908, 6.15107
97, 0, 698, 8.92615, 6.21408
98, 0, 698, 8.81565, 6.27734
99, 0, 697, 9.57884, 6.34034
100, 0, 696, 9.34665, 6.404
101, 0, 695, 10.6948, 6.47584
102, 0, 694, 11.458, 6.54391
103, 0, 694, 10.973, 6.60903
104, 0, 694, 10.5995, 6.67409
105, 0, 694, 10.395, 6.73752
106, 0, 694, 10.242, 6.80199
107, 0, 693, 11.0052, 6.86489
108, 0, 693, 10.6317, 6.92793
109, 0, 693, 10.2582, 6.99111
110, 0, 693, 10.1052, 7.0538
111, 0, 693, 9.95231, 7.11637
112, 0, 693, 9.86851, 7.17967
113, 0, 692, 10.6317, 7.24246
114, 0, 691, 11.3949, 7.30715
115, 0, 691, 11.0214, 7.36984
116, 0, 691, 10.6478, 7.43322
117, 0, 690, 10.8892, 7.49634
118, 0, 690, 10.6846, 7.55933
119, 0, 690, 10.5317, 7.62252
120, 0, 689, 11.2949, 7.6875
121, 0, 688, 12.0581, 7.75127
122, 0, 687, 12.8213, 7.81442
123, 0, 687, 12.4478, 7.87767
124, 0, 687, 12.0742, 7.94085
125, 0, 687, 11.9213, 8.0039
126, 0, 687, 11.7684, 8.06974
127, 0, 686, 12.7684, 8.13279
128, 0, 686, 12.3533, 8.19598
129, 0, 686, 12.1834, 8.26007
130, 0, 685, 12.9466, 8.32338
131, 0, 685, 12.5731, 8.40329
132, 0, 685, 12.1995, 8.48308
133, 0, 685, 12.0466, 8.54733
134, 0, 685, 11.8937, 8.61233
135, 0, 684, 12.6569, 8.67611
136, 0, 683, 13.4201, 8.74032
137, 0, 682, 14.1833, 8.80428
138, 0, 682, 13.8097, 8.86834
139, 0, 682, 13.4362, 8.93199
140, 0, 682, 13.2833, 8.99585
141, 0, 682, 13.1303, 9.05979
142, 0, 681, 13.8935, 9.12359
143, 0, 681, 13.52, 9.18714
144, 0, 681, 13.1465, 9.25399
145, 0, 681, 12.9935, 9.31798
146, 0, 681, 12.8406, 9.3815
147, 0, 681, 12.7301, 9.44531
148, 0, 680, 13.4933, 9.50946
149, 0, 679, 14.2565, 9.57345
150, 0, 679, 13.883, 9.63752
151, 0, 679, 13.5094, 9.70168
152, 0, 679, 13.3565, 9.76549
153, 0, 679, 13.2036, 9.84682
154, 0, 678, 13.9668, 9.9123
155, 0, 677, 14.7299, 9.97658
156, 0, 676, 15.4931, 10.0426
157, 0, 676, 15.1196, 10.1338
158, 0, 676, 14.7461, 10.2005
159, 0, 675, 14.9874, 10.2655
160, 0, 675, 14.7829, 10.33
161, 0, 675, 14.6299, 10.3943
162, 0, 674, 15.3931, 10.4585
163, 0, 673, 16.1563, 10.5231
164, 0, 672, 15.9241, 10.5872
165, 0, 671, 17.2723, 10.6538
166, 0, 670, 18.0355, 10.7183
167, 0, 669, 18.7987, 10.7835
168, 0, 668, 19.7987, 10.8483
169, 0, 668, 19.3837, 10.9131
170, 0, 668, 19.2137, 10.9777
171, 0, 667, 19.9769, 11.0428
172, 0, 667, 19.6034, 11.1073
173, 0, 667, 19.2299, 11.1723
174, 0, 667, 19.0769, 11.2394
175, 0, 667, 18.924, 11.3044
176, 0, 666, 18.6918, 11.38
177, 0, 665, 20.04, 11.4456
178, 0, 665, 19.6664, 11.5105
179, 0, 665, 19.1815, 11.5756
180, 0, 665, 19.0285, 11.6401
181, 0, 665, 18.824, 11.7056
182, 0, 664, 19.5872, 11.7896
183, 0, 664, 19.1022, 11.87
184, 0, 664, 18.7287, 11.9632
185, 0, 664, 18.5242, 12.062
186, 0, 664, 18.3712, 12.1308
187, 0, 663, 19.1344, 12.1964
188, 0, 663, 18.7609, 12.2614
189, 0, 663, 18.3874, 12.3261
190, 0, 663, 18.2344, 12.3928
191, 0, 663, 18.0815, 12.4575
192, 0, 662, 18.8447, 12.5541
193, 0, 661, 19.6079, 12.6348
194, 0, 661, 19.2344, 12.7491
195, 0, 661, 18.8608, 12.8379
196, 0, 661, 18.7079, 12.9413
197, 0, 661, 18.555, 13.0432
198, 0, 660, 19.3182, 13.1221
199, 0, 659, 20.0814, 13.2136
200, 0, 658, 19.8492, 13.281
201, 0, 657, 21.1973, 13.3475
202, 0, 656, 21.9605, 13.4327
203, 0, 655, 22.7237, 13.5013
204, 0, 654, 23.7237, 13.5678
205, 0, 654, 23.3087, 13.634
206, 0, 654, 23.1388, 13.701
207, 0, 653, 23.902, 13.7669
208, 0, 653, 23.5284, 13.8337
209, 0, 653, 23.1549, 13.8996
210, 0, 653, 23.002, 13.965
211, 0, 652, 23.2433, 14.0306
212, 0, 652, 23.0388, 14.0963
213, 0, 651, 23.802, 14.1621
214, 0, 651, 23.4284, 14.2284
215, 0, 651, 23.0549, 14.2941
216, 0, 651, 22.902, 14.3599
217, 0, 651, 22.749, 14.4258
218, 0, 650, 23.5122, 14.4917
219, 0, 650, 23.0273, 14.5736
220, 0, 650, 22.6537, 14.64
221, 0, 650, 22.4492, 14.7061
222, 0, 650, 22.2963, 14.7716
223, 0, 649, 23.0594, 14.839
224, 0, 649, 22.6859, 14.9046
225, 0, 649, 22.3124, 14.9704
226, 0, 649, 22.1594, 15.036
227, 0, 649, 22.0065, 15.1203
228, 0, 648, 22.7697, 15.1981
229, 0, 647, 23.5329, 15.2647
230, 0, 647, 23.1594, 15.3307
231, 0, 647, 22.7858, 15.3967
232, 0, 647, 22.6329, 15.4628
233, 0, 647, 22.48, 15.5304
234, 0, 646, 23.2432, 15.5965
235, 0, 645, 24.0064, 15.6624
236, 0, 644, 24.7696, 15.7368
237, 0, 643, 25.5328, 15.8032
238, 0, 642, 26.296, 15.87
239, 0, 641, 27.296, 15.9363
240, 0, 641, 26.8809, 16.0027
241, 0, 641, 26.711, 16.0689
242, 0, 640, 27.4742, 16.1358
243, 0, 639, 27.827, 16.202
244, 0, 639, 27.342, 16.2686
245, 0, 639, 26.9685, 16.3346
246, 0, 639, 26.7639, 16.401
247, 0, 639, 26.611, 16.4672
248, 0, 638, 27.3742, 16.5332
249, 0, 638, 27.0007, 16.5991
250, 0, 638, 26.6271, 16.6672
251, 0, 638, 26.4742, 16.7327
252, 0, 638, 26.3213, 16.8004
253, 0, 637, 27.3213, 16.8659
254, 0, 637, 26.9062, 16.9318
255, 0, 637, 26.7363, 16.9976
256, 0, 636, 27.4995, 17.0813
257, 0, 635, 28.2627, 17.1508
258, 0, 634, 28.0305, 17.2168
259, 0, 633, 29.3787, 17.2834
260, 0, 632, 30.3787, 17.3491
261, 0, 632, 29.9636, 17.415
262, 0, 632, 29.7937, 17.4812
263, 0, 631, 30.5569, 17.5473
264, 0, 631, 30.0719, 17.6138
265, 0, 631, 29.6984, 17.6845
266, 0, 631, 29.4939, 17.7502
267, 0, 631, 29.3409, 17.8156
268, 0, 630, 30.1041, 17.8814
269, 0, 630, 29.7306, 17.9469
270, 0, 630, 29.3571, 18.0124
271, 0, 630, 29.2041, 18.0778
272, 0, 630, 29.0512, 18.143
273, 0, 629, 29.8144, 18.2089
274, 0, 628, 30.5776, 18.2762
275, 0, 628, 30.2041, 18.3417
276, 0, 628, 29.8305, 18.4085
277, 0, 628, 29.6776, 18.4984
278, 0, 628, 29.5247, 18.5683
279, 0, 627, 30.2879, 18.6346
280, 0, 626, 31.0511, 18.702
281, 0, 625, 30.8189, 18.7675
282, 0, 624, 32.167, 18.8346
283, 0, 623, 33.167, 18.9002
284, 0, 623, 32.752, 18.9654
285, 0, 623, 32.5821, 19.0304
286, 0, 622, 33.3453, 19.0962
287, 0, 622, 32.8603, 19.1617
288, 0, 622, 32.4868, 19.2279
289, 0, 622, 32.7087, 19.2933
290, 0, 622, 32.4453, 19.359
291, 0, 622, 32.2923, 19.4242
292, 0, 621, 33.0555, 19.4902
293, 0, 621, 32.682, 19.5555
294, 0, 620, 33.0348, 19.6211
295, 0, 620, 32.5498, 19.6868
296, 0, 620, 32.3969, 19.7519
297, 0, 620, 32.1923, 19.8175
298, 0, 619, 31.9601, 19.883
299, 0, 618, 33.3083, 19.9603
300, 0, 617, 34.0715, 20.0261
301, 0, 617, 33.5865, 20.0923
302, 0, 617, 33.213, 20.158
303, 0, 617, 33.0085, 20.2243
304, 0, 616, 33.2498, 20.2898
305, 0, 616, 33.0453, 20.3551
306, 0, 615, 34.0453, 20.4203
307, 0, 615, 33.6302, 20.5022
308, 0, 615, 33.4603, 20.5691
309, 0, 614, 34.2235, 20.6463
310, 0, 614, 33.85, 20.7122
311, 0, 614, 33.4764, 20.7778
312, 0, 614, 33.3235, 20.8431
313, 0, 614, 33.1706, 20.9086
314, 0, 613, 33.9338, 20.9743
315, 0, 613, 33.5602, 21.0398
316, 0, 613, 33.1867, 21.1053
317, 0, 613, 33.0338, 21.171
318, 0, 613, 32.8808, 21.2363
319, 0, 612, 33.644, 21.3019
320, 0, 611, 34.4072, 21.368
321, 0, 611, 34.0337, 21.4355
322, 0, 611, 33.6601, 21.5014
323, 0, 611, 33.5072, 21.5669
324, 0, 611, 33.3543, 21.6325
325, 0, 611, 33.2705, 21.6994
326, 0, 610, 34.0337, 21.7732
327, 0, 609, 34.7969, 21.8395
328, 0, 608, 35.7969, 21.9046
329, 0, 608, 35.3818, 21.9697
330, 0, 608, 35.2119, 22.0348
331, 0, 607, 35.9751, 22.0999
332, 0, 607, 35.6016, 22.165
333, 0, 607, 35.228, 22.2305
334, 0, 607, 35.0751, 22.3094
335, 0, 607, 34.9222, 22.376
336, 0, 606, 35.6854, 22.4415
337, 0, 606, 35.3118, 22.5073
338, 0, 606, 34.9383, 22.5726
339, 0, 605, 35.1797, 22.6381
340, 0, 605, 34.9751, 22.7034
341, 0, 605, 34.8222, 22.7687
342, 0, 604, 35.5854, 22.834
343, 0, 603, 36.3486, 22.8991
344, 0, 602, 36.7013, 22.9651
345, 0, 602, 36.2164, 23.0307
346, 0, 602, 35.8429, 23.096
347, 0, 602, 35.6383, 23.1613
348, 0, 602, 35.4854, 23.2268
349, 0, 602, 35.3749, 23.2924
350, 0, 601, 36.1381, 23.3576
351, 0, 600, 36.9013, 23.4231
352, 0, 599, 37.9013, 23.4886
353, 0, 599, 37.4862, 23.5542
354, 0, 599, 37.3163, 23.6217
355, 0, 598, 38.0795, 23.6875
356, 0, 598, 37.706, 23.7532
357, 0, 598, 37.3324, 23.8307
358, 0, 598, 37.1795, 23.8967
359, 0, 598, 37.0266, 23.9641
360, 0, 597, 37.7898, 24.0302
361, 0, 596, 38.1425, 24.0961
362, 0, 596, 37.6576, 24.1627
363, 0, 596, 37.284, 24.2285
364, 0, 596, 37.0795, 24.2942
365, 0, 596, 36.9266, 24.3596
366, 0, 595, 37.6898, 24.425
367, 0, 594, 38.453, 24.4903
368, 0, 594, 38.0794, 24.5559
369, 0, 594, 37.7059, 24.6225
370, 0, 593, 37.9472, 24.6895
371, 0, 593, 37.7427, 24.7556
372, 0, 593, 37.5898, 24.8217
373, 0, 593, 37.4793, 24.8878
374, 0, 593, 37.3955, 24.955
375, 0, 593, 37.3024, 25.0213
376, 0, 593, 37.2093, 25.0873
377, 0, 593, 37.1255, 25.1645
378, 0, 593, 37.0323, 25.2311
379, 0, 593, 36.9486, 25.2972
380, 0, 593, 36.8381, 25.3719
381, 0, 592, 37.6012, 25.4382
382, 0, 591, 38.3644, 25.5044
383, 0, 591, 37.9909, 25.5705
384, 0, 591, 37.6174, 25.6363
385, 0, 591, 37.4644, 25.7055
386, 0, 591, 37.3115, 25.7892
387, 0, 591, 37.2277, 25.8565
388, 0, 590, 38.2277, 25.9226
389, 0, 590, 37.8127, 25.989
390, 0, 590, 37.6428, 26.0552
391, 0, 590, 37.5496, 26.1212
392, 0, 590, 37.4565, 26.1872
393, 0, 590, 37.3727, 26.2553
394, 0, 589, 38.1359, 26.3222
395, 0, 588, 37.9037, 26.3885
396, 0, 588, 37.8622, 26.4547
397, 0, 587, 39.5669, 26.5214
398, 0, 587, 39.1934, 26.5879
399, 0, 587, 38.6153, 26.6565
400, 0, 587, 38.4624, 26.7229
401, 0, 587, 38.3786, 26.7904
402, 0, 587, 38.2855, 26.8566
403, 0, 587, 38.175, 26.9231
404, 0, 587, 37.9116, 26.9892
405, 0, 586, 38.9116, 27.0554
406, 0, 586, 38.4965, 27.1215
407, 0, 586, 38.3266, 27.1875
408, 0, 586, 38.2428, 27.2536
409, 0, 586, 38.1898, 27.3198
410, 0, 586, 38.0967, 27.3862
411, 0, 586, 37.9862, 27.4539
412, 0, 585, 38.7494, 27.5204
413, 0, 584, 39.5126, 27.5867
414, 0, 584, 39.139, 27.6548
415, 0, 584, 38.7655, 27.7237
416, 0, 584, 38.6126, 27.7905
417, 0, 584, 38.4596, 27.8574
418, 0, 583, 39.4596, 27.9244
419, 0, 583, 39.0446, 27.9926
420, 0, 583, 38.8747, 28.0597
421, 0, 582, 39.0644, 28.1365
422, 0, 582, 38.9539, 28.2037
423, 0, 582, 38.8701, 28.2709
424, 0, 582, 38.7863, 28.3378
425, 0, 582, 38.7025, 28.4051
426, 0, 582, 38.6094, 28.4856
427, 0, 582, 38.5256, 28.5772
428, 0, 582, 38.4583, 28.6768
429, 0, 582, 38.3745, 28.7799
430, 0, 581, 39.1377, 28.8588
431, 0, 580, 39.9009, 28.9731
432, 0, 580, 39.5273, 29.071
433, 0, 580, 39.4435, 29.1449
434, 0, 580, 39.3597, 29.2146
435, 0, 580, 39.2759, 29.2823
436, 0, 580, 39.1828, 29.3501
437, 0, 580, 39.0317, 29.4175
438, 0, 580, 38.9479, 29.4845
439, 0, 580, 38.8374, 29.552
440, 0, 580, 38.7536, 29.6193
441, 0, 580, 38.6698, 29.6869
442, 0, 580, 38.8328, 29.7558
443, 0, 580, 38.749, 29.823
444, 0, 580, 38.6652, 29.8901
445, 0, 579, 39.4284, 29.9594
446, 0, 578, 40.1916, 30.0269
447, 0, 578, 39.8181, 30.0976
448, 0, 578, 39.4446, 30.1652
449, 0, 578, 39.2916, 30.2327
450, 0, 578, 39.1387, 30.2998
451, 0, 577, 39.9019, 30.3686
452, 0, 576, 39.6697, 30.4362
453, 0, 575, 41.0179, 30.5044
454, 0, 574, 41.7811, 30.5719
455, 0, 574, 42.0961, 30.6569
456, 0, 573, 43.0961, 30.726
457, 0, 573, 42.6811, 30.7936
458, 0, 573, 42.5111, 30.8609
459, 0, 572, 43.2743, 30.9284
460, 0, 572, 42.9008, 30.9959
461, 0, 572, 42.5273, 31.0854
462, 0, 571, 42.7686, 31.1552
463, 0, 571, 42.5641, 31.2234
464, 0, 571, 42.4111, 31.2911
465, 0, 570, 43.1743, 31.3742
466, 0, 569, 43.9375, 31.4432
467, 0, 569, 43.564, 31.5111
468, 0, 569, 43.1905, 31.5786
469, 0, 569, 43.0375, 31.6477
470, 0, 569, 42.8846, 31.7156
471, 0, 568, 43.6478, 31.7976
472, 0, 567, 44.411, 31.8674
473, 0, 567, 44.0375, 31.936
474, 0, 567, 43.6639, 32.0041
475, 0, 567, 43.511, 32.0722
476, 0, 567, 43.3581, 32.1403
477, 0, 566, 44.1213, 32.2084
478, 0, 565, 43.8891, 32.2765
479, 0, 564, 45.2372, 32.3448
480, 0, 563, 46.0004, 32.4126
481, 0, 563, 45.5155, 32.4814
482, 0, 563, 45.1419, 32.5603
483, 0, 563, 44.9374, 32.6291
484, 0, 563, 44.7845, 32.6974
485, 0, 562, 45.5476, 32.7688
486, 0, 562, 45.1741, 32.8374
487, 0, 562, 44.596, 32.906
488, 0, 561, 45.3592, 32.9744
489, 0, 560, 46.1224, 33.0428
490, 0, 560, 45.7489, 33.1108
491, 0, 560, 45.3754, 33.179
492, 0, 560, 45.2224, 33.2541
493, 0, 560, 45.0695, 33.3228
494, 0, 559, 46.0695, 33.3914
495, 0, 559, 45.6545, 33.46
496, 0, 559, 45.4845, 33.5283
497, 0, 558, 46.2477, 33.5981
498, 0, 558, 45.8742, 33.6664
499, 0, 558, 45.5007, 33.7529
500, 0, 558, 45.3477, 33.8221
501, 0, 557, 45.5891, 33.8904
502, 0, 557, 45.3845, 33.9585
503, 0, 557, 45.3007, 34.0261
504, 0, 557, 45.1902, 34.0938
505, 0, 556, 45.9534, 34.1614
506, 0, 556, 45.5799, 34.229
507, 0, 556, 45.2064, 34.2969
508, 0, 556, 45.0534, 34.3648
509, 0, 556, 44.9005, 34.4329
510, 0, 555, 45.6637, 34.5013
511, 0, 555, 45.2902, 34.5693
512, 0, 555, 44.9166, 34.6463
513, 0, 554, 45.158, 34.7326
514, 0, 554, 44.9534, 34.8082
515, 0, 554, 44.8005, 34.8914
516, 0, 553, 45.5637, 34.967
517, 0, 553, 45.1902, 35.0363
518, 0, 552, 45.5429, 35.1169
519, 0, 552, 45.858, 35.1865
520, 0, 552, 46.1214, 35.2551
521, 0, 552, 45.4844, 35.3295
522, 0, 552, 45.3315, 35.3981
523, 0, 552, 45.0274, 35.4663
524, 0, 551, 45.7906, 35.5347
525, 0, 551, 45.4171, 35.6032
526, 0, 551, 45.0436, 35.6717
527, 0, 551, 44.8906, 35.7411
528, 0, 551, 44.7377, 35.8089
529, 0, 550, 45.5009, 35.8766
530, 0, 550, 45.1274, 35.9451
531, 0, 550, 44.7538, 36.0132
532, 0, 549, 44.9952, 36.0817
533, 0, 549, 44.7906, 36.1498
534, 0, 549, 44.6377, 36.2177
535, 0, 548, 45.4009, 36.2858
536, 0, 547, 46.1641, 36.354
537, 0, 546, 46.9273, 36.422
538, 0, 546, 46.5538, 36.4901
539, 0, 546, 46.1802, 36.5582
540, 0, 546, 46.0273, 36.6263
541, 0, 546, 45.8744, 36.6959
542, 0, 545, 46.6376, 36.7643
543, 0, 545, 46.264, 36.8321
544, 0, 545, 45.8905, 36.8997
545, 0, 545, 45.7376, 36.9672
546, 0, 545, 45.5846, 37.0363
547, 0, 545, 45.4741, 37.1045
548, 0, 545, 45.3636, 37.1878
549, 0, 544, 46.1268, 37.2565
550, 0, 543, 46.89, 37.3264
551, 0, 542, 47.2428, 37.395
552, 0, 542, 46.7578, 37.4637
553, 0, 541, 47.1106, 37.5318
554, 0, 541, 46.6256, 37.6001
555, 0, 541, 46.4211, 37.6685
556, 0, 541, 46.2166, 37.7366
557, 0, 540, 46.9798, 37.8156
558, 0, 539, 47.743, 37.8839
559, 0, 538, 48.5062, 37.9521
560, 0, 538, 48.1326, 38.0205
561, 0, 538, 47.7591, 38.0887
562, 0, 538, 47.6062, 38.1569
563, 0, 538, 47.4532, 38.2251
564, 0, 537, 47.221, 38.2927
565, 0, 536, 48.5692, 38.3615
566, 0, 535, 49.5692, 38.438
567, 0, 535, 49.1541, 38.5066
568, 0, 535, 48.9842, 38.575
569, 0, 534, 48.752, 38.6434
570, 0, 533, 50.1002, 38.7135
571, 0, 532, 51.1002, 38.7864
572, 0, 532, 50.6852, 38.8561
573, 0, 532, 50.5152, 38.9246
574, 0, 531, 51.2784, 38.9928
575, 0, 530, 52.2784, 39.0612
576, 0, 530, 51.8634, 39.1294
577, 0, 530, 51.6935, 39.2154
578, 0, 529, 52.4567, 39.2845
579, 0, 528, 53.4567, 39.3532
580, 0, 528, 53.0416, 39.4214
581, 0, 528, 52.8717, 39.4894
582, 0, 527, 53.8717, 39.5573
583, 0, 527, 53.4567, 39.6254
584, 0, 527, 53.2867, 39.6954
585, 0, 526, 54.0499, 39.7641
586, 0, 526, 53.6764, 39.8324
587, 0, 526, 53.3029, 39.901
588, 0, 526, 53.1499, 39.9698
589, 0, 526, 52.997, 40.0384
590, 0, 525, 53.7602, 40.1071
591, 0, 525, 53.3867, 40.1759
592, 0, 525, 53.0131, 40.2449
593, 0, 524, 53.2545, 40.3135
594, 0, 524, 53.0499, 40.3827
595, 0, 524, 52.897, 40.4517
596, 0, 523, 53.6602, 40.5204
597, 0, 523, 53.1752, 40.5893
598, 0, 523, 52.8017, 40.658
599, 0, 523, 52.5972, 40.7268
600, 0, 523, 52.4442, 40.7956
601, 0, 522, 53.2074, 40.8645
602, 0, 522, 52.7225, 40.9483
603, 0, 522, 52.3489, 41.0289
604, 0, 522, 52.1444, 41.0988
605, 0, 522, 51.9915, 41.168
606, 0, 521, 52.7547, 41.2373
607, 0, 521, 52.3811, 41.3061
608, 0, 520, 52.7339, 41.3751
609, 0, 520, 52.2489, 41.4441
610, 0, 520, 52.096, 41.5132
611, 0, 520, 51.8915, 41.5843
612, 0, 519, 52.6547, 41.6534
613, 0, 518, 53.4179, 41.7249
614, 0, 517, 54.1811, 41.8023
615, 0, 517, 53.8075, 41.8721
616, 0, 517, 53.434, 41.951
617, 0, 517, 53.2811, 42.0208
618, 0, 517, 53.1281, 42.0926
619, 0, 516, 53.8913, 42.1626
620, 0, 516, 53.5178, 42.2317
621, 0, 516, 53.1443, 42.3012
622, 0, 516, 52.9913, 42.3711
623, 0, 516, 52.8384, 42.441
624, 0, 516, 52.7279, 42.5108
625, 0, 515, 53.4911, 42.5807
626, 0, 514, 53.2589, 42.6507
627, 0, 513, 54.6071, 42.7227
628, 0, 513, 54.2335, 42.8004
629, 0, 513, 53.7486, 42.8725
630, 0, 513, 53.5956, 42.9431
631, 0, 513, 53.3911, 43.0136
632, 0, 512, 54.3911, 43.0837
633, 0, 512, 53.976, 43.1538
634, 0, 512, 53.8061, 43.2243
635, 0, 511, 53.5739, 43.2948
636, 0, 510, 54.9221, 43.3655
637, 0, 509, 55.6853, 43.4359
638, 0, 508, 56.4485, 43.5064
639, 0, 508, 56.0749, 43.577
640, 0, 508, 55.7014, 43.6473
641, 0, 508, 55.5485, 43.7185
642, 0, 508, 55.3955, 43.7896
643, 0, 507, 56.1587, 43.8603
644, 0, 507, 55.6738, 43.9313
645, 0, 507, 55.3003, 44.0017
646, 0, 507, 55.0957, 44.0735
647, 0, 507, 54.9428, 44.1461
648, 0, 507, 54.8497, 44.2166
649, 0, 507, 54.7392, 44.2874
650, 0, 506, 55.5024, 44.3582
651, 0, 505, 56.2656, 44.4302
652, 0, 504, 57.0288, 44.501
653, 0, 504, 56.6552, 44.5723
654, 0, 504, 56.2817, 44.6433
655, 0, 504, 56.1288, 44.7156
656, 0, 504, 55.9758, 44.7867
657, 0, 503, 56.739, 44.8581
658, 0, 502, 57.5022, 44.9295
659, 0, 501, 57.855, 45.0011
660, 0, 501, 57.37, 45.0726
661, 0, 501, 56.9965, 45.1586
662, 0, 501, 56.792, 45.2434
663, 0, 501, 56.639, 45.3685
664, 0, 500, 57.4022, 45.4428
665, 0, 500, 57.0287, 45.5285
666, 0, 500, 56.6552, 45.6013
667, 0, 500, 56.5022, 45.6726
668, 0, 500, 56.3493, 45.7451
669, 0, 500, 56.2655, 45.816
670, 0, 499, 57.0287, 45.8868
671, 0, 498, 56.7965, 45.9577
672, 0, 497, 58.1447, 46.0285
673, 0, 497, 57.7711, 46.0994
674, 0, 497, 57.2862, 46.1704
675, 0, 497, 57.1332, 46.2413
676, 0, 497, 56.9287, 46.3173
677, 0, 496, 57.6919, 46.3885
678, 0, 495, 58.4551, 46.4594
679, 0, 494, 59.2183, 46.5305
680, 0, 494, 58.8447, 46.6022
681, 0, 494, 58.4712, 46.6735
682, 0, 493, 58.7126, 46.7447
683, 0, 493, 58.508, 46.8161
684, 0, 493, 58.3551, 46.899
685, 0, 492, 59.3551, 46.9705
686, 0, 492, 58.94, 47.0416
687, 0, 492, 58.7701, 47.1123
688, 0, 491, 59.5333, 47.183
689, 0, 491, 59.1598, 47.2539
690, 0, 491, 58.7863, 47.3278
691, 0, 491, 58.6333, 47.3989
692, 0, 491, 58.4804, 47.47
693, 0, 490, 59.2436, 47.5411
694, 0, 489, 59.0114, 47.6128
695, 0, 488, 60.3596, 47.698
696, 0, 487, 61.1227, 47.7707
697, 0, 487, 60.6378, 47.8423
698, 0, 487, 60.2643, 47.9134
699, 0, 487, 60.0597, 47.9859
700, 0, 486, 60.3011, 48.0573
701, 0, 486, 60.0965, 48.1287
702, 0, 485, 60.8597, 48.2003
703, 0, 485, 60.4862, 48.2719
704, 0, 485, 60.1126, 48.3427
705, 0, 484, 60.354, 48.4138
706, 0, 484, 60.1494, 48.4955
707, 0, 484, 59.9965, 48.5669
708, 0, 484, 59.886, 48.6388
709, 0, 483, 59.6538, 48.7121
710, 0, 482, 61.002, 48.7832
711, 0, 481, 61.7652, 48.8557
712, 0, 480, 61.533, 48.9271
713, 0, 479, 62.8811, 49.0159
714, 0, 478, 63.6443, 49.0884
715, 0, 477, 64.4075, 49.173
716, 0, 476, 65.1707, 49.2454
717, 0, 475, 65.9339, 49.3194
718, 0, 474, 66.6971, 49.3904
719, 0, 473, 67.6971, 49.4616
720, 0, 473, 67.2821, 49.5328
721, 0, 473, 67.1122, 49.6037
722, 0, 472, 66.88, 49.675
723, 0, 471, 68.2281, 49.7478
724, 0, 471, 67.8546, 49.8257
725, 0, 471, 67.3696, 49.897
726, 0, 471, 67.2167, 49.9678
727, 0, 471, 67.0122, 50.039
728, 0, 470, 67.7754, 50.1098
729, 0, 470, 67.4018, 50.1805
730, 0, 470, 67.0283, 50.2525
731, 0, 470, 66.8754, 50.3237
732, 0, 470, 66.7224, 50.3944
733, 0, 469, 67.4856, 50.4677
734, 0, 469, 67.1121, 50.539
735, 0, 469, 66.7386, 50.61
736, 0, 469, 66.5856, 50.6804
737, 0, 469, 66.4327, 50.7529
738, 0, 468, 67.1959, 50.8231
739, 0, 468, 66.8224, 50.8946
740, 0, 468, 66.4488, 50.9649
741, 0, 468, 66.2959, 51.0351
742, 0, 468, 66.143, 51.1052
743, 0, 467, 66.9062, 51.1754
744, 0, 467, 66.5326, 51.262
745, 0, 467, 66.1591, 51.3337
746, 0, 466, 66.4004, 51.4044
747, 0, 466, 66.1959, 51.4781
748, 0, 466, 66.043, 51.5487
749, 0, 465, 66.8062, 51.6192
750, 0, 465, 66.3212, 51.69
751, 0, 464, 66.674, 51.761
752, 0, 464, 66.189, 51.8696
753, 0, 464, 65.9845, 51.9442
754, 0, 464, 65.7799, 52.0151
755, 0, 463, 66.5431, 52.0857
756, 0, 463, 66.1696, 52.1563
757, 0, 463, 65.7961, 52.2265
758, 0, 463, 65.6431, 52.2991
759, 0, 463, 65.4902, 52.3697
760, 0, 462, 66.2534, 52.4404
761, 0, 461, 67.0166, 52.5109
762, 0, 461, 66.6431, 52.5818
763, 0, 461, 66.2695, 52.6525
764, 0, 460, 66.5109, 52.7234
765, 0, 460, 66.3063, 52.7957
766, 0, 460, 66.1534, 52.8814
767, 0, 459, 66.9166, 52.9535
768, 0, 459, 66.4316, 53.0246
769, 0, 459, 66.0581, 53.0952
770, 0, 459, 65.8536, 53.1658
771, 0, 459, 65.7006, 53.2367
772, 0, 459, 65.5901, 53.3094
773, 0, 458, 66.3533, 53.3799
774, 0, 457, 67.1165, 53.4508
775, 0, 457, 66.743, 53.5219
776, 0, 457, 66.3695, 53.5927
777, 0, 457, 66.2165, 53.6633
778, 0, 456, 66.4579, 53.7362
779, 0, 456, 66.2533, 53.8081
780, 0, 455, 67.0165, 53.8793
781, 0, 454, 67.7797, 53.9505
782, 0, 453, 68.5429, 54.022
783, 0, 453, 68.1694, 54.0934
784, 0, 453, 67.7958, 54.1666
785, 0, 453, 67.6429, 54.238
786, 0, 453, 67.49, 54.3097
787, 0, 452, 68.2532, 54.3815
788, 0, 451, 69.0164, 54.453
789, 0, 450, 69.7796, 54.526
790, 0, 450, 69.406, 54.5977
791, 0, 450, 69.0325, 54.6694
792, 0, 450, 68.8796, 54.7411
793, 0, 450, 68.7266, 54.813
794, 0, 449, 69.7266, 54.8846
795, 0, 449, 69.3116, 54.9561
796, 0, 449, 69.1417, 55.0306
797, 0, 448, 69.9049, 55.1185
798, 0, 448, 69.5313, 55.191
799, 0, 448, 69.1578, 55.2627
800, 0, 448, 69.0049, 55.3356
801, 0, 448, 68.8519, 55.4122
802, 0, 447, 69.6151, 55.4865
803, 0, 446, 69.9679, 55.5583
804, 0, 446, 70.2829, 55.631
805, 0, 446, 69.7049, 55.7046
806, 0, 446, 69.3313, 55.7767
807, 0, 446, 69.0679, 55.8505
808, 0, 446, 68.915, 55.9234
809, 0, 445, 68.6828, 55.9976
810, 0, 444, 70.0309, 56.0703
811, 0, 443, 70.7941, 56.1426
812, 0, 442, 71.5573, 56.2145
813, 0, 442, 71.1838, 56.2869
814, 0, 441, 71.5366, 56.3626
815, 0, 441, 71.0516, 56.4367
816, 0, 441, 70.8987, 56.5089
817, 0, 441, 70.6941, 56.5809
818, 0, 440, 71.4573, 56.6532
819, 0, 440, 70.9724, 56.7289
820, 0, 440, 70.5988, 56.8096
821, 0, 440, 70.3943, 56.8826
822, 0, 440, 70.2414, 56.9552
823, 0, 440, 70.1576, 57.0277
824, 0, 439, 71.1576, 57.1179
825, 0, 439, 70.7425, 57.1941
826, 0, 439, 70.5726, 57.2673
827, 0, 438, 71.3358, 57.3402
828, 0, 437, 72.3358, 57.4133
829, 0, 437, 71.9208, 57.486
830, 0, 437, 71.7508, 57.5585
831, 0, 436, 71.5187, 57.6314
832, 0, 435, 72.8668, 57.7042
833, 0, 434, 73.8668, 57.7882
834, 0, 434, 73.4518, 57.8613
835, 0, 434, 73.2818, 57.9343
836, 0, 433, 74.2818, 58.0074
837, 0, 433, 73.8668, 58.0804
838, 0, 433, 73.6969, 58.1535
839, 0, 432, 74.4601, 58.2265
840, 0, 432, 73.9751, 58.2996
841, 0, 432, 73.6016, 58.3724
842, 0, 432, 73.3971, 58.4548
843, 0, 432, 73.2441, 58.5438
844, 0, 431, 74.0073, 58.618
845, 0, 431, 73.6338, 58.7104
846, 0, 431, 73.2602, 58.8156
847, 0, 431, 73.1073, 58.9208
848, 0, 431, 72.9544, 59.0482
849, 0, 430, 73.7176, 59.1488
850, 0, 429, 74.7176, 59.2523
851, 0, 429, 74.3025, 59.378
852, 0, 429, 74.1326, 59.4804
853, 0, 428, 74.8958, 59.5548
854, 0, 428, 74.5223, 59.6284
855, 0, 428, 74.1487, 59.7018
856, 0, 428, 73.9958, 59.7753
857, 0, 428, 73.8429, 59.8486
858, 0, 428, 73.7591, 59.9218
859, 0, 428, 73.666, 59.9948
860, 0, 428, 73.5555, 60.0681
861, 0, 428, 73.4624, 60.1454
862, 0, 428, 73.3693, 60.2185
863, 0, 428, 73.2855, 60.293
864, 0, 428, 73.2017, 60.3661
865, 0, 428, 73.1179, 60.4391
866, 0, 428, 73.0341, 60.5123
867, 0, 428, 72.9503, 60.5853
868, 0, 428, 72.8665, 60.6586
869, 0, 428, 72.7827, 60.734
870, 0, 427, 73.5459, 60.8072
871, 0, 426, 74.3091, 60.8896
872, 0, 425, 75.0723, 60.9632
873, 0, 424, 75.8355, 61.0365
874, 0, 423, 76.5987, 61.1099
875, 0, 422, 77.3618, 61.1881
876, 0, 421, 78.125, 61.2664
877, 0, 420, 78.8882, 61.3403
878, 0, 419, 79.6514, 61.4278
879, 0, 418, 80.4146, 61.5041
880, 0, 417, 81.4146, 61.5775
881, 0, 417, 80.9996, 61.6512
882, 0, 417, 80.8297, 61.7244
883, 0, 416, 81.5929, 61.8126
884, 0, 416, 81.2193, 61.9037
885, 0, 416, 80.8458, 62.0097
886, 0, 416, 80.6929, 62.0937
887, 0, 416, 80.5399, 62.1678
888, 0, 415, 81.3031, 62.2411
889, 0, 415, 80.9296, 62.3139
890, 0, 415, 80.5561, 62.3878
891, 0, 415, 80.4031, 62.4603
892, 0, 415, 80.2502, 62.533
893, 0, 414, 81.0134, 62.6061
894, 0, 414, 80.6399, 62.6792
895, 0, 414, 80.2663, 62.7527
896, 0, 414, 80.1134, 62.8256
897, 0, 414, 79.9605, 62.8986
898, 0, 413, 80.7237, 62.9716
899, 0, 413, 80.3501, 63.0449
900, 0, 412, 80.7029, 63.1276
901, 0, 412, 80.2179, 63.2011
902, 0, 412, 80.065, 63.2744
903, 0, 412, 79.8605, 63.3476
904, 0, 411, 80.6237, 63.421
905, 0, 411, 80.2501, 63.4937
906, 0, 411, 79.8766, 63.5668
907, 0, 411, 79.7237, 63.6501
908, 0, 411, 79.5707, 63.7232
909, 0, 410, 80.3339, 63.7972
910, 0, 409, 80.6867, 63.8699
911, 0, 409, 80.2017, 63.9426
912, 0, 409, 79.8282, 64.0152
913, 0, 409, 79.6237, 64.0879
914, 0, 409, 79.4707, 64.1606
915, 0, 408, 79.2385, 64.2329
916, 0, 407, 80.5867, 64.3079
917, 0, 407, 80.2132, 64.3803
918, 0, 407, 80.5282, 64.4548
919, 0, 407, 79.9501, 64.5298
920, 0, 407, 79.7972, 64.6027
921, 0, 407, 79.5338, 64.6757
922, 0, 406, 80.297, 64.7482
923, 0, 406, 79.9234, 64.8227
924, 0, 406, 79.5499, 64.8955
925, 0, 406, 79.397, 64.968
926, 0, 406, 79.244, 65.0408
927, 0, 405, 80.0072, 65.1223
928, 0, 405, 79.6337, 65.2004
929, 0, 405, 79.2602, 65.3068
930, 0, 404, 79.5015, 65.4164
931, 0, 404, 79.297, 65.4997
932, 0, 404, 79.144, 65.5805
933, 0, 403, 80.144, 65.6582
934, 0, 403, 79.729, 65.7314
935, 0, 403, 79.5591, 65.8046
936, 0, 402, 80.3223, 65.8776
937, 0, 402, 79.9487, 65.9509
938, 0, 402, 79.5752, 66.024
939, 0, 402, 79.4223, 66.0968
940, 0, 402, 79.2693, 66.1696
941, 0, 402, 79.1855, 66.2426
942, 0, 401, 80.1855, 66.3151
943, 0, 401, 79.7705, 66.388
944, 0, 401, 79.6006, 66.4618
945, 0, 401, 79.4901, 66.535
946, 0, 400, 80.2533, 66.6079
947, 0, 399, 81.0165, 66.6812
948, 0, 399, 80.6429, 66.7538
949, 0, 399, 80.2694, 66.8268
950, 0, 399, 80.1165, 66.8998
951, 0, 399, 79.9635, 66.9728
952, 0, 398, 80.9635, 67.0459
953, 0, 398, 80.5485, 67.1185
954, 0, 398, 80.3786, 67.1916
955, 0, 398, 80.2948, 67.2646
956, 0, 397, 81.058, 67.3479
957, 0, 396, 81.8212, 67.4213
958, 0, 396, 81.4476, 67.4998
959, 0, 396, 81.0741, 67.5823
960, 0, 396, 80.9212, 67.6558
961, 0, 396, 80.7682, 67.7287
962, 0, 395, 81.7682, 67.8026
963, 0, 395, 81.3532, 67.8755
964, 0, 395, 81.1833, 67.9646
965, 0, 395, 81.0995, 68.0598
966, 0, 395, 80.989, 68.1576
967, 0, 395, 80.9052, 68.2355
968, 0, 395, 80.8121, 68.3243
969, 0, 395, 80.7016, 68.4521
970, 0, 395, 80.6178, 68.5439
971, 0, 395, 80.534, 68.6323
972, 0, 394, 81.2972, 68.7569
973, 0, 393, 82.0604, 68.9046
974, 0, 393, 81.6868, 69.0007
975, 0, 392, 82.0396, 69.0756
976, 0, 392, 81.5546, 69.1498
977, 0, 391, 81.796, 69.2238
978, 0, 391, 81.5914, 69.297
979, 0, 391, 81.3869, 69.3714
980, 0, 390, 82.1501, 69.4448
981, 0, 389, 82.9133, 69.5184
982, 0, 389, 82.5398, 69.5916
983, 0, 389, 82.1662, 69.6651
984, 0, 388, 82.4076, 69.7388
985, 0, 388, 82.203, 69.8123
986, 0, 388, 82.0501, 69.8887
987, 0, 388, 81.9396, 69.963
988, 0, 388, 81.8291, 70.0366
989, 0, 388, 81.7186, 70.112
990, 0, 388, 81.6348, 70.1892
991, 0, 388, 81.5417, 70.2628
992, 0, 388, 81.4579, 70.3362
993, 0, 387, 82.4579, 70.4099
994, 0, 387, 82.0429, 70.4833
995, 0, 387, 81.8729, 70.5571
996, 0, 387, 81.7624, 70.6536
997, 0, 386, 82.5256, 70.7322
998, 0, 385, 83.2888, 70.8066
999, 0, 384, 84.052, 70.8809
1000, 0, 383, 84.8152, 70.955
1001, 0, 383, 84.4417, 71.0345
1002, 0, 383, 84.0682, 71.111
1003, 0, 383, 83.9152, 71.1851
1004, 0, 383, 83.7623, 71.2592
1005, 0, 382, 84.5255, 71.333
1006, 0, 382, 84.152, 71.4074
1007, 0, 382, 83.7784, 71.4864
1008, 0, 382, 83.6255, 71.5607
1009, 0, 382, 83.4726, 71.6353
1010, 0, 381, 84.2358, 71.7097
1011, 0, 381, 83.8622, 71.801
1012, 0, 381, 83.4887, 71.8767
1013, 0, 381, 83.3358, 71.9525
1014, 0, 381, 83.1828, 72.027
1015, 0, 380, 84.1828, 72.1167
1016, 0, 380, 83.7678, 72.1922
1017, 0, 380, 83.5979, 72.2759
1018, 0, 380, 83.5141, 72.3507
1019, 0, 379, 84.2773, 72.4249
1020, 0, 378, 85.0405, 72.4993
1021, 0, 377, 85.8037, 72.5743
1022, 0, 377, 85.4301, 72.6649
1023, 0, 377, 85.0566, 72.7417
1024, 0, 377, 84.9037, 72.8166
1025, 0, 377, 84.7507, 72.8974
1026, 0, 376, 85.5139, 72.9731
1027, 0, 376, 85.1404, 73.0483
1028, 0, 376, 84.7669, 73.1229
1029, 0, 376, 84.6139, 73.2131
1030, 0, 376, 84.461, 73.2882
1031, 0, 375, 85.461, 73.3635
1032, 0, 375, 85.0459, 73.44
1033, 0, 375, 84.876, 73.5148
1034, 0, 375, 84.7922, 73.5895
1035, 0, 374, 85.5554, 73.6643
1036, 0, 373, 85.3232, 73.7388
1037, 0, 372, 86.6714, 73.814
1038, 0, 371, 87.4346, 73.889
1039, 0, 371, 86.9496, 73.965
1040, 0, 371, 86.5761, 74.04
1041, 0, 371, 86.3716, 74.115
1042, 0, 371, 86.2186, 74.1898
1043, 0, 370, 86.9818, 74.2645
1044, 0, 370, 86.6083, 74.3393
1045, 0, 370, 86.2347, 74.4139
1046, 0, 370, 86.0818, 74.4897
1047, 0, 370, 85.9289, 74.5645
1048, 0, 369, 86.9289, 74.6393
1049, 0, 369, 86.5138, 74.7146
1050, 0, 369, 86.3439, 74.7892
1051, 0, 369, 86.2601, 74.8653
1052, 0, 368, 87.0233, 74.9405
1053, 0, 367, 87.7865, 75.0155
1054, 0, 366, 88.5497, 75.0903
1055, 0, 366, 88.1762, 75.1807
1056, 0, 366, 87.8026, 75.2559
1057, 0, 366, 87.6497, 75.3312
1058, 0, 366, 87.4968, 75.4061
1059, 0, 365, 88.26, 75.4814
1060, 0, 365, 87.8864, 75.5718
1061, 0, 365, 87.5129, 75.6471
1062, 0, 364, 87.7543, 75.7225
1063, 0, 364, 87.5497, 75.7988
1064, 0, 364, 87.3968, 75.8733
1065, 0, 363, 88.3968, 75.9479
1066, 0, 363, 87.9817, 76.0223
1067, 0, 363, 87.8118, 76.0969
1068, 0, 363, 87.7013, 76.1718
1069, 0, 363, 87.6175, 76.2494
1070, 1, 362, 88.6175, 76.3242
1071, 2, 362, 88.2025, 76.3989
1072, 3, 362, 88.0326, 76.4742
1073, 4, 362, 87.9395, 76.5594
1074, 5, 362, 87.8806, 76.6362
1075, 6, 362, 87.8399, 76.7116
1076, 7, 362, 87.8102, 76.7885
1077, 8, 362, 87.7874, 76.8638
1078, 9, 362, 87.7695, 76.9398
1079, 10, 362, 87.755, 77.0161
1080, 11, 361, 88.755, 77.0913
1081, 12, 361, 88.34, 77.1662
1082, 13, 361, 88.1701, 77.2412
1083, 14, 361, 88.077, 77.316
1084, 15, 361, 88.0181, 77.3909
1085, 16, 361, 87.9774, 77.4664
1086, 17, 361, 87.9477, 77.5419
1087, 18, 361, 87.925, 77.635
1088, 19, 361, 87.907, 77.7124
1089, 20, 361, 87.8925, 77.7901
1090, 21, 361, 87.8806, 77.8658
1091, 22, 361, 87.8686, 77.9417
1092, 23, 361, 87.8585, 78.0177
1093, 24, 361, 87.8485, 78.0928
1094, 24, 361, 87.7647, 78.167
1095, 24, 360, 88.5279, 78.2411
1096, 24, 359, 89.2911, 78.3152
1097, 24, 358, 90.0543, 78.3979
1098, 24, 358, 89.6807, 78.5177
1099, 24, 358, 89.3072, 78.617
1100, 24, 358, 89.1543, 78.6928
1101, 24, 358, 89.0013, 78.7671
1102, 24, 357, 89.7645, 78.8418
1103, 24, 356, 90.1173, 78.9163
1104, 24, 356, 89.6323, 78.9908
1105, 24, 356, 89.2588, 79.0659
1106, 24, 356, 89.0543, 79.1403
1107, 24, 356, 88.9013, 79.2143
1108, 24, 355, 89.6645, 79.2888
1109, 24, 354, 90.4277, 79.3629
1110, 24, 354, 90.0542, 79.4465
1111, 24, 354, 89.6807, 79.5211
1112, 24, 354, 89.5277, 79.5952
1113, 24, 354, 89.3748, 79.6699
1114, 24, 354, 89.2643, 79.7441
1115, 24, 354, 89.1805, 79.8212
1116, 24, 354, 89.0967, 79.8972
1117, 24, 354, 89.0129, 79.9725
1118, 24, 354, 88.9291, 80.0478
1119, 24, 354, 88.8186, 80.1218
1120, 24, 354, 88.7348, 80.1958
1121, 24, 354, 88.651, 80.2694
1122, 24, 354, 88.5672, 80.3429
1123, 24, 354, 88.4834, 80.4162
1124, 24, 353, 88.6731, 80.4904
1125, 24, 353, 88.5626, 80.5649
1126, 24, 353, 88.4789, 80.6385
1127, 24, 353, 88.3951, 80.7121
1128, 24, 353, 88.3113, 80.7858
1129, 24, 353, 88.2275, 80.8594
1130, 24, 353, 88.1437, 80.9334
1131, 24, 352, 88.9069, 81.0074
1132, 24, 352, 88.8231, 81.0813
1133, 24, 351, 89.0128, 81.168
1134, 24, 351, 88.9023, 81.2421
1135, 24, 351, 88.8185, 81.3189
1136, 24, 351, 88.7347, 81.393
1137, 24, 351, 88.6509, 81.4667
1138, 24, 351, 88.5671, 81.5404
1139, 24, 351, 88.4833, 81.6159
1140, 24, 350, 89.2465, 81.6993
1141, 24, 350, 89.1935, 81.7866
1142, 24, 350, 89.1097, 81.862
1143, 24, 349, 90.1097, 81.9449
1144, 24, 349, 89.6947, 82.0195
1145, 24, 349, 89.5247, 82.0934
1146, 24, 349, 89.4316, 82.175
1147, 24, 349, 89.3385, 82.2506
1148, 24, 349, 89.2547, 82.3306
1149, 24, 349, 88.8812, 82.4051
1150, 25, 349, 88.8726, 82.4811
1151, 26, 349, 88.8641, 82.5567
1152, 26, 349, 88.8111, 82.6308
1153, 26, 349, 88.758, 82.7081
1154, 26, 349, 88.7215, 82.7841
1155, 26, 349, 88.6284, 82.8589
1156, 26, 349, 88.5179, 82.9339
1157, 26, 349, 88.4911, 83.0084
1158, 26, 349, 88.4381, 83.0829
1159, 26, 349, 88.3851, 83.1569
1160, 26, 348, 89.3851, 83.2397
1161, 26, 348, 88.97, 83.3147
1162, 26, 348, 88.8001, 83.3893
1163, 26, 348, 88.7163, 83.4638
1164, 26, 348, 88.6797, 83.5409
1165, 26, 348, 88.5866, 83.6155
1166, 26, 348, 88.5028, 83.6899
1167, 26, 348, 88.4097, 83.7645
1168, 26, 348, 88.3259, 83.871
1169, 26, 348, 88.2421, 83.9706
1170, 26, 348, 88.1316, 84.064
1171, 26, 348, 88.0478, 84.1473
1172, 26, 348, 87.964, 84.2318
1173, 26, 347, 88.1538, 84.315
1174, 26, 347, 88.0433, 84.4604
1175, 26, 347, 87.9595, 84.5668
1176, 26, 347, 87.8664, 84.6427
1177, 26, 347, 87.7559, 84.7181
1178, 26, 346, 87.9456, 84.795
1179, 26, 346, 87.8351, 84.8707
1180, 26, 345, 88.0248, 84.9463
1181, 26, 345, 87.9143, 85.0221
1182, 26, 344, 88.1041, 85.1146
1183, 26, 344, 87.9936, 85.1916
1184, 26, 343, 88.1833, 85.2674
1185, 26, 343, 88.0728, 85.3434
1186, 26, 343, 87.9623, 85.4209
1187, 26, 343, 87.8785, 85.4966
1188, 26, 343, 87.7854, 85.5721
1189, 26, 343, 87.7016, 85.6476
1190, 26, 343, 87.6178, 85.7234
1191, 26, 343, 87.534, 85.8008
1192, 26, 343, 87.4502, 85.8769
1193, 26, 343, 87.3397, 85.9535
1194, 26, 343, 87.2292, 86.0301
1195, 26, 343, 87.1361, 86.1202
1196, 26, 343, 86.985, 86.1971
1197, 26, 343, 86.9012, 86.2734
1198, 26, 343, 86.8174, 86.3495
1199, 26, 343, 86.7336, 86.4258
1200, 26, 343, 86.6404, 86.5019
1201, 26, 343, 86.5566, 86.5781
1202, 26, 343, 86.4635, 86.6553
1203, 26, 343, 86.3704, 86.7314
1204, 26, 343, 86.3031, 86.8076
1205, 26, 343, 86.2501, 86.8858
1206, 26, 343, 86.1971, 86.9617
1207, 26, 343, 86.1297, 87.038
1208, 26, 343, 86.0366, 87.1135
1209, 26, 343, 85.9528, 87.1892
1210, 26, 343, 85.869, 87.2951
1211, 26, 343, 85.7585, 87.3733
1212, 26, 343, 85.6747, 87.4502
1213, 26, 343, 85.6217, 87.5263
1214, 26, 343, 85.5687, 87.6023
1215, 26, 343, 85.5157, 87.681
1216, 26, 343, 85.4627, 87.7587
1217, 26, 343, 85.4038, 87.8355
1218, 26, 343, 85.3508, 87.9154
1219, 26, 343, 85.2835, 87.9922
1220, 26, 342, 85.4465, 88.0689
1221, 26, 342, 85.3792, 88.1459
1222, 26, 342, 85.3262, 88.2225
1223, 26, 342, 85.2588, 88.2992
1224, 26, 342, 85.1483, 88.3758
1225, 26, 342, 85.0645, 88.4678
1226, 26, 342, 85.0115, 88.5454
1227, 26, 342, 84.9442, 88.6228
1228, 26, 342, 84.8604, 88.699
1229, 26, 342, 84.7766, 88.7755
1230, 26, 342, 84.6928, 88.8521
1231, 26, 342, 84.609, 88.9292
1232, 26, 342, 84.5252, 89.0163
1233, 26, 342, 84.4414, 89.0942
1234, 26, 342, 84.374, 89.1715
1235, 26, 342, 84.321, 89.2485
1236, 26, 342, 84.2537, 89.3255
1237, 26, 342, 84.1863, 89.4024
1238, 26, 342, 84.1333, 89.4888
1239, 26, 342, 84.066, 89.5677
1240, 26, 342, 84.013, 89.6443
1241, 26, 342, 83.96, 89.7205
1242, 26, 342, 83.907, 89.798
1243, 26, 342, 83.854, 89.8747
1244, 26, 341, 84.0437, 89.9508
1245, 26, 341, 83.9332, 90.0271
1246, 26, 341, 83.8494, 90.1029
1247, 26, 341, 83.7656, 90.1791
1248, 26, 340, 84.5288, 90.2553
1249, 26, 339, 85.292, 90.3316
1250, 26, 339, 84.9185, 90.4084
1251, 26, 339, 84.545, 90.4844
1252, 26, 338, 84.7863, 90.5605
1253, 26, 338, 84.5818, 90.6366
1254, 26, 338, 84.4288, 90.7127
1255, 26, 337, 84.1966, 90.7887
1256, 26, 336, 85.5448, 90.8651
1257, 26, 335, 86.5448, 90.9413
1258, 26, 335, 86.1298, 91.0179
1259, 26, 335, 85.9598, 91.094
1260, 26, 334, 86.723, 91.1702
1261, 26, 333, 87.4862, 91.2465
1262, 26, 333, 87.1127, 91.3229
1263, 26, 333, 86.7392, 91.3989
1264, 26, 333, 86.5862, 91.4769
1265, 26, 333, 86.4333, 91.5707
1266, 26, 332, 87.1965, 91.6489
1267, 26, 331, 88.1965, 91.7254
1268, 26, 331, 87.7814, 91.8122
1269, 26, 331, 87.6115, 91.8886
1270, 26, 330, 88.3747, 91.9646
1271, 26, 329, 89.1379, 92.0408
1272, 26, 329, 88.7644, 92.1169
1273, 26, 329, 88.3908, 92.1927
1274, 26, 328, 88.6322, 92.2691
1275, 26, 328, 88.4277, 92.3467
1276, 26, 328, 88.2747, 92.4225
1277, 26, 327, 89.0379, 92.4986
1278, 26, 326, 90.0379, 92.5749
1279, 26, 326, 89.6229, 92.6546
1280, 26, 326, 89.453, 92.7308
1281, 26, 325, 90.2162, 92.8068
1282, 26, 324, 90.9793, 92.8834
1283, 26, 324, 90.6058, 92.9594
1284, 26, 324, 90.2323, 93.0354
1285, 26, 324, 90.0793, 93.1137
1286, 26, 324, 89.9264, 93.2001
1287, 26, 323, 90.6896, 93.2766
1288, 26, 322, 91.6896, 93.3529
1289, 26, 322, 91.2746, 93.4292
1290, 26, 322, 91.1047, 93.5071
1291, 26, 321, 91.8678, 93.585
1292, 26, 320, 91.6357, 93.6633
1293, 26, 319, 92.9838, 93.7396
1294, 26, 319, 92.6103, 93.816
1295, 26, 319, 92.1253, 93.8926
1296, 26, 319, 91.9724, 93.9687
1297, 26, 319, 91.7678, 94.0452
1298, 26, 318, 92.7678, 94.1213
1299, 26, 318, 92.3528, 94.1976
1300, 26, 318, 92.1829, 94.2738
1301, 26, 317, 92.9461, 94.3498
1302, 26, 317, 92.5725, 94.426
1303, 26, 317, 92.199, 94.5021
1304, 26, 316, 92.4404, 94.5784
1305, 26, 316, 92.2358, 94.6546
1306, 26, 316, 92.0829, 94.7307
1307, 26, 315, 92.8461, 94.807
1308, 26, 315, 92.4725, 94.8832
1309, 26, 315, 92.099, 94.9592
1310, 26, 315, 91.9461, 95.0353
1311, 26, 315, 91.7932, 95.1239
1312, 26, 314, 92.5563, 95.209
1313, 26, 313, 92.9091, 95.3226
1314, 26, 313, 92.4242, 95.4244
1315, 26, 313, 92.0506, 95.503
1316, 26, 313, 91.8461, 95.5797
1317, 26, 313, 91.6932, 95.656
1318, 26, 312, 92.4563, 95.7322
1319, 26, 312, 91.9714, 95.8136
1320, 26, 312, 91.5979, 95.8905
1321, 26, 312, 91.3933, 95.967
1322, 26, 312, 91.2404, 96.0435
1323, 26, 311, 92.2404, 96.1196
1324, 26, 311, 91.8253, 96.196
1325, 26, 311, 91.6554, 96.2746
1326, 26, 311, 91.5449, 96.3511
1327, 26, 310, 92.3081, 96.4273
1328, 26, 309, 93.0713, 96.5039
1329, 26, 309, 92.6978, 96.5804
1330, 26, 309, 92.3242, 96.6585
1331, 26, 308, 92.5656, 96.7355
1332, 26, 308, 92.361, 96.812
1333, 26, 308, 92.2081, 96.8887
1334, 26, 307, 91.9759, 96.9655
1335, 26, 307, 91.9344, 97.0421
1336, 26, 306, 93.6391, 97.1377
1337, 26, 305, 94.4023, 97.2167
1338, 26, 304, 95.1655, 97.3029
1339, 26, 304, 94.792, 97.3803
1340, 26, 304, 94.4184, 97.4573
1341, 26, 304, 94.2655, 97.5346
1342, 26, 304, 94.1126, 97.6114
1343, 26, 303, 94.8758, 97.6882
1344, 26, 302, 95.639, 97.7682
1345, 26, 301, 96.4022, 97.8564
1346, 26, 301, 96.0286, 97.9336
1347, 26, 301, 95.6551, 98.0107
1348, 26, 301, 95.5022, 98.0877
1349, 26, 301, 95.3492, 98.1666
1350, 26, 300, 95.117, 98.244
1351, 26, 300, 95.0755, 98.321
1352, 26, 299, 96.7802, 98.3982
1353, 26, 298, 97.5434, 98.4875
1354, 27, 297, 98.5434, 98.5649
1355, 28, 297, 98.1284, 98.6425
1356, 29, 297, 97.9585, 98.7216
1357, 30, 297, 97.8654, 98.7995
1358, 31, 297, 97.8065, 98.8791
1359, 32, 297, 97.7658, 98.9571
1360, 33, 297, 97.7361, 99.0346
1361, 34, 297, 97.7134, 99.1128
1362, 35, 297, 97.6954, 99.1911
1363, 36, 297, 97.6809, 99.2695
1364, 36, 296, 98.4441, 99.3467
1365, 36, 295, 99.2073, 99.4283
1366, 36, 295, 98.8338, 99.5223
1367, 36, 295, 98.4603, 99.6008
1368, 36, 295, 98.3073, 99.6782
1369, 36, 295, 98.1544, 99.7554
1370, 36, 294, 98.9176, 99.8362
1371, 36, 293, 99.6808, 99.9527
1372, 36, 292, 100.444, 100.063
1373, 36, 292, 100.07, 100.166
1374, 36, 292, 99.6969, 100.278
1375, 36, 292, 99.544, 100.405
1376, 36, 292, 99.3911, 100.509
1377, 36, 291, 99.1589, 100.589
1378, 36, 290, 100.507, 100.668
1379, 36, 289, 101.27, 100.747
1380, 36, 289, 100.785, 100.825
1381, 36, 289, 100.412, 100.903
1382, 36, 289, 100.207, 100.981
1383, 36, 289, 100.054, 101.079
1384, 36, 288, 101.054, 101.158
1385, 36, 288, 100.639, 101.236
1386, 36, 288, 100.469, 101.315
1387, 36, 287, 101.232, 101.393
1388, 36, 287, 100.859, 101.473
1389, 36, 287, 100.485, 101.551
1390, 36, 286, 100.727, 101.629
1391, 36, 286, 100.522, 101.707
1392, 36, 286, 100.369, 101.796
1393, 36, 285, 101.132, 101.875
1394, 36, 284, 101.896, 101.954
1395, 36, 283, 102.659, 102.032
1396, 36, 282, 103.012, 102.11
1397, 36, 282, 102.527, 102.189
1398, 36, 282, 102.153, 102.266
1399, 36, 282, 101.949, 102.344
1400, 36, 282, 101.796, 102.422
1401, 36, 281, 102.559, 102.5
1402, 36, 281, 102.185, 102.578
1403, 36, 280, 102.538, 102.656
1404, 36, 280, 102.053, 102.735
1405, 36, 280, 101.9, 102.812
1406, 36, 280, 101.696, 102.891
1407, 37, 280, 101.684, 102.972
1408, 37, 280, 101.6, 103.05
1409, 37, 279, 102.363, 103.128
1410, 37, 278, 103.126, 103.206
1411, 37, 277, 103.89, 103.284
1412, 37, 277, 103.516, 103.362
1413, 37, 277, 103.142, 103.44
1414, 37, 277, 102.99, 103.528
1415, 37, 277, 102.837, 103.607
1416, 37, 276, 103.6, 103.685
1417, 37, 275, 103.953, 103.763
1418, 37, 275, 103.468, 103.843
1419, 37, 275, 103.094, 103.921
1420, 37, 275, 102.89, 104.017
1421, 37, 275, 102.737, 104.096
1422, 37, 275, 102.626, 104.175
1423, 37, 274, 103.626, 104.253
1424, 37, 274, 103.211, 104.331
1425, 37, 274, 103.041, 104.409
1426, 37, 273, 102.809, 104.487
1427, 37, 272, 104.157, 104.565
1428, 37, 271, 105.157, 104.643
1429, 37, 271, 104.742, 104.722
1430, 37, 271, 104.572, 104.799
1431, 37, 270, 105.335, 104.878
1432, 37, 269, 106.335, 104.956
1433, 37, 269, 105.92, 105.034
1434, 37, 269, 105.75, 105.12
1435, 37, 268, 106.75, 105.202
1436, 37, 268, 106.335, 105.281
1437, 37, 268, 106.165, 105.372
1438, 37, 267, 106.929, 105.452
1439, 37, 267, 106.555, 105.53
1440, 37, 267, 106.182, 105.608
1441, 37, 267, 106.029, 105.7
1442, 37, 267, 105.876, 105.779
1443, 37, 266, 105.643, 105.858
1444, 37, 265, 106.992, 105.938
1445, 37, 265, 106.507, 106.017
1446, 37, 265, 106.022, 106.095
1447, 37, 265, 105.817, 106.174
1448, 37, 265, 105.733, 106.252
1449, 37, 265, 105.64, 106.33
1450, 37, 265, 105.547, 106.408
1451, 37, 265, 105.463, 106.487
1452, 37, 265, 105.259, 106.565
1453, 37, 264, 106.022, 106.643
1454, 37, 263, 107.022, 106.722
1455, 37, 263, 106.607, 106.8
1456, 37, 263, 106.437, 106.879
1457, 37, 262, 107.2, 106.957
1458, 37, 261, 107.553, 107.034
1459, 37, 261, 107.868, 107.13
1460, 37, 261, 107.29, 107.209
1461, 37, 261, 106.916, 107.287
1462, 37, 261, 106.653, 107.365
1463, 37, 261, 106.5, 107.442
1464, 37, 261, 106.349, 107.52
1465, 37, 260, 106.117, 107.598
1466, 37, 259, 107.465, 107.676
1467, 37, 258, 108.228, 107.753
1468, 37, 257, 108.991, 107.831
1469, 37, 257, 108.618, 107.908
1470, 37, 257, 108.244, 107.986
1471, 37, 257, 108.091, 108.064
1472, 37, 257, 107.938, 108.141
1473, 37, 256, 108.938, 108.219
1474, 37, 256, 108.523, 108.296
1475, 37, 256, 108.353, 108.374
1476, 37, 255, 109.117, 108.468
1477, 37, 255, 109.432, 108.548
1478, 37, 255, 108.854, 108.626
1479, 37, 255, 108.48, 108.705
1480, 37, 255, 108.685, 108.783
1481, 37, 255, 108.381, 108.861
1482, 37, 255, 108.228, 108.941
1483, 37, 255, 108.134, 109.018
1484, 37, 255, 107.954, 109.096
1485, 37, 254, 108.954, 109.174
1486, 37, 254, 108.539, 109.26
1487, 37, 254, 108.369, 109.358
1488, 37, 254, 108.285, 109.446
1489, 37, 253, 109.048, 109.524
1490, 37, 252, 109.811, 109.602
1491, 37, 252, 109.438, 109.683
1492, 37, 252, 109.064, 109.765
1493, 37, 252, 108.911, 109.843
1494, 37, 252, 108.758, 109.921
1495, 37, 251, 109.758, 110.001
1496, 37, 251, 109.343, 110.079
1497, 37, 251, 109.173, 110.156
1498, 37, 251, 109.09, 110.234
1499, 37, 251, 109.006, 110.312
1500, 37, 251, 108.922, 110.39
1501, 37, 251, 108.838, 110.484
1502, 37, 251, 108.465, 110.563
1503, 37, 251, 107.887, 110.641
1504, 37, 250, 108.239, 110.72
1505, 37, 250, 108.554, 110.797
1506, 37, 250, 108.818, 110.877
1507, 37, 250, 108.181, 110.97
1508, 37, 250, 108.07, 111.049
1509, 37, 250, 107.986, 111.127
1510, 37, 249, 108.986, 111.204
1511, 37, 249, 108.571, 111.282
1512, 37, 249, 108.402, 111.359
1513, 37, 248, 109.165, 111.437
1514, 37, 247, 109.928, 111.515
1515, 37, 247, 109.554, 111.594
1516, 37, 247, 109.181, 111.671
1517, 37, 247, 109.028, 111.749
1518, 37, 247, 108.875, 111.836
1519, 37, 247, 108.791, 111.94
1520, 37, 246, 109.554, 112.057
1521, 37, 246, 109.291, 112.144
1522, 37, 246, 108.917, 112.223
1523, 37, 246, 108.766, 112.301
1524, 37, 246, 108.613, 112.378
1525, 37, 245, 109.377, 112.456
1526, 37, 244, 110.14, 112.534
1527, 37, 244, 109.562, 112.621
1528, 37, 244, 109.188, 112.7
1529, 37, 244, 108.925, 112.78
1530, 37, 244, 108.772, 112.857
1531, 37, 243, 109.772, 112.936
1532, 37, 243, 109.357, 113.013
1533, 37, 243, 109.187, 113.091
1534, 37, 243, 109.076, 113.169
1535, 37, 243, 108.983, 113.247
1536, 37, 242, 109.173, 113.325
1537, 37, 242, 109.062, 113.403
1538, 37, 242, 108.969, 113.481
1539, 37, 242, 108.886, 113.559
1540, 37, 242, 108.792, 113.64
1541, 37, 242, 108.682, 113.719
1542, 37, 242, 108.571, 113.799
1543, 37, 242, 108.461, 113.886
1544, 37, 242, 108.087, 113.964
1545, 37, 242, 108.004, 114.041
1546, 37, 242, 107.951, 114.119
1547, 37, 242, 107.798, 114.196
1548, 37, 242, 107.714, 114.273
1549, 37, 242, 107.877, 114.355
1550, 37, 242, 107.793, 114.432
1551, 37, 242, 107.709, 114.509
1552, 37, 242, 107.642, 114.587
1553, 37, 242, 107.589, 114.664
1554, 37, 242, 107.505, 114.741
1555, 37, 242, 107.395, 114.819
1556, 37, 242, 107.302, 114.896
1557, 37, 242, 107.208, 114.975
1558, 37, 242, 107.125, 115.052
1559, 37, 242, 107.032, 115.139
1560, 37, 242, 106.948, 115.216
1561, 37, 242, 106.855, 115.294
1562, 37, 242, 106.744, 115.371
1563, 37, 242, 106.66, 115.45
1564, 37, 242, 106.577, 115.527
1565, 37, 242, 106.493, 115.605
1566, 37, 242, 106.4, 115.682
1567, 37, 242, 106.316, 115.759
1568, 38, 242, 106.306, 115.838
1569, 38, 241, 106.469, 115.916
1570, 38, 241, 106.401, 115.994
1571, 38, 241, 106.291, 116.071
1572, 39, 241, 106.282, 116.167
1573, 39, 241, 106.215, 116.245
1574, 39, 241, 106.162, 116.323
1575, 39, 241, 106.052, 116.401
1576, 39, 241, 105.968, 116.478
1577, 39, 241, 105.884, 116.555
1578, 39, 241, 105.8, 116.633
1579, 39, 241, 105.707, 116.71
1580, 39, 241, 105.623, 116.787
1581, 39, 241, 105.53, 116.864
1582, 39, 241, 105.446, 116.942
1583, 39, 241, 105.363, 117.021
1584, 39, 241, 105.31, 117.098
1585, 39, 241, 105.226, 117.176
1586, 39, 241, 105.142, 117.253
1587, 39, 241, 105.049, 117.33
1588, 39, 241, 104.956, 117.408
1589, 39, 241, 104.903, 117.485
1590, 39, 241, 104.85, 117.562
1591, 39, 241, 104.766, 117.64
1592, 39, 241, 104.699, 117.719
1593, 39, 241, 104.605, 117.797
1594, 39, 241, 104.522, 117.876
1595, 39, 241, 104.371, 117.953
1596, 39, 241, 104.334, 118.031
1597, 39, 241, 104.25, 118.108
1598, 39, 241, 104.157, 118.193
1599, 39, 241, 104.073, 118.27
1600, 39, 240, 104.263, 118.348
1601, 39, 240, 104.152, 118.425
1602, 39, 240, 104.042, 118.512
1603, 39, 240, 103.949, 118.59
1604, 39, 240, 103.838, 118.668
1605, 39, 240, 103.728, 118.746
1606, 39, 240, 103.644, 118.842
1607, 39, 240, 103.551, 118.921
1608, 39, 240, 103.458, 119.001
1609, 39, 240, 103.374, 119.083
1610, 39, 240, 103.29, 119.161
1611, 39, 240, 103.206, 119.238
1612, 39, 240, 103.113, 119.316
1613, 39, 240, 103.03, 119.393
1614, 39, 240, 102.936, 119.471
1615, 39, 240, 102.853, 119.548
1616, 39, 240, 102.769, 119.625
1617, 39, 239, 103.532, 119.703
1618, 39, 239, 103.158, 119.794
1619, 39, 239, 102.785, 119.872
1620, 39, 239, 102.632, 119.95
1621, 39, 239, 102.479, 120.028
1622, 39, 239, 102.369, 120.105
1623, 39, 239, 102.275, 120.183
1624, 39, 239, 102.192, 120.26
1625, 39, 238, 102.381, 120.34
1626, 39, 238, 102.271, 120.426
1627, 39, 238, 102.16, 120.508
1628, 39, 238, 102.077, 120.586
1629, 39, 238, 102.024, 120.663
1630, 39, 238, 101.931, 120.741
1631, 39, 238, 101.778, 120.818
1632, 39, 238, 101.667, 120.896
1633, 39, 238, 101.574, 120.973
1634, 39, 238, 101.463, 121.05
1635, 39, 238, 101.2, 121.128
1636, 39, 238, 101.133, 121.205
1637, 39, 238, 101.049, 121.296
1638, 39, 238, 100.965, 121.374
1639, 39, 237, 100.733, 121.452
1640, 39, 236, 102.081, 121.531
1641, 39, 236, 101.708, 121.608
1642, 39, 236, 101.223, 121.685
1643, 39, 236, 101.07, 121.771
1644, 39, 236, 100.865, 121.852
1645, 39, 236, 100.781, 121.93
1646, 39, 236, 100.671, 122.007
1647, 39, 235, 100.439, 122.087
1648, 39, 235, 100.397, 122.164
1649, 39, 234, 102.102, 122.242
1650, 39, 234, 101.728, 122.32
1651, 39, 234, 101.15, 122.398
1652, 39, 234, 100.997, 122.475
1653, 39, 234, 101.202, 122.553
1654, 39, 234, 101.091, 122.631
1655, 39, 234, 101.008, 122.726
1656, 39, 234, 100.924, 122.805
1657, 39, 234, 100.813, 122.882
1658, 39, 234, 100.729, 122.96
1659, 39, 234, 100.646, 123.056
1660, 39, 234, 100.562, 123.136
1661, 39, 234, 100.478, 123.214
1662, 39, 234, 100.659, 123.292
1663, 39, 234, 100.606, 123.379
1664, 39, 234, 100.522, 123.457
1665, 39, 234, 100.438, 123.535
1666, 39, 234, 100.328, 123.612
1667, 39, 234, 100.244, 123.704
1668, 39, 234, 100.191, 123.782
1669, 39, 234, 100.138, 123.86
1670, 39, 234, 100.054, 123.94
1671, 39, 234, 99.9437, 124.025
1672, 39, 234, 99.8506, 124.103
1673, 39, 234, 99.7668, 124.18
1674, 39, 234, 99.6737, 124.261
1675, 39, 233, 99.8634, 124.339
1676, 39, 233, 99.7529, 124.417
1677, 39, 233, 99.6691, 124.495
1678, 39, 233, 99.5853, 124.573
1679, 39, 233, 99.5015, 124.65
1680, 39, 233, 99.4177, 124.73
1681, 39, 233, 99.2666, 124.808
1682, 39, 233, 99.1561, 124.887
1683, 39, 233, 99.0723, 124.966
1684, 39, 233, 99.1947, 125.046
1685, 39, 233, 99.1581, 125.138
1686, 39, 233, 99.0908, 125.217
1687, 39, 233, 99.007, 125.299
1688, 39, 233, 98.9396, 125.389
1689, 39, 233, 98.8723, 125.469
1690, 39, 233, 98.8134, 125.568
1691, 39, 233, 98.7693, 125.648
1692, 39, 233, 98.7104, 125.728
1693, 39, 233, 98.6738, 125.807
1694, 39, 233, 98.6149, 125.901
1695, 39, 233, 98.5783, 125.981
1696, 39, 233, 98.5195, 126.073
1697, 39, 233, 98.4664, 126.152
1698, 39, 233, 98.4134, 126.23
1699, 39, 233, 98.3604, 126.319
1700, 39, 233, 98.3074, 126.397
1701, 39, 233, 98.2709, 126.475
1702, 39, 233, 98.212, 126.553
1703, 39, 233, 98.1679, 126.633
1704, 39, 233, 98.1005, 126.716
1705, 39, 233, 98.0475, 126.794
1706, 39, 233, 97.674, 126.873
1707, 40, 233, 97.6666, 126.953
1708, 41, 233, 97.6592, 127.033
1709, 41, 233, 97.6227, 127.111
1710, 41, 233, 97.5786, 127.189
1711, 41, 233, 97.542, 127.267
1712, 41, 233, 97.705, 127.345
1713, 41, 233, 97.6212, 127.423
1714, 41, 233, 97.5281, 127.501
1715, 41, 233, 97.4443, 127.579
1716, 41, 233, 97.377, 127.657
1717, 41, 233, 97.2665, 127.735
1718, 41, 233, 97.1827, 127.813
1719, 41, 233, 97.0989, 127.926
1720, 41, 233, 96.9477, 128.026
1721, 41, 233, 96.8639, 128.155
1722, 41, 233, 96.7801, 128.236
1723, 41, 233, 96.6963, 128.315
1724, 41, 233, 96.6032, 128.393
1725, 41, 232, 96.793, 128.487
1726, 41, 232, 96.6825, 128.572
1727, 41, 232, 96.6295, 128.651
1728, 41, 232, 96.5457, 128.729
1729, 41, 232, 96.4619, 128.808
1730, 41, 232, 96.4089, 128.887
1731, 41, 232, 96.3251, 128.966
1732, 41, 232, 96.232, 129.044
1733, 41, 232, 96.0808, 129.124
1734, 41, 232, 96.0278, 129.23
1735, 41, 231, 96.1908, 129.31
1736, 41, 231, 96.1235, 129.389
1737, 41, 231, 96.0397, 129.468
1738, 41, 231, 95.9559, 129.546
1739, 41, 231, 95.8721, 129.625
1740, 41, 231, 95.7883, 129.703
1741, 41, 230, 96.7883, 129.781
1742, 41, 230, 96.3733, 129.861
1743, 41, 230, 96.2034, 129.939
1744, 41, 230, 96.1102, 130.017
1745, 41, 230, 95.9997, 130.096
1746, 41, 229, 96.1628, 130.177
1747, 41, 229, 96.0954, 130.255
1748, 41, 229, 96.0116, 130.334
1749, 41, 229, 95.9278, 130.412
1750, 41, 229, 95.844, 130.49
1751, 41, 229, 95.7602, 130.568
1752, 41, 229, 95.5794, 130.649
1753, 41, 229, 95.4956, 130.727
1754, 41, 229, 95.4118, 130.805
1755, 41, 229, 95.3186, 130.886
1756, 41, 229, 95.2348, 130.965
1757, 41, 229, 95.151, 131.044
1758, 41, 228, 95.3408, 131.149
1759, 41, 228, 95.2303, 131.229
1760, 41, 228, 95.1465, 131.308
1761, 41, 228, 95.0627, 131.387
1762, 41, 228, 94.9789, 131.466
1763, 41, 228, 94.8951, 131.545
1764, 41, 228, 94.802, 131.624
1765, 41, 228, 94.7182, 131.723
1766, 41, 228, 94.6344, 131.812
1767, 41, 228, 94.5413, 131.891
1768, 41, 228, 94.4482, 131.971
1769, 41, 228, 94.3952, 132.058
1770, 41, 228, 94.3422, 132.137
1771, 41, 228, 94.2748, 132.22
1772, 41, 228, 94.2307, 132.299
1773, 41, 228, 94.1634, 132.379
1774, 41, 228, 94.0796, 132.457
1775, 41, 228, 93.9958, 132.536
1776, 41, 228, 93.912, 132.615
1777, 41, 228, 93.859, 132.694
1778, 41, 228, 93.806, 132.792
1779, 41, 228, 93.7222, 132.872
1780, 41, 228, 93.6548, 132.951
1781, 41, 228, 93.5875, 133.03
1782, 41, 228, 93.5037, 133.109
1783, 41, 228, 93.4507, 133.188
1784, 41, 228, 93.3977, 133.267
1785, 41, 228, 93.3139, 133.346
1786, 41, 228, 93.2773, 133.425
1787, 41, 228, 93.3997, 133.504
1788, 41, 228, 93.3467, 133.583
1789, 41, 228, 93.2794, 133.662
1790, 41, 228, 93.212, 133.741
1791, 41, 227, 93.375, 133.82
1792, 41, 227, 93.3077, 133.899
1793, 41, 227, 93.2547, 133.978
1794, 41, 227, 93.1958, 134.059
1795, 41, 227, 93.1428, 134.138
1796, 41, 227, 93.0839, 134.217
1797, 41, 227, 93.025, 134.296
1798, 41, 227, 92.972, 134.375
1799, 41, 227, 92.9131, 134.454
1800, 41, 227, 92.8601, 134.533
1801, 41, 227, 92.8071, 134.612
1802, 41, 227, 92.7233, 134.7
1803, 41, 227, 92.6395, 134.781
1804, 41, 227, 92.5557, 134.866
1805, 41, 227, 92.4359, 134.946
1806, 41, 226, 92.5989, 135.031
1807, 41, 226, 92.5316, 135.124
1808, 41, 226, 92.4786, 135.205
1809, 41, 226, 92.601, 135.285
1810, 41, 226, 92.5336, 135.364
1811, 41, 226, 92.4663, 135.443
1812, 41, 226, 92.4133, 135.522
1813, 41, 226, 92.346, 135.601
1814, 41, 226, 92.2929, 135.681
1815, 41, 226, 92.2341, 135.76
1816, 41, 226, 92.181, 135.839
1817, 41, 226, 92.128, 135.921
1818, 41, 226, 92.0692, 136
1819, 41, 226, 92.0161, 136.079
1820, 41, 226, 91.9323, 136.158
1821, 41, 226, 91.7812, 136.237
1822, 41, 226, 91.6974, 136.316
1823, 41, 226, 91.5445, 136.395
1824, 41, 226, 91.4915, 136.474
1825, 41, 226, 91.4385, 136.571
1826, 41, 226, 91.3796, 136.652
1827, 41, 226, 91.3122, 136.731
1828, 41, 226, 91.2449, 136.811
1829, 41, 226, 91.1775, 136.891
1830, 41, 226, 91.0937, 136.97
1831, 41, 226, 90.9832, 137.049
1832, 41, 226, 90.8727, 137.127
1833, 41, 226, 90.8197, 137.206
1834, 41, 226, 90.7667, 137.285
1835, 41, 226, 90.7137, 137.372
1836, 41, 226, 90.6607, 137.451
1837, 41, 226, 90.6077, 137.529
1838, 41, 226, 90.5239, 137.608
1839, 41, 226, 90.4709, 137.686
1840, 41, 226, 90.318, 137.765
1841, 41, 226, 90.2342, 137.843
1842, 41, 225, 90.4239, 137.923
1843, 41, 225, 90.3134, 138.003
1844, 41, 225, 90.2203, 138.081
1845, 41, 225, 90.1673, 138.159
1846, 41, 225, 90.0568, 138.239
1847, 41, 225, 89.9057, 138.318
1848, 41, 225, 89.8219, 138.396
1849, 41, 225, 89.7381, 138.487
1850, 41, 225, 89.6276, 138.566
1851, 41, 225, 89.5438, 138.645
1852, 41, 225, 89.46, 138.723
1853, 41, 225, 89.407, 138.802
1854, 41, 225, 89.3232, 138.881
1855, 41, 225, 89.2394, 138.959
1856, 41, 224, 89.4291, 139.037
1857, 41, 224, 89.3186, 139.116
1858, 41, 224, 89.282, 139.194
1859, 41, 224, 89.2147, 139.273
1860, 41, 224, 89.1216, 139.351
1861, 41, 223, 89.3113, 139.43
1862, 41, 223, 89.2008, 139.508
1863, 41, 223, 89.1567, 139.587
1864, 41, 223, 89.0894, 139.687
1865, 41, 223, 89.0364, 139.794
1866, 41, 223, 88.9526, 139.886
1867, 41, 223, 88.8688, 139.966
1868, 41, 223, 88.8014, 140.072
1869, 41, 223, 88.7177, 140.175
1870, 41, 223, 88.6646, 140.311
1871, 41, 223, 88.6116, 140.427
1872, 41, 223, 88.5278, 140.576
1873, 41, 223, 88.4748, 140.686
1874, 41, 223, 88.4218, 140.767
1875, 41, 223, 88.3545, 140.846
1876, 41, 223, 88.2956, 140.925
1877, 41, 223, 88.2426, 141.004
1878, 41, 223, 88.1837, 141.082
1879, 41, 223, 88.1307, 141.161
1880, 41, 223, 88.2946, 141.247
1881, 41, 223, 88.2416, 141.327
1882, 41, 223, 88.1742, 141.407
1883, 41, 223, 88.1377, 141.485
1884, 41, 223, 88.0847, 141.564
1885, 41, 222, 88.2477, 141.643
1886, 41, 222, 88.1804, 141.722
1887, 41, 222, 88.1438, 141.819
1888, 41, 222, 88.0908, 141.898
1889, 41, 222, 88.0234, 141.977
1890, 41, 222, 87.9561, 142.055
1891, 41, 222, 87.8887, 142.135
1892, 41, 222, 87.8522, 142.213
1893, 41, 222, 87.8254, 142.308
1894, 41, 222, 87.7581, 142.388
1895, 41, 222, 87.705, 142.467
1896, 41, 222, 87.6377, 142.546
1897, 41, 222, 87.5847, 142.626
1898, 41, 222, 87.5481, 142.727
1899, 41, 222, 87.4643, 142.806
1900, 41, 221, 87.6274, 142.886
1901, 41, 221, 87.56, 142.964
1902, 41, 221, 87.4927, 143.052
1903, 41, 221, 87.4338, 143.132
1904, 41, 220, 87.5968, 143.211
1905, 41, 220, 87.5295, 143.29
1906, 41, 220, 87.4765, 143.369
1907, 41, 220, 87.4091, 143.448
1908, 41, 220, 87.3561, 143.526
1909, 41, 220, 87.3031, 143.605
1910, 41, 220, 87.2358, 143.683
1911, 41, 220, 87.1828, 143.761
1912, 41, 220, 87.1154, 143.84
1913, 41, 220, 87.0624, 143.92
1914, 41, 220, 87.0094, 144
1915, 41, 219, 87.1581, 144.079
1916, 41, 219, 87.2508, 144.158
1917, 41, 219, 86.9169, 144.237
1918, 41, 219, 86.8639, 144.317
1919, 41, 219, 86.8109, 144.396
1920, 41, 219, 86.7579, 144.475
1921, 41, 219, 86.6906, 144.554
1922, 41, 219, 86.6465, 144.634
1923, 41, 219, 86.5935, 144.723
1924, 41, 219, 86.5261, 144.805
1925, 41, 219, 86.4821, 144.885
1926, 41, 219, 86.4147, 144.964
1927, 41, 219, 86.3309, 145.044
1928, 41, 219, 86.272, 145.135
1929, 41, 219, 86.219, 145.223
1930, 41, 219, 86.3414, 145.341
1931, 41, 219, 86.2825, 145.445
1932, 41, 219, 86.2152, 145.526
1933, 41, 219, 86.1622, 145.605
1934, 41, 219, 86.0948, 145.684
1935, 41, 219, 86.0275, 145.764
1936, 41, 219, 85.9745, 145.846
1937, 41, 219, 85.9215, 145.937
1938, 41, 219, 85.8685, 146.016
1939, 41, 219, 85.8155, 146.096
1940, 41, 219, 85.7625, 146.175
1941, 41, 219, 85.6951, 146.258
1942, 41, 219, 85.8175, 146.338
1943, 41, 219, 85.7337, 146.418
1944, 41, 219, 85.6807, 146.497
1945, 41, 219, 85.6277, 146.579
1946, 41, 219, 85.5172, 146.658
1947, 41, 219, 85.4334, 146.737
1948, 41, 219, 85.3229, 146.817
1949, 41, 219, 85.2556, 146.897
1950, 41, 219, 85.1882, 146.994
1951, 41, 219, 85.1352, 147.089
1952, 41, 219, 85.0822, 147.169
1953, 41, 219, 85.0292, 147.247
1954, 41, 219, 84.9454, 147.326
1955, 41, 219, 84.8483, 147.423
1956, 41, 219, 84.7953, 147.523
1957, 41, 219, 84.7022, 147.606
1958, 41, 219, 84.5917, 147.685
1959, 41, 219, 84.5551, 147.764
1960, 41, 219, 84.5021, 147.843
1961, 41, 219, 84.4491, 147.922
1962, 41, 218, 84.6389, 148.001
1963, 41, 218, 84.5284, 148.08
1964, 41, 218, 84.4446, 148.159
1965, 41, 218, 84.3916, 148.238
1966, 41, 218, 84.3386, 148.317
1967, 41, 218, 84.302, 148.396
1968, 41, 218, 84.2049, 148.486
1969, 41, 218, 84.1519, 148.568
1970, 41, 218, 84.0989, 148.647
1971, 41, 218, 84.04, 148.726
1972, 41, 218, 84.0034, 148.819
1973, 41, 218, 83.9445, 148.903
1974, 41, 218, 83.8772, 148.982
1975, 41, 218, 83.8242, 149.062
1976, 41, 218, 83.7876, 149.14
1977, 41, 218, 83.7287, 149.218
1978, 41, 218, 83.6698, 149.296
1979, 41, 218, 83.7624, 149.375
1980, 41, 218, 83.6951, 149.453
1981, 41, 217, 83.8581, 149.532
1982, 41, 217, 83.7908, 149.61
1983, 41, 217, 83.7542, 149.688
1984, 41, 217, 83.6953, 149.768
1985, 41, 217, 83.8177, 149.847
1986, 41, 217, 83.7811, 149.925
1987, 41, 217, 83.7138, 150.003
1988, 41, 217, 83.687, 150.082
1989, 41, 217, 83.6464, 150.161
1990, 41, 217, 83.6196, 150.239
1991, 41, 217, 83.579, 150.317
1992, 41, 217, 83.6716, 150.396
1993, 41, 217, 83.6448, 150.474
1994, 41, 217, 83.6042, 150.554
1995, 41, 217, 83.5636, 150.633
1996, 41, 217, 83.4967, 150.711
1997, 41, 217, 83.4379, 150.793
1998, 41, 217, 83.3848, 150.871
1999, 41, 217, 83.4784, 150.95
2000, 41, 217, 83.571, 151.028
2001, 41, 217, 83.5413, 151.107
2002, 41, 217, 83.5115, 151.185
2003, 41, 217, 83.4489, 151.264
2004, 41, 217, 83.3958, 151.342
2005, 41, 217, 83.3428, 151.42
2006, 41, 217, 83.3063, 151.498
2007, 41, 217, 83.2533, 151.576
2008, 41, 217, 83.2265, 151.654
2009, 41, 217, 83.1676, 151.732
2010, 41, 217, 83.131, 151.818
2011, 41, 217, 83.078, 151.9
2012, 41, 217, 83.0107, 151.98
2013, 41, 217, 82.9433, 152.058
2014, 41, 217, 82.8903, 152.136
2015, 41, 217, 82.8537, 152.214
2016, 41, 217, 82.8097, 152.292
2017, 41, 217, 82.7567, 152.37
2018, 41, 217, 82.7037, 152.447
2019, 41, 217, 82.6363, 152.525
2020, 41, 217, 82.7587, 152.604
2021, 41, 217, 82.7146, 152.681
2022, 41, 217, 82.6616, 152.759
2023, 41, 217, 82.6086, 152.836
2024, 41, 217, 82.5115, 152.916
2025, 41, 217, 82.4709, 152.995
2026, 41, 217, 82.4343, 153.075
2027, 41, 217, 82.3977, 153.153
2028, 41, 217, 82.3709, 153.232
2029, 41, 217, 82.3303, 153.311
2030, 41, 217, 82.4002, 153.389
2031, 41, 217, 82.3637, 153.467
2032, 41, 217, 82.3196, 153.546
2033, 41, 217, 82.2528, 153.625
2034, 41, 217, 82.2162, 153.703
2035, 41, 217, 82.1755, 153.781
2036, 41, 217, 82.139, 153.86
2037, 41, 217, 82.086, 153.938
2038, 41, 217, 82.0186, 154.016
2039, 41, 217, 81.982, 154.102
2040, 41, 217, 81.938, 154.181
2041, 41, 217, 81.9014, 154.259
2042, 41, 217, 81.8809, 154.338
2043, 41, 217, 81.8542, 154.416
2044, 41, 217, 81.8011, 154.494
2045, 41, 217, 81.7343, 154.573
2046, 41, 217, 81.667, 154.652
2047, 41, 217, 81.614, 154.73
2048, 41, 217, 81.561, 154.809
2049, 41, 217, 81.508, 154.895
2050, 41, 217, 81.455, 154.974
2051, 41, 217, 81.4184, 155.055
2052, 41, 217, 81.3818, 155.142
2053, 41, 217, 81.3551, 155.221
2054, 41, 217, 81.311, 155.302
2055, 41, 217, 81.258, 155.381
2056, 41, 217, 81.205, 155.459
2057, 41, 217, 81.1079, 155.553
2058, 41, 217, 81.0638, 155.646
2059, 41, 217, 81.1564, 155.764
2060, 41, 217, 81.1199, 155.861
2061, 41, 217, 81.0758, 155.988
2062, 41, 217, 81.0455, 156.102
2063, 41, 217, 81.009, 156.196
2064, 41, 217, 80.9724, 156.276
2065, 41, 217, 80.9358, 156.355
2066, 41, 217, 80.8828, 156.434
2067, 41, 217, 80.8387, 156.526
2068, 41, 217, 80.8021, 156.607
2069, 41, 217, 80.7581, 156.686
2070, 41, 217, 80.7278, 156.765
2071, 41, 217, 80.6872, 156.844
2072, 41, 217, 80.6506, 156.926
2073, 41, 217, 80.6065, 157.005
2074, 41, 216, 80.7552, 157.084
2075, 41, 216, 80.7111, 157.163
2076, 41, 216, 80.6581, 157.242
2077, 41, 216, 80.5992, 157.321
2078, 41, 216, 80.5462, 157.4
2079, 41, 216, 80.4491, 157.479
2080, 41, 216, 80.3961, 157.567
2081, 41, 216, 80.3431, 157.646
2082, 41, 216, 80.2901, 157.725
2083, 41, 216, 80.2228, 157.804
2084, 41, 216, 80.1862, 157.884
2085, 41, 216, 80.1456, 157.964
2086, 41, 216, 80.257, 158.044
2087, 41, 216, 80.2129, 158.123
2088, 41, 216, 80.1688, 158.203
2089, 41, 216, 80.1158, 158.282
2090, 41, 216, 80.0717, 158.362
2091, 41, 216, 80.0351, 158.456
2092, 41, 215, 80.1838, 158.537
2093, 41, 215, 80.1398, 158.617
2094, 41, 215, 80.0957, 158.704
2095, 41, 215, 80.0591, 158.784
2096, 41, 215, 80.015, 158.863
2097, 41, 215, 79.9477, 158.943
2098, 41, 215, 79.8947, 159.022
2099, 41, 215, 79.7976, 159.102
2100, 41, 215, 79.7446, 159.188
2101, 41, 215, 79.708, 159.267
2102, 41, 215, 79.6242, 159.347
2103, 41, 215, 79.5653, 159.426
2104, 41, 215, 79.498, 159.506
2105, 41, 215, 79.6203, 159.585
2106, 41, 215, 79.5797, 159.666
2107, 41, 215, 79.5431, 159.747
2108, 41, 215, 79.446, 159.827
2109, 41, 215, 79.3871, 159.906
2110, 41, 215, 79.3282, 159.985
2111, 41, 215, 79.2752, 160.064
2112, 41, 215, 79.2222, 160.144
2113, 41, 215, 79.1633, 160.223
2114, 41, 215, 79.1193, 160.302
2115, 41, 214, 79.2823, 160.381
2116, 41, 214, 79.215, 160.46
2117, 41, 214, 79.1619, 160.54
2118, 41, 214, 79.1179, 160.619
2119, 41, 214, 79.0738, 160.699
2120, 41, 213, 79.2225, 160.778
2121, 41, 213, 79.1784, 160.858
2122, 41, 212, 79.3271, 160.939
2123, 41, 212, 79.283, 161.019
2124, 41, 212, 79.2424, 161.124
2125, 41, 212, 79.3538, 161.205
2126, 41, 212, 79.3172, 161.293
2127, 41, 212, 79.1363, 161.374
2128, 41, 212, 79.0774, 161.454
2129, 41, 212, 79.0244, 161.533
2130, 41, 212, 78.9046, 161.612
2131, 41, 211, 79.0533, 161.692
2132, 41, 211, 79.0092, 161.786
2133, 41, 211, 78.9651, 161.871
2134, 41, 211, 78.9062, 161.985
2135, 41, 211, 78.8697, 162.093
2136, 41, 211, 78.8108, 162.174
2137, 41, 211, 78.7519, 162.253
2138, 41, 211, 78.7153, 162.332
2139, 41, 211, 78.6564, 162.412
2140, 41, 211, 78.6123, 162.492
2141, 41, 211, 78.5534, 162.575
2142, 41, 211, 78.5093, 162.66
2143, 41, 211, 78.4504, 162.739
2144, 41, 211, 78.3831, 162.818
2145, 41, 211, 78.3301, 162.898
2146, 41, 211, 78.2771, 162.978
2147, 41, 211, 78.2241, 163.057
2148, 41, 211, 78.1711, 163.136
2149, 41, 211, 78.1037, 163.215
2150, 41, 211, 78.1737, 163.294
2151, 41, 211, 78.1207, 163.391
2152, 41, 211, 78.0939, 163.472
2153, 41, 211, 78.0498, 163.551
2154, 41, 211, 77.9527, 163.63
2155, 41, 211, 77.8997, 163.71
2156, 41, 210, 78.0484, 163.789
2157, 41, 210, 78.0043, 163.874
2158, 41, 210, 77.9637, 163.954
2159, 41, 209, 78.1049, 164.033
2160, 41, 209, 78.0746, 164.112
2161, 41, 209, 78.034, 164.19
2162, 41, 209, 77.9934, 164.27
2163, 41, 209, 77.9666, 164.349
2164, 41, 209, 77.9259, 164.427
2165, 41, 209, 77.8957, 164.505
2166, 41, 209, 77.8551, 164.584
2167, 41, 209, 77.8248, 164.663
2168, 41, 209, 77.7718, 164.741
2169, 41, 209, 77.7451, 164.819
2170, 41, 209, 77.7085, 164.9
2171, 41, 209, 77.6496, 164.98
2172, 41, 209, 77.5966, 165.058
2173, 41, 209, 77.56, 165.15
2174, 41, 209, 77.4629, 165.23
2175, 41, 209, 77.3956, 165.309
2176, 41, 209, 77.3367, 165.387
2177, 41, 209, 77.2693, 165.466
2178, 41, 209, 77.2104, 165.561
2179, 41, 209, 77.1574, 165.64
2180, 41, 209, 77.1134, 165.719
2181, 41, 209, 77.0768, 165.798
2182, 41, 209, 77.0402, 165.876
2183, 41, 209, 76.9872, 165.956
2184, 41, 209, 76.8674, 166.034
2185, 41, 209, 76.7836, 166.113
2186, 41, 209, 76.6998, 166.191
2187, 41, 209, 76.6027, 166.269
2188, 41, 209, 76.5438, 166.348
2189, 41, 209, 76.4908, 166.428
2190, 41, 209, 76.4378, 166.506
2191, 41, 209, 76.3848, 166.584
2192, 41, 209, 76.3259, 166.664
2193, 41, 209, 76.267, 166.742
2194, 41, 209, 76.214, 166.822
2195, 41, 209, 76.161, 166.9
2196, 41, 209, 76.0505, 166.979
2197, 41, 209, 76.2135, 167.057
2198, 41, 209, 76.1605, 167.135
2199, 41, 209, 76.1075, 167.214
2200, 41, 209, 76.0486, 167.292
2201, 41, 209, 75.9956, 167.37
2202, 41, 209, 75.9426, 167.447
2203, 41, 209, 75.7915, 167.526
2204, 41, 209, 75.7326, 167.604
2205, 41, 209, 75.6652, 167.682
2206, 41, 208, 75.8139, 167.761
2207, 41, 208, 75.9066, 167.839
2208, 41, 208, 75.87, 167.918
2209, 42, 208, 75.8626, 168
2210, 42, 208, 75.8185, 168.078
2211, 42, 208, 75.7745, 168.16
2212, 42, 208, 75.7214, 168.245
2213, 42, 208, 75.6684, 168.324
2214, 42, 208, 75.5714, 168.403
2215, 42, 207, 75.7611, 168.495
2216, 42, 207, 75.9241, 168.575
2217, 42, 207, 75.8403, 168.654
2218, 42, 207, 75.7873, 168.732
2219, 42, 207, 75.4832, 168.811
2220, 42, 207, 75.4392, 168.89
2221, 42, 207, 75.3862, 168.968
2222, 43, 207, 75.3797, 169.049
2223, 43, 207, 75.3495, 169.128
2224, 43, 207, 75.2906, 169.207
2225, 43, 207, 75.2233, 169.286
2226, 43, 207, 75.1644, 169.364
2227, 43, 207, 75.1055, 169.446
2228, 43, 207, 75.0525, 169.524
2229, 43, 207, 75.0159, 169.605
2230, 43, 207, 74.957, 169.683
2231, 43, 206, 75.12, 169.772
2232, 43, 206, 75.0527, 169.851
2233, 43, 206, 75.0121, 169.93
2234, 43, 206, 75.1047, 170.009
2235, 43, 206, 75.0779, 170.087
2236, 43, 206, 75.0106, 170.166
2237, 43, 206, 74.9517, 170.245
2238, 43, 206, 74.8928, 170.324
2239, 43, 206, 74.8398, 170.405
2240, 43, 206, 74.8032, 170.501
2241, 43, 205, 74.9662, 170.581
2242, 43, 205, 75.0886, 170.66
2243, 43, 205, 74.9375, 170.738
2244, 43, 205, 74.8845, 170.817
2245, 43, 205, 74.8171, 170.896
2246, 43, 205, 74.7958, 170.978
2247, 43, 205, 74.7753, 171.058
2248, 43, 205, 74.7347, 171.137
2249, 43, 205, 74.6906, 171.218
2250, 43, 205, 74.654, 171.298
2251, 43, 204, 74.8171, 171.378
2252, 43, 204, 74.7497, 171.457
2253, 43, 204, 74.6967, 171.537
2254, 43, 204, 74.6699, 171.643
2255, 43, 204, 74.8041, 171.754
2256, 43, 204, 74.707, 171.866
2257, 43, 204, 74.7996, 171.988
2258, 43, 204, 74.7631, 172.112
2259, 43, 204, 74.7042, 172.205
2260, 43, 204, 74.6601, 172.286
2261, 43, 204, 74.6235, 172.366
2262, 43, 204, 74.5933, 172.446
2263, 43, 204, 74.5265, 172.537
2264, 43, 204, 74.3456, 172.617
2265, 43, 204, 74.3154, 172.697
2266, 43, 204, 74.2788, 172.777
2267, 43, 204, 74.195, 172.857
2268, 43, 204, 74.142, 172.937
2269, 43, 204, 74.1054, 173.017
2270, 43, 204, 74.0083, 173.097
2271, 43, 204, 73.9815, 173.177
2272, 43, 204, 73.9285, 173.257
2273, 43, 204, 73.8314, 173.337
2274, 43, 204, 73.8047, 173.417
2275, 43, 204, 73.7517, 173.496
2276, 43, 204, 73.6849, 173.576
2277, 43, 204, 73.6483, 173.656
2278, 43, 203, 73.797, 173.736
2279, 43, 203, 73.7529, 173.824
2280, 43, 203, 73.6861, 173.916
2281, 43, 203, 73.6014, 173.996
2282, 43, 203, 73.5648, 174.076
2283, 43, 203, 73.5282, 174.177
2284, 43, 203, 73.4916, 174.258
2285, 43, 203, 73.451, 174.337
2286, 43, 203, 73.4069, 174.417
2287, 43, 203, 73.3628, 174.497
2288, 43, 203, 73.3262, 174.577
2289, 43, 203, 73.2856, 174.657
2290, 43, 203, 73.2449, 174.736
2291, 43, 203, 73.2084, 174.816
2292, 43, 203, 73.1677, 174.895
2293, 43, 203, 73.1311, 174.975
2294, 43, 203, 73.1107, 175.055
2295, 43, 203, 73.0741, 175.155
2296, 43, 203, 73.03, 175.238
2297, 43, 203, 72.9935, 175.318
2298, 43, 203, 72.9528, 175.398
2299, 43, 203, 72.926, 175.478
2300, 43, 203, 72.8895, 175.558
2301, 43, 203, 72.8488, 175.637
2302, 43, 203, 72.8122, 175.717
2303, 43, 203, 72.7682, 175.797
2304, 43, 203, 72.7241, 175.876
2305, 43, 203, 72.6875, 175.956
2306, 43, 203, 72.6434, 176.036
2307, 43, 203, 72.5993, 176.117
2308, 43, 203, 72.5627, 176.206
2309, 43, 203, 72.5097, 176.286
2310, 43, 203, 72.4508, 176.366
2311, 43, 203, 72.3978, 176.446
2312, 43, 203, 72.3676, 176.526
2313, 43, 203, 72.4603, 176.606
2314, 43, 203, 72.4196, 176.686
2315, 43, 203, 72.3928, 176.765
2316, 43, 203, 72.3563, 176.845
2317, 43, 203, 72.2725, 176.925
2318, 43, 203, 72.2318, 177.004
2319, 43, 203, 72.1877, 177.102
2320, 43, 203, 72.1512, 177.182
2321, 43, 203, 72.1071, 177.262
2322, 43, 203, 72.063, 177.342
2323, 43, 203, 72.0362, 177.43
2324, 43, 203, 72.0158, 177.51
2325, 43, 203, 71.989, 177.598
2326, 43, 203, 71.936, 177.679
2327, 43, 203, 71.9092, 177.763
2328, 43, 203, 71.8651, 177.843
2329, 43, 203, 71.6615, 177.924
2330, 43, 203, 71.6209, 178.005
2331, 43, 203, 71.5843, 178.085
2332, 43, 203, 71.5477, 178.165
2333, 43, 203, 71.5036, 178.244
2334, 43, 203, 71.4671, 178.323
2335, 43, 203, 71.4305, 178.403
2336, 43, 203, 71.3939, 178.492
2337, 43, 203, 71.3498, 178.588
2338, 43, 203, 71.3132, 178.699
2339, 43, 203, 71.4059, 178.796
2340, 43, 203, 71.3693, 178.875
2341, 43, 203, 71.3391, 178.955
2342, 43, 202, 71.4878, 179.034
2343, 43, 202, 71.4437, 179.113
2344, 43, 202, 71.4071, 179.192
2345, 43, 202, 71.3705, 179.271
2346, 43, 202, 71.3265, 179.35
2347, 43, 202, 71.2997, 179.429
2348, 43, 202, 71.4111, 179.508
2349, 43, 202, 71.3907, 179.587
2350, 43, 202, 71.3639, 179.666
2351, 43, 202, 71.3232, 179.745
2352, 43, 201, 71.4719, 179.825
2353, 43, 201, 71.4279, 179.904
2354, 43, 200, 71.5766, 179.983
2355, 43, 200, 71.5325, 180.062
2356, 43, 200, 71.5022, 180.142
2357, 43, 200, 71.4755, 180.221
2358, 43, 200, 71.4348, 180.3
2359, 43, 200, 71.368, 180.379
2360, 43, 200, 71.3274, 180.459
2361, 43, 200, 71.2908, 180.538
2362, 43, 200, 71.2606, 180.617
2363, 43, 200, 71.2303, 180.696
2364, 43, 200, 71.1938, 180.775
2365, 43, 200, 71.1572, 180.854
2366, 43, 200, 71.0195, 180.933
2367, 43, 200, 70.9927, 181.012
2368, 43, 200, 70.9561, 181.091
2369, 43, 200, 70.9031, 181.17
2370, 43, 200, 70.8501, 181.249
2371, 43, 200, 70.7971, 181.328
2372, 43, 200, 70.7441, 181.406
2373, 43, 200, 70.6911, 181.486
2374, 43, 200, 70.6545, 181.565
2375, 43, 200, 70.6015, 181.644
2376, 43, 200, 70.5485, 181.722
2377, 43, 200, 70.5217, 181.81
2378, 43, 200, 70.4687, 181.901
2379, 43, 200, 70.4157, 181.985
2380, 43, 200, 70.3627, 182.081
2381, 43, 200, 70.3038, 182.161
2382, 43, 200, 70.2449, 182.24
2383, 43, 200, 70.2083, 182.318
2384, 43, 200, 70.1494, 182.397
2385, 43, 200, 70.0964, 182.475
2386, 43, 200, 70.0434, 182.554
2387, 43, 200, 69.9845, 182.632
2388, 43, 200, 69.9172, 182.711
2389, 43, 200, 69.8583, 182.789
2390, 43, 200, 69.791, 182.868
2391, 43, 199, 69.954, 182.953
2392, 43, 199, 69.8867, 183.032
2393, 43, 199, 69.8501, 183.11
2394, 43, 199, 69.8135, 183.189
2395, 43, 199, 69.7605, 183.267
2396, 43, 199, 69.7239, 183.346
2397, 43, 199, 69.665, 183.424
2398, 43, 199, 69.612, 183.503
2399, 43, 199, 69.559, 183.581
2400, 43, 199, 69.506, 183.66
2401, 43, 199, 69.4089, 183.739
2402, 43, 199, 69.3723, 183.817
2403, 43, 198, 69.5354, 183.897
2404, 43, 198, 69.468, 183.977
2405, 43, 198, 69.424, 184.056
2406, 43, 198, 69.3709, 184.135
2407, 43, 198, 69.3036, 184.233
2408, 43, 198, 69.2506, 184.313
2409, 43, 198, 69.1833, 184.392
2410, 43, 198, 69.1303, 184.471
2411, 43, 198, 69.0772, 184.55
2412, 43, 198, 69.0242, 184.628
2413, 43, 198, 68.9712, 184.707
2414, 43, 198, 68.8742, 184.786
2415, 43, 198, 68.8211, 184.865
2416, 43, 198, 68.7909, 184.944
2417, 43, 198, 68.7379, 185.023
2418, 43, 198, 68.7077, 185.113
2419, 43, 198, 68.6711, 185.192
2420, 43, 198, 68.6122, 185.271
2421, 43, 198, 68.5756, 185.35
2422, 43, 198, 68.5391, 185.429
2423, 43, 198, 68.495, 185.509
2424, 43, 198, 68.4584, 185.594
2425, 43, 198, 68.4218, 185.674
2426, 43, 198, 68.4014, 185.754
2427, 43, 198, 68.2484, 185.834
2428, 43, 198, 68.228, 185.931
2429, 43, 198, 68.1914, 186.013
2430, 43, 198, 68.1076, 186.094
2431, 43, 198, 68.0487, 186.173
2432, 43, 198, 68.0046, 186.258
2433, 43, 198, 67.9516, 186.337
2434, 43, 198, 67.9249, 186.417
2435, 43, 198, 67.866, 186.496
2436, 43, 198, 67.8071, 186.576
2437, 43, 198, 67.7803, 186.655
2438, 43, 198, 67.6274, 186.734
2439, 44, 198, 67.6209, 186.816
2440, 45, 198, 67.6145, 186.898
2441, 45, 198, 67.5984, 186.977
2442, 45, 198, 67.5577, 187.059
2443, 45, 198, 67.4904, 187.139
2444, 46, 198, 67.4847, 187.223
2445, 47, 198, 67.4791, 187.305
2446, 47, 198, 67.4523, 187.385
2447, 47, 198, 67.4158, 187.464
2448, 48, 198, 67.4108, 187.546
2449, 49, 198, 67.4058, 187.63
2450, 49, 198, 67.3853, 187.71
2451, 49, 198, 67.3412, 187.789
2452, 49, 198, 67.3046, 187.869
2453, 49, 198, 67.2681, 187.952
2454, 49, 198, 67.2315, 188.032
2455, 49, 198, 67.1908, 188.132
2456, 49, 198, 67.1641, 188.215
2457, 49, 198, 67.1234, 188.295
2458, 49, 198, 67.0967, 188.376
2459, 49, 198, 67.0526, 188.465
2460, 49, 198, 67.0085, 188.547
2461, 49, 198, 66.9644, 188.627
2462, 49, 198, 66.9278, 188.708
2463, 49, 198, 66.8872, 188.789
2464, 49, 198, 66.8604, 188.869
2465, 49, 198, 66.8238, 188.949
2466, 49, 198, 66.7708, 189.03
2467, 49, 198, 66.7178, 189.11
2468, 49, 198, 66.6974, 189.191
2469, 49, 198, 66.6567, 189.271
2470, 49, 198, 66.6161, 189.351
2471, 49, 198, 66.5956, 189.431
2472, 49, 198, 66.5591, 189.511
2473, 49, 198, 66.5184, 189.592
2474, 49, 198, 66.4882, 189.672
2475, 49, 198, 66.4516, 189.752
2476, 49, 198, 66.415, 189.832
2477, 49, 198, 66.3785, 189.913
2478, 49, 198, 66.3419, 189.993
2479, 49, 198, 66.3205, 190.077
2480, 49, 198, 66.2839, 190.157
2481, 49, 198, 66.2537, 190.238
2482, 49, 198, 66.2096, 190.318
2483, 49, 198, 66.173, 190.399
2484, 49, 198, 66.1289, 190.479
2485, 49, 198, 66.0319, 190.56
2486, 49, 198, 65.9953, 190.64
2487, 49, 198, 65.9423, 190.72
2488, 49, 198, 65.9057, 190.8
2489, 49, 198, 65.8691, 190.88
2490, 49, 198, 65.8325, 190.96
2491, 49, 198, 65.796, 191.04
2492, 49, 198, 65.7692, 191.121
2493, 49, 198, 65.8391, 191.201
2494, 49, 198, 65.8123, 191.281
2495, 49, 198, 65.7919, 191.362
2496, 49, 198, 65.7651, 191.451
2497, 49, 198, 65.7383, 191.531
2498, 49, 198, 65.7179, 191.613
2499, 49, 198, 65.6911, 191.694
2500, 49, 198, 65.6505, 191.783
2501, 49, 198, 65.5667, 191.864
2502, 49, 198, 65.5506, 191.944
2503, 49, 198, 65.5881, 192.027
2504, 49, 198, 65.5613, 192.127
2505, 49, 198, 65.5399, 192.208
2506, 49, 198, 65.5185, 192.288
2507, 49, 198, 65.4918, 192.368
2508, 49, 198, 65.465, 192.447
2509, 49, 197, 65.6025, 192.527
2510, 49, 197, 65.5912, 192.616
2511, 49, 197, 65.561, 192.709
2512, 49, 197, 65.5204, 192.79
2513, 49, 197, 65.613, 192.88
2514, 49, 197, 65.5764, 192.961
2515, 49, 197, 65.5467, 193.04
2516, 49, 197, 65.5305, 193.12
2517, 49, 197, 65.5144, 193.2
2518, 49, 197, 65.4778, 193.28
2519, 49, 197, 65.4481, 193.359
2520, 49, 197, 65.4183, 193.439
2521, 49, 197, 65.3818, 193.52
2522, 49, 197, 65.3604, 193.6
2523, 49, 197, 65.3336, 193.68
2524, 49, 197, 65.297, 193.76
2525, 49, 197, 65.2564, 193.842
2526, 49, 197, 65.2157, 193.922
2527, 49, 197, 65.189, 194.002
2528, 49, 197, 65.1483, 194.082
2529, 49, 197, 65.1216, 194.169
2530, 49, 196, 65.2703, 194.249
2531, 49, 196, 65.2262, 194.329
2532, 49, 196, 65.1855, 194.409
2533, 49, 196, 65.149, 194.489
2534, 49, 196, 65.1083, 194.584
2535, 49, 196, 65.1782, 194.679
2536, 49, 196, 65.1417, 194.761
2537, 49, 196, 65.1051, 194.841
2538, 49, 195, 65.2538, 194.923
2539, 49, 195, 65.2097, 195.005
2540, 49, 195, 65.169, 195.084
2541, 49, 195, 65.125, 195.189
2542, 49, 195, 65.0952, 195.301
2543, 49, 195, 65.0748, 195.412
2544, 49, 195, 65.048, 195.5
2545, 49, 195, 65.0114, 195.58
2546, 49, 195, 64.991, 195.66
2547, 49, 195, 64.9642, 195.74
2548, 49, 195, 64.9276, 195.819
2549, 49, 195, 64.8835, 195.899
2550, 49, 195, 64.847, 195.978
2551, 49, 195, 64.8202, 196.057
2552, 49, 195, 64.7934, 196.137
2553, 49, 195, 64.7666, 196.216
2554, 49, 195, 64.7301, 196.296
2555, 49, 195, 64.6453, 196.376
2556, 49, 195, 64.6186, 196.455
2557, 49, 195, 64.582, 196.534
2558, 49, 195, 64.5454, 196.614
2559, 49, 195, 64.5088, 196.694
2560, 49, 195, 64.4821, 196.773
2561, 49, 195, 64.4553, 196.852
2562, 49, 194, 64.593, 196.932
2563, 49, 194, 64.5716, 197.015
2564, 49, 194, 64.5414, 197.095
2565, 49, 194, 64.5048, 197.174
2566, 49, 194, 64.4642, 197.253
2567, 49, 194, 64.3671, 197.332
2568, 49, 194, 64.3082, 197.411
2569, 49, 194, 64.2493, 197.491
2570, 49, 194, 64.1963, 197.571
2571, 49, 194, 64.1295, 197.651
2572, 49, 194, 64.0889, 197.73
2573, 49, 194, 64.0482, 197.808
2574, 49, 194, 64.0116, 197.889
2575, 49, 194, 63.9751, 197.968
2576, 49, 194, 63.9483, 198.049
2577, 49, 194, 63.9076, 198.128
2578, 49, 194, 63.8711, 198.208
2579, 49, 194, 63.8345, 198.296
2580, 49, 193, 63.9832, 198.377
2581, 49, 193, 64.0758, 198.478
2582, 49, 193, 64.0461, 198.559
2583, 49, 193, 64.0193, 198.639
2584, 49, 193, 63.9925, 198.719
2585, 49, 193, 63.9257, 198.798
2586, 49, 193, 63.899, 198.878
2587, 49, 193, 63.8624, 198.958
2588, 49, 193, 63.8183, 199.038
2589, 49, 193, 63.7817, 199.118
2590, 49, 193, 63.7149, 199.198
2591, 49, 193, 63.6847, 199.278
2592, 49, 193, 63.6481, 199.358
2593, 49, 193, 63.6179, 199.438
2594, 49, 193, 63.5511, 199.517
2595, 49, 193, 63.5243, 199.597
2596, 49, 193, 63.4802, 199.677
2597, 49, 193, 63.4361, 199.756
2598, 49, 193, 63.4059, 199.836
2599, 49, 193, 63.4758, 199.916
2600, 49, 193, 63.4554, 199.995
2601, 49, 193, 63.3886, 200.074
2602, 49, 193, 63.352, 200.182
2603, 49, 193, 63.3252, 200.263
2604, 49, 193, 63.2984, 200.343
2605, 49, 193, 63.2619, 200.423
2606, 49, 193, 63.2178, 200.503
2607, 49, 193, 63.1812, 200.583
2608, 49, 193, 63.1446, 200.663
2609, 49, 193, 63.1179, 200.744
2610, 49, 193, 63.0911, 200.825
2611, 49, 193, 63.0545, 200.904
2612, 49, 193, 63.0277, 200.983
2613, 49, 193, 62.9975, 201.063
2614, 49, 193, 62.9761, 201.143
2615, 49, 193, 62.9557, 201.223
2616, 49, 193, 62.9289, 201.302
2617, 49, 193, 62.9021, 201.383
2618, 49, 193, 62.8724, 201.47
2619, 49, 193, 62.8242, 201.559
2620, 49, 193, 62.7945, 201.64
2621, 49, 193, 62.7647, 201.72
2622, 49, 193, 62.7282, 201.809
2623, 49, 192, 62.8659, 201.89
2624, 49, 192, 62.8445, 201.972
2625, 49, 192, 62.8004, 202.053
2626, 49, 192, 62.7563, 202.133
2627, 49, 192, 62.7082, 202.214
2628, 49, 192, 62.6877, 202.295
2629, 49, 192, 62.658, 202.376
2630, 49, 192, 62.6376, 202.456
2631, 49, 192, 62.5935, 202.537
2632, 49, 192, 62.5632, 202.618
2633, 49, 192, 62.5192, 202.699
2634, 49, 192, 62.4826, 202.78
2635, 49, 192, 62.4528, 202.86
2636, 49, 192, 62.4324, 202.941
2637, 49, 192, 62.3845, 203.021
2638, 49, 192, 62.3578, 203.102
2639, 49, 192, 62.3212, 203.183
2640, 49, 192, 62.291, 203.264
2641, 49, 192, 62.2642, 203.345
2642, 49, 192, 62.2374, 203.426
2643, 49, 192, 62.2077, 203.506
2644, 49, 192, 62.1872, 203.588
2645, 49, 192, 62.1575, 203.689
2646, 49, 192, 62.1093, 203.772
2647, 49, 192, 62.0727, 203.866
2648, 49, 192, 62.0362, 203.947
2649, 49, 192, 61.9996, 204.029
2650, 49, 192, 61.9728, 204.112
2651, 49, 192, 61.9426, 204.195
2652, 49, 192, 61.9158, 204.276
2653, 49, 192, 61.889, 204.356
2654, 49, 192, 61.8623, 204.437
2655, 49, 192, 61.8355, 204.518
2656, 49, 192, 61.8053, 204.599
2657, 49, 192, 61.7571, 204.68
2658, 49, 192, 61.7303, 204.761
2659, 49, 192, 61.7006, 204.841
2660, 49, 192, 61.6801, 204.924
2661, 49, 192, 61.6534, 205.005
2662, 49, 192, 61.6266, 205.086
2663, 49, 192, 61.5964, 205.176
2664, 49, 192, 61.575, 205.26
2665, 49, 192, 61.5448, 205.342
2666, 49, 192, 61.518, 205.422
2667, 49, 192, 61.5879, 205.504
2668, 49, 192, 61.5675, 205.584
2669, 49, 192, 61.6374, 205.665
2670, 49, 192, 61.616, 205.747
2671, 49, 192, 61.6859, 205.828
2672, 49, 192, 61.6655, 205.909
2673, 49, 192, 61.6494, 205.99
2674, 49, 192, 61.6196, 206.073
2675, 49, 192, 61.5894, 206.154
2676, 49, 192, 61.5689, 206.234
2677, 49, 192, 61.5528, 206.315
2678, 49, 192, 61.5231, 206.395
2679, 49, 192, 61.4928, 206.475
2680, 49, 192, 61.4701, 206.555
2681, 49, 192, 61.4571, 206.636
2682, 49, 192, 61.4409, 206.716
2683, 49, 192, 61.4112, 206.796
2684, 49, 192, 61.3907, 206.876
2685, 49, 192, 61.364, 206.956
2686, 49, 192, 61.3372, 207.036
2687, 49, 192, 61.3167, 207.119
2688, 49, 192, 61.2963, 207.2
2689, 49, 192, 61.2736, 207.28
2690, 49, 192, 61.2605, 207.367
2691, 49, 192, 61.2444, 207.451
2692, 49, 192, 61.2146, 207.531
2693, 49, 192, 61.1616, 207.613
2694, 50, 192, 61.1572, 207.696
2695, 51, 192, 61.1527, 207.788
2696, 51, 192, 61.1445, 207.868
2697, 51, 192, 61.1004, 207.949
2698, 52, 192, 61.0964, 208.032
2699, 53, 192, 61.0924, 208.117
2700, 53, 192, 61.0793, 208.198
2701, 53, 191, 61.217, 208.278
2702, 53, 191, 61.1957, 208.359
2703, 53, 191, 61.1729, 208.448
2704, 53, 191, 61.1599, 208.529
2705, 53, 191, 61.1331, 208.609
2706, 53, 191, 61.1201, 208.69
2707, 53, 191, 61.0974, 208.77
2708, 53, 191, 61.0769, 208.859
2709, 53, 191, 61.0615, 208.939
2710, 53, 191, 61.041, 209.019
2711, 53, 191, 61.035, 209.099
2712, 53, 191, 61.0195, 209.18
2713, 53, 191, 60.9527, 209.26
2714, 53, 191, 60.9162, 209.34
2715, 53, 190, 61.0648, 209.421
2716, 53, 190, 61.0208, 209.501
2717, 53, 190, 60.954, 209.582
2718, 53, 190, 60.9174, 209.662
2719, 53, 190, 60.8506, 209.743
2720, 53, 190, 60.814, 209.823
2721, 53, 190, 60.7774, 209.903
2722, 53, 190, 60.757, 210.003
2723, 53, 190, 60.7129, 210.085
2724, 53, 190, 60.7828, 210.166
2725, 53, 190, 60.7531, 210.245
2726, 53, 190, 60.7049, 210.325
2727, 53, 190, 60.6835, 210.405
2728, 53, 190, 60.6533, 210.485
2729, 53, 189, 60.802, 210.566
2730, 53, 189, 60.7579, 210.646
2731, 53, 189, 60.7213, 210.726
2732, 53, 189, 60.6946, 210.806
2733, 53, 189, 60.6784, 210.886
2734, 53, 189, 60.6343, 210.981
2735, 53, 189, 60.5862, 211.112
2736, 53, 189, 60.5024, 211.228
2737, 54, 189, 60.4988, 211.375
2738, 55, 189, 60.4952, 211.504
2739, 55, 189, 60.4908, 211.634
2740, 55, 189, 60.4777, 211.755
2741, 55, 189, 60.455, 211.865
2742, 55, 189, 60.4323, 211.98
2743, 55, 189, 60.4055, 212.085
2744, 55, 189, 60.3828, 212.167
2745, 55, 189, 60.3715, 212.247
2746, 55, 188, 60.5083, 212.328
2747, 55, 188, 60.4929, 212.408
2748, 55, 188, 60.4661, 212.488
2749, 55, 188, 60.4364, 212.568
2750, 55, 188, 60.4066, 212.649
2751, 55, 188, 60.3764, 212.729
2752, 55, 188, 60.3467, 212.81
2753, 55, 188, 60.3305, 212.891
2754, 55, 188, 60.3038, 212.971
2755, 55, 187, 60.4449, 213.053
2756, 55, 187, 60.4147, 213.134
2757, 55, 187, 60.3845, 213.215
2758, 55, 187, 60.364, 213.296
2759, 55, 187, 60.3373, 213.379
2760, 55, 187, 60.3075, 213.459
2761, 55, 187, 60.2807, 213.54
2762, 55, 187, 60.2603, 213.621
2763, 55, 187, 60.3538, 213.702
2764, 55, 187, 60.3311, 213.783
2765, 55, 187, 60.3106, 213.863
2766, 55, 187, 60.2879, 213.944
2767, 55, 187, 60.2652, 214.025
2768, 55, 187, 60.2438, 214.106
2769, 55, 187, 60.2136, 214.187
2770, 55, 187, 60.1777, 214.268
2771, 55, 187, 60.1296, 214.35
2772, 55, 187, 60.0993, 214.431
2773, 55, 187, 60.0726, 214.513
2774, 55, 187, 60.0458, 214.594
2775, 55, 187, 60.0304, 214.675
2776, 55, 187, 60.0036, 214.756
2777, 55, 187, 59.9768, 214.837
2778, 55, 187, 59.9554, 214.918
2779, 55, 187, 60.0254, 215.003
2780, 55, 187, 59.9951, 215.087
2781, 55, 187, 59.9797, 215.187
2782, 55, 187, 59.9529, 215.278
2783, 55, 187, 59.9227, 215.361
2784, 55, 187, 59.8746, 215.443
2785, 55, 187, 59.8478, 215.525
2786, 55, 187, 59.8176, 215.607
2787, 55, 187, 59.7971, 215.688
2788, 55, 187, 59.7674, 215.769
2789, 55, 187, 59.7406, 215.879
2790, 55, 187, 59.7047, 215.963
2791, 55, 187, 59.6779, 216.044
2792, 55, 187, 59.6618, 216.126
2793, 55, 187, 59.6505, 216.208
2794, 55, 187, 59.6344, 216.289
2795, 55, 186, 59.7721, 216.371
2796, 55, 186, 59.7508, 216.453
2797, 55, 186, 59.7205, 216.535
2798, 55, 186, 59.684, 216.616
2799, 55, 186, 59.6572, 216.71
2800, 55, 186, 59.6367, 216.792
2801, 55, 186, 59.6065, 216.874
2802, 55, 185, 59.7477, 216.971
2803, 55, 185, 59.7175, 217.055
2804, 55, 185, 59.7874, 217.136
2805, 55, 185, 59.7669, 217.218
2806, 55, 185, 59.7367, 217.3
2807, 55, 185, 59.7099, 217.381
2808, 55, 184, 59.8477, 217.463
2809, 55, 184, 59.8111, 217.545
2810, 55, 184, 59.7814, 217.627
2811, 55, 184, 59.7511, 217.709
2812, 55, 184, 59.7209, 217.791
2813, 55, 184, 59.6541, 217.872
2814, 55, 184, 59.6327, 217.954
2815, 55, 184, 59.6059, 218.054
2816, 55, 184, 59.5433, 218.136
2817, 55, 184, 59.5165, 218.217
2818, 55, 184, 59.4868, 218.298
2819, 55, 183, 59.628, 218.38
2820, 55, 183, 59.5977, 218.471
2821, 55, 183, 59.568, 218.554
2822, 55, 183, 59.5382, 218.636
2823, 55, 183, 59.5115, 218.718
2824, 55, 183, 59.4812, 218.8
2825, 55, 183, 59.4406, 218.883
2826, 55, 182, 59.5893, 218.965
2827, 55, 182, 59.5452, 219.047
2828, 55, 182, 59.6151, 219.129
2829, 55, 182, 59.7086, 219.211
2830, 55, 181, 59.8498, 219.293
2831, 55, 181, 59.8196, 219.375
2832, 55, 180, 59.9826, 219.457
2833, 55, 180, 59.9153, 219.557
2834, 55, 180, 59.8885, 219.64
2835, 55, 180, 59.8617, 219.722
2836, 55, 180, 59.832, 219.817
2837, 55, 180, 59.7838, 219.913
2838, 55, 180, 59.7571, 219.997
2839, 55, 180, 59.7357, 220.081
2840, 55, 180, 59.7055, 220.166
2841, 55, 180, 59.6648, 220.248
2842, 55, 180, 59.6434, 220.329
2843, 55, 180, 59.6167, 220.411
2844, 55, 180, 59.5899, 220.492
2845, 55, 180, 59.5458, 220.576
2846, 55, 180, 59.6742, 220.658
2847, 55, 180, 59.7857, 220.74
2848, 55, 180, 59.7491, 220.821
2849, 55, 180, 59.7286, 220.903
2850, 55, 180, 59.8571, 220.984
2851, 55, 180, 59.7193, 221.067
2852, 55, 179, 59.8605, 221.15
2853, 55, 179, 59.8303, 221.233
2854, 55, 179, 59.7862, 221.317
2855, 56, 179, 59.7806, 221.401
2856, 56, 179, 59.744, 221.484
2857, 56, 179, 59.7033, 221.565
2858, 56, 179, 59.6062, 221.645
2859, 56, 179, 59.5622, 221.729
2860, 56, 179, 59.5354, 221.82
2861, 56, 179, 59.514, 221.903
2862, 56, 179, 59.4838, 221.984
2863, 57, 179, 59.4788, 222.068
2864, 57, 179, 59.452, 222.149
2865, 57, 179, 59.3852, 222.231
2866, 57, 179, 59.3486, 222.311
2867, 57, 179, 59.3189, 222.392
2868, 57, 179, 59.2707, 222.474
2869, 57, 179, 59.2301, 222.555
2870, 57, 179, 59.1894, 222.636
2871, 57, 179, 59.1529, 222.722
2872, 57, 179, 59.1163, 222.805
2873, 58, 179, 59.1118, 222.889
2874, 58, 179, 59.0964, 222.971
2875, 58, 179, 59.0667, 223.059
2876, 58, 179, 58.9998, 223.14
2877, 58, 179, 58.9701, 223.221
2878, 58, 179, 58.9403, 223.302
2879, 58, 179, 58.9136, 223.384
2880, 58, 179, 58.8974, 223.465
2881, 58, 179, 58.8534, 223.556
2882, 58, 179, 58.8403, 223.637
2883, 58, 179, 58.8101, 223.718
2884, 58, 179, 58.7694, 223.8
2885, 58, 179, 58.7288, 223.88
2886, 58, 179, 58.702, 223.961
2887, 58, 179, 58.6352, 224.052
2888, 58, 179, 58.5986, 224.133
2889, 58, 179, 58.5689, 224.214
2890, 58, 179, 58.6209, 224.295
2891, 58, 179, 58.5982, 224.376
2892, 58, 179, 58.5623, 224.457
2893, 58, 179, 58.5326, 224.538
2894, 58, 179, 58.5028, 224.619
2895, 58, 179, 58.4824, 224.7
2896, 58, 179, 58.4619, 224.781
2897, 58, 179, 58.4351, 224.862
2898, 58, 179, 58.4054, 224.943
2899, 58, 179, 58.384, 225.025
2900, 58, 179, 58.3543, 225.123
2901, 58, 179, 58.3338, 225.22
2902, 58, 179, 58.3041, 225.302
2903, 58, 179, 58.2559, 225.383
2904, 58, 179, 58.2291, 225.465
2905, 58, 179, 58.2017, 225.547
2906, 58, 179, 58.179, 225.627
2907, 58, 179, 58.1563, 225.711
2908, 58, 179, 58.1402, 225.792
2909, 58, 179, 58.1099, 225.873
2910, 58, 179, 58.0832, 225.954
2911, 58, 179, 58.067, 226.035
2912, 58, 179, 58.1775, 226.121
2913, 58, 179, 58.0783, 226.203
2914, 58, 179, 58.0302, 226.284
2915, 58, 179, 57.8924, 226.365
2916, 58, 179, 57.872, 226.462
2917, 58, 179, 57.8361, 226.547
2918, 58, 178, 57.9773, 226.628
2919, 58, 178, 57.9471, 226.712
2920, 58, 178, 57.9266, 226.821
2921, 59, 178, 57.9226, 226.949
2922, 59, 178, 57.9113, 227.042
2923, 59, 178, 57.8886, 227.167
2924, 59, 178, 57.8405, 227.26
2925, 59, 178, 57.8178, 227.399
2926, 59, 178, 57.795, 227.501
2927, 59, 178, 57.7746, 227.584
2928, 59, 177, 57.9139, 227.666
2929, 59, 177, 57.8871, 227.748
2930, 59, 177, 57.871, 227.829
2931, 59, 177, 57.9824, 227.911
2932, 59, 177, 57.9597, 227.992
2933, 59, 177, 57.8749, 228.073
2934, 59, 177, 57.8268, 228.155
2935, 59, 177, 57.7971, 228.236
2936, 59, 177, 57.7757, 228.317
2937, 59, 177, 57.7459, 228.398
2938, 59, 177, 57.7157, 228.498
2939, 59, 177, 57.653, 228.596
2940, 59, 177, 57.6228, 228.713
2941, 59, 177, 57.5747, 228.812
2942, 59, 177, 57.5388, 228.894
2943, 59, 177, 57.512, 228.975
2944, 59, 177, 57.4852, 229.058
2945, 59, 177, 57.4585, 229.14
2946, 59, 177, 57.4219, 229.222
2947, 59, 177, 57.4005, 229.304
2948, 59, 177, 57.3564, 229.386
2949, 59, 177, 57.3199, 229.468
2950, 59, 177, 57.2994, 229.55
2951, 59, 177, 57.284, 229.632
2952, 59, 177, 57.2626, 229.717
2953, 59, 177, 57.2, 229.799
2954, 59, 177, 57.1838, 229.881
2955, 59, 177, 57.1684, 229.963
2956, 59, 177, 57.1479, 230.046
2957, 59, 177, 57.1001, 230.129
2958, 59, 177, 57.0796, 230.212
2959, 59, 177, 57.0569, 230.294
2960, 59, 177, 57.0415, 230.376
2961, 59, 177, 57.0188, 230.459
2962, 59, 177, 56.9974, 230.56
2963, 59, 177, 57.0494, 230.643
2964, 59, 177, 57.0016, 230.725
2965, 59, 177, 56.9811, 230.807
2966, 59, 177, 56.9584, 230.889
2967, 59, 177, 56.937, 230.972
2968, 59, 177, 56.9166, 231.055
2969, 59, 177, 56.8952, 231.173
2970, 59, 177, 56.9887, 231.257
2971, 59, 177, 56.9673, 231.34
2972, 59, 177, 56.9469, 231.423
2973, 59, 177, 56.9201, 231.506
2974, 59, 177, 56.9047, 231.588
2975, 59, 177, 56.8744, 231.671
2976, 59, 177, 56.854, 231.778
2977, 59, 177, 56.8335, 231.862
2978, 59, 177, 56.8068, 231.955
2979, 59, 177, 56.784, 232.039
2980, 59, 177, 56.7636, 232.124
2981, 59, 177, 56.7422, 232.207
2982, 59, 177, 56.8121, 232.291
2983, 59, 177, 56.7908, 232.374
2984, 59, 177, 56.7694, 232.458
2985, 59, 177, 56.7489, 232.541
2986, 59, 177, 56.7124, 232.624
2987, 59, 177, 56.6758, 232.707
2988, 59, 177, 56.646, 232.79
2989, 59, 177, 56.6193, 232.875
2990, 59, 177, 56.5525, 232.96
2991, 59, 177, 56.5159, 233.045
2992, 59, 177, 56.4629, 233.128
2993, 59, 177, 56.4099, 233.212
2994, 59, 177, 56.3894, 233.309
2995, 59, 177, 56.4594, 233.394
2996, 59, 177, 56.4389, 233.479
2997, 59, 177, 56.3908, 233.563
2998, 59, 177, 56.364, 233.646
2999, 59, 177, 56.2966, 233.729
