Seed is: 51
Number of samples is: 3000
Simulation name is: Simulation_2TV_10x10.sim
TimeStep, Distraction Rate, Missed States, Model Accuracy, Time (ms)
0, 0, 732, 0, 5e-05
1, 0, 731, 1, 0.064974
2, 0, 731, 0.584963, 0.127964
3, 0, 731, 0.415037, 0.191094
4, 0, 730, 1.17823, 0.253633
5, 0, 729, 1.94143, 0.316523
6, 0, 729, 1.5679, 0.378942
7, 0, 729, 1.19436, 0.441551
8, 0, 729, 1.04143, 0.50381
9, 0, 729, 0.888499, 0.567711
10, 0, 728, 1.8885, 0.638887
11, 0, 728, 1.47346, 0.701236
12, 0, 728, 1.30354, 0.763524
13, 0, 727, 2.06673, 0.825783
14, 0, 726, 3.06673, 0.888372
15, 0, 726, 2.6517, 0.951162
16, 0, 726, 2.48177, 1.01318
17, 0, 725, 2.24958, 1.07604
18, 0, 724, 3.59774, 1.13878
19, 0, 723, 4.36094, 1.20127
20, 0, 723, 3.87597, 1.26385
21, 0, 723, 3.50244, 1.32632
22, 0, 723, 3.2979, 1.38884
23, 0, 723, 3.14497, 1.45118
24, 0, 722, 3.90817, 1.51404
25, 0, 722, 3.53463, 1.57625
26, 0, 722, 3.1611, 1.63882
27, 0, 722, 3.00817, 1.70113
28, 0, 722, 2.85523, 1.76379
29, 0, 722, 2.77144, 1.82649
30, 0, 721, 3.53463, 1.88916
31, 0, 720, 3.30244, 1.9518
32, 0, 719, 4.6506, 2.0148
33, 0, 719, 4.27707, 2.07784
34, 0, 719, 4.5921, 2.14067
35, 0, 719, 4.01403, 2.20343
36, 0, 719, 3.8611, 2.26592
37, 0, 719, 3.59767, 2.32931
38, 0, 718, 4.59767, 2.3917
39, 0, 718, 4.18263, 2.45464
40, 0, 718, 4.0127, 2.51714
41, 0, 717, 3.78051, 2.57956
42, 0, 716, 5.12867, 2.64242
43, 0, 715, 5.89187, 2.70571
44, 0, 714, 6.65507, 2.77021
45, 0, 714, 6.28153, 2.83358
46, 0, 713, 6.6343, 2.89725
47, 0, 713, 6.14934, 2.96074
48, 0, 713, 5.99641, 3.02409
49, 0, 713, 5.79187, 3.09516
50, 0, 712, 6.55507, 3.15975
51, 0, 712, 6.0701, 3.22297
52, 0, 712, 5.69657, 3.28616
53, 0, 712, 5.9185, 3.34959
54, 0, 712, 5.65507, 3.41261
55, 0, 712, 5.50213, 3.47542
56, 0, 712, 5.40902, 3.53841
57, 0, 712, 5.57292, 3.60194
58, 0, 712, 5.48912, 3.66487
59, 0, 711, 6.25232, 3.72813
60, 0, 710, 7.01552, 3.79145
61, 0, 710, 6.64198, 3.85489
62, 0, 709, 6.99475, 3.91866
63, 0, 709, 6.50979, 3.9823
64, 0, 709, 6.35686, 4.04582
65, 0, 709, 6.15232, 4.10945
66, 0, 708, 7.15232, 4.17308
67, 0, 708, 6.73728, 4.23688
68, 0, 708, 6.56736, 4.30032
69, 0, 707, 6.33516, 4.36407
70, 0, 706, 7.68332, 4.42817
71, 0, 705, 8.44652, 4.49167
72, 0, 704, 9.20972, 4.55532
73, 0, 704, 8.83618, 4.61847
74, 0, 704, 8.46265, 4.68206
75, 0, 704, 8.30972, 4.74584
76, 0, 704, 8.15678, 4.80884
77, 0, 703, 8.91998, 4.89158
78, 0, 703, 9.23502, 4.95802
79, 0, 703, 8.65695, 5.02257
80, 0, 703, 8.28341, 5.08788
81, 0, 703, 8.48795, 5.15218
82, 0, 703, 8.18388, 5.21636
83, 0, 703, 8.03095, 5.28673
84, 0, 702, 8.22068, 5.35111
85, 0, 702, 8.11018, 5.41533
86, 0, 701, 8.87338, 5.47969
87, 0, 700, 9.63658, 5.544
88, 0, 700, 9.26304, 5.60824
89, 0, 699, 9.61581, 5.67295
90, 0, 699, 9.13085, 5.73754
91, 0, 699, 8.97792, 5.80162
92, 0, 699, 8.77338, 5.86637
93, 0, 698, 9.77338, 5.93067
94, 0, 698, 9.35834, 5.99463
95, 0, 698, 9.18842, 6.05975
96, 0, 697, 9.95161, 6.1239
97, 0, 696, 10.7148, 6.18813
98, 0, 695, 11.478, 6.25213
99, 0, 695, 11.1045, 6.31629
100, 0, 695, 10.7309, 6.38833
101, 0, 695, 10.578, 6.45303
102, 0, 695, 10.4251, 6.51747
103, 0, 694, 11.1883, 6.58159
104, 0, 694, 10.8147, 6.64695
105, 0, 694, 10.4412, 6.71121
106, 0, 694, 10.2883, 6.77534
107, 0, 694, 10.1353, 6.84076
108, 0, 693, 10.3251, 6.90507
109, 0, 693, 10.2146, 6.9691
110, 0, 692, 10.9778, 7.03597
111, 0, 691, 11.741, 7.1001
112, 0, 691, 11.3674, 7.16406
113, 0, 691, 10.9939, 7.22789
114, 0, 691, 10.841, 7.29196
115, 0, 691, 10.688, 7.35626
116, 0, 690, 11.4512, 7.4206
117, 0, 689, 12.2144, 7.48674
118, 0, 688, 12.9776, 7.55113
119, 0, 687, 13.7408, 7.61554
120, 0, 686, 14.504, 7.67989
121, 0, 685, 15.504, 7.74446
122, 0, 685, 15.089, 7.80865
123, 0, 685, 14.9191, 7.87258
124, 0, 684, 15.6823, 7.93688
125, 0, 684, 15.3087, 8.00134
126, 0, 684, 14.9352, 8.08215
127, 0, 684, 14.7823, 8.14761
128, 0, 684, 14.6293, 8.21217
129, 0, 683, 15.3925, 8.27794
130, 0, 683, 15.019, 8.34554
131, 0, 683, 14.6455, 8.41039
132, 0, 682, 14.8868, 8.48359
133, 0, 682, 15.1087, 8.56473
134, 0, 682, 14.8453, 8.63002
135, 0, 682, 14.6924, 8.69495
136, 0, 681, 15.4556, 8.75949
137, 0, 681, 15.082, 8.8243
138, 0, 681, 14.7085, 8.88876
139, 0, 681, 14.5556, 8.95425
140, 0, 681, 14.4026, 9.0187
141, 0, 680, 15.1658, 9.08351
142, 0, 680, 14.7923, 9.14811
143, 0, 680, 14.4188, 9.21234
144, 0, 680, 14.2658, 9.27774
145, 0, 680, 14.1129, 9.34241
146, 0, 679, 14.8761, 9.40939
147, 0, 678, 14.6439, 9.47405
148, 0, 677, 15.9921, 9.53965
149, 0, 677, 15.6185, 9.60504
150, 0, 677, 15.1336, 9.67015
151, 0, 677, 14.9806, 9.75375
152, 0, 677, 14.7761, 9.82729
153, 0, 676, 15.5393, 9.89273
154, 0, 675, 16.3025, 9.95787
155, 0, 674, 17.0657, 10.023
156, 0, 673, 17.8289, 10.0882
157, 0, 672, 18.5921, 10.1529
158, 0, 671, 19.5921, 10.2181
159, 0, 671, 19.177, 10.2831
160, 0, 671, 19.0071, 10.348
161, 0, 670, 19.7703, 10.4131
162, 0, 670, 19.3968, 10.4786
163, 0, 670, 19.0232, 10.5438
164, 0, 670, 18.8703, 10.6088
165, 0, 669, 19.1116, 10.674
166, 0, 669, 18.9071, 10.7403
167, 0, 668, 19.6703, 10.8057
168, 0, 668, 19.2968, 10.8706
169, 0, 668, 18.9232, 10.9354
170, 0, 668, 18.7703, 11.0002
171, 0, 668, 18.6174, 11.0684
172, 0, 667, 18.3852, 11.1339
173, 0, 666, 19.7333, 11.1993
174, 0, 666, 19.3598, 11.2648
175, 0, 666, 18.8748, 11.3303
176, 0, 666, 18.7219, 11.3956
177, 0, 666, 18.5174, 11.4609
178, 0, 665, 19.2806, 11.5424
179, 0, 665, 18.907, 11.6105
180, 0, 665, 18.5335, 11.6757
181, 0, 665, 18.3806, 11.7407
182, 0, 665, 18.2276, 11.8089
183, 0, 664, 17.9954, 11.8745
184, 0, 663, 19.3436, 11.94
185, 0, 662, 20.1068, 12.0053
186, 0, 662, 19.6218, 12.0739
187, 0, 662, 19.2483, 12.143
188, 0, 662, 19.0438, 12.2094
189, 0, 661, 19.2851, 12.2757
190, 0, 661, 19.0806, 12.3415
191, 0, 660, 19.8438, 12.4076
192, 0, 659, 20.607, 12.4733
193, 0, 658, 20.3748, 12.5389
194, 0, 657, 21.7229, 12.6055
195, 0, 656, 21.4907, 12.6716
196, 0, 655, 22.8389, 12.7379
197, 0, 654, 23.6021, 12.804
198, 0, 653, 24.6021, 12.8702
199, 0, 653, 24.1871, 12.9363
200, 0, 653, 24.0171, 13.0023
201, 0, 652, 24.7803, 13.0801
202, 0, 652, 24.4068, 13.1464
203, 0, 652, 24.0333, 13.2122
204, 0, 652, 23.8803, 13.2783
205, 0, 651, 24.1217, 13.3451
206, 0, 651, 24.3436, 13.4113
207, 0, 651, 24.0802, 13.4778
208, 0, 650, 23.848, 13.5438
209, 0, 649, 25.1961, 13.61
210, 0, 649, 24.7112, 13.6766
211, 0, 649, 24.2262, 13.7429
212, 0, 649, 24.0217, 13.8091
213, 0, 648, 24.7849, 13.8782
214, 0, 647, 24.5527, 13.9453
215, 0, 646, 25.9008, 14.013
216, 0, 645, 26.9008, 14.0789
217, 0, 645, 26.4858, 14.145
218, 0, 645, 26.3159, 14.2108
219, 0, 644, 27.0791, 14.2776
220, 0, 644, 26.5941, 14.3442
221, 0, 643, 26.9469, 14.4241
222, 0, 643, 26.4619, 14.4905
223, 0, 643, 26.2574, 14.5565
224, 0, 643, 26.0528, 14.6242
225, 0, 642, 26.816, 14.6902
226, 0, 641, 27.5792, 14.7566
227, 0, 641, 27.2057, 14.8229
228, 0, 641, 26.8322, 14.8892
229, 0, 641, 26.6792, 14.9559
230, 0, 641, 26.5263, 15.022
231, 0, 640, 27.2895, 15.1063
232, 0, 639, 28.0527, 15.174
233, 0, 638, 29.0527, 15.241
234, 0, 638, 28.6377, 15.3078
235, 0, 638, 28.4677, 15.3742
236, 0, 637, 29.2309, 15.4421
237, 0, 637, 28.8574, 15.5203
238, 0, 636, 29.2102, 15.5872
239, 0, 636, 28.7252, 15.6538
240, 0, 636, 28.5723, 15.72
241, 0, 636, 28.3677, 15.7865
242, 0, 635, 29.1309, 15.8528
243, 0, 634, 29.8941, 15.9194
244, 0, 634, 29.5206, 15.986
245, 0, 634, 29.1471, 16.0528
246, 0, 634, 28.9941, 16.1196
247, 0, 634, 28.8412, 16.1859
248, 0, 633, 29.8412, 16.2526
249, 0, 633, 29.4262, 16.319
250, 0, 633, 29.2562, 16.395
251, 0, 632, 30.0194, 16.4623
252, 0, 632, 29.6459, 16.5293
253, 0, 632, 29.2724, 16.5956
254, 0, 632, 29.1194, 16.6618
255, 0, 632, 28.9665, 16.7284
256, 0, 631, 29.7297, 16.7946
257, 0, 631, 29.3562, 16.863
258, 0, 631, 28.9826, 16.9319
259, 0, 631, 28.8297, 16.9985
260, 0, 631, 28.6768, 17.0662
261, 0, 630, 28.4446, 17.147
262, 0, 629, 29.7927, 17.2146
263, 0, 628, 30.5559, 17.2988
264, 0, 628, 30.871, 17.3666
265, 0, 628, 30.2929, 17.4373
266, 0, 628, 29.9194, 17.5041
267, 0, 628, 29.6559, 17.5708
268, 0, 627, 29.8973, 17.6378
269, 0, 627, 29.6927, 17.7046
270, 0, 627, 29.6089, 17.7736
271, 0, 626, 30.3721, 17.8402
272, 0, 625, 30.1399, 17.9067
273, 0, 624, 31.4881, 17.9736
274, 0, 623, 32.4881, 18.0407
275, 0, 623, 32.0731, 18.1074
276, 0, 623, 31.9031, 18.1744
277, 0, 622, 32.6663, 18.2414
278, 0, 622, 32.1814, 18.3244
279, 0, 622, 31.8078, 18.3921
280, 0, 622, 31.6033, 18.4595
281, 0, 622, 31.4504, 18.5264
282, 0, 621, 32.2136, 18.5954
283, 0, 621, 31.84, 18.6627
284, 0, 621, 31.4665, 18.7296
285, 0, 621, 31.3136, 18.7967
286, 0, 621, 31.1606, 18.8636
287, 0, 620, 31.9238, 18.9306
288, 0, 619, 32.687, 18.9978
289, 0, 619, 32.3135, 19.0649
290, 0, 619, 31.94, 19.1336
291, 0, 619, 31.787, 19.1998
292, 0, 619, 31.6341, 19.2661
293, 0, 618, 31.8238, 19.333
294, 0, 618, 31.7133, 19.3999
295, 0, 618, 31.6202, 19.4665
296, 0, 618, 31.5097, 19.5334
297, 0, 618, 31.4166, 19.6001
298, 0, 618, 31.3235, 19.6666
299, 0, 618, 31.213, 19.7514
300, 0, 618, 31.1292, 19.8186
301, 0, 618, 31.0454, 19.8852
302, 0, 618, 30.9616, 19.9515
303, 0, 618, 30.8778, 20.0178
304, 0, 617, 31.641, 20.0846
305, 0, 616, 32.4042, 20.1513
306, 0, 616, 32.0307, 20.2179
307, 0, 616, 31.6571, 20.2845
308, 0, 616, 31.5042, 20.3513
309, 0, 616, 31.3513, 20.4176
310, 0, 616, 31.2675, 20.4842
311, 0, 615, 32.2675, 20.5507
312, 0, 615, 31.8524, 20.6173
313, 0, 615, 31.6825, 20.6838
314, 0, 615, 31.5894, 20.7505
315, 0, 615, 31.4963, 20.8169
316, 0, 615, 31.4125, 20.8846
317, 0, 614, 31.1803, 20.9516
318, 0, 613, 32.5285, 21.0246
319, 0, 612, 33.2917, 21.0916
320, 0, 612, 32.8067, 21.1613
321, 0, 612, 32.4332, 21.2309
322, 0, 612, 32.2286, 21.3161
323, 0, 612, 32.0757, 21.3835
324, 0, 611, 33.0757, 21.4503
325, 0, 611, 32.6606, 21.5202
326, 0, 611, 32.4907, 21.587
327, 0, 611, 32.4069, 21.6539
328, 0, 611, 32.3539, 21.7328
329, 0, 611, 32.2608, 21.8003
330, 0, 611, 32.1503, 21.8674
331, 0, 611, 32.0665, 21.9342
332, 0, 611, 31.9734, 22.001
333, 0, 611, 31.8629, 22.0703
334, 0, 611, 31.7791, 22.1373
335, 0, 610, 32.5423, 22.2039
336, 0, 609, 33.5423, 22.271
337, 0, 609, 33.1273, 22.3377
338, 0, 609, 32.9573, 22.4048
339, 0, 608, 33.7205, 22.4718
340, 0, 607, 33.4883, 22.5388
341, 0, 606, 34.8365, 22.6212
342, 0, 605, 35.5997, 22.6894
343, 0, 605, 35.1147, 22.7584
344, 0, 604, 35.4675, 22.8259
345, 0, 604, 35.7825, 22.8933
346, 0, 604, 36.046, 22.9606
347, 0, 604, 36.2675, 23.0344
348, 0, 603, 37.0307, 23.1022
349, 0, 602, 37.7939, 23.1723
350, 0, 602, 37.4204, 23.2396
351, 0, 602, 37.0468, 23.3069
352, 0, 602, 36.8939, 23.374
353, 0, 601, 37.1352, 23.4426
354, 0, 601, 36.9307, 23.5102
355, 0, 600, 37.6939, 23.5775
356, 0, 599, 37.4617, 23.6447
357, 0, 599, 37.4202, 23.7121
358, 0, 598, 39.1249, 23.78
359, 0, 597, 39.8881, 23.8472
360, 0, 597, 39.31, 23.9148
361, 0, 596, 39.6628, 23.9827
362, 0, 596, 39.1778, 24.05
363, 0, 596, 38.9144, 24.1178
364, 0, 595, 39.9144, 24.1851
365, 0, 595, 39.4994, 24.2527
366, 0, 595, 39.3294, 24.32
367, 0, 594, 40.0926, 24.3875
368, 0, 594, 39.8881, 24.4551
369, 0, 594, 39.5146, 24.5227
370, 0, 593, 40.2778, 24.5917
371, 0, 592, 41.041, 24.6598
372, 0, 592, 40.6674, 24.7278
373, 0, 592, 40.2939, 24.795
374, 0, 592, 40.141, 24.8629
375, 0, 592, 39.988, 24.9303
376, 0, 591, 40.988, 24.9998
377, 0, 591, 40.573, 25.0672
378, 0, 591, 40.4031, 25.1341
379, 0, 590, 41.1663, 25.2015
380, 0, 589, 41.9295, 25.2689
381, 0, 589, 41.4445, 25.3368
382, 0, 589, 41.071, 25.4041
383, 0, 589, 40.9605, 25.4733
384, 0, 589, 40.5869, 25.541
385, 0, 589, 40.3824, 25.6098
386, 0, 588, 41.1456, 25.6773
387, 0, 588, 40.7721, 25.7449
388, 0, 588, 40.3985, 25.813
389, 0, 588, 40.2456, 25.8806
390, 0, 588, 40.0927, 25.9483
391, 0, 587, 40.8559, 26.0156
392, 0, 586, 41.6191, 26.0835
393, 0, 586, 41.2455, 26.1513
394, 0, 586, 40.872, 26.2193
395, 0, 586, 40.7191, 26.2872
396, 0, 586, 40.5661, 26.3551
397, 0, 586, 40.4823, 26.4309
398, 0, 586, 40.3985, 26.4983
399, 0, 586, 40.3147, 26.5659
400, 0, 585, 41.3147, 26.6334
401, 0, 585, 40.8997, 26.7039
402, 0, 585, 40.7298, 26.7716
403, 0, 585, 40.5786, 26.8396
404, 0, 585, 40.5256, 26.9074
405, 0, 585, 40.4325, 26.9749
406, 0, 585, 40.3487, 27.0428
407, 0, 584, 41.1119, 27.1106
408, 0, 583, 41.8751, 27.1812
409, 0, 582, 41.6429, 27.2491
410, 0, 581, 42.9911, 27.3173
411, 0, 581, 42.6175, 27.3855
412, 0, 581, 42.1326, 27.4539
413, 0, 581, 41.9796, 27.5216
414, 0, 581, 41.7751, 27.5893
415, 0, 580, 42.5383, 27.6574
416, 0, 579, 43.3015, 27.7272
417, 0, 579, 42.928, 27.7953
418, 0, 579, 42.5544, 27.8793
419, 0, 579, 42.4015, 27.9479
420, 0, 579, 42.2486, 28.0161
421, 0, 578, 43.0118, 28.0842
422, 0, 577, 43.775, 28.1524
423, 0, 576, 43.5428, 28.2205
424, 0, 575, 44.8909, 28.2888
425, 0, 575, 44.5174, 28.357
426, 0, 575, 44.0324, 28.4268
427, 0, 575, 43.8795, 28.4967
428, 0, 575, 43.675, 28.565
429, 0, 574, 44.4382, 28.633
430, 0, 573, 45.2014, 28.7009
431, 0, 572, 45.9646, 28.769
432, 0, 572, 45.591, 28.8374
433, 0, 572, 45.2175, 28.9055
434, 0, 572, 45.0646, 28.9783
435, 0, 572, 44.9116, 29.0464
436, 0, 571, 45.9116, 29.1145
437, 0, 571, 45.4966, 29.1821
438, 0, 571, 45.3267, 29.25
439, 0, 570, 46.0899, 29.3179
440, 0, 570, 45.7163, 29.3862
441, 0, 570, 45.3428, 29.4544
442, 0, 569, 45.5841, 29.5226
443, 0, 569, 45.3796, 29.5912
444, 0, 569, 45.2267, 29.6598
445, 0, 568, 45.9899, 29.737
446, 0, 568, 45.6163, 29.8058
447, 0, 567, 45.9691, 29.8742
448, 0, 567, 45.4841, 29.9429
449, 0, 567, 45.3312, 30.0143
450, 0, 567, 45.1267, 30.0827
451, 0, 566, 45.8899, 30.1511
452, 0, 566, 45.5163, 30.2196
453, 0, 566, 45.1428, 30.2876
454, 0, 566, 44.9899, 30.356
455, 0, 566, 44.8369, 30.4247
456, 0, 565, 45.6001, 30.4931
457, 0, 565, 45.2266, 30.5616
458, 0, 564, 45.5794, 30.6304
459, 0, 564, 45.0944, 30.6994
460, 0, 564, 44.9415, 30.7677
461, 0, 564, 44.7369, 30.8362
462, 0, 563, 45.5001, 30.9044
463, 0, 563, 45.1266, 30.9728
464, 0, 563, 44.7531, 31.0427
465, 0, 563, 44.6001, 31.1113
466, 0, 563, 44.4472, 31.1808
467, 0, 562, 45.2104, 31.2498
468, 0, 561, 45.9736, 31.3187
469, 0, 560, 46.7368, 31.3877
470, 0, 560, 46.3632, 31.4568
471, 0, 560, 45.9897, 31.5254
472, 0, 559, 46.2311, 31.5945
473, 0, 559, 46.0265, 31.6633
474, 0, 559, 45.8736, 31.7318
475, 0, 558, 45.6414, 31.8002
476, 0, 557, 46.9896, 31.8694
477, 0, 557, 46.616, 31.938
478, 0, 557, 46.1311, 32.0072
479, 0, 557, 45.9781, 32.0762
480, 0, 557, 46.2001, 32.145
481, 0, 556, 46.9632, 32.2141
482, 0, 555, 47.7264, 32.2832
483, 0, 554, 48.4896, 32.3537
484, 0, 553, 49.2528, 32.4229
485, 0, 552, 50.016, 32.4919
486, 0, 551, 51.016, 32.5611
487, 0, 551, 50.601, 32.6304
488, 0, 551, 50.4311, 32.699
489, 0, 550, 51.1943, 32.7681
490, 0, 550, 50.8207, 32.8371
491, 0, 549, 51.1735, 32.921
492, 0, 549, 50.6885, 32.9909
493, 0, 549, 50.5356, 33.0675
494, 0, 549, 50.3311, 33.1387
495, 0, 548, 51.0943, 33.2084
496, 0, 548, 50.7207, 33.2781
497, 0, 548, 50.3472, 33.3479
498, 0, 548, 50.1943, 33.4177
499, 0, 548, 50.0413, 33.4871
500, 0, 547, 50.8045, 33.5565
501, 0, 547, 50.431, 33.626
502, 0, 547, 50.0575, 33.7112
503, 0, 547, 49.9045, 33.7814
504, 0, 547, 49.7516, 33.8512
505, 0, 546, 50.5148, 33.921
506, 0, 546, 50.1413, 33.9905
507, 0, 546, 49.7677, 34.0599
508, 0, 545, 50.0091, 34.1299
509, 0, 545, 49.8045, 34.2
510, 0, 545, 49.6516, 34.2811
511, 0, 544, 50.4148, 34.3512
512, 0, 543, 51.178, 34.4207
513, 0, 542, 51.5308, 34.4932
514, 0, 542, 51.0458, 34.5631
515, 0, 542, 50.6723, 34.6329
516, 0, 542, 50.4677, 34.7033
517, 0, 542, 50.3148, 34.7731
518, 0, 541, 51.078, 34.8429
519, 0, 541, 50.7045, 34.9128
520, 0, 541, 50.3309, 34.9826
521, 0, 541, 50.178, 35.0525
522, 0, 541, 50.0251, 35.1227
523, 0, 541, 49.9146, 35.1937
524, 0, 540, 50.6778, 35.2626
525, 0, 539, 51.441, 35.334
526, 0, 539, 51.0674, 35.4041
527, 0, 539, 50.6939, 35.4734
528, 0, 539, 50.541, 35.5428
529, 0, 539, 50.388, 35.6125
530, 0, 538, 51.1512, 35.6819
531, 0, 537, 51.9144, 35.7514
532, 0, 536, 51.6822, 35.8211
533, 0, 535, 53.0304, 35.891
534, 0, 535, 52.6569, 35.961
535, 0, 535, 52.1719, 36.0312
536, 0, 535, 52.019, 36.1012
537, 0, 535, 51.8144, 36.1711
538, 0, 534, 52.5776, 36.2407
539, 0, 533, 53.3408, 36.3104
540, 0, 532, 54.104, 36.3886
541, 0, 532, 53.7305, 36.4588
542, 0, 532, 53.3569, 36.5282
543, 0, 532, 53.204, 36.5974
544, 0, 532, 53.0511, 36.6671
545, 0, 531, 53.8143, 36.7368
546, 0, 530, 54.8143, 36.8068
547, 0, 530, 54.3992, 36.8766
548, 0, 530, 54.2293, 36.9481
549, 0, 529, 54.9925, 37.0182
550, 0, 528, 55.9925, 37.0876
551, 0, 528, 55.5775, 37.1597
552, 0, 528, 55.4076, 37.2301
553, 0, 527, 56.1707, 37.3002
554, 0, 526, 57.1707, 37.3702
555, 0, 526, 56.7557, 37.4402
556, 0, 526, 56.5858, 37.5105
557, 0, 525, 57.349, 37.5812
558, 0, 524, 58.349, 37.6529
559, 0, 524, 57.9339, 37.7254
560, 0, 524, 57.764, 37.7957
561, 0, 523, 58.764, 37.866
562, 0, 523, 58.349, 37.9365
563, 0, 523, 58.1791, 38.0225
564, 0, 522, 58.9423, 38.0942
565, 0, 522, 58.5687, 38.1646
566, 0, 522, 58.1952, 38.2351
567, 0, 522, 58.0423, 38.3054
568, 0, 522, 57.8893, 38.3756
569, 0, 521, 58.6525, 38.4457
570, 0, 521, 58.279, 38.5163
571, 0, 521, 57.9055, 38.587
572, 0, 521, 57.7525, 38.6574
573, 0, 521, 57.5996, 38.7278
574, 0, 520, 58.3628, 38.7982
575, 0, 520, 57.9893, 38.8686
576, 0, 520, 57.6157, 38.9393
577, 0, 520, 57.4628, 39.0095
578, 0, 520, 57.3099, 39.0797
579, 0, 519, 58.0731, 39.1505
580, 0, 519, 57.6995, 39.2211
581, 0, 519, 57.326, 39.2935
582, 0, 519, 57.1731, 39.3665
583, 0, 519, 57.0201, 39.437
584, 0, 518, 57.7833, 39.5078
585, 0, 518, 57.4098, 39.5786
586, 0, 518, 57.0362, 39.6493
587, 0, 518, 56.8833, 39.7427
588, 0, 518, 56.7304, 39.8145
589, 0, 517, 57.4936, 39.8853
590, 0, 517, 57.12, 39.956
591, 0, 517, 56.7465, 40.0264
592, 0, 517, 56.5936, 40.0968
593, 0, 517, 56.4406, 40.1675
594, 0, 516, 57.2038, 40.238
595, 0, 515, 57.967, 40.3308
596, 0, 514, 58.7302, 40.418
597, 0, 513, 59.083, 40.5047
598, 0, 513, 58.598, 40.5762
599, 0, 513, 58.2245, 40.6474
600, 0, 513, 58.02, 40.7184
601, 0, 513, 57.867, 40.789
602, 0, 512, 58.6302, 40.86
603, 0, 512, 58.2567, 40.9309
604, 0, 512, 57.8832, 41.0015
605, 0, 512, 57.7302, 41.0721
606, 0, 512, 57.5773, 41.1426
607, 0, 512, 57.4935, 41.2136
608, 0, 511, 58.2567, 41.2843
609, 0, 510, 59.0199, 41.3567
610, 0, 510, 58.6464, 41.4274
611, 0, 510, 58.2728, 41.4983
612, 0, 510, 58.1199, 41.5693
613, 0, 510, 57.967, 41.64
614, 0, 509, 58.7302, 41.7115
615, 0, 508, 59.4934, 41.7834
616, 0, 507, 60.2566, 41.8577
617, 0, 507, 59.883, 41.9286
618, 0, 507, 59.5095, 41.9998
619, 0, 507, 59.3566, 42.0709
620, 0, 507, 59.2036, 42.1418
621, 0, 506, 60.2036, 42.2132
622, 0, 506, 59.7886, 42.2844
623, 0, 506, 59.6187, 42.3554
624, 0, 505, 60.3819, 42.4269
625, 0, 505, 60.0083, 42.5023
626, 0, 505, 59.6348, 42.5735
627, 0, 505, 59.4819, 42.6448
628, 0, 505, 59.3289, 42.7158
629, 0, 504, 60.0921, 42.8028
630, 0, 503, 60.8553, 42.8751
631, 0, 502, 61.6185, 42.9467
632, 0, 502, 61.245, 43.0185
633, 0, 502, 60.8715, 43.0975
634, 0, 502, 60.7185, 43.1705
635, 0, 502, 60.5656, 43.2433
636, 0, 501, 61.3288, 43.3153
637, 0, 501, 60.9553, 43.3862
638, 0, 501, 60.5817, 43.4573
639, 0, 500, 60.8231, 43.5299
640, 0, 500, 60.6185, 43.6017
641, 0, 500, 60.4656, 43.6728
642, 0, 500, 60.3551, 43.7434
643, 0, 499, 61.1183, 43.8149
644, 0, 498, 61.8815, 43.8864
645, 0, 497, 62.6447, 43.9577
646, 0, 496, 63.4079, 44.029
647, 0, 495, 64.1711, 44.1004
648, 0, 494, 64.9343, 44.172
649, 0, 493, 65.6975, 44.2429
650, 0, 492, 66.6975, 44.3143
651, 0, 492, 66.2824, 44.3857
652, 0, 492, 66.1125, 44.4572
653, 0, 491, 66.8757, 44.5284
654, 0, 491, 66.5022, 44.5997
655, 0, 491, 66.1286, 44.671
656, 0, 491, 65.9757, 44.7421
657, 0, 491, 65.8228, 44.8128
658, 0, 490, 66.586, 44.8843
659, 0, 490, 66.2124, 44.9554
660, 0, 490, 65.8389, 45.0261
661, 0, 490, 65.686, 45.0984
662, 0, 490, 65.533, 45.189
663, 0, 489, 66.2962, 45.2615
664, 0, 489, 65.9227, 45.3328
665, 0, 489, 65.5492, 45.4039
666, 0, 489, 65.3962, 45.4748
667, 0, 489, 65.2433, 45.5456
668, 0, 488, 65.0111, 45.6169
669, 0, 487, 66.3593, 45.6887
670, 0, 486, 66.712, 45.76
671, 0, 486, 66.2271, 45.8322
672, 0, 486, 65.7421, 45.9036
673, 0, 486, 65.5376, 45.9747
674, 0, 486, 65.333, 46.0492
675, 0, 485, 66.0962, 46.1205
676, 0, 485, 65.7227, 46.1918
677, 0, 485, 65.3492, 46.2634
678, 0, 485, 65.1962, 46.3346
679, 0, 485, 65.0433, 46.4159
680, 0, 484, 65.8065, 46.4877
681, 0, 484, 65.433, 46.5593
682, 0, 484, 65.0594, 46.6312
683, 0, 484, 64.9065, 46.7025
684, 0, 484, 64.7536, 46.7744
685, 0, 483, 65.5168, 46.8462
686, 0, 482, 66.28, 46.9185
687, 0, 482, 65.9064, 46.9898
688, 0, 481, 66.2592, 47.062
689, 0, 481, 65.7742, 47.1356
690, 0, 481, 65.6213, 47.208
691, 0, 481, 65.4168, 47.2809
692, 0, 480, 66.18, 47.3531
693, 0, 479, 66.5327, 47.4267
694, 0, 479, 66.0478, 47.5014
695, 0, 479, 65.6742, 47.5756
696, 0, 479, 65.4697, 47.6494
697, 0, 479, 65.3168, 47.7215
698, 0, 479, 65.2063, 47.7938
699, 0, 478, 65.9695, 47.8662
700, 0, 477, 65.7373, 47.9384
701, 0, 476, 67.0854, 48.011
702, 0, 475, 67.8486, 48.0832
703, 0, 474, 68.6118, 48.1769
704, 0, 473, 69.375, 48.2503
705, 0, 472, 70.1382, 48.3229
706, 0, 471, 70.9014, 48.3954
707, 0, 470, 71.9014, 48.468
708, 0, 470, 71.4864, 48.5407
709, 0, 470, 71.3165, 48.6129
710, 0, 469, 72.0797, 48.6852
711, 0, 469, 71.7061, 48.7576
712, 0, 469, 71.3326, 48.8299
713, 0, 469, 71.1797, 48.902
714, 0, 469, 71.0267, 48.9742
715, 0, 468, 71.7899, 49.0466
716, 0, 467, 72.1427, 49.1191
717, 0, 467, 71.6577, 49.2
718, 0, 467, 71.2842, 49.2727
719, 0, 467, 71.0797, 49.3452
720, 0, 467, 70.9267, 49.4189
721, 0, 466, 71.6899, 49.4915
722, 0, 466, 71.3164, 49.5641
723, 0, 466, 70.9428, 49.6369
724, 0, 466, 70.7899, 49.7156
725, 0, 466, 70.637, 49.7903
726, 0, 465, 71.4002, 49.863
727, 0, 465, 71.0266, 49.936
728, 0, 465, 70.6531, 50.0085
729, 0, 465, 70.5002, 50.0807
730, 0, 465, 70.3472, 50.1551
731, 0, 464, 71.1104, 50.2275
732, 0, 463, 71.4632, 50.3
733, 0, 463, 70.9783, 50.373
734, 0, 463, 70.6047, 50.4464
735, 0, 463, 70.4002, 50.5192
736, 0, 463, 70.2472, 50.5918
737, 0, 462, 71.0104, 50.6658
738, 0, 462, 70.5255, 50.7392
739, 0, 462, 70.1519, 50.8283
740, 0, 462, 69.9474, 50.9021
741, 0, 462, 69.7945, 50.9752
742, 0, 461, 69.5623, 51.0483
743, 0, 460, 70.9104, 51.1212
744, 0, 459, 70.6783, 51.1937
745, 0, 458, 72.0264, 51.2693
746, 0, 458, 71.5414, 51.3421
747, 0, 458, 71.0565, 51.4147
748, 0, 458, 70.8519, 51.4903
749, 0, 457, 71.6151, 51.5639
750, 0, 456, 72.3783, 51.6378
751, 0, 456, 72.0048, 51.7111
752, 0, 456, 71.6313, 51.7858
753, 0, 456, 71.4783, 51.8589
754, 0, 456, 71.3254, 51.932
755, 0, 455, 72.0886, 52.0051
756, 0, 454, 72.8518, 52.0781
757, 0, 453, 73.615, 52.1511
758, 0, 453, 73.2415, 52.2241
759, 0, 453, 72.8679, 52.308
760, 0, 453, 72.715, 52.3816
761, 0, 453, 72.5621, 52.4548
762, 0, 452, 73.3253, 52.5281
763, 0, 451, 74.0885, 52.6066
764, 0, 450, 74.8517, 52.6799
765, 0, 450, 74.4781, 52.7532
766, 0, 450, 74.1046, 52.8265
767, 0, 450, 73.9517, 52.8997
768, 0, 450, 73.7987, 52.9744
769, 0, 449, 74.5619, 53.0559
770, 0, 448, 75.3251, 53.1301
771, 0, 447, 75.0929, 53.2051
772, 0, 446, 76.4411, 53.2783
773, 0, 446, 76.0676, 53.3515
774, 0, 446, 75.5826, 53.4241
775, 0, 446, 75.4297, 53.4969
776, 0, 446, 75.2251, 53.5697
777, 0, 445, 75.9883, 53.6425
778, 0, 444, 76.7515, 53.7161
779, 0, 443, 77.5147, 53.7889
780, 0, 443, 77.1412, 53.8618
781, 0, 443, 76.7676, 53.9351
782, 0, 442, 77.009, 54.0087
783, 0, 442, 76.8045, 54.0822
784, 0, 442, 76.6515, 54.1568
785, 0, 441, 77.6515, 54.2304
786, 0, 441, 77.2365, 54.3038
787, 0, 441, 77.0666, 54.3775
788, 0, 440, 77.8298, 54.4513
789, 0, 439, 78.1825, 54.5248
790, 0, 439, 77.6976, 54.5982
791, 0, 439, 77.324, 54.6716
792, 0, 439, 77.1195, 54.7454
793, 0, 438, 77.3608, 54.8192
794, 0, 438, 77.1563, 54.8929
795, 0, 437, 77.9195, 54.9664
796, 0, 437, 77.546, 55.0399
797, 0, 437, 77.1724, 55.1152
798, 0, 437, 77.0195, 55.1899
799, 0, 437, 76.8666, 55.2713
800, 0, 436, 77.6298, 55.3446
801, 0, 436, 77.2562, 55.418
802, 0, 436, 76.8827, 55.4911
803, 0, 436, 76.7298, 55.565
804, 0, 436, 76.5768, 55.6378
805, 0, 435, 77.34, 55.7112
806, 0, 435, 76.9665, 55.7856
807, 0, 435, 76.593, 55.8605
808, 0, 435, 76.44, 55.9339
809, 0, 435, 76.2871, 56.017
810, 0, 434, 77.2871, 56.0972
811, 0, 434, 76.872, 56.1707
812, 0, 434, 76.7021, 56.244
813, 0, 434, 76.6183, 56.3173
814, 0, 433, 77.3815, 56.3986
815, 0, 432, 78.1447, 56.4724
816, 0, 432, 77.7712, 56.546
817, 0, 432, 77.3977, 56.6195
818, 0, 432, 77.2447, 56.6929
819, 0, 431, 77.4861, 56.7664
820, 0, 431, 77.2815, 56.8399
821, 0, 430, 78.0447, 56.9129
822, 0, 429, 78.8079, 56.9881
823, 0, 428, 79.5711, 57.0616
824, 0, 428, 79.1976, 57.135
825, 0, 428, 78.824, 57.209
826, 0, 428, 78.6711, 57.2828
827, 0, 428, 78.5182, 57.3719
828, 0, 427, 79.2814, 57.4489
829, 0, 426, 80.0446, 57.5226
830, 0, 425, 80.8078, 57.5962
831, 0, 425, 80.4342, 57.6724
832, 0, 425, 80.0607, 57.7615
833, 0, 425, 79.9078, 57.836
834, 0, 425, 79.7548, 57.9095
835, 0, 424, 80.518, 57.9846
836, 0, 423, 81.2812, 58.0707
837, 0, 422, 82.0444, 58.1452
838, 0, 421, 82.3972, 58.2201
839, 0, 421, 81.9122, 58.2943
840, 0, 421, 81.5387, 58.3681
841, 0, 421, 81.3342, 58.4421
842, 0, 420, 81.5755, 58.5159
843, 0, 420, 81.371, 58.5902
844, 0, 419, 82.1342, 58.664
845, 0, 418, 82.8974, 58.7376
846, 0, 417, 83.6606, 58.8114
847, 0, 417, 83.287, 58.8852
848, 0, 417, 82.9135, 58.9592
849, 0, 417, 82.7606, 59.0408
850, 0, 417, 82.6076, 59.1146
851, 0, 416, 83.6076, 59.1885
852, 0, 416, 83.1926, 59.2636
853, 0, 416, 83.0227, 59.3375
854, 0, 415, 83.7859, 59.4111
855, 0, 415, 83.4123, 59.4847
856, 0, 415, 83.0388, 59.5585
857, 0, 415, 82.8859, 59.6327
858, 0, 415, 82.7329, 59.714
859, 0, 414, 83.4961, 59.7902
860, 0, 414, 83.1226, 59.8644
861, 0, 414, 82.7491, 59.9385
862, 0, 414, 82.5961, 60.0142
863, 0, 414, 82.4432, 60.0879
864, 0, 413, 83.2064, 60.1621
865, 0, 413, 82.8329, 60.2518
866, 0, 413, 82.4593, 60.3266
867, 0, 413, 82.3064, 60.4001
868, 0, 413, 82.1535, 60.4756
869, 0, 412, 82.9167, 60.5498
870, 0, 412, 82.5431, 60.6234
871, 0, 412, 82.1696, 60.6972
872, 0, 411, 82.4109, 60.7712
873, 0, 411, 82.2064, 60.8475
874, 0, 411, 82.0535, 60.9217
875, 0, 410, 83.0535, 60.9955
876, 0, 410, 82.6384, 61.0695
877, 0, 410, 82.4685, 61.1433
878, 0, 410, 82.358, 61.2172
879, 0, 410, 82.2742, 61.2913
880, 0, 409, 83.2742, 61.381
881, 0, 409, 82.8592, 61.456
882, 0, 409, 82.6892, 61.5313
883, 0, 408, 83.4524, 61.6055
884, 0, 407, 84.4524, 61.6795
885, 0, 407, 84.0374, 61.7533
886, 0, 407, 83.8675, 61.8338
887, 0, 406, 84.6307, 61.9078
888, 0, 405, 85.6307, 61.982
889, 0, 405, 85.2156, 62.0559
890, 0, 405, 85.0457, 62.1301
891, 0, 404, 85.8089, 62.2043
892, 0, 403, 86.8089, 62.2875
893, 0, 403, 86.3939, 62.372
894, 0, 403, 86.2239, 62.4464
895, 0, 402, 87.2239, 62.5204
896, 0, 402, 86.8089, 62.5947
897, 0, 402, 86.639, 62.6689
898, 0, 401, 87.4022, 62.7429
899, 0, 401, 87.0286, 62.8167
900, 0, 401, 86.6551, 62.891
901, 0, 401, 86.5022, 62.9652
902, 0, 400, 86.7435, 63.0643
903, 0, 400, 86.539, 63.1406
904, 0, 399, 87.3022, 63.2149
905, 0, 399, 86.9286, 63.2891
906, 0, 399, 86.5551, 63.3641
907, 0, 399, 86.4022, 63.4382
908, 0, 398, 86.6435, 63.5131
909, 0, 398, 86.439, 63.5884
910, 0, 397, 87.2022, 63.6629
911, 0, 397, 86.8286, 63.7371
912, 0, 396, 87.1814, 63.8116
913, 0, 396, 86.6964, 63.8859
914, 0, 396, 86.5435, 63.9605
915, 0, 396, 86.339, 64.0352
916, 0, 395, 87.1022, 64.1131
917, 0, 394, 88.1022, 64.1897
918, 0, 394, 87.6871, 64.2645
919, 0, 394, 87.5172, 64.339
920, 0, 393, 88.2804, 64.4137
921, 0, 393, 87.9069, 64.4881
922, 0, 393, 87.5333, 64.5625
923, 0, 393, 87.3804, 64.6369
924, 0, 393, 87.2275, 64.7113
925, 0, 393, 87.1437, 64.7861
926, 0, 393, 87.0599, 64.8608
927, 0, 393, 86.9761, 64.9352
928, 0, 393, 86.883, 65.0097
929, 0, 393, 86.7899, 65.0847
930, 0, 393, 86.6794, 65.1616
931, 0, 393, 86.5863, 65.2363
932, 0, 393, 86.4758, 65.3107
933, 0, 393, 86.3653, 65.3851
934, 0, 393, 86.2548, 65.4596
935, 0, 393, 86.1616, 65.5504
936, 0, 393, 86.0511, 65.6261
937, 0, 393, 85.9674, 65.7006
938, 0, 392, 86.9674, 65.7751
939, 0, 392, 86.5523, 65.85
940, 0, 392, 86.3824, 65.9249
941, 0, 392, 86.2893, 65.9991
942, 0, 392, 86.1962, 66.0739
943, 0, 392, 86.0857, 66.1487
944, 0, 392, 86.0019, 66.2238
945, 0, 392, 85.9181, 66.2983
946, 0, 392, 85.825, 66.3804
947, 0, 392, 85.7412, 66.4563
948, 0, 392, 85.6574, 66.531
949, 0, 392, 85.5736, 66.6057
950, 0, 392, 85.4898, 66.6803
951, 0, 392, 85.406, 66.755
952, 0, 392, 85.3222, 66.8298
953, 0, 392, 85.2384, 66.9132
954, 0, 392, 85.1546, 66.9873
955, 0, 392, 85.0615, 67.0617
956, 0, 392, 84.9777, 67.1362
957, 0, 392, 84.8672, 67.2106
958, 0, 392, 84.7834, 67.3023
959, 0, 392, 84.6996, 67.378
960, 0, 392, 84.6158, 67.4526
961, 0, 392, 84.532, 67.5273
962, 0, 392, 84.4482, 67.6019
963, 0, 392, 84.3644, 67.6766
964, 0, 391, 84.5541, 67.7514
965, 0, 391, 84.4436, 67.8276
966, 0, 391, 84.3598, 67.9022
967, 0, 391, 84.2667, 67.9786
968, 0, 391, 84.1829, 68.0532
969, 0, 391, 84.0991, 68.1283
970, 0, 391, 84.0153, 68.2025
971, 0, 391, 83.9315, 68.2769
972, 0, 391, 83.821, 68.3516
973, 0, 391, 83.7279, 68.4264
974, 0, 391, 83.6174, 68.5011
975, 0, 391, 83.5336, 68.5759
976, 0, 391, 83.4231, 68.6508
977, 0, 391, 83.3393, 68.7254
978, 0, 391, 83.2555, 68.8013
979, 0, 391, 83.1717, 68.8776
980, 0, 390, 83.3614, 68.9523
981, 0, 390, 83.2509, 69.0275
982, 0, 390, 83.1671, 69.1022
983, 0, 389, 83.3569, 69.1768
984, 0, 389, 83.2464, 69.2529
985, 0, 389, 83.4094, 69.3271
986, 0, 389, 83.3256, 69.4012
987, 0, 389, 83.1211, 69.4755
988, 0, 388, 83.8843, 69.5493
989, 0, 388, 83.5107, 69.6233
990, 0, 388, 83.1372, 69.7053
991, 0, 387, 83.3786, 69.7805
992, 0, 387, 83.174, 69.8546
993, 0, 387, 83.0211, 69.9285
994, 0, 387, 82.9373, 70.0025
995, 0, 387, 82.8843, 70.0767
996, 0, 386, 83.0473, 70.151
997, 0, 386, 82.98, 70.227
998, 0, 386, 82.927, 70.3016
999, 0, 386, 82.8432, 70.3763
1000, 0, 386, 82.7594, 70.4512
1001, 0, 386, 82.6756, 70.5262
1002, 0, 386, 82.5825, 70.6009
1003, 0, 386, 82.4987, 70.6751
1004, 0, 386, 82.4149, 70.7497
1005, 0, 386, 82.3311, 70.8242
1006, 0, 385, 82.5208, 70.8996
1007, 0, 385, 82.4103, 70.9831
1008, 0, 385, 82.3265, 71.0581
1009, 0, 384, 83.0897, 71.1327
1010, 0, 383, 83.8529, 71.2073
1011, 0, 383, 83.4794, 71.282
1012, 0, 382, 83.8321, 71.3571
1013, 0, 382, 83.3472, 71.4318
1014, 0, 382, 83.1942, 71.5064
1015, 0, 382, 82.9897, 71.5814
1016, 0, 381, 83.7529, 71.6561
1017, 0, 380, 84.7529, 71.731
1018, 0, 380, 84.3379, 71.8056
1019, 0, 380, 84.1679, 71.8798
1020, 0, 379, 84.9311, 71.9544
1021, 0, 378, 85.6943, 72.0293
1022, 0, 378, 85.3208, 72.104
1023, 0, 378, 84.9473, 72.2055
1024, 0, 378, 84.7943, 72.282
1025, 0, 378, 84.6414, 72.3618
1026, 0, 377, 84.4092, 72.4382
1027, 0, 376, 85.7574, 72.5137
1028, 0, 375, 86.7574, 72.5892
1029, 0, 375, 86.3423, 72.6651
1030, 0, 375, 86.1724, 72.7409
1031, 0, 374, 86.9356, 72.8166
1032, 0, 373, 87.6988, 72.8922
1033, 0, 373, 87.3253, 72.9674
1034, 0, 373, 86.9517, 73.0513
1035, 0, 372, 87.1931, 73.1277
1036, 0, 372, 86.9885, 73.2034
1037, 0, 372, 86.8356, 73.2788
1038, 0, 371, 87.5988, 73.3545
1039, 0, 370, 88.5988, 73.4302
1040, 0, 370, 88.1838, 73.5057
1041, 0, 370, 88.0138, 73.5845
1042, 0, 369, 88.777, 73.6604
1043, 0, 368, 89.5402, 73.7364
1044, 0, 368, 89.1667, 73.8122
1045, 0, 368, 88.7932, 73.8881
1046, 0, 368, 88.6402, 73.9641
1047, 0, 368, 88.4873, 74.0403
1048, 0, 367, 89.2505, 74.1164
1049, 0, 366, 90.2505, 74.194
1050, 0, 366, 89.8355, 74.2704
1051, 0, 366, 89.6655, 74.3469
1052, 0, 365, 90.4287, 74.4239
1053, 0, 364, 90.1965, 74.5008
1054, 0, 364, 90.155, 74.5771
1055, 0, 364, 90.138, 74.6531
1056, 0, 363, 90.9012, 74.7292
1057, 0, 362, 91.6644, 74.8055
1058, 0, 362, 91.2909, 74.882
1059, 0, 362, 90.9174, 74.9582
1060, 0, 362, 90.7644, 75.0348
1061, 0, 362, 90.6115, 75.1113
1062, 0, 361, 91.6115, 75.1914
1063, 0, 361, 91.1965, 75.2681
1064, 0, 361, 91.0265, 75.3446
1065, 0, 360, 91.7897, 75.4209
1066, 0, 359, 92.5529, 75.4977
1067, 1, 358, 93.5529, 75.5745
1068, 2, 358, 93.1379, 75.6512
1069, 3, 358, 92.968, 75.7296
1070, 4, 358, 92.8749, 75.8071
1071, 5, 358, 92.816, 75.9
1072, 6, 358, 92.7753, 75.9873
1073, 7, 358, 92.7456, 76.0652
1074, 8, 358, 92.7229, 76.1432
1075, 9, 358, 92.7049, 76.2213
1076, 10, 358, 92.6904, 76.2994
1077, 10, 357, 93.4536, 76.3845
1078, 10, 356, 94.2168, 76.4618
1079, 10, 356, 93.8433, 76.5386
1080, 10, 356, 93.4698, 76.6153
1081, 10, 356, 93.3168, 76.6921
1082, 10, 356, 93.1639, 76.7795
1083, 10, 355, 93.9271, 76.8567
1084, 10, 354, 94.6903, 76.934
1085, 10, 353, 95.4535, 77.0107
1086, 10, 353, 95.08, 77.0966
1087, 10, 353, 94.7064, 77.1737
1088, 10, 353, 94.5535, 77.2509
1089, 10, 353, 94.4006, 77.3279
1090, 10, 352, 95.4006, 77.4049
1091, 10, 352, 94.9855, 77.4835
1092, 10, 352, 94.8156, 77.5605
1093, 10, 351, 95.5788, 77.6376
1094, 10, 351, 95.2053, 77.7143
1095, 10, 351, 94.8317, 77.7915
1096, 10, 351, 94.6788, 77.8685
1097, 10, 351, 94.5259, 77.9458
1098, 10, 350, 95.2891, 78.0231
1099, 10, 349, 96.0523, 78.1006
1100, 10, 348, 96.8155, 78.1806
1101, 10, 348, 96.4419, 78.2591
1102, 10, 348, 96.0684, 78.3356
1103, 10, 348, 95.9155, 78.4124
1104, 10, 348, 95.7625, 78.4893
1105, 10, 347, 96.5257, 78.566
1106, 10, 346, 97.2889, 78.643
1107, 10, 346, 96.9154, 78.7226
1108, 10, 346, 96.5418, 78.8014
1109, 10, 346, 96.3889, 78.8799
1110, 10, 346, 96.236, 78.9563
1111, 10, 345, 96.9992, 79.0326
1112, 10, 345, 96.6256, 79.1089
1113, 10, 344, 96.9784, 79.1857
1114, 10, 344, 96.4935, 79.2622
1115, 10, 343, 96.7348, 79.3391
1116, 10, 343, 96.5303, 79.416
1117, 10, 343, 96.3257, 79.4928
1118, 11, 343, 96.3137, 79.5791
1119, 11, 343, 96.2032, 79.656
1120, 11, 342, 96.9664, 79.7407
1121, 11, 341, 97.7296, 79.8176
1122, 11, 340, 98.4928, 79.8946
1123, 11, 340, 98.1193, 79.9715
1124, 11, 340, 97.7458, 80.0485
1125, 11, 340, 97.5928, 80.1249
1126, 11, 340, 97.4399, 80.2015
1127, 11, 339, 98.2031, 80.2793
1128, 11, 338, 98.9663, 80.3558
1129, 11, 338, 98.5928, 80.4325
1130, 11, 338, 98.2192, 80.5087
1131, 11, 338, 98.0663, 80.5852
1132, 11, 337, 98.3076, 80.6617
1133, 11, 337, 98.1031, 80.7439
1134, 11, 336, 98.8663, 80.8202
1135, 11, 336, 98.4928, 80.8965
1136, 11, 336, 98.1192, 80.9727
1137, 11, 336, 97.9663, 81.0494
1138, 11, 336, 97.8134, 81.1256
1139, 11, 336, 97.7296, 81.2033
1140, 11, 335, 98.4928, 81.2813
1141, 11, 335, 98.1192, 81.3571
1142, 11, 335, 98.0354, 81.4327
1143, 11, 334, 99.0354, 81.5084
1144, 11, 334, 98.6204, 81.5845
1145, 11, 334, 98.4505, 81.6598
1146, 11, 333, 99.2137, 81.7356
1147, 11, 332, 100.214, 81.811
1148, 11, 332, 99.7986, 81.8865
1149, 11, 332, 99.6287, 81.9645
1150, 11, 331, 100.629, 82.0404
1151, 11, 331, 100.214, 82.1172
1152, 11, 331, 100.044, 82.193
1153, 11, 330, 100.807, 82.2687
1154, 11, 330, 100.433, 82.3446
1155, 11, 330, 100.06, 82.4205
1156, 11, 330, 99.9069, 82.4961
1157, 11, 330, 99.754, 82.572
1158, 11, 329, 100.517, 82.6477
1159, 11, 328, 101.517, 82.7235
1160, 11, 328, 101.102, 82.7991
1161, 11, 328, 100.932, 82.8746
1162, 11, 327, 101.695, 82.9518
1163, 11, 327, 101.322, 83.0274
1164, 11, 327, 100.948, 83.1126
1165, 11, 327, 100.795, 83.1884
1166, 11, 327, 100.643, 83.2643
1167, 11, 327, 100.559, 83.3399
1168, 11, 327, 100.466, 83.4174
1169, 11, 327, 100.372, 83.4931
1170, 11, 327, 100.289, 83.5688
1171, 11, 327, 100.205, 83.6443
1172, 11, 327, 100.121, 83.72
1173, 11, 327, 100.037, 83.7959
1174, 11, 326, 100.8, 83.8721
1175, 11, 325, 101.8, 83.9478
1176, 11, 325, 101.385, 84.0236
1177, 11, 325, 101.216, 84.1025
1178, 11, 324, 101.979, 84.1781
1179, 11, 324, 101.605, 84.2563
1180, 11, 324, 101.232, 84.3326
1181, 11, 324, 101.079, 84.409
1182, 11, 324, 100.926, 84.4853
1183, 11, 324, 100.842, 84.5618
1184, 11, 323, 100.61, 84.6381
1185, 11, 322, 101.958, 84.7146
1186, 11, 321, 102.721, 84.7913
1187, 11, 320, 103.484, 84.8678
1188, 11, 319, 104.248, 84.9443
1189, 11, 319, 103.874, 85.0214
1190, 11, 318, 104.227, 85.1088
1191, 11, 318, 103.742, 85.1868
1192, 11, 318, 103.589, 85.2628
1193, 11, 318, 103.384, 85.3394
1194, 11, 317, 104.148, 85.4155
1195, 11, 317, 103.774, 85.4919
1196, 11, 317, 103.4, 85.5682
1197, 11, 317, 103.248, 85.6443
1198, 11, 317, 103.095, 85.7205
1199, 11, 316, 104.095, 85.797
1200, 11, 316, 103.68, 85.8729
1201, 11, 316, 103.51, 85.9493
1202, 11, 315, 104.273, 86.0328
1203, 11, 315, 103.788, 86.1091
1204, 11, 315, 103.414, 86.1854
1205, 11, 315, 103.21, 86.2634
1206, 11, 315, 103.057, 86.3422
1207, 11, 315, 102.964, 86.4274
1208, 11, 315, 102.853, 86.5045
1209, 11, 314, 103.853, 86.5816
1210, 11, 314, 103.438, 86.6581
1211, 11, 314, 103.268, 86.7348
1212, 11, 314, 103.185, 86.8117
1213, 11, 313, 103.948, 86.891
1214, 11, 312, 104.711, 86.9692
1215, 11, 312, 104.337, 87.046
1216, 11, 312, 103.964, 87.1227
1217, 11, 312, 103.811, 87.2164
1218, 11, 312, 103.658, 87.2941
1219, 11, 311, 104.658, 87.374
1220, 11, 311, 104.243, 87.4508
1221, 11, 311, 104.073, 87.5279
1222, 11, 311, 103.989, 87.6051
1223, 11, 310, 104.752, 87.682
1224, 11, 309, 105.516, 87.7589
1225, 11, 309, 105.142, 87.8359
1226, 11, 308, 105.905, 87.9128
1227, 11, 308, 105.532, 87.9895
1228, 11, 308, 105.158, 88.0664
1229, 11, 308, 105.005, 88.1477
1230, 11, 308, 104.852, 88.2264
1231, 11, 308, 104.769, 88.3035
1232, 11, 308, 104.675, 88.3808
1233, 11, 308, 104.592, 88.4582
1234, 11, 308, 104.508, 88.5355
1235, 11, 307, 105.271, 88.6129
1236, 11, 306, 106.034, 88.6899
1237, 11, 306, 105.661, 88.7672
1238, 11, 306, 105.287, 88.8445
1239, 11, 305, 105.529, 88.9373
1240, 11, 305, 105.324, 89.0162
1241, 11, 304, 105.565, 89.0941
1242, 11, 304, 105.361, 89.1719
1243, 11, 304, 105.25, 89.2495
1244, 11, 304, 105.14, 89.3276
1245, 11, 303, 105.903, 89.4075
1246, 11, 303, 105.529, 89.487
1247, 11, 303, 105.156, 89.5645
1248, 11, 303, 105.003, 89.657
1249, 11, 303, 104.85, 89.7443
1250, 11, 302, 105.85, 89.8228
1251, 11, 302, 105.435, 89.9018
1252, 11, 302, 105.265, 89.9795
1253, 11, 302, 105.181, 90.0572
1254, 11, 302, 105.114, 90.1348
1255, 11, 302, 104.961, 90.214
1256, 11, 302, 104.587, 90.2924
1257, 11, 302, 104.504, 90.3712
1258, 11, 302, 104.351, 90.4501
1259, 11, 302, 104.267, 90.528
1260, 11, 302, 103.893, 90.6063
1261, 11, 302, 103.52, 90.6852
1262, 11, 302, 103.146, 90.7631
1263, 11, 301, 105.131, 90.8412
1264, 11, 300, 106.131, 90.923
1265, 11, 300, 105.716, 91.0163
1266, 11, 300, 105.547, 91.0949
1267, 11, 299, 105.314, 91.1756
1268, 11, 298, 106.662, 91.2559
1269, 11, 298, 106.51, 91.3338
1270, 11, 298, 106.025, 91.4114
1271, 11, 297, 106.214, 91.49
1272, 11, 297, 106.377, 91.5681
1273, 11, 296, 107.141, 91.6457
1274, 11, 296, 106.988, 91.7236
1275, 11, 296, 106.614, 91.8031
1276, 11, 296, 106.53, 91.8811
1277, 11, 296, 106.377, 91.9591
1278, 11, 295, 107.141, 92.0371
1279, 11, 295, 106.656, 92.1151
1280, 11, 295, 106.282, 92.1933
1281, 11, 295, 106.078, 92.2737
1282, 11, 295, 105.925, 92.3622
1283, 11, 294, 106.688, 92.4404
1284, 11, 293, 107.041, 92.5186
1285, 11, 293, 106.556, 92.5969
1286, 11, 293, 106.182, 92.6748
1287, 11, 293, 105.978, 92.7529
1288, 11, 293, 105.825, 92.8323
1289, 11, 292, 106.825, 92.9105
1290, 11, 292, 106.41, 92.9901
1291, 11, 292, 106.24, 93.0786
1292, 11, 292, 106.403, 93.173
1293, 11, 292, 106.319, 93.2655
1294, 11, 292, 106.226, 93.3444
1295, 11, 292, 106.115, 93.4221
1296, 11, 292, 106.022, 93.4998
1297, 11, 292, 105.938, 93.5777
1298, 11, 292, 105.855, 93.6557
1299, 11, 292, 105.771, 93.7334
1300, 11, 292, 105.687, 93.8116
1301, 11, 292, 105.603, 93.8896
1302, 11, 292, 105.51, 93.9676
1303, 11, 292, 105.417, 94.0459
1304, 11, 292, 105.333, 94.1238
1305, 11, 292, 105.249, 94.2018
1306, 11, 292, 105.166, 94.2796
1307, 11, 292, 105.072, 94.3579
1308, 11, 292, 104.989, 94.4359
1309, 11, 292, 104.896, 94.5138
1310, 11, 292, 104.812, 94.5939
1311, 11, 292, 104.728, 94.6714
1312, 11, 292, 104.617, 94.7496
1313, 11, 292, 104.524, 94.8275
1314, 11, 292, 104.441, 94.9059
1315, 11, 292, 104.067, 94.9837
1316, 11, 292, 103.983, 95.0616
1317, 11, 292, 103.899, 95.1393
1318, 11, 292, 103.789, 95.2178
1319, 11, 292, 103.678, 95.2968
1320, 11, 292, 103.001, 95.3744
1321, 11, 292, 102.933, 95.4519
1322, 11, 292, 102.6, 95.5302
1323, 11, 291, 103.363, 95.6076
1324, 11, 291, 102.989, 95.6846
1325, 11, 291, 102.616, 95.7625
1326, 11, 291, 102.463, 95.84
1327, 11, 291, 102.31, 95.9208
1328, 11, 291, 102.226, 96.0062
1329, 11, 290, 102.989, 96.0838
1330, 11, 290, 102.836, 96.1612
1331, 11, 290, 102.463, 96.2386
1332, 11, 290, 102.379, 96.3174
1333, 11, 289, 102.569, 96.4053
1334, 11, 289, 102.458, 96.4828
1335, 11, 289, 102.254, 96.5603
1336, 11, 289, 102.17, 96.6395
1337, 11, 289, 102.117, 96.7167
1338, 11, 289, 102.024, 96.7935
1339, 11, 289, 101.971, 96.8708
1340, 11, 289, 101.887, 96.9476
1341, 11, 289, 101.776, 97.0257
1342, 11, 289, 101.693, 97.1027
1343, 11, 289, 101.609, 97.1799
1344, 11, 289, 101.516, 97.2569
1345, 11, 289, 101.432, 97.3336
1346, 11, 289, 101.348, 97.4102
1347, 11, 289, 101.264, 97.4881
1348, 11, 289, 101.154, 97.5664
1349, 11, 289, 101.07, 97.6442
1350, 11, 289, 100.986, 97.7211
1351, 11, 289, 100.902, 97.7982
1352, 11, 289, 100.819, 97.8754
1353, 11, 288, 101.582, 97.9759
1354, 11, 287, 102.345, 98.0542
1355, 11, 287, 101.972, 98.1353
1356, 11, 286, 102.324, 98.2142
1357, 11, 286, 101.839, 98.2915
1358, 11, 286, 101.686, 98.3686
1359, 11, 286, 101.482, 98.4474
1360, 11, 286, 101.371, 98.5251
1361, 11, 286, 101.288, 98.6022
1362, 11, 286, 101.204, 98.7042
1363, 11, 285, 101.967, 98.7896
1364, 11, 284, 101.735, 98.8673
1365, 11, 283, 103.083, 98.9449
1366, 11, 283, 102.709, 99.0222
1367, 11, 283, 102.224, 99.0999
1368, 11, 283, 102.072, 99.1771
1369, 11, 283, 101.867, 99.2558
1370, 11, 283, 101.783, 99.3333
1371, 11, 282, 102.546, 99.4097
1372, 11, 281, 103.31, 99.4861
1373, 11, 280, 103.662, 99.5629
1374, 11, 280, 103.177, 99.6398
1375, 11, 280, 102.804, 99.7253
1376, 11, 280, 103.026, 99.8026
1377, 11, 280, 103.23, 99.8799
1378, 11, 279, 103.994, 99.9564
1379, 11, 278, 104.757, 100.033
1380, 11, 278, 104.383, 100.111
1381, 11, 278, 104.01, 100.188
1382, 11, 278, 103.857, 100.264
1383, 11, 277, 104.098, 100.341
1384, 11, 277, 103.894, 100.419
1385, 11, 276, 104.083, 100.497
1386, 11, 276, 103.973, 100.576
1387, 11, 275, 104.973, 100.653
1388, 11, 275, 104.558, 100.73
1389, 11, 275, 104.388, 100.806
1390, 11, 275, 104.304, 100.884
1391, 11, 274, 105.067, 100.961
1392, 11, 273, 105.83, 101.037
1393, 11, 272, 106.594, 101.114
1394, 11, 271, 107.357, 101.191
1395, 11, 271, 106.983, 101.27
1396, 11, 271, 106.61, 101.347
1397, 11, 270, 106.851, 101.424
1398, 11, 270, 107.073, 101.504
1399, 11, 270, 106.81, 101.582
1400, 11, 270, 106.657, 101.659
1401, 11, 269, 107.42, 101.737
1402, 11, 269, 107.046, 101.814
1403, 11, 269, 106.673, 101.892
1404, 11, 269, 106.52, 101.969
1405, 11, 269, 106.367, 102.046
1406, 11, 268, 107.13, 102.124
1407, 11, 268, 106.757, 102.202
1408, 11, 268, 106.383, 102.279
1409, 11, 268, 106.23, 102.357
1410, 11, 267, 106.471, 102.453
1411, 11, 267, 106.267, 102.532
1412, 11, 266, 107.267, 102.61
1413, 11, 266, 106.852, 102.687
1414, 11, 266, 106.682, 102.764
1415, 11, 266, 106.598, 102.842
1416, 11, 265, 107.361, 102.919
1417, 11, 264, 108.125, 102.997
1418, 11, 263, 108.888, 103.081
1419, 11, 262, 109.651, 103.159
1420, 11, 262, 109.277, 103.237
1421, 11, 262, 108.904, 103.323
1422, 11, 262, 108.751, 103.401
1423, 11, 262, 108.598, 103.478
1424, 11, 261, 109.361, 103.558
1425, 11, 260, 109.714, 103.636
1426, 11, 260, 109.229, 103.715
1427, 11, 260, 108.855, 103.793
1428, 11, 260, 108.651, 103.871
1429, 11, 259, 108.892, 103.949
1430, 11, 259, 108.688, 104.027
1431, 11, 258, 109.451, 104.105
1432, 11, 258, 109.077, 104.184
1433, 11, 258, 108.704, 104.264
1434, 11, 258, 108.551, 104.361
1435, 11, 257, 108.792, 104.441
1436, 11, 257, 108.588, 104.519
1437, 11, 256, 109.588, 104.598
1438, 11, 256, 109.173, 104.677
1439, 11, 256, 109.003, 104.756
1440, 11, 256, 108.892, 104.837
1441, 11, 255, 109.655, 104.916
1442, 12, 254, 110.655, 104.995
1443, 13, 254, 110.24, 105.075
1444, 14, 254, 110.07, 105.154
1445, 15, 254, 109.977, 105.233
1446, 16, 254, 109.918, 105.313
1447, 17, 254, 109.878, 105.392
1448, 18, 254, 109.848, 105.472
1449, 19, 254, 109.825, 105.551
1450, 20, 254, 109.807, 105.632
1451, 21, 254, 109.793, 105.712
1452, 22, 253, 110.793, 105.791
1453, 23, 253, 110.378, 105.87
1454, 24, 253, 110.208, 105.949
1455, 25, 253, 110.115, 106.029
1456, 26, 253, 110.056, 106.107
1457, 27, 253, 110.015, 106.187
1458, 28, 253, 109.986, 106.266
1459, 29, 253, 109.963, 106.346
1460, 30, 253, 109.945, 106.435
1461, 31, 253, 109.93, 106.516
1462, 32, 253, 109.918, 106.596
1463, 33, 253, 109.907, 106.676
1464, 33, 253, 109.823, 106.754
1465, 33, 252, 110.586, 106.833
1466, 33, 251, 111.349, 106.911
1467, 33, 250, 112.112, 106.99
1468, 33, 250, 111.739, 107.069
1469, 33, 250, 111.365, 107.148
1470, 33, 250, 111.212, 107.228
1471, 33, 249, 111.454, 107.307
1472, 33, 249, 111.249, 107.386
1473, 33, 248, 112.012, 107.464
1474, 33, 248, 111.639, 107.56
1475, 33, 248, 111.265, 107.64
1476, 33, 248, 111.112, 107.719
1477, 33, 247, 111.354, 107.798
1478, 33, 247, 111.149, 107.876
1479, 33, 246, 111.912, 107.967
1480, 33, 245, 112.676, 108.046
1481, 33, 245, 112.302, 108.125
1482, 33, 245, 111.928, 108.205
1483, 33, 244, 112.17, 108.284
1484, 33, 244, 112.392, 108.366
1485, 33, 244, 112.128, 108.445
1486, 33, 244, 111.975, 108.526
1487, 33, 244, 111.892, 108.606
1488, 33, 244, 111.808, 108.685
1489, 33, 244, 111.715, 108.764
1490, 33, 244, 111.604, 108.843
1491, 33, 243, 111.372, 108.922
1492, 33, 242, 112.72, 109.001
1493, 33, 241, 113.483, 109.081
1494, 33, 241, 112.998, 109.163
1495, 33, 241, 112.625, 109.243
1496, 33, 241, 112.847, 109.322
1497, 33, 241, 112.583, 109.402
1498, 33, 241, 112.43, 109.482
1499, 33, 241, 112.347, 109.562
1500, 33, 241, 112.263, 109.641
1501, 33, 241, 112.179, 109.73
1502, 33, 241, 112.095, 109.809
1503, 33, 241, 111.942, 109.888
1504, 33, 241, 111.638, 109.967
1505, 33, 241, 111.528, 110.046
1506, 33, 241, 111.444, 110.126
1507, 33, 241, 111.333, 110.205
1508, 33, 241, 111.25, 110.284
1509, 33, 240, 111.439, 110.363
1510, 33, 240, 111.329, 110.443
1511, 33, 239, 112.092, 110.521
1512, 34, 239, 112.082, 110.602
1513, 35, 239, 112.072, 110.684
1514, 35, 239, 111.988, 110.763
1515, 35, 239, 111.878, 110.842
1516, 35, 239, 111.794, 110.941
1517, 35, 239, 111.683, 111.023
1518, 35, 239, 111.532, 111.112
1519, 35, 239, 111.159, 111.191
1520, 35, 239, 111.106, 111.27
1521, 35, 239, 111.27, 111.356
1522, 35, 239, 111.176, 111.438
1523, 35, 239, 111.093, 111.518
1524, 36, 239, 111.084, 111.599
1525, 37, 239, 111.075, 111.68
1526, 37, 238, 111.239, 111.759
1527, 37, 238, 111.171, 111.839
1528, 37, 238, 111.087, 111.918
1529, 37, 238, 111.043, 111.998
1530, 37, 238, 110.933, 112.078
1531, 37, 238, 110.849, 112.157
1532, 37, 238, 110.765, 112.236
1533, 37, 238, 110.681, 112.315
1534, 37, 238, 110.614, 112.395
1535, 37, 238, 110.504, 112.474
1536, 37, 238, 110.436, 112.553
1537, 37, 238, 110.343, 112.633
1538, 37, 238, 110.259, 112.712
1539, 37, 238, 110.176, 112.791
1540, 37, 237, 110.365, 112.871
1541, 37, 237, 110.255, 112.95
1542, 37, 237, 110.104, 113.035
1543, 37, 237, 110.02, 113.118
1544, 37, 237, 109.936, 113.197
1545, 37, 237, 109.852, 113.277
1546, 37, 237, 109.768, 113.356
1547, 37, 237, 109.685, 113.435
1548, 37, 237, 109.632, 113.515
1549, 37, 237, 109.564, 113.594
1550, 37, 237, 109.48, 113.674
1551, 37, 237, 109.37, 113.753
1552, 37, 237, 109.277, 113.833
1553, 37, 237, 109.193, 113.913
1554, 37, 237, 109.1, 113.992
1555, 37, 237, 109.016, 114.072
1556, 37, 236, 110.016, 114.152
1557, 37, 236, 109.601, 114.231
1558, 37, 236, 109.431, 114.313
1559, 37, 236, 109.321, 114.392
1560, 37, 236, 109.268, 114.471
1561, 37, 236, 109.215, 114.549
1562, 37, 236, 109.147, 114.629
1563, 37, 236, 108.774, 114.707
1564, 37, 236, 108.737, 114.798
1565, 37, 235, 108.9, 114.9
1566, 37, 235, 108.833, 115.014
1567, 37, 235, 108.74, 115.106
1568, 37, 235, 108.629, 115.186
1569, 37, 235, 108.448, 115.274
1570, 37, 234, 109.448, 115.353
1571, 37, 234, 109.033, 115.431
1572, 37, 234, 108.863, 115.51
1573, 37, 234, 108.77, 115.589
1574, 37, 234, 108.677, 115.668
1575, 37, 234, 108.593, 115.747
1576, 37, 233, 109.593, 115.826
1577, 37, 233, 109.178, 115.905
1578, 37, 233, 109.008, 115.984
1579, 37, 233, 108.925, 116.064
1580, 37, 233, 108.872, 116.143
1581, 37, 233, 108.779, 116.221
1582, 37, 232, 108.968, 116.299
1583, 37, 232, 108.858, 116.393
1584, 37, 232, 108.814, 116.473
1585, 37, 232, 108.746, 116.552
1586, 37, 232, 108.693, 116.631
1587, 37, 231, 108.856, 116.71
1588, 37, 231, 108.789, 116.789
1589, 37, 231, 108.679, 116.869
1590, 37, 231, 108.842, 116.948
1591, 37, 231, 108.758, 117.028
1592, 37, 231, 108.674, 117.107
1593, 37, 231, 108.581, 117.185
1594, 37, 231, 108.497, 117.263
1595, 37, 230, 109.497, 117.344
1596, 37, 230, 109.082, 117.422
1597, 37, 230, 108.912, 117.503
1598, 37, 230, 108.819, 117.581
1599, 37, 230, 108.709, 117.66
1600, 37, 230, 108.656, 117.739
1601, 37, 230, 108.545, 117.817
1602, 37, 230, 108.452, 117.896
1603, 37, 229, 108.615, 117.975
1604, 37, 229, 108.548, 118.055
1605, 37, 229, 108.48, 118.133
1606, 37, 229, 108.427, 118.212
1607, 37, 229, 108.374, 118.292
1608, 37, 229, 108.307, 118.371
1609, 37, 229, 108.254, 118.451
1610, 37, 229, 108.417, 118.53
1611, 37, 228, 108.58, 118.609
1612, 37, 228, 108.513, 118.689
1613, 37, 228, 108.46, 118.768
1614, 37, 228, 108.401, 118.847
1615, 37, 228, 108.25, 118.928
1616, 37, 228, 108.166, 119.007
1617, 37, 228, 108.055, 119.087
1618, 37, 228, 108.002, 119.166
1619, 37, 228, 107.918, 119.245
1620, 37, 228, 107.835, 119.324
1621, 37, 228, 107.751, 119.403
1622, 37, 228, 107.684, 119.482
1623, 37, 228, 107.631, 119.561
1624, 37, 228, 107.578, 119.64
1625, 37, 228, 107.51, 119.727
1626, 37, 228, 107.4, 119.806
1627, 37, 228, 107.219, 119.885
1628, 37, 228, 107.135, 119.964
1629, 37, 228, 106.984, 120.061
1630, 37, 228, 106.917, 120.142
1631, 37, 228, 106.864, 120.221
1632, 37, 228, 106.796, 120.3
1633, 37, 228, 106.712, 120.379
1634, 37, 228, 106.875, 120.458
1635, 37, 228, 106.822, 120.537
1636, 37, 228, 106.712, 120.616
1637, 37, 228, 106.653, 120.695
1638, 37, 228, 106.817, 120.774
1639, 37, 228, 106.78, 120.854
1640, 37, 228, 106.713, 120.934
1641, 37, 228, 106.616, 121.012
1642, 37, 228, 106.532, 121.092
1643, 37, 228, 106.488, 121.172
1644, 37, 228, 106.404, 121.251
1645, 37, 227, 106.594, 121.332
1646, 37, 227, 106.483, 121.412
1647, 37, 227, 106.4, 121.491
1648, 37, 227, 106.316, 121.572
1649, 37, 227, 106.272, 121.653
1650, 37, 226, 106.435, 121.733
1651, 37, 226, 106.557, 121.812
1652, 37, 226, 106.473, 121.892
1653, 37, 226, 106.39, 121.973
1654, 37, 226, 106.296, 122.054
1655, 37, 226, 106.203, 122.134
1656, 37, 225, 106.366, 122.214
1657, 37, 225, 106.299, 122.293
1658, 37, 225, 106.246, 122.372
1659, 37, 225, 106.153, 122.451
1660, 37, 225, 105.972, 122.531
1661, 37, 225, 105.888, 122.61
1662, 37, 225, 105.737, 122.689
1663, 37, 225, 105.678, 122.769
1664, 37, 224, 105.841, 122.848
1665, 37, 224, 105.774, 122.929
1666, 37, 224, 105.715, 123.008
1667, 37, 224, 105.656, 123.099
1668, 37, 224, 105.603, 123.178
1669, 37, 224, 105.55, 123.258
1670, 37, 224, 105.506, 123.337
1671, 37, 224, 105.469, 123.424
1672, 37, 224, 105.402, 123.505
1673, 37, 224, 105.318, 123.585
1674, 37, 224, 105.235, 123.665
1675, 37, 224, 105.137, 123.745
1676, 37, 224, 105.054, 123.824
1677, 37, 224, 104.961, 123.904
1678, 37, 224, 104.85, 123.983
1679, 37, 224, 104.806, 124.063
1680, 37, 224, 104.739, 124.143
1681, 37, 224, 104.655, 124.223
1682, 37, 224, 104.571, 124.302
1683, 37, 224, 104.487, 124.382
1684, 37, 224, 104.114, 124.461
1685, 37, 223, 104.877, 124.541
1686, 37, 222, 105.118, 124.62
1687, 37, 222, 105.34, 124.7
1688, 37, 222, 105.187, 124.779
1689, 37, 222, 105.036, 124.859
1690, 37, 222, 104.943, 124.938
1691, 37, 222, 104.859, 125.017
1692, 37, 222, 104.775, 125.099
1693, 37, 222, 104.722, 125.179
1694, 37, 222, 104.569, 125.277
1695, 37, 222, 104.476, 125.358
1696, 37, 221, 104.666, 125.441
1697, 37, 221, 104.556, 125.523
1698, 37, 221, 104.472, 125.603
1699, 37, 221, 104.635, 125.683
1700, 37, 221, 104.567, 125.763
1701, 37, 221, 104.484, 125.842
1702, 37, 221, 104.431, 125.922
1703, 37, 221, 104.057, 126.002
1704, 37, 220, 104.82, 126.082
1705, 37, 219, 105.82, 126.161
1706, 37, 219, 105.405, 126.241
1707, 37, 219, 105.235, 126.321
1708, 37, 219, 105.152, 126.409
1709, 37, 219, 105.115, 126.49
1710, 37, 219, 105.022, 126.569
1711, 37, 219, 104.969, 126.649
1712, 37, 219, 104.885, 126.729
1713, 37, 219, 104.775, 126.809
1714, 37, 219, 104.401, 126.889
1715, 37, 219, 104.248, 126.969
1716, 37, 219, 104.164, 127.049
1717, 37, 219, 104.097, 127.128
1718, 37, 219, 104.044, 127.208
1719, 37, 219, 104, 127.288
1720, 37, 219, 103.847, 127.368
1721, 37, 219, 103.473, 127.447
1722, 37, 219, 103.21, 127.528
1723, 37, 218, 103.973, 127.607
1724, 37, 218, 103.889, 127.688
1725, 37, 218, 103.516, 127.768
1726, 37, 218, 103.463, 127.848
1727, 37, 218, 103.31, 127.928
1728, 37, 217, 103.5, 128.008
1729, 37, 217, 103.389, 128.088
1730, 37, 217, 103.336, 128.17
1731, 37, 217, 103.269, 128.25
1732, 37, 217, 103.185, 128.331
1733, 37, 217, 103.101, 128.42
1734, 37, 217, 102.991, 128.5
1735, 37, 217, 102.947, 128.581
1736, 37, 217, 102.894, 128.661
1737, 37, 217, 102.841, 128.799
1738, 37, 216, 103.03, 128.881
1739, 37, 216, 102.92, 128.963
1740, 37, 216, 102.836, 129.042
1741, 37, 216, 102.792, 129.122
1742, 37, 216, 102.93, 129.202
1743, 37, 216, 103.094, 129.282
1744, 37, 216, 103.041, 129.361
1745, 37, 216, 102.973, 129.44
1746, 37, 216, 102.889, 129.52
1747, 37, 216, 102.779, 129.6
1748, 37, 216, 102.668, 129.681
1749, 37, 216, 102.558, 129.784
1750, 37, 216, 102.474, 129.864
1751, 37, 216, 102.39, 129.943
1752, 37, 216, 102.307, 130.022
1753, 37, 216, 102.196, 130.102
1754, 37, 215, 102.386, 130.181
1755, 37, 215, 102.549, 130.261
1756, 37, 215, 102.496, 130.34
1757, 37, 215, 102.428, 130.42
1758, 37, 215, 102.277, 130.5
1759, 37, 215, 102.194, 130.579
1760, 37, 215, 101.93, 130.659
1761, 37, 215, 101.82, 130.739
1762, 37, 215, 101.775, 130.818
1763, 37, 215, 101.722, 130.898
1764, 37, 215, 101.625, 130.977
1765, 37, 215, 101.572, 131.057
1766, 37, 215, 101.489, 131.137
1767, 37, 215, 101.436, 131.216
1768, 37, 215, 101.368, 131.296
1769, 37, 215, 101.284, 131.377
1770, 37, 215, 101.133, 131.457
1771, 37, 215, 101.08, 131.536
1772, 37, 215, 101.013, 131.615
1773, 37, 215, 100.96, 131.694
1774, 37, 215, 100.809, 131.774
1775, 37, 215, 100.725, 131.853
1776, 37, 215, 100.641, 131.932
1777, 37, 215, 100.548, 132.014
1778, 37, 215, 100.438, 132.094
1779, 37, 215, 100.327, 132.173
1780, 37, 215, 100.274, 132.252
1781, 37, 215, 100.181, 132.333
1782, 37, 215, 100.114, 132.413
1783, 37, 215, 100.03, 132.493
1784, 37, 215, 99.9461, 132.574
1785, 37, 215, 99.8529, 132.655
1786, 37, 214, 100.043, 132.734
1787, 37, 214, 99.9322, 132.831
1788, 37, 214, 99.8484, 132.914
1789, 37, 214, 99.7646, 133.003
1790, 37, 214, 99.6808, 133.091
1791, 37, 214, 99.597, 133.171
1792, 37, 214, 99.4865, 133.251
1793, 37, 214, 99.4027, 133.33
1794, 37, 214, 99.3189, 133.41
1795, 37, 214, 99.2351, 133.489
1796, 37, 214, 99.1246, 133.569
1797, 37, 214, 99.0408, 133.652
1798, 37, 213, 99.2305, 133.732
1799, 37, 213, 99.12, 133.812
1800, 38, 213, 99.11, 133.893
1801, 38, 213, 99.0426, 133.974
1802, 38, 213, 98.9896, 134.054
1803, 38, 213, 98.9223, 134.135
1804, 38, 213, 98.8385, 134.214
1805, 38, 213, 98.728, 134.294
1806, 38, 213, 98.6349, 134.373
1807, 38, 213, 98.5511, 134.455
1808, 38, 213, 98.458, 134.535
1809, 38, 213, 98.3649, 134.615
1810, 38, 213, 98.3119, 134.694
1811, 38, 213, 98.2588, 134.774
1812, 38, 213, 98.2, 134.854
1813, 38, 212, 98.363, 134.933
1814, 38, 212, 98.2956, 135.014
1815, 38, 212, 98.2426, 135.095
1816, 38, 212, 98.1896, 135.175
1817, 38, 212, 98.1307, 135.254
1818, 38, 212, 98.0777, 135.334
1819, 38, 212, 97.9939, 135.432
1820, 38, 212, 97.9266, 135.514
1821, 38, 212, 97.8677, 135.602
1822, 38, 212, 97.8088, 135.683
1823, 38, 212, 97.7722, 135.762
1824, 38, 212, 97.7192, 135.842
1825, 38, 212, 97.6662, 135.921
1826, 38, 212, 97.5824, 136.001
1827, 38, 212, 97.5294, 136.081
1828, 38, 212, 97.4705, 136.16
1829, 38, 212, 97.4032, 136.24
1830, 38, 211, 97.5662, 136.322
1831, 38, 211, 97.4989, 136.411
1832, 38, 211, 97.4459, 136.492
1833, 38, 211, 97.3621, 136.572
1834, 38, 211, 97.3091, 136.652
1835, 38, 211, 97.2561, 136.733
1836, 38, 211, 97.2031, 136.813
1837, 38, 211, 97.1501, 136.894
1838, 38, 211, 97.0971, 136.974
1839, 38, 211, 97.044, 137.054
1840, 38, 211, 97.0075, 137.143
1841, 38, 211, 96.8545, 137.223
1842, 38, 211, 96.7707, 137.303
1843, 38, 211, 96.7118, 137.384
1844, 38, 211, 96.6148, 137.464
1845, 38, 211, 96.5043, 137.544
1846, 38, 211, 96.4677, 137.624
1847, 38, 211, 96.4088, 137.722
1848, 38, 211, 96.3558, 137.804
1849, 38, 211, 96.2969, 137.884
1850, 38, 211, 96.238, 137.964
1851, 38, 211, 96.185, 138.045
1852, 38, 211, 96.1261, 138.127
1853, 38, 211, 96.0731, 138.207
1854, 38, 211, 96.0201, 138.287
1855, 38, 211, 95.9671, 138.368
1856, 38, 211, 95.8997, 138.448
1857, 38, 211, 95.6782, 138.528
1858, 38, 211, 95.8006, 138.618
1859, 38, 211, 95.7333, 138.699
1860, 38, 211, 95.6495, 138.78
1861, 38, 211, 95.5564, 138.863
1862, 38, 211, 95.4726, 138.944
1863, 38, 211, 95.3621, 139.025
1864, 38, 211, 95.2516, 139.105
1865, 38, 211, 95.1678, 139.186
1866, 38, 211, 95.084, 139.266
1867, 38, 211, 95.031, 139.346
1868, 38, 211, 94.8264, 139.426
1869, 38, 211, 94.7675, 139.507
1870, 38, 211, 94.6164, 139.587
1871, 38, 211, 94.4652, 139.667
1872, 38, 211, 94.4122, 139.757
1873, 38, 210, 94.5753, 139.837
1874, 38, 210, 94.5079, 139.918
1875, 38, 210, 94.3974, 139.998
1876, 38, 210, 94.3444, 140.079
1877, 38, 210, 94.2513, 140.159
1878, 38, 210, 94.1002, 140.242
1879, 38, 210, 94.0636, 140.327
1880, 38, 210, 94.0106, 140.412
1881, 38, 209, 94.1736, 140.492
1882, 38, 209, 94.1063, 140.573
1883, 38, 209, 94.0225, 140.653
1884, 38, 209, 93.9387, 140.733
1885, 38, 209, 93.8713, 140.813
1886, 38, 209, 93.8183, 140.898
1887, 38, 209, 93.7594, 140.977
1888, 38, 209, 93.7229, 141.069
1889, 38, 209, 93.664, 141.15
1890, 38, 209, 93.5966, 141.233
1891, 38, 209, 93.5436, 141.314
1892, 38, 209, 93.4995, 141.395
1893, 38, 209, 93.4406, 141.475
1894, 38, 209, 93.3818, 141.562
1895, 38, 208, 93.5304, 141.642
1896, 38, 208, 93.4864, 141.722
1897, 38, 208, 93.419, 141.802
1898, 38, 208, 93.366, 141.882
1899, 38, 208, 93.3071, 141.961
1900, 38, 208, 93.2705, 142.041
1901, 38, 208, 93.2438, 142.121
1902, 38, 208, 93.1849, 142.2
1903, 38, 207, 93.3746, 142.28
1904, 38, 207, 93.5376, 142.361
1905, 38, 207, 93.4846, 142.441
1906, 38, 207, 93.4316, 142.52
1907, 38, 207, 93.3951, 142.6
1908, 38, 207, 93.3362, 142.68
1909, 38, 207, 93.2832, 142.759
1910, 38, 207, 93.2529, 142.84
1911, 38, 206, 93.4016, 142.92
1912, 38, 206, 93.3575, 143
1913, 38, 206, 93.321, 143.087
1914, 38, 206, 93.2769, 143.167
1915, 38, 206, 93.1664, 143.248
1916, 38, 206, 93.1134, 143.33
1917, 38, 205, 93.2764, 143.41
1918, 38, 205, 93.3988, 143.49
1919, 38, 205, 93.3315, 143.573
1920, 38, 205, 93.2726, 143.655
1921, 38, 205, 93.2052, 143.735
1922, 38, 205, 93.1785, 143.816
1923, 38, 205, 93.0255, 143.899
1924, 38, 205, 92.8744, 143.98
1925, 38, 205, 92.8441, 144.06
1926, 38, 205, 92.6912, 144.141
1927, 38, 205, 92.5103, 144.221
1928, 38, 205, 92.4265, 144.301
1929, 38, 205, 92.3963, 144.381
1930, 38, 205, 92.4889, 144.464
1931, 38, 205, 92.3919, 144.545
1932, 38, 205, 92.3389, 144.625
1933, 38, 205, 92.28, 144.705
1934, 38, 204, 92.443, 144.786
1935, 38, 204, 92.3756, 144.866
1936, 38, 204, 92.3226, 144.946
1937, 38, 204, 92.2696, 145.027
1938, 38, 204, 92.2166, 145.107
1939, 38, 203, 92.3653, 145.187
1940, 38, 203, 92.3212, 145.268
1941, 38, 203, 92.2772, 145.347
1942, 38, 203, 92.2242, 145.427
1943, 38, 203, 92.1568, 145.508
1944, 38, 203, 92.073, 145.588
1945, 38, 203, 92.02, 145.668
1946, 38, 203, 91.9611, 145.748
1947, 38, 203, 91.9081, 145.828
1948, 38, 203, 91.8492, 145.908
1949, 38, 203, 91.7962, 145.988
1950, 38, 203, 91.7432, 146.068
1951, 38, 203, 91.6902, 146.148
1952, 38, 203, 91.6372, 146.228
1953, 38, 203, 91.5842, 146.309
1954, 38, 203, 91.7472, 146.397
1955, 38, 203, 91.6942, 146.477
1956, 38, 203, 91.5837, 146.557
1957, 38, 203, 91.5471, 146.637
1958, 38, 203, 91.4941, 146.718
1959, 38, 203, 91.4411, 146.797
1960, 38, 203, 91.3881, 146.877
1961, 38, 203, 91.3351, 146.957
1962, 38, 203, 91.2513, 147.037
1963, 38, 203, 91.1983, 147.119
1964, 38, 203, 91.1453, 147.199
1965, 38, 203, 91.1087, 147.279
1966, 38, 203, 91.0557, 147.359
1967, 38, 203, 91.0027, 147.439
1968, 38, 203, 90.9662, 147.519
1969, 38, 203, 90.8988, 147.599
1970, 38, 203, 90.8315, 147.679
1971, 38, 203, 90.7785, 147.76
1972, 38, 203, 90.9009, 147.84
1973, 38, 202, 91.0639, 147.92
1974, 38, 202, 90.9966, 148.001
1975, 38, 202, 90.9436, 148.081
1976, 38, 202, 90.8905, 148.162
1977, 38, 202, 90.8375, 148.243
1978, 38, 202, 90.7702, 148.326
1979, 38, 202, 90.7336, 148.406
1980, 38, 201, 90.8967, 148.486
1981, 38, 201, 90.8293, 148.566
1982, 38, 201, 90.762, 148.646
1983, 38, 201, 90.6946, 148.726
1984, 38, 201, 90.6357, 148.807
1985, 38, 201, 90.5827, 148.887
1986, 38, 201, 90.5238, 148.967
1987, 38, 201, 90.4649, 149.047
1988, 38, 201, 90.3976, 149.128
1989, 38, 201, 90.3303, 149.21
1990, 38, 201, 90.2629, 149.29
1991, 38, 201, 90.2099, 149.373
1992, 38, 200, 90.3729, 149.457
1993, 38, 200, 90.3056, 149.54
1994, 38, 200, 90.2526, 149.621
1995, 38, 200, 90.1996, 149.71
1996, 38, 199, 90.3626, 149.791
1997, 38, 199, 90.2953, 149.871
1998, 38, 199, 90.2279, 149.953
1999, 38, 199, 90.3503, 150.036
2000, 38, 199, 90.1992, 150.117
2001, 38, 199, 90.1462, 150.205
2002, 38, 198, 90.2949, 150.286
2003, 38, 198, 90.2508, 150.368
2004, 38, 198, 90.1537, 150.448
2005, 38, 198, 90.1171, 150.544
2006, 38, 198, 90.0806, 150.626
2007, 38, 198, 89.9294, 150.706
2008, 38, 198, 89.8764, 150.786
2009, 38, 198, 89.8398, 150.868
2010, 38, 198, 89.8033, 150.949
2011, 38, 198, 89.7667, 151.029
2012, 38, 198, 89.7137, 151.109
2013, 38, 198, 89.6463, 151.19
2014, 38, 198, 89.6022, 151.269
2015, 38, 198, 89.5349, 151.35
2016, 38, 197, 89.6979, 151.431
2017, 38, 197, 89.6306, 151.511
2018, 38, 197, 89.594, 151.591
2019, 38, 197, 89.4969, 151.67
2020, 38, 197, 89.4296, 151.75
2021, 38, 197, 89.3766, 151.83
2022, 38, 197, 89.2928, 151.91
2023, 38, 196, 89.4825, 151.989
2024, 38, 196, 89.372, 152.069
2025, 38, 196, 89.2789, 152.148
2026, 38, 196, 89.4428, 152.228
2027, 38, 196, 89.359, 152.31
2028, 38, 196, 89.2752, 152.39
2029, 38, 196, 89.2163, 152.469
2030, 38, 196, 89.1633, 152.551
2031, 38, 196, 89.1192, 152.63
2032, 38, 196, 89.0662, 152.71
2033, 38, 196, 89.0132, 152.79
2034, 38, 196, 88.9602, 152.87
2035, 38, 196, 88.8929, 152.95
2036, 38, 196, 88.8399, 153.04
2037, 38, 196, 88.7467, 153.121
2038, 38, 196, 88.6629, 153.201
2039, 39, 196, 88.6544, 153.283
2040, 39, 196, 88.6178, 153.365
2041, 39, 196, 88.5648, 153.445
2042, 39, 196, 88.481, 153.525
2043, 39, 196, 88.428, 153.606
2044, 39, 196, 88.375, 153.685
2045, 39, 196, 88.322, 153.766
2046, 39, 196, 87.685, 153.847
2047, 39, 196, 87.5919, 153.927
2048, 39, 196, 87.4988, 154.007
2049, 39, 196, 87.7207, 154.102
2050, 39, 196, 87.5678, 154.184
2051, 39, 196, 87.4747, 154.265
2052, 39, 196, 87.4217, 154.345
2053, 39, 196, 87.2688, 154.442
2054, 40, 196, 87.2614, 154.525
2055, 40, 196, 87.2084, 154.605
2056, 40, 196, 87.1718, 154.686
2057, 40, 196, 87.3527, 154.767
2058, 40, 196, 87.2997, 154.848
2059, 40, 196, 87.2408, 154.931
2060, 40, 196, 87.1734, 155.011
2061, 40, 196, 87.1294, 155.092
2062, 40, 196, 87.0764, 155.173
2063, 40, 196, 87.009, 155.253
2064, 40, 196, 86.9724, 155.334
2065, 40, 196, 86.9359, 155.414
2066, 40, 196, 86.8993, 155.495
2067, 40, 196, 86.8404, 155.575
2068, 40, 196, 86.6595, 155.656
2069, 40, 196, 86.6006, 155.736
2070, 40, 196, 86.5417, 155.816
2071, 40, 196, 86.4579, 155.896
2072, 40, 196, 86.399, 155.977
2073, 40, 196, 86.3624, 156.057
2074, 40, 196, 86.2786, 156.137
2075, 40, 195, 86.4198, 156.218
2076, 40, 195, 86.3896, 156.299
2077, 40, 195, 86.3223, 156.389
2078, 40, 195, 86.2693, 156.47
2079, 40, 195, 86.1855, 156.552
2080, 40, 195, 86.1324, 156.633
2081, 40, 195, 86.0794, 156.715
2082, 40, 195, 86.0354, 156.796
2083, 40, 195, 85.9824, 156.877
2084, 40, 195, 85.915, 156.958
2085, 40, 195, 85.862, 157.038
2086, 40, 195, 85.7947, 157.119
2087, 40, 195, 85.7581, 157.202
2088, 40, 194, 85.9211, 157.285
2089, 40, 194, 85.8538, 157.366
2090, 40, 194, 85.8008, 157.447
2091, 40, 194, 85.7419, 157.528
2092, 40, 194, 85.6889, 157.609
2093, 40, 194, 85.63, 157.69
2094, 40, 194, 85.5934, 157.771
2095, 40, 194, 85.5568, 157.852
2096, 40, 194, 85.5127, 157.933
2097, 40, 194, 85.4721, 158.013
2098, 40, 194, 85.4315, 158.094
2099, 40, 194, 85.4047, 158.175
2100, 40, 193, 85.5534, 158.256
2101, 40, 193, 85.5093, 158.337
2102, 40, 193, 85.4652, 158.418
2103, 40, 193, 85.4286, 158.5
2104, 40, 193, 85.3845, 158.581
2105, 40, 193, 85.3257, 158.662
2106, 40, 193, 85.2816, 158.743
2107, 40, 193, 85.245, 158.824
2108, 40, 193, 85.2009, 158.905
2109, 40, 193, 85.1741, 158.986
2110, 40, 192, 85.3372, 159.067
2111, 40, 192, 85.2698, 159.149
2112, 40, 192, 85.2332, 159.23
2113, 40, 192, 85.1802, 159.312
2114, 40, 192, 85.1272, 159.393
2115, 40, 192, 85.0907, 159.474
2116, 40, 192, 85.0318, 159.555
2117, 40, 192, 84.9729, 159.636
2118, 40, 192, 84.9363, 159.725
2119, 40, 191, 85.0775, 159.807
2120, 40, 191, 85.0409, 159.89
2121, 40, 191, 85.0003, 159.971
2122, 40, 191, 84.9596, 160.054
2123, 40, 191, 84.923, 160.138
2124, 40, 191, 84.8824, 160.226
2125, 40, 191, 84.8556, 160.311
2126, 40, 191, 84.8289, 160.392
2127, 40, 191, 84.7882, 160.473
2128, 40, 191, 84.758, 160.555
2129, 40, 191, 84.4242, 160.642
2130, 40, 191, 84.1607, 160.723
2131, 40, 191, 84.1077, 160.804
2132, 40, 191, 84.0547, 160.886
2133, 40, 191, 84.0017, 160.967
2134, 40, 191, 83.9428, 161.048
2135, 40, 191, 83.9062, 161.129
2136, 40, 191, 83.8697, 161.21
2137, 40, 191, 83.8331, 161.291
2138, 40, 190, 83.9818, 161.372
2139, 40, 190, 83.9377, 161.454
2140, 40, 190, 83.8847, 161.535
2141, 40, 190, 83.8174, 161.628
2142, 40, 190, 83.7203, 161.709
2143, 40, 190, 83.6232, 161.79
2144, 40, 190, 83.5558, 161.872
2145, 40, 190, 83.5291, 161.953
2146, 40, 190, 83.485, 162.034
2147, 40, 190, 83.4261, 162.115
2148, 40, 190, 83.3587, 162.212
2149, 40, 190, 83.2914, 162.295
2150, 40, 190, 83.2325, 162.376
2151, 40, 190, 83.1795, 162.457
2152, 40, 190, 83.1429, 162.541
2153, 40, 190, 83.0899, 162.621
2154, 40, 190, 83.0369, 162.703
2155, 40, 190, 82.9839, 162.783
2156, 40, 190, 82.9309, 162.865
2157, 40, 190, 82.8779, 162.946
2158, 40, 190, 82.819, 163.045
2159, 40, 190, 82.7601, 163.127
2160, 40, 190, 82.7071, 163.208
2161, 40, 190, 82.8295, 163.29
2162, 40, 190, 82.7854, 163.371
2163, 40, 190, 82.7413, 163.453
2164, 40, 190, 82.7047, 163.534
2165, 40, 190, 82.6459, 163.614
2166, 40, 190, 82.6093, 163.694
2167, 40, 190, 82.5652, 163.776
2168, 40, 190, 82.5122, 163.857
2169, 40, 190, 82.4284, 163.937
2170, 40, 190, 82.3918, 164.019
2171, 40, 190, 82.3616, 164.1
2172, 40, 190, 82.2093, 164.181
2173, 40, 190, 82.1123, 164.262
2174, 40, 190, 82.0855, 164.342
2175, 40, 190, 82.0553, 164.423
2176, 40, 190, 81.9879, 164.503
2177, 40, 190, 81.9513, 164.584
2178, 40, 190, 81.9107, 164.664
2179, 40, 190, 81.8136, 164.747
2180, 40, 190, 81.7031, 164.827
2181, 40, 190, 81.6625, 164.908
2182, 40, 190, 81.6322, 164.988
2183, 40, 190, 81.5792, 165.068
2184, 40, 190, 81.4821, 165.149
2185, 40, 190, 81.4291, 165.229
2186, 40, 190, 81.3761, 165.31
2187, 40, 190, 81.3231, 165.393
2188, 40, 190, 81.2964, 165.473
2189, 40, 190, 81.2557, 165.554
2190, 40, 190, 81.3484, 165.634
2191, 40, 190, 81.4183, 165.714
2192, 40, 190, 81.3885, 165.794
2193, 40, 190, 81.3217, 165.874
2194, 40, 190, 81.2851, 165.955
2195, 40, 190, 81.2584, 166.035
2196, 40, 190, 81.2379, 166.115
2197, 40, 190, 81.1973, 166.195
2198, 40, 190, 81.1705, 166.275
2199, 40, 190, 81.1299, 166.355
2200, 40, 190, 81.0933, 166.443
2201, 40, 190, 81.0492, 166.523
2202, 40, 189, 81.1979, 166.604
2203, 40, 189, 81.1538, 166.684
2204, 40, 189, 81.1324, 166.764
2205, 40, 189, 81.0959, 166.844
2206, 40, 189, 81.0593, 166.924
2207, 40, 189, 81.0325, 167.004
2208, 40, 189, 80.9795, 167.084
2209, 40, 189, 81.0909, 167.165
2210, 40, 189, 81.0696, 167.245
2211, 40, 189, 81.033, 167.325
2212, 40, 189, 80.9662, 167.409
2213, 40, 189, 80.9255, 167.491
2214, 40, 189, 80.8814, 167.573
2215, 40, 189, 80.8449, 167.655
2216, 40, 189, 80.8083, 167.736
2217, 40, 189, 80.7781, 167.827
2218, 40, 189, 80.7374, 167.907
2219, 40, 189, 80.6403, 167.988
2220, 40, 188, 80.789, 168.069
2221, 40, 188, 80.7449, 168.15
2222, 40, 188, 80.7969, 168.233
2223, 40, 188, 80.7756, 168.314
2224, 40, 188, 80.739, 168.397
2225, 40, 188, 80.6716, 168.478
2226, 40, 188, 80.6186, 168.559
2227, 40, 188, 80.5656, 168.639
2228, 40, 188, 80.4983, 168.721
2229, 40, 188, 80.4542, 168.802
2230, 40, 188, 80.4176, 168.883
2231, 40, 188, 80.3735, 168.964
2232, 40, 188, 80.3468, 169.065
2233, 40, 188, 80.28, 169.147
2234, 40, 188, 80.2393, 169.228
2235, 40, 188, 80.2027, 169.308
2236, 40, 188, 80.1662, 169.389
2237, 40, 188, 80.1296, 169.47
2238, 40, 188, 80.089, 169.551
2239, 40, 188, 80.0524, 169.632
2240, 40, 188, 80.0117, 169.719
2241, 40, 188, 79.9711, 169.808
2242, 40, 188, 79.9345, 169.889
2243, 40, 188, 79.9043, 169.97
2244, 40, 188, 79.8741, 170.059
2245, 40, 188, 79.8473, 170.14
2246, 40, 188, 79.7799, 170.221
2247, 40, 188, 79.7393, 170.302
2248, 40, 188, 79.7125, 170.395
2249, 40, 188, 79.6719, 170.476
2250, 40, 187, 79.8206, 170.558
2251, 40, 187, 79.7765, 170.64
2252, 40, 186, 79.9252, 170.721
2253, 40, 186, 79.8811, 170.803
2254, 40, 186, 79.8445, 170.885
2255, 40, 186, 79.8079, 170.966
2256, 40, 186, 79.7714, 171.048
2257, 40, 185, 79.9201, 171.129
2258, 40, 185, 79.876, 171.211
2259, 40, 185, 79.8394, 171.293
2260, 40, 185, 79.7988, 171.375
2261, 40, 185, 79.7581, 171.456
2262, 40, 185, 79.7215, 171.538
2263, 40, 185, 79.6809, 171.62
2264, 40, 185, 79.6368, 171.701
2265, 40, 185, 79.5927, 171.783
2266, 40, 185, 79.5397, 171.865
2267, 40, 184, 79.7295, 171.948
2268, 40, 184, 79.619, 172.03
2269, 40, 184, 79.5922, 172.113
2270, 40, 184, 79.562, 172.196
2271, 40, 184, 79.5415, 172.278
2272, 40, 184, 79.4934, 172.36
2273, 40, 184, 79.4636, 172.442
2274, 40, 184, 79.4368, 172.523
2275, 40, 184, 79.4071, 172.605
2276, 40, 183, 79.5483, 172.686
2277, 40, 183, 79.5181, 172.768
2278, 40, 183, 79.4883, 172.868
2279, 40, 183, 79.4586, 172.951
2280, 40, 183, 79.4372, 173.041
2281, 40, 183, 79.4104, 173.123
2282, 40, 183, 79.3836, 173.205
2283, 40, 183, 79.3471, 173.287
2284, 40, 183, 79.303, 173.369
2285, 40, 183, 79.2762, 173.45
2286, 40, 183, 79.2094, 173.534
2287, 40, 183, 79.1426, 173.618
2288, 40, 183, 79.0985, 173.7
2289, 40, 183, 79.0781, 173.781
2290, 40, 183, 79.0483, 173.863
2291, 40, 183, 79.0279, 173.945
2292, 40, 183, 78.9797, 174.027
2293, 40, 183, 79.0496, 174.108
2294, 40, 183, 79.009, 174.19
2295, 40, 183, 78.9683, 174.272
2296, 40, 183, 78.9202, 174.354
2297, 40, 183, 78.8836, 174.436
2298, 40, 183, 78.847, 174.517
2299, 40, 183, 78.8112, 174.599
2300, 40, 183, 78.7814, 174.68
2301, 40, 183, 78.7517, 174.761
2302, 40, 183, 78.7158, 174.843
2303, 40, 183, 78.6953, 174.926
2304, 40, 183, 78.6686, 175.008
2305, 40, 183, 78.6531, 175.09
2306, 40, 183, 78.6318, 175.175
2307, 40, 183, 78.5644, 175.267
2308, 40, 183, 78.5278, 175.349
2309, 40, 183, 78.4872, 175.43
2310, 40, 183, 78.4431, 175.512
2311, 40, 183, 78.4025, 175.594
2312, 40, 183, 78.3659, 175.676
2313, 40, 183, 78.3293, 175.76
2314, 40, 183, 78.2927, 175.841
2315, 40, 183, 78.2562, 175.922
2316, 40, 183, 78.2121, 176.019
2317, 40, 183, 78.1591, 176.102
2318, 40, 183, 78.1225, 176.184
2319, 40, 183, 78.0819, 176.266
2320, 40, 183, 78.0453, 176.347
2321, 40, 183, 78.0012, 176.436
2322, 40, 183, 77.9482, 176.518
2323, 40, 183, 77.9041, 176.6
2324, 40, 183, 77.8511, 176.682
2325, 40, 182, 78.0141, 176.764
2326, 40, 182, 77.9468, 176.846
2327, 40, 182, 77.8879, 176.927
2328, 40, 182, 77.8206, 177.009
2329, 40, 182, 77.7532, 177.091
2330, 40, 182, 77.7002, 177.173
2331, 40, 182, 77.6472, 177.255
2332, 40, 181, 77.8102, 177.337
2333, 40, 181, 77.9326, 177.42
2334, 40, 181, 77.896, 177.501
2335, 40, 181, 77.8287, 177.594
2336, 40, 181, 77.7757, 177.675
2337, 40, 181, 77.7391, 177.756
2338, 40, 181, 77.6985, 177.837
2339, 40, 181, 77.6619, 177.919
2340, 40, 181, 77.7545, 178
2341, 40, 181, 77.7139, 178.082
2342, 40, 181, 77.6733, 178.165
2343, 40, 181, 77.7659, 178.247
2344, 40, 181, 77.6991, 178.329
2345, 40, 181, 77.655, 178.41
2346, 40, 181, 77.5961, 178.492
2347, 40, 181, 77.552, 178.574
2348, 40, 181, 77.499, 178.657
2349, 40, 181, 77.446, 178.758
2350, 40, 181, 77.4095, 178.84
2351, 40, 181, 77.3792, 178.922
2352, 40, 181, 77.3203, 179.003
2353, 40, 181, 77.2838, 179.084
2354, 40, 181, 77.2307, 179.165
2355, 40, 181, 77.1942, 179.246
2356, 40, 181, 77.0971, 179.35
2357, 40, 180, 77.2458, 179.432
2358, 40, 180, 77.2017, 179.514
2359, 40, 180, 77.1651, 179.595
2360, 40, 180, 77.1285, 179.677
2361, 40, 180, 77.0696, 179.767
2362, 40, 180, 77.0023, 179.848
2363, 40, 180, 76.9493, 179.929
2364, 40, 180, 76.9127, 180.012
2365, 40, 180, 76.8538, 180.094
2366, 40, 180, 76.7865, 180.175
2367, 40, 180, 76.7424, 180.257
2368, 40, 180, 76.6835, 180.338
2369, 40, 180, 76.6305, 180.42
2370, 40, 180, 76.5716, 180.501
2371, 40, 180, 76.5127, 180.584
2372, 40, 180, 76.4597, 180.665
2373, 40, 180, 76.4231, 180.746
2374, 40, 180, 76.379, 180.828
2375, 40, 180, 76.335, 180.909
2376, 40, 180, 76.2819, 180.989
2377, 40, 180, 76.2454, 181.071
2378, 40, 180, 76.2013, 181.152
2379, 40, 180, 76.1042, 181.233
2380, 40, 180, 76.0676, 181.314
2381, 40, 180, 76.031, 181.395
2382, 40, 180, 75.987, 181.477
2383, 40, 180, 75.9463, 181.558
2384, 40, 180, 75.9097, 181.638
2385, 40, 180, 75.8616, 181.718
2386, 40, 180, 75.9315, 181.799
2387, 40, 180, 75.8874, 181.88
2388, 40, 180, 75.8508, 181.961
2389, 40, 180, 75.7538, 182.043
2390, 40, 180, 75.7172, 182.123
2391, 40, 180, 75.6765, 182.219
2392, 40, 180, 75.64, 182.313
2393, 40, 180, 75.5993, 182.395
2394, 40, 180, 75.5587, 182.475
2395, 40, 180, 75.5284, 182.566
2396, 40, 180, 75.4982, 182.647
2397, 40, 180, 75.4616, 182.741
2398, 40, 180, 75.4176, 182.823
2399, 40, 180, 75.5102, 182.903
2400, 40, 180, 75.6028, 182.984
2401, 40, 180, 75.5726, 183.073
2402, 40, 180, 75.5458, 183.156
2403, 40, 180, 75.5018, 183.237
2404, 40, 180, 75.5717, 183.318
2405, 40, 180, 75.5419, 183.399
2406, 40, 180, 75.4938, 183.48
2407, 40, 180, 75.4531, 183.561
2408, 40, 180, 75.4318, 183.641
2409, 40, 180, 75.405, 183.723
2410, 40, 180, 75.3782, 183.804
2411, 40, 180, 75.3376, 183.885
2412, 40, 180, 75.3108, 183.966
2413, 40, 180, 75.2742, 184.046
2414, 40, 180, 75.2475, 184.127
2415, 40, 180, 75.2109, 184.208
2416, 40, 180, 75.1806, 184.289
2417, 40, 180, 75.1138, 184.37
2418, 40, 180, 75.0773, 184.455
2419, 40, 180, 75.0105, 184.536
2420, 40, 180, 74.9837, 184.617
2421, 40, 180, 74.9396, 184.699
2422, 40, 180, 75.0322, 184.78
2423, 40, 180, 74.9957, 184.862
2424, 40, 180, 75.0883, 184.943
2425, 40, 180, 75.0615, 185.026
2426, 40, 180, 75.025, 185.107
2427, 40, 180, 74.9843, 185.188
2428, 40, 180, 74.9402, 185.27
2429, 40, 180, 74.9037, 185.351
2430, 40, 180, 74.8769, 185.432
2431, 40, 180, 74.8501, 185.519
2432, 40, 180, 74.8347, 185.602
2433, 40, 180, 74.8049, 185.684
2434, 40, 180, 74.7845, 185.766
2435, 40, 180, 74.7543, 185.848
2436, 40, 180, 74.7184, 185.929
2437, 40, 180, 74.6886, 186.017
2438, 40, 180, 74.6619, 186.098
2439, 40, 180, 74.6414, 186.186
2440, 40, 180, 74.621, 186.267
2441, 40, 180, 74.5942, 186.35
2442, 40, 180, 74.5644, 186.458
2443, 40, 180, 74.5347, 186.542
2444, 40, 180, 74.4988, 186.624
2445, 40, 180, 74.472, 186.706
2446, 40, 180, 74.4052, 186.788
2447, 40, 180, 74.3755, 186.871
2448, 40, 180, 74.3487, 186.953
2449, 40, 180, 74.3121, 187.035
2450, 40, 180, 74.2681, 187.118
2451, 40, 180, 74.2315, 187.2
2452, 40, 180, 74.1641, 187.282
2453, 40, 180, 74.1052, 187.364
2454, 40, 180, 74.0522, 187.449
2455, 40, 180, 73.9992, 187.532
2456, 40, 180, 73.969, 187.615
2457, 40, 180, 73.9324, 187.7
2458, 40, 180, 73.8959, 187.783
2459, 40, 180, 73.8691, 187.866
2460, 40, 180, 73.8325, 187.948
2461, 40, 180, 73.7884, 188.031
2462, 40, 180, 73.7354, 188.114
2463, 40, 180, 73.8578, 188.196
2464, 40, 180, 73.7905, 188.279
2465, 40, 180, 73.7464, 188.361
2466, 40, 180, 73.6875, 188.445
2467, 40, 180, 73.6509, 188.528
2468, 40, 180, 73.592, 188.61
2469, 40, 180, 73.539, 188.7
2470, 40, 180, 73.4717, 188.784
2471, 40, 180, 73.3519, 188.867
2472, 40, 180, 73.2988, 188.95
2473, 40, 180, 73.2018, 189.033
2474, 40, 180, 73.1488, 189.115
2475, 40, 180, 73.0958, 189.198
2476, 40, 180, 73.0517, 189.281
2477, 40, 180, 73.0151, 189.364
2478, 40, 180, 72.9621, 189.449
2479, 40, 180, 72.9091, 189.532
2480, 40, 180, 72.8561, 189.615
2481, 40, 180, 72.7887, 189.707
2482, 40, 180, 72.9002, 189.793
2483, 40, 180, 72.8472, 189.876
2484, 40, 180, 72.6663, 189.96
2485, 40, 180, 72.7887, 190.043
2486, 40, 180, 72.6916, 190.126
2487, 40, 180, 72.6386, 190.209
2488, 40, 180, 72.5856, 190.293
2489, 40, 180, 72.5326, 190.377
2490, 40, 180, 72.4885, 190.461
2491, 40, 180, 72.4444, 190.544
2492, 40, 180, 72.537, 190.627
2493, 40, 180, 72.5103, 190.711
2494, 40, 180, 72.4835, 190.794
2495, 40, 180, 72.4533, 190.88
2496, 40, 180, 72.3864, 190.983
2497, 40, 180, 72.3499, 191.069
2498, 40, 180, 72.3196, 191.161
2499, 40, 180, 72.2666, 191.247
2500, 40, 180, 72.2136, 191.331
2501, 40, 180, 72.1606, 191.415
2502, 40, 180, 72.1241, 191.499
2503, 40, 180, 72.0875, 191.582
2504, 40, 180, 72.1801, 191.665
2505, 40, 180, 72.136, 191.748
2506, 40, 180, 72.1058, 191.83
2507, 40, 180, 71.9529, 191.913
2508, 41, 180, 71.9455, 191.997
2509, 42, 180, 71.9381, 192.082
2510, 42, 180, 71.9079, 192.165
2511, 42, 180, 71.8549, 192.25
2512, 43, 180, 71.8485, 192.334
2513, 44, 180, 71.842, 192.419
2514, 44, 180, 71.8153, 192.502
2515, 44, 180, 71.9437, 192.584
2516, 44, 180, 71.8848, 192.667
2517, 44, 180, 71.8407, 192.759
2518, 44, 180, 71.8139, 192.842
2519, 44, 180, 71.755, 192.927
2520, 44, 180, 71.7248, 193.01
2521, 44, 180, 71.6882, 193.102
2522, 44, 180, 71.6615, 193.185
2523, 44, 180, 71.6026, 193.267
2524, 44, 180, 71.5723, 193.35
2525, 44, 180, 71.6947, 193.433
2526, 44, 180, 71.6541, 193.517
2527, 44, 179, 71.8028, 193.6
2528, 44, 179, 71.7587, 193.682
2529, 44, 179, 71.7221, 193.764
2530, 44, 178, 71.8851, 193.846
2531, 44, 178, 71.8178, 193.928
2532, 44, 178, 71.698, 194.013
2533, 44, 178, 71.7906, 194.096
2534, 44, 178, 71.7541, 194.178
2535, 44, 178, 71.7273, 194.26
2536, 44, 178, 71.6907, 194.342
2537, 44, 178, 71.6234, 194.425
2538, 44, 178, 71.5566, 194.508
2539, 44, 178, 71.4977, 194.59
2540, 44, 178, 71.4674, 194.672
2541, 44, 178, 71.4085, 194.753
2542, 44, 178, 71.3555, 194.835
2543, 44, 178, 71.2717, 194.916
2544, 44, 178, 71.2187, 194.999
2545, 44, 178, 71.1983, 195.084
2546, 44, 178, 71.0606, 195.167
2547, 44, 178, 71.0017, 195.248
2548, 44, 178, 70.9428, 195.331
2549, 44, 178, 70.9062, 195.413
2550, 44, 178, 70.7533, 195.496
2551, 45, 178, 70.7476, 195.579
2552, 46, 178, 70.742, 195.662
2553, 46, 178, 70.7258, 195.743
2554, 46, 178, 70.6852, 195.824
2555, 46, 178, 70.586, 195.906
2556, 46, 178, 70.5453, 195.987
2557, 46, 178, 70.5047, 196.069
2558, 46, 178, 70.4779, 196.15
2559, 46, 178, 70.4413, 196.231
2560, 46, 178, 70.3883, 196.312
2561, 46, 178, 70.3581, 196.4
2562, 46, 178, 70.2908, 196.481
2563, 46, 178, 70.2542, 196.565
2564, 46, 178, 70.2328, 196.646
2565, 46, 178, 70.1847, 196.727
2566, 46, 178, 70.1317, 196.81
2567, 46, 178, 70.0958, 196.891
2568, 46, 178, 70.0592, 196.973
2569, 46, 178, 70.0151, 197.054
2570, 46, 178, 69.918, 197.147
2571, 46, 178, 69.8814, 197.229
2572, 46, 178, 69.8408, 197.317
2573, 46, 178, 69.8194, 197.411
2574, 46, 178, 69.7753, 197.493
2575, 46, 178, 69.7486, 197.574
2576, 46, 178, 69.7079, 197.655
2577, 46, 178, 69.6713, 197.736
2578, 46, 178, 69.6307, 197.817
2579, 46, 178, 69.6039, 197.9
2580, 46, 178, 69.5772, 197.989
2581, 46, 178, 69.5617, 198.071
2582, 46, 178, 69.5211, 198.153
2583, 46, 178, 69.4913, 198.234
2584, 46, 178, 69.4075, 198.315
2585, 47, 178, 69.4025, 198.402
2586, 48, 178, 69.3975, 198.488
2587, 48, 178, 69.3845, 198.57
2588, 48, 178, 69.3631, 198.652
2589, 48, 178, 69.3225, 198.734
2590, 48, 178, 69.302, 198.816
2591, 48, 178, 69.2347, 198.898
2592, 48, 178, 69.0538, 198.987
2593, 48, 178, 69.0008, 199.069
2594, 48, 178, 68.881, 199.151
2595, 48, 178, 68.828, 199.233
2596, 48, 178, 68.7432, 199.315
2597, 48, 178, 68.6902, 199.397
2598, 48, 178, 68.6537, 199.48
2599, 48, 178, 68.6096, 199.562
2600, 48, 178, 68.5125, 199.644
2601, 48, 178, 68.4684, 199.735
2602, 48, 177, 68.6171, 199.817
2603, 48, 177, 68.573, 199.899
2604, 48, 177, 68.5324, 199.981
2605, 48, 177, 68.4958, 200.064
2606, 48, 177, 68.4551, 200.146
2607, 48, 177, 68.4145, 200.228
2608, 48, 177, 68.3843, 200.31
2609, 48, 177, 68.3436, 200.402
2610, 48, 177, 68.3232, 200.486
2611, 48, 177, 68.2825, 200.569
2612, 48, 177, 68.2612, 200.652
2613, 48, 177, 68.1641, 200.734
2614, 48, 177, 68.0973, 200.817
2615, 48, 177, 67.9775, 200.899
2616, 48, 177, 68.0889, 200.982
2617, 48, 177, 67.9918, 201.064
2618, 48, 177, 67.9621, 201.147
2619, 48, 177, 67.9353, 201.229
2620, 48, 177, 67.9051, 201.312
2621, 48, 177, 67.8837, 201.395
2622, 48, 177, 67.8569, 201.495
2623, 48, 177, 67.8267, 201.593
2624, 48, 177, 67.7969, 201.677
2625, 48, 177, 67.7672, 201.762
2626, 48, 177, 67.8192, 201.845
2627, 48, 177, 67.7965, 201.929
2628, 48, 177, 67.7737, 202.012
2629, 48, 177, 67.7379, 202.094
2630, 48, 177, 67.7081, 202.177
2631, 48, 177, 67.692, 202.26
2632, 48, 177, 67.6622, 202.342
2633, 48, 177, 67.5775, 202.426
2634, 48, 177, 67.5507, 202.51
2635, 48, 177, 67.5294, 202.594
2636, 48, 177, 67.4456, 202.677
2637, 48, 177, 67.4301, 202.76
2638, 48, 177, 67.5001, 202.844
2639, 48, 177, 67.4635, 202.927
2640, 48, 177, 67.4367, 203.01
2641, 48, 176, 67.5854, 203.102
2642, 48, 176, 67.6781, 203.185
2643, 48, 176, 67.6506, 203.269
2644, 48, 176, 67.6209, 203.352
2645, 48, 176, 67.6005, 203.436
2646, 48, 176, 67.5702, 203.519
2647, 48, 176, 67.6629, 203.603
2648, 48, 176, 67.6326, 203.686
2649, 48, 176, 67.6059, 203.769
2650, 48, 176, 67.5693, 203.853
2651, 48, 176, 67.5211, 203.935
2652, 48, 176, 67.4846, 204.018
2653, 48, 176, 67.4632, 204.102
2654, 48, 176, 67.4191, 204.186
2655, 48, 176, 67.3894, 204.27
2656, 48, 176, 67.3739, 204.354
2657, 48, 176, 67.3373, 204.437
2658, 48, 176, 67.3008, 204.521
2659, 48, 176, 67.2803, 204.604
2660, 48, 176, 67.1965, 204.687
2661, 48, 176, 67.1599, 204.77
2662, 48, 176, 67.0931, 204.853
2663, 48, 176, 67.0629, 204.936
2664, 48, 176, 66.9658, 205.019
2665, 48, 176, 66.939, 205.104
2666, 48, 176, 66.9025, 205.188
2667, 48, 176, 67.0366, 205.272
2668, 48, 176, 67.0069, 205.355
2669, 48, 176, 66.9864, 205.438
2670, 48, 176, 66.9703, 205.521
2671, 48, 176, 66.9435, 205.604
2672, 48, 176, 66.8994, 205.687
2673, 48, 176, 66.8727, 205.771
2674, 48, 176, 66.8059, 205.854
2675, 48, 176, 66.7652, 205.938
2676, 48, 176, 66.8351, 206.024
2677, 48, 176, 66.7986, 206.109
2678, 48, 176, 66.7579, 206.193
2679, 48, 176, 66.7213, 206.28
2680, 48, 176, 66.6773, 206.37
2681, 48, 176, 66.6505, 206.457
2682, 48, 176, 66.6064, 206.54
2683, 48, 176, 66.5762, 206.623
2684, 48, 176, 66.5494, 206.706
2685, 48, 176, 66.5226, 206.789
2686, 48, 176, 66.4924, 206.873
2687, 48, 176, 66.4558, 206.956
2688, 48, 176, 66.4117, 207.04
2689, 48, 176, 66.385, 207.123
2690, 48, 176, 66.3182, 207.207
2691, 48, 176, 66.2816, 207.29
2692, 48, 176, 66.2375, 207.374
2693, 48, 176, 66.2077, 207.457
2694, 48, 176, 66.1873, 207.542
2695, 48, 176, 66.1205, 207.625
2696, 48, 176, 66.0764, 207.708
2697, 48, 176, 66.0467, 207.803
2698, 48, 176, 66.0262, 207.886
2699, 48, 176, 65.996, 207.969
2700, 48, 176, 65.9662, 208.052
2701, 48, 176, 65.9365, 208.136
2702, 48, 175, 66.0777, 208.219
2703, 48, 175, 66.1476, 208.302
2704, 48, 175, 66.1174, 208.385
2705, 48, 175, 66.0876, 208.469
2706, 48, 175, 66.0609, 208.552
2707, 48, 175, 66.0306, 208.635
2708, 48, 175, 66.0038, 208.717
2709, 48, 175, 65.9736, 208.805
2710, 48, 175, 65.9468, 208.904
2711, 48, 175, 65.9171, 208.987
2712, 48, 175, 65.8869, 209.07
2713, 48, 175, 65.8428, 209.153
2714, 48, 175, 65.776, 209.235
2715, 48, 175, 65.7492, 209.317
2716, 48, 175, 65.7288, 209.4
2717, 48, 175, 65.6806, 209.483
2718, 48, 175, 65.644, 209.565
2719, 48, 175, 65.6075, 209.648
2720, 48, 175, 65.5709, 209.742
2721, 48, 175, 65.5302, 209.825
2722, 48, 175, 65.4937, 209.908
2723, 48, 175, 65.453, 209.99
2724, 48, 175, 65.4164, 210.073
2725, 48, 175, 65.5091, 210.155
2726, 48, 175, 65.4823, 210.238
2727, 48, 175, 65.4382, 210.321
2728, 48, 175, 65.4016, 210.404
2729, 48, 175, 65.3714, 210.487
2730, 48, 175, 65.3446, 210.57
2731, 48, 175, 65.3179, 210.652
2732, 48, 175, 65.2911, 210.736
2733, 48, 175, 65.2505, 210.819
2734, 48, 175, 65.3789, 210.901
2735, 48, 175, 65.3423, 210.984
2736, 48, 175, 65.2585, 211.069
2737, 49, 175, 65.2521, 211.154
2738, 49, 175, 65.2218, 211.237
2739, 49, 175, 65.1853, 211.32
2740, 49, 175, 65.1487, 211.403
2741, 49, 175, 65.1185, 211.486
2742, 50, 175, 65.1128, 211.572
2743, 50, 175, 65.086, 211.706
2744, 50, 175, 65.042, 211.829
2745, 50, 175, 65.0215, 211.951
2746, 50, 175, 64.9918, 212.095
2747, 50, 175, 64.9713, 212.233
2748, 50, 175, 64.9445, 212.356
2749, 50, 175, 64.9005, 212.482
2750, 50, 175, 64.8639, 212.615
2751, 50, 175, 64.8232, 212.759
2752, 50, 175, 64.7867, 212.896
2753, 50, 175, 64.8793, 213.047
2754, 50, 175, 64.8525, 213.194
2755, 50, 175, 64.8223, 213.341
2756, 50, 175, 64.7782, 213.495
2757, 50, 175, 64.7485, 213.684
2758, 50, 175, 64.7217, 213.857
2759, 50, 175, 64.692, 213.98
2760, 50, 175, 64.6706, 214.094
2761, 50, 174, 64.8083, 214.215
2762, 50, 174, 64.7815, 214.321
2763, 50, 173, 64.9227, 214.404
2764, 50, 173, 64.8925, 214.489
2765, 50, 173, 64.8657, 214.572
2766, 50, 173, 64.836, 214.655
2767, 50, 173, 64.8062, 214.739
2768, 50, 173, 64.7858, 214.822
2769, 50, 173, 64.7555, 214.905
2770, 50, 173, 64.7149, 214.989
2771, 50, 173, 64.6847, 215.072
2772, 50, 173, 64.6545, 215.157
2773, 50, 173, 64.6242, 215.243
2774, 50, 173, 64.5876, 215.326
2775, 50, 173, 64.5436, 215.409
2776, 50, 173, 64.5138, 215.493
2777, 50, 173, 64.4924, 215.576
2778, 50, 173, 64.4711, 215.659
2779, 50, 173, 64.4443, 215.743
2780, 50, 173, 64.4175, 215.827
2781, 50, 173, 64.3907, 215.91
2782, 50, 173, 64.3239, 215.994
2783, 50, 173, 64.3026, 216.077
2784, 50, 173, 64.2758, 216.16
2785, 50, 173, 64.2544, 216.244
2786, 50, 173, 64.2178, 216.327
2787, 50, 173, 64.1737, 216.423
2788, 50, 173, 64.1372, 216.507
2789, 50, 173, 64.0965, 216.593
2790, 50, 173, 64.0663, 216.676
2791, 50, 173, 64.0458, 216.76
2792, 50, 173, 64.0093, 216.843
2793, 50, 173, 63.9795, 216.928
2794, 50, 173, 63.9527, 217.012
2795, 50, 173, 63.926, 217.095
2796, 50, 173, 63.8962, 217.179
2797, 50, 173, 63.8808, 217.262
2798, 50, 173, 63.8654, 217.346
2799, 50, 173, 63.844, 217.429
2800, 50, 172, 63.9852, 217.514
2801, 50, 172, 63.955, 217.598
2802, 50, 172, 64.0249, 217.683
2803, 50, 172, 63.9946, 217.767
2804, 50, 171, 64.1358, 217.851
2805, 50, 171, 64.1056, 217.952
2806, 50, 171, 64.0788, 218.037
2807, 50, 171, 64.0575, 218.121
2808, 51, 171, 64.0525, 218.207
2809, 51, 171, 64.0311, 218.292
2810, 51, 170, 64.1723, 218.376
2811, 51, 170, 64.142, 218.46
2812, 51, 170, 64.1216, 218.545
2813, 51, 170, 64.0914, 218.628
2814, 51, 170, 64.07, 218.711
2815, 51, 170, 64.0495, 218.794
2816, 51, 170, 64.0334, 218.878
2817, 51, 170, 64.018, 218.961
2818, 51, 170, 63.9953, 219.044
2819, 51, 170, 64.0473, 219.127
2820, 51, 170, 63.9991, 219.211
2821, 51, 170, 63.9694, 219.294
2822, 51, 170, 63.9335, 219.378
2823, 51, 170, 64.027, 219.461
2824, 51, 170, 64.0065, 219.544
2825, 51, 170, 63.9861, 219.628
2826, 51, 170, 63.9657, 219.719
2827, 51, 170, 63.9452, 219.805
2828, 51, 170, 63.9184, 219.888
2829, 51, 170, 63.8882, 219.972
2830, 51, 170, 63.8678, 220.055
2831, 51, 169, 64.0089, 220.138
2832, 51, 169, 63.9787, 220.221
2833, 51, 169, 63.9573, 220.305
2834, 51, 169, 63.9306, 220.389
2835, 51, 169, 63.894, 220.472
2836, 51, 169, 63.8574, 220.555
2837, 51, 169, 63.8306, 220.638
2838, 51, 169, 63.8093, 220.722
2839, 51, 169, 63.7825, 220.805
2840, 51, 168, 63.9237, 220.889
2841, 51, 168, 63.8969, 220.972
2842, 51, 168, 63.8701, 221.056
2843, 51, 168, 63.8399, 221.139
2844, 51, 168, 63.8033, 221.223
2845, 51, 168, 63.7765, 221.306
2846, 51, 168, 63.7498, 221.39
2847, 51, 168, 63.723, 221.473
2848, 51, 168, 63.6962, 221.557
2849, 51, 168, 63.666, 221.642
2850, 51, 168, 63.6294, 221.726
2851, 51, 168, 63.5813, 221.81
2852, 51, 168, 63.5145, 221.894
2853, 51, 168, 63.4471, 221.978
2854, 51, 168, 63.3798, 222.079
2855, 51, 168, 63.3357, 222.173
2856, 51, 168, 63.2991, 222.256
2857, 51, 168, 63.2585, 222.339
2858, 51, 168, 63.2317, 222.423
2859, 51, 168, 63.1911, 222.506
2860, 51, 168, 63.1608, 222.589
2861, 51, 168, 63.1243, 222.672
2862, 51, 168, 63.0761, 222.77
2863, 51, 168, 63.032, 222.856
2864, 51, 168, 62.9879, 222.939
2865, 51, 168, 62.9211, 223.024
2866, 51, 168, 62.877, 223.118
2867, 51, 168, 62.8097, 223.202
2868, 51, 168, 62.7829, 223.285
2869, 51, 168, 62.7532, 223.369
2870, 51, 168, 62.7327, 223.454
2871, 51, 168, 62.7114, 223.538
2872, 51, 168, 62.6748, 223.628
2873, 51, 168, 62.5777, 223.711
2874, 51, 168, 62.5509, 223.795
2875, 51, 168, 62.5241, 223.879
2876, 51, 168, 62.4939, 223.962
2877, 51, 168, 62.4498, 224.046
2878, 51, 168, 62.4133, 224.13
2879, 51, 168, 62.3767, 224.213
2880, 51, 168, 62.3562, 224.308
2881, 51, 168, 62.2591, 224.392
2882, 51, 168, 62.2226, 224.475
2883, 51, 168, 62.186, 224.558
2884, 51, 168, 62.1655, 224.642
2885, 51, 168, 62.1442, 224.726
2886, 51, 168, 62.1174, 224.81
2887, 51, 168, 62.2288, 224.894
2888, 51, 168, 62.2074, 224.978
2889, 51, 168, 62.1709, 225.061
2890, 51, 168, 62.1343, 225.152
2891, 51, 168, 62.0675, 225.236
2892, 51, 168, 62.0007, 225.32
2893, 51, 168, 61.9159, 225.403
2894, 51, 168, 61.8857, 225.487
2895, 51, 168, 61.8589, 225.571
2896, 51, 168, 61.8385, 225.655
2897, 51, 168, 61.8117, 225.739
2898, 51, 168, 61.7449, 225.822
2899, 51, 168, 61.7147, 225.906
2900, 51, 168, 61.6942, 225.99
2901, 51, 168, 61.6738, 226.076
2902, 51, 168, 61.6524, 226.16
2903, 51, 168, 61.6256, 226.244
2904, 51, 168, 61.6052, 226.33
2905, 51, 168, 61.5847, 226.423
2906, 51, 168, 61.5643, 226.507
2907, 51, 168, 61.5202, 226.592
2908, 51, 167, 61.657, 226.676
2909, 51, 167, 61.6302, 226.759
2910, 51, 167, 61.6035, 226.843
2911, 51, 167, 61.5367, 226.927
2912, 51, 167, 61.5001, 227.01
2913, 51, 167, 61.4733, 227.093
2914, 51, 167, 61.4327, 227.176
2915, 51, 167, 61.4024, 227.259
2916, 51, 167, 61.3757, 227.342
2917, 51, 167, 61.3459, 227.426
2918, 51, 167, 61.3157, 227.51
2919, 51, 167, 61.2855, 227.611
2920, 51, 167, 61.2187, 227.709
2921, 51, 167, 61.1982, 227.793
2922, 51, 167, 61.1501, 227.877
2923, 51, 167, 61.1203, 227.961
2924, 51, 167, 61.0901, 228.044
2925, 51, 167, 61.0687, 228.128
2926, 51, 167, 61.039, 228.211
2927, 51, 167, 61.0122, 228.294
2928, 51, 167, 60.9824, 228.378
2929, 51, 167, 60.9527, 228.471
2930, 51, 167, 60.9313, 228.555
2931, 51, 167, 60.9099, 228.638
2932, 51, 167, 60.8832, 228.722
2933, 51, 167, 60.8627, 228.805
2934, 51, 167, 60.8413, 228.89
2935, 51, 167, 60.7745, 228.977
2936, 51, 167, 60.7443, 229.063
2937, 51, 167, 60.7141, 229.147
2938, 51, 167, 60.6838, 229.231
2939, 51, 167, 60.6541, 229.314
2940, 51, 167, 60.6273, 229.397
2941, 51, 167, 60.6112, 229.481
2942, 51, 167, 60.5958, 229.564
2943, 51, 167, 60.569, 229.647
2944, 51, 167, 60.5331, 229.741
2945, 51, 167, 60.5127, 229.826
2946, 51, 167, 60.4645, 229.909
2947, 51, 167, 60.4441, 229.993
2948, 51, 167, 60.4236, 230.076
2949, 51, 167, 60.3968, 230.168
2950, 51, 167, 60.33, 230.256
2951, 51, 167, 60.3033, 230.34
2952, 51, 167, 60.3823, 230.423
2953, 51, 167, 60.3609, 230.508
2954, 51, 167, 60.3127, 230.594
2955, 51, 167, 60.2923, 230.677
2956, 51, 167, 60.2621, 230.762
2957, 51, 167, 60.1953, 230.848
2958, 51, 167, 60.1655, 230.932
2959, 51, 167, 60.1353, 231.016
2960, 51, 167, 60.1148, 231.101
2961, 51, 167, 60.0881, 231.199
2962, 51, 167, 60.0583, 231.284
2963, 51, 167, 60.0281, 231.368
2964, 51, 167, 59.9979, 231.452
2965, 51, 166, 60.1356, 231.537
2966, 51, 166, 60.1152, 231.621
2967, 51, 166, 60.0947, 231.704
2968, 51, 166, 60.0733, 231.787
2969, 51, 166, 60.0529, 231.885
2970, 51, 165, 60.1906, 231.971
2971, 51, 165, 60.1692, 232.055
2972, 51, 165, 60.1479, 232.139
2973, 51, 165, 60.1211, 232.222
2974, 51, 165, 60.2325, 232.305
2975, 51, 165, 60.2023, 232.388
2976, 51, 165, 60.2958, 232.472
2977, 51, 165, 60.2731, 232.555
2978, 51, 165, 60.2457, 232.639
2979, 51, 165, 60.2344, 232.723
2980, 51, 165, 60.2139, 232.809
2981, 51, 165, 60.1872, 232.892
2982, 51, 165, 60.1645, 232.976
2983, 51, 165, 60.1483, 233.069
2984, 51, 165, 60.1256, 233.153
2985, 51, 165, 60.1042, 233.241
2986, 51, 165, 60.0838, 233.324
2987, 51, 165, 60.0611, 233.408
2988, 51, 165, 60.0383, 233.491
2989, 51, 165, 59.9902, 233.59
2990, 51, 165, 59.9697, 233.68
2991, 51, 165, 59.9423, 233.763
2992, 51, 165, 60.0383, 233.865
2993, 51, 165, 60.017, 233.949
2994, 51, 165, 59.9966, 234.038
2995, 51, 165, 59.9752, 234.123
2996, 51, 165, 59.9538, 234.207
2997, 51, 165, 59.9334, 234.29
2998, 51, 165, 59.9172, 234.374
2999, 51, 164, 60.054, 234.458
