Seed is: 24
Number of samples is: 3000
Simulation name is: Simulation_2TV_10x10.sim
TimeStep, Distraction Rate, Missed States, Model Accuracy, Time (ms)
0, 0, 732, 0, 8.1e-05
1, 0, 731, 1, 0.064864
2, 0, 731, 0.584963, 0.127824
3, 0, 731, 0.415037, 0.189461
4, 0, 730, 1.17823, 0.250948
5, 0, 729, 1.94143, 0.313067
6, 0, 729, 1.5679, 0.374874
7, 0, 729, 1.19436, 0.436662
8, 0, 729, 1.04143, 0.498169
9, 0, 729, 0.888499, 0.559827
10, 0, 728, 1.8885, 0.628788
11, 0, 728, 1.47346, 0.691538
12, 0, 728, 1.30354, 0.753536
13, 0, 727, 2.06673, 0.814872
14, 0, 726, 3.06673, 0.895246
15, 0, 726, 2.6517, 0.958195
16, 0, 726, 2.48177, 1.02028
17, 0, 725, 3.24497, 1.08262
18, 0, 724, 4.00817, 1.14574
19, 0, 724, 3.63463, 1.20743
20, 0, 724, 3.2611, 1.26933
21, 0, 724, 3.10817, 1.33103
22, 0, 724, 2.95523, 1.3929
23, 0, 723, 3.71843, 1.45424
24, 0, 723, 3.3449, 1.51595
25, 0, 723, 2.97136, 1.57746
26, 0, 722, 3.2127, 1.63923
27, 0, 722, 3.00817, 1.70105
28, 0, 722, 2.85523, 1.76305
29, 0, 722, 2.74473, 1.82531
30, 0, 721, 3.50793, 1.88688
31, 0, 720, 4.50793, 1.94882
32, 0, 720, 4.09289, 2.01051
33, 0, 720, 3.92297, 2.07246
34, 0, 719, 4.68617, 2.13468
35, 0, 718, 5.44936, 2.19643
36, 0, 718, 5.07583, 2.25856
37, 0, 718, 4.7023, 2.32065
38, 0, 718, 4.54936, 2.3825
39, 0, 718, 4.39643, 2.44436
40, 0, 717, 4.16424, 2.50672
41, 0, 716, 5.5124, 2.56905
42, 0, 715, 5.86517, 2.63133
43, 0, 715, 5.3802, 2.69314
44, 0, 715, 4.89524, 2.75492
45, 0, 715, 4.6907, 2.81716
46, 0, 715, 4.48617, 2.87905
47, 0, 715, 4.40237, 2.94231
48, 0, 714, 5.16556, 3.01446
49, 0, 713, 5.92876, 3.08548
50, 0, 713, 5.55523, 3.14838
51, 0, 712, 5.908, 3.21139
52, 0, 712, 5.42304, 3.27391
53, 0, 712, 5.2701, 3.3359
54, 0, 712, 5.06556, 3.39822
55, 0, 711, 5.82876, 3.46014
56, 0, 710, 6.59196, 3.52224
57, 0, 709, 7.35516, 3.58727
58, 0, 709, 6.98162, 3.64977
59, 0, 709, 6.60809, 3.71212
60, 0, 709, 6.45516, 3.77587
61, 0, 709, 6.30222, 3.83851
62, 0, 708, 7.30222, 3.9013
63, 0, 708, 6.88719, 3.98028
64, 0, 708, 6.71726, 4.04422
65, 0, 707, 7.48046, 4.10763
66, 0, 707, 7.10693, 4.17027
67, 0, 706, 7.45969, 4.2337
68, 0, 706, 6.97473, 4.29618
69, 0, 706, 6.8218, 4.35931
70, 0, 706, 6.61726, 4.42204
71, 0, 705, 7.38046, 4.48461
72, 0, 704, 8.14366, 4.54887
73, 0, 703, 8.90685, 4.61145
74, 0, 703, 8.53332, 4.67428
75, 0, 703, 8.15979, 4.73725
76, 0, 703, 8.00685, 4.8003
77, 0, 703, 7.85392, 4.86305
78, 0, 702, 8.61712, 4.92609
79, 0, 702, 8.24358, 4.98978
80, 0, 702, 7.87005, 5.05254
81, 0, 702, 7.71712, 5.11557
82, 0, 702, 7.56419, 5.19629
83, 0, 702, 7.48039, 5.26098
84, 0, 701, 8.24358, 5.32412
85, 0, 700, 9.00678, 5.38711
86, 0, 700, 8.63325, 5.45014
87, 0, 700, 8.25971, 5.51318
88, 0, 700, 8.10678, 5.57578
89, 0, 700, 7.95385, 5.63893
90, 0, 699, 7.72166, 5.70213
91, 0, 698, 9.06982, 5.76581
92, 0, 697, 9.83301, 5.83238
93, 0, 696, 10.5962, 5.89605
94, 0, 696, 10.2227, 5.96031
95, 0, 696, 9.84914, 6.02384
96, 0, 696, 9.69621, 6.08765
97, 0, 696, 9.54328, 6.15208
98, 0, 695, 10.5433, 6.2164
99, 0, 695, 10.1282, 6.28058
100, 0, 695, 9.95832, 6.34431
101, 0, 694, 10.7215, 6.40775
102, 0, 694, 10.2365, 6.47233
103, 0, 694, 9.86302, 6.5362
104, 0, 694, 9.65848, 6.59989
105, 0, 694, 9.50555, 6.66365
106, 0, 693, 10.2687, 6.72746
107, 0, 692, 11.0319, 6.79222
108, 0, 691, 11.7951, 6.85596
109, 0, 691, 11.4216, 6.91934
110, 0, 691, 11.0481, 6.98258
111, 0, 691, 10.8951, 7.0475
112, 0, 691, 10.7422, 7.11099
113, 0, 690, 11.5054, 7.17445
114, 0, 690, 11.1319, 7.23823
115, 0, 690, 10.7583, 7.31058
116, 0, 689, 10.9997, 7.3747
117, 0, 689, 10.7951, 7.43833
118, 0, 689, 10.6422, 7.50196
119, 0, 689, 10.5317, 7.56527
120, 0, 688, 11.2949, 7.62882
121, 0, 687, 12.0581, 7.6918
122, 0, 686, 12.8213, 7.75513
123, 0, 685, 13.8213, 7.82224
124, 0, 685, 13.4063, 7.88629
125, 0, 685, 13.2363, 7.94998
126, 0, 684, 13.9995, 8.01383
127, 0, 684, 13.626, 8.0777
128, 0, 684, 13.2525, 8.14169
129, 0, 684, 13.0995, 8.20633
130, 0, 684, 12.9466, 8.27106
131, 0, 683, 13.7098, 8.33508
132, 0, 683, 13.3363, 8.40194
133, 0, 683, 12.9627, 8.46631
134, 0, 683, 12.8098, 8.53075
135, 0, 683, 12.6569, 8.59506
136, 0, 682, 13.4201, 8.65959
137, 0, 681, 14.1833, 8.72445
138, 0, 681, 13.8097, 8.7892
139, 0, 681, 13.4362, 8.8545
140, 0, 681, 13.2833, 8.9182
141, 0, 681, 13.1303, 8.98213
142, 0, 680, 13.8935, 9.05617
143, 0, 680, 13.52, 9.16288
144, 0, 680, 13.1465, 9.25913
145, 0, 680, 12.9935, 9.35468
146, 0, 680, 12.8406, 9.45127
147, 0, 680, 12.7568, 9.539
148, 0, 679, 13.52, 9.61339
149, 0, 678, 14.2832, 9.70802
150, 0, 678, 13.9097, 9.77429
151, 0, 678, 13.5361, 9.84183
152, 0, 678, 13.3832, 9.90801
153, 0, 678, 13.2303, 9.9722
154, 0, 677, 13.9935, 10.0364
155, 0, 676, 14.7566, 10.1007
156, 0, 675, 15.5198, 10.1677
157, 0, 675, 15.1463, 10.232
158, 0, 675, 14.7728, 10.2979
159, 0, 675, 14.6198, 10.363
160, 0, 675, 14.4669, 10.4275
161, 0, 674, 15.2301, 10.492
162, 0, 673, 15.9933, 10.5564
163, 0, 672, 16.7565, 10.6347
164, 0, 672, 16.383, 10.7003
165, 0, 672, 16.0094, 10.7654
166, 0, 672, 15.8565, 10.8299
167, 0, 672, 15.7036, 10.8938
168, 0, 671, 16.7036, 10.9584
169, 0, 671, 16.2885, 11.0225
170, 0, 671, 16.1186, 11.087
171, 0, 670, 16.8818, 11.1515
172, 0, 670, 16.5083, 11.2156
173, 0, 670, 16.1347, 11.2797
174, 0, 670, 15.9818, 11.3439
175, 0, 670, 15.8289, 11.408
176, 0, 669, 16.5921, 11.4726
177, 0, 669, 16.2185, 11.5369
178, 0, 669, 15.845, 11.6015
179, 0, 669, 15.6921, 11.6661
180, 0, 669, 15.5391, 11.7328
181, 0, 668, 16.3023, 11.7977
182, 0, 667, 17.0655, 11.8625
183, 0, 666, 17.8287, 11.9279
184, 0, 666, 17.4552, 11.9923
185, 0, 665, 17.808, 12.0572
186, 0, 665, 17.323, 12.1218
187, 0, 665, 17.1701, 12.1879
188, 0, 665, 16.9655, 12.2524
189, 0, 664, 17.7287, 12.3167
190, 0, 664, 17.3552, 12.381
191, 0, 664, 16.9817, 12.4465
192, 0, 664, 16.8287, 12.5113
193, 0, 664, 16.6758, 12.5759
194, 0, 664, 16.592, 12.6404
195, 0, 663, 17.3552, 12.705
196, 0, 662, 18.1184, 12.7697
197, 0, 662, 17.7449, 12.8343
198, 0, 662, 17.3713, 12.8992
199, 0, 662, 17.2184, 12.9637
200, 0, 662, 17.0655, 13.028
201, 0, 661, 17.8287, 13.0929
202, 0, 660, 18.5919, 13.158
203, 0, 659, 19.3551, 13.2253
204, 0, 659, 18.9815, 13.2905
205, 0, 659, 18.608, 13.3554
206, 0, 659, 18.4551, 13.4204
207, 0, 659, 18.3021, 13.4852
208, 0, 658, 19.0653, 13.5501
209, 0, 657, 19.8285, 13.6152
210, 0, 656, 20.5917, 13.6799
211, 0, 656, 20.2182, 13.7455
212, 0, 656, 19.8446, 13.8106
213, 0, 656, 19.6917, 13.8776
214, 0, 656, 19.5388, 13.9511
215, 0, 655, 20.302, 14.018
216, 0, 654, 21.0652, 14.0835
217, 0, 653, 20.833, 14.1488
218, 0, 652, 22.1811, 14.2169
219, 0, 651, 22.9443, 14.2822
220, 0, 650, 23.7075, 14.3478
221, 0, 649, 24.7075, 14.4132
222, 0, 649, 24.2925, 14.4783
223, 0, 649, 24.1226, 14.5439
224, 0, 648, 24.8858, 14.612
225, 0, 648, 24.5122, 14.6941
226, 0, 648, 24.1387, 14.7775
227, 0, 648, 23.9858, 14.8456
228, 0, 648, 23.8328, 14.911
229, 0, 647, 24.596, 14.9762
230, 0, 646, 24.9488, 15.0412
231, 0, 646, 24.4638, 15.1066
232, 0, 646, 24.0903, 15.1712
233, 0, 646, 23.8858, 15.2364
234, 0, 646, 23.7328, 15.3015
235, 0, 645, 24.496, 15.3663
236, 0, 645, 24.0111, 15.4314
237, 0, 645, 23.6375, 15.5116
238, 0, 645, 23.433, 15.5781
239, 0, 644, 23.6743, 15.6434
240, 0, 644, 23.4698, 15.7084
241, 0, 643, 24.233, 15.7738
242, 0, 643, 23.8595, 15.8387
243, 0, 643, 23.4859, 15.9054
244, 0, 643, 23.333, 15.9706
245, 0, 643, 23.1801, 16.0357
246, 0, 642, 23.9433, 16.104
247, 0, 641, 24.7065, 16.1692
248, 0, 640, 25.0592, 16.2345
249, 0, 640, 24.5743, 16.3018
250, 0, 640, 24.2007, 16.3667
251, 0, 640, 23.9962, 16.4321
252, 0, 640, 23.8433, 16.497
253, 0, 639, 24.6065, 16.5624
254, 0, 638, 25.3697, 16.6277
255, 0, 637, 26.1329, 16.6932
256, 0, 636, 26.8961, 16.7586
257, 0, 635, 27.6593, 16.8256
258, 0, 634, 28.6593, 16.9009
259, 0, 634, 28.2442, 16.9667
260, 0, 634, 28.0743, 17.0316
261, 0, 633, 28.8375, 17.097
262, 0, 633, 28.464, 17.1627
263, 0, 633, 28.0904, 17.2283
264, 0, 633, 27.9375, 17.3025
265, 0, 633, 27.7846, 17.3684
266, 0, 632, 27.5524, 17.4338
267, 0, 631, 28.9005, 17.515
268, 0, 631, 28.527, 17.5992
269, 0, 631, 28.042, 17.6655
270, 0, 631, 27.8891, 17.7315
271, 0, 631, 27.6846, 17.7969
272, 0, 630, 28.4478, 17.8624
273, 0, 630, 28.0742, 17.9274
274, 0, 630, 27.7007, 17.993
275, 0, 630, 27.5478, 18.0584
276, 0, 630, 27.3948, 18.1234
277, 0, 629, 28.158, 18.1921
278, 0, 629, 27.7845, 18.2578
279, 0, 629, 27.4109, 18.3234
280, 0, 629, 27.258, 18.3892
281, 0, 629, 27.1051, 18.455
282, 0, 628, 27.8683, 18.5206
283, 0, 627, 28.6315, 18.5863
284, 0, 627, 28.2579, 18.6517
285, 0, 627, 27.8844, 18.7172
286, 0, 627, 27.7315, 18.7825
287, 0, 626, 27.9728, 18.8501
288, 0, 626, 27.7683, 18.9163
289, 0, 625, 27.5361, 18.9824
290, 0, 624, 28.8842, 19.0492
291, 0, 623, 29.6474, 19.1158
292, 0, 622, 30.4106, 19.1956
293, 0, 621, 31.1738, 19.2624
294, 0, 620, 31.937, 19.3292
295, 0, 619, 32.937, 19.3955
296, 0, 619, 32.522, 19.4614
297, 0, 619, 32.3521, 19.5277
298, 0, 618, 32.1199, 19.5938
299, 0, 617, 33.468, 19.6648
300, 0, 617, 33.0945, 19.7519
301, 0, 617, 33.4095, 19.8191
302, 0, 617, 32.8315, 19.886
303, 0, 617, 32.6785, 19.9524
304, 0, 617, 32.4151, 20.0184
305, 0, 616, 33.1783, 20.085
306, 0, 616, 32.8048, 20.1514
307, 0, 616, 32.4312, 20.2197
308, 0, 616, 32.2783, 20.2862
309, 0, 616, 32.1254, 20.3524
310, 0, 615, 33.1254, 20.4191
311, 0, 615, 32.7103, 20.4853
312, 0, 615, 32.5404, 20.5516
313, 0, 614, 33.3036, 20.6409
314, 0, 613, 34.0668, 20.7252
315, 0, 612, 34.83, 20.8092
316, 0, 611, 35.83, 20.8769
317, 0, 611, 35.415, 20.9434
318, 0, 611, 35.245, 21.0096
319, 0, 610, 36.0082, 21.0758
320, 0, 610, 35.6347, 21.1424
321, 0, 610, 35.2612, 21.2088
322, 0, 610, 35.1082, 21.2839
323, 0, 610, 34.9553, 21.3763
324, 0, 609, 35.7185, 21.4447
325, 0, 609, 35.345, 21.5113
326, 0, 608, 35.6977, 21.5777
327, 0, 608, 36.0128, 21.6443
328, 0, 608, 36.2762, 21.7109
329, 0, 608, 36.4977, 21.7772
330, 0, 608, 35.8201, 21.8436
331, 0, 608, 35.6672, 21.9102
332, 0, 608, 35.3334, 21.9765
333, 0, 607, 35.1012, 22.0428
334, 0, 606, 36.4493, 22.11
335, 0, 605, 37.2125, 22.1771
336, 0, 605, 36.7276, 22.2438
337, 0, 605, 36.354, 22.3103
338, 0, 605, 36.576, 22.3767
339, 0, 605, 36.3125, 22.4432
340, 0, 604, 36.5539, 22.51
341, 0, 604, 36.3493, 22.5768
342, 0, 603, 37.1125, 22.643
343, 0, 602, 37.8757, 22.7099
344, 0, 601, 38.6389, 22.7767
345, 0, 600, 39.6389, 22.8453
346, 0, 600, 39.2239, 22.9126
347, 0, 600, 39.054, 22.9797
348, 0, 599, 39.8172, 23.0468
349, 0, 599, 39.4436, 23.114
350, 0, 599, 39.0701, 23.1809
351, 0, 599, 38.9172, 23.2481
352, 0, 599, 38.7642, 23.3152
353, 0, 598, 39.5274, 23.3823
354, 0, 598, 39.1539, 23.4492
355, 0, 598, 38.7804, 23.5162
356, 0, 598, 38.6274, 23.5858
357, 0, 598, 38.4745, 23.6527
358, 0, 597, 39.2377, 23.7197
359, 0, 596, 40.0009, 23.7869
360, 0, 596, 39.6274, 23.8538
361, 0, 596, 39.2538, 23.9264
362, 0, 596, 39.1009, 24.0367
363, 0, 596, 38.948, 24.112
364, 0, 595, 39.948, 24.1895
365, 0, 595, 39.5329, 24.2575
366, 0, 595, 39.363, 24.325
367, 0, 594, 40.1262, 24.3926
368, 0, 594, 39.7527, 24.4597
369, 0, 594, 39.3791, 24.5269
370, 0, 594, 39.2262, 24.594
371, 0, 593, 39.4675, 24.6618
372, 0, 593, 39.263, 24.7291
373, 0, 592, 40.0262, 24.8078
374, 0, 592, 39.6527, 24.8757
375, 0, 591, 40.0054, 24.9434
376, 0, 591, 39.5205, 25.0113
377, 0, 591, 39.3675, 25.0789
378, 0, 591, 39.163, 25.1467
379, 0, 590, 39.9262, 25.2142
380, 0, 589, 40.6894, 25.2817
381, 0, 589, 40.3159, 25.3488
382, 0, 589, 39.9423, 25.416
383, 0, 589, 39.7894, 25.4834
384, 0, 589, 39.6365, 25.551
385, 0, 588, 39.8262, 25.6189
386, 0, 588, 39.7157, 25.6868
387, 0, 588, 39.6319, 25.7888
388, 0, 588, 39.5481, 25.8968
389, 0, 587, 40.5481, 25.9974
390, 0, 587, 40.1331, 26.098
391, 0, 587, 39.9631, 26.1993
392, 0, 586, 40.7263, 26.3073
393, 0, 585, 41.4895, 26.398
394, 0, 585, 41.116, 26.4829
395, 0, 585, 40.7425, 26.5529
396, 0, 585, 40.5895, 26.6206
397, 0, 585, 40.4366, 26.6878
398, 0, 585, 40.3528, 26.7553
399, 0, 584, 41.3528, 26.823
400, 0, 584, 40.9378, 26.8906
401, 0, 584, 40.7678, 26.9584
402, 0, 583, 41.531, 27.0262
403, 0, 582, 42.2942, 27.0939
404, 0, 581, 42.647, 27.1617
405, 0, 581, 42.162, 27.2293
406, 0, 581, 41.7885, 27.3112
407, 0, 581, 41.584, 27.3801
408, 0, 580, 41.8253, 27.4478
409, 0, 580, 41.6208, 27.5158
410, 0, 580, 41.5103, 27.5834
411, 0, 579, 42.2735, 27.651
412, 0, 578, 43.0367, 27.7191
413, 0, 578, 42.6631, 27.7871
414, 0, 578, 42.2896, 27.8548
415, 0, 578, 42.1367, 27.9236
416, 0, 578, 41.9837, 27.991
417, 0, 578, 41.8999, 28.0584
418, 0, 577, 42.6631, 28.1376
419, 0, 576, 43.4263, 28.206
420, 0, 576, 43.0528, 28.2737
421, 0, 576, 42.6793, 28.3412
422, 0, 576, 42.5263, 28.4085
423, 0, 576, 42.3734, 28.4757
424, 0, 576, 42.2896, 28.5444
425, 0, 575, 43.0528, 28.6126
426, 0, 574, 43.816, 28.68
427, 0, 574, 43.4425, 28.7561
428, 0, 574, 43.0689, 28.8493
429, 0, 573, 43.3103, 28.9191
430, 0, 573, 43.1057, 28.9869
431, 0, 573, 42.9528, 29.0546
432, 0, 573, 43.1158, 29.1221
433, 0, 573, 43.0227, 29.1897
434, 0, 573, 42.9389, 29.2595
435, 0, 572, 43.7021, 29.3272
436, 0, 571, 44.4653, 29.395
437, 0, 570, 45.2285, 29.4623
438, 0, 570, 44.855, 29.5298
439, 0, 570, 44.4814, 29.5974
440, 0, 570, 44.3285, 29.6651
441, 0, 570, 44.1756, 29.7324
442, 0, 569, 44.9388, 29.7998
443, 0, 569, 44.5652, 29.8689
444, 0, 568, 44.918, 29.9361
445, 0, 568, 44.4331, 30.0034
446, 0, 568, 44.2801, 30.0887
447, 0, 568, 44.0756, 30.169
448, 0, 567, 44.8388, 30.2369
449, 0, 566, 45.602, 30.3042
450, 0, 566, 45.2284, 30.3713
451, 0, 566, 44.8549, 30.4386
452, 0, 566, 44.702, 30.5061
453, 0, 566, 44.549, 30.573
454, 0, 566, 44.4652, 30.6505
455, 0, 566, 44.3814, 30.7188
456, 0, 566, 44.2977, 30.7861
457, 0, 566, 44.2045, 30.8541
458, 0, 566, 44.1207, 30.9216
459, 0, 566, 44.0369, 30.9888
460, 0, 566, 43.9531, 31.0561
461, 0, 566, 43.86, 31.1231
462, 0, 566, 43.7089, 31.1903
463, 0, 566, 43.5984, 31.2659
464, 0, 566, 43.5146, 31.3335
465, 0, 566, 43.4616, 31.4013
466, 0, 566, 43.3778, 31.4932
467, 0, 565, 44.3778, 31.5945
468, 0, 565, 43.9628, 31.6911
469, 0, 565, 43.7928, 31.7869
470, 0, 565, 43.709, 31.892
471, 0, 564, 44.709, 32.0015
472, 0, 564, 44.294, 32.108
473, 0, 564, 44.1241, 32.2132
474, 0, 564, 44.031, 32.3148
475, 0, 564, 43.9379, 32.4049
476, 0, 564, 43.8541, 32.4739
477, 0, 564, 43.7609, 32.5415
478, 0, 564, 43.6771, 32.6088
479, 0, 563, 44.4403, 32.6763
480, 0, 562, 45.2035, 32.7436
481, 0, 562, 44.83, 32.8109
482, 0, 562, 44.4565, 32.8781
483, 0, 562, 44.3035, 32.9457
484, 0, 562, 44.1506, 33.0132
485, 0, 561, 45.1506, 33.0806
486, 0, 561, 44.7356, 33.148
487, 0, 561, 44.5656, 33.2263
488, 0, 561, 44.4551, 33.2947
489, 0, 561, 44.4021, 33.3623
490, 0, 561, 44.3183, 33.4297
491, 0, 561, 44.2345, 33.5034
492, 0, 561, 44.1815, 33.5725
493, 0, 561, 44.0304, 33.6591
494, 0, 561, 43.9715, 33.7276
495, 0, 561, 43.9126, 33.7953
496, 0, 561, 43.8596, 33.8627
497, 0, 561, 43.7758, 33.93
498, 0, 561, 43.6653, 34.0112
499, 0, 561, 43.5815, 34.0789
500, 0, 561, 43.5285, 34.1464
501, 0, 561, 43.4755, 34.2245
502, 0, 561, 43.3917, 34.2933
503, 0, 561, 43.3079, 34.3625
504, 0, 560, 44.0711, 34.4316
505, 0, 560, 43.6976, 34.4993
506, 0, 560, 43.6138, 34.5669
507, 0, 559, 43.8035, 34.6352
508, 0, 559, 43.693, 34.7033
509, 0, 559, 43.6092, 34.771
510, 0, 559, 43.5254, 34.8383
511, 0, 559, 43.4323, 34.9055
512, 0, 559, 43.3218, 34.9733
513, 0, 558, 44.085, 35.0438
514, 0, 558, 43.7115, 35.1118
515, 0, 557, 44.4747, 35.1802
516, 0, 557, 44.1011, 35.2481
517, 0, 557, 43.7276, 35.3155
518, 0, 557, 43.5747, 35.3833
519, 0, 557, 43.4217, 35.4508
520, 0, 556, 43.1895, 35.5186
521, 0, 555, 44.5377, 35.5864
522, 0, 554, 45.3009, 35.654
523, 0, 554, 44.8159, 35.722
524, 0, 554, 44.4424, 35.7895
525, 0, 554, 44.2379, 35.8591
526, 0, 554, 44.0849, 35.9271
527, 0, 553, 43.8527, 35.9951
528, 0, 553, 43.8112, 36.0625
529, 0, 552, 45.5159, 36.1326
530, 0, 551, 46.2791, 36.2001
531, 0, 550, 47.0423, 36.2677
532, 0, 550, 46.6688, 36.3415
533, 0, 550, 46.2953, 36.4296
534, 0, 550, 46.1423, 36.4984
535, 0, 550, 45.9894, 36.5666
536, 0, 549, 46.7526, 36.6347
537, 0, 548, 47.5158, 36.7031
538, 0, 548, 47.1423, 36.7715
539, 0, 548, 46.7687, 36.842
540, 0, 548, 46.6158, 36.9096
541, 0, 548, 46.4629, 36.9776
542, 0, 547, 47.2261, 37.0458
543, 0, 546, 47.9892, 37.1139
544, 0, 545, 48.7524, 37.1822
545, 0, 544, 49.1052, 37.2501
546, 0, 544, 48.6203, 37.3347
547, 0, 544, 48.2467, 37.4036
548, 0, 544, 48.0422, 37.4717
549, 0, 544, 47.8892, 37.5396
550, 0, 543, 48.6524, 37.6076
551, 0, 542, 49.4156, 37.6761
552, 0, 542, 49.0421, 37.7442
553, 0, 542, 48.6686, 37.8227
554, 0, 542, 48.5156, 37.9057
555, 0, 542, 48.3627, 37.9741
556, 0, 541, 49.3627, 38.042
557, 0, 541, 48.9477, 38.1099
558, 0, 541, 48.7777, 38.1798
559, 0, 540, 49.5409, 38.2581
560, 0, 540, 49.1674, 38.3262
561, 0, 540, 48.7939, 38.3942
562, 0, 540, 48.6409, 38.4619
563, 0, 540, 48.488, 38.5298
564, 0, 539, 49.2512, 38.5977
565, 0, 539, 49.5146, 38.6656
566, 0, 538, 50.2778, 38.7338
567, 0, 538, 49.7929, 38.8025
568, 0, 538, 49.4193, 38.872
569, 0, 538, 49.2148, 38.9405
570, 0, 538, 49.0619, 39.009
571, 0, 537, 49.8251, 39.077
572, 0, 537, 49.4515, 39.146
573, 0, 537, 49.078, 39.2146
574, 0, 537, 48.9251, 39.284
575, 0, 537, 48.7721, 39.3533
576, 0, 536, 48.5399, 39.4233
577, 0, 535, 49.8881, 39.492
578, 0, 535, 49.5146, 39.5605
579, 0, 535, 49.0296, 39.6294
580, 0, 535, 48.8767, 39.6972
581, 0, 535, 48.6721, 39.7655
582, 0, 534, 49.4353, 39.834
583, 0, 534, 49.0618, 39.9021
584, 0, 534, 48.6883, 39.9707
585, 0, 534, 48.5353, 40.0392
586, 0, 534, 48.3824, 40.1078
587, 0, 533, 49.1456, 40.1766
588, 0, 533, 48.7721, 40.2457
589, 0, 533, 48.3985, 40.3142
590, 0, 533, 48.2456, 40.3832
591, 0, 533, 48.0927, 40.4518
592, 0, 532, 48.8559, 40.5209
593, 0, 531, 48.6237, 40.5896
594, 0, 530, 49.9718, 40.6711
595, 0, 529, 50.735, 40.7421
596, 0, 529, 51.0501, 40.8115
597, 0, 528, 51.8133, 40.8822
598, 0, 528, 51.4397, 40.9528
599, 0, 528, 51.0662, 41.0226
600, 0, 528, 50.9133, 41.0917
601, 0, 528, 50.7603, 41.1609
602, 0, 528, 50.6765, 41.2303
603, 0, 527, 51.4397, 41.3005
604, 0, 526, 52.2029, 41.3986
605, 0, 526, 51.8294, 41.4698
606, 0, 525, 52.1822, 41.5408
607, 0, 525, 51.6972, 41.6102
608, 0, 525, 51.5443, 41.6795
609, 0, 525, 51.3397, 41.7493
610, 0, 524, 52.1029, 41.8186
611, 0, 523, 52.8661, 41.888
612, 0, 522, 53.6293, 41.9576
613, 0, 522, 53.2558, 42.0278
614, 0, 522, 52.8823, 42.0976
615, 0, 522, 52.7293, 42.1671
616, 0, 522, 52.5764, 42.2369
617, 0, 521, 53.3396, 42.3067
618, 0, 520, 54.1028, 42.3807
619, 0, 519, 54.866, 42.4957
620, 0, 519, 54.4924, 42.5973
621, 0, 519, 54.1189, 42.6931
622, 0, 519, 53.966, 42.8028
623, 0, 519, 53.813, 42.9105
624, 0, 518, 54.5762, 43.0142
625, 0, 517, 55.3394, 43.1166
626, 0, 516, 56.1026, 43.2294
627, 0, 516, 55.7291, 43.3374
628, 0, 516, 55.3556, 43.4275
629, 0, 516, 55.2026, 43.5305
630, 0, 516, 55.0497, 43.6054
631, 0, 515, 55.8129, 43.6764
632, 0, 514, 56.8129, 43.747
633, 0, 514, 56.3979, 43.8184
634, 0, 514, 56.2279, 43.8896
635, 0, 513, 56.9911, 43.9738
636, 0, 512, 57.9911, 44.0447
637, 0, 512, 57.5761, 44.1145
638, 0, 512, 57.4062, 44.1849
639, 0, 511, 58.1694, 44.2553
640, 0, 510, 59.1694, 44.3253
641, 0, 510, 58.7543, 44.3955
642, 0, 510, 58.5844, 44.4657
643, 0, 509, 59.3476, 44.5361
644, 0, 508, 60.3476, 44.6065
645, 0, 508, 59.9326, 44.6771
646, 0, 508, 59.7626, 44.756
647, 0, 507, 60.7626, 44.8289
648, 0, 507, 60.3476, 44.8995
649, 0, 507, 60.1777, 44.97
650, 0, 506, 60.9409, 45.0406
651, 0, 505, 61.2936, 45.111
652, 0, 505, 60.8087, 45.1817
653, 0, 504, 61.1615, 45.2535
654, 0, 504, 60.6765, 45.3243
655, 0, 504, 60.472, 45.3945
656, 0, 504, 60.6939, 45.465
657, 0, 504, 60.4305, 45.5356
658, 0, 503, 61.1936, 45.606
659, 0, 503, 60.8201, 45.6764
660, 0, 502, 61.1729, 45.747
661, 0, 502, 60.6879, 45.8175
662, 0, 502, 60.535, 45.8879
663, 0, 502, 60.3305, 45.9586
664, 0, 501, 60.0983, 46.0289
665, 0, 501, 60.0568, 46.1013
666, 0, 500, 61.7615, 46.1723
667, 0, 500, 61.3879, 46.2429
668, 0, 500, 60.8099, 46.3136
669, 0, 500, 60.6569, 46.3844
670, 0, 500, 60.5731, 46.4571
671, 0, 500, 60.4626, 46.528
672, 0, 500, 60.3695, 46.6014
673, 0, 500, 60.2764, 46.6724
674, 0, 500, 60.1926, 46.7425
675, 0, 500, 60.0821, 46.8134
676, 0, 499, 61.0821, 46.8839
677, 0, 499, 60.6671, 46.9543
678, 0, 499, 60.4971, 47.0246
679, 0, 498, 61.2603, 47.0952
680, 0, 497, 62.0235, 47.1654
681, 0, 497, 61.65, 47.2356
682, 0, 497, 61.2765, 47.3133
683, 0, 497, 61.1235, 47.3843
684, 0, 497, 60.9706, 47.4549
685, 0, 496, 61.1603, 47.5258
686, 0, 496, 61.0498, 47.5971
687, 0, 495, 61.813, 47.6679
688, 0, 494, 62.5762, 47.7388
689, 0, 494, 62.2027, 47.8092
690, 0, 494, 61.8292, 47.88
691, 0, 493, 62.0705, 47.9508
692, 0, 493, 61.866, 48.0214
693, 0, 493, 61.713, 48.0924
694, 0, 493, 61.6025, 48.1633
695, 0, 492, 62.3657, 48.234
696, 0, 491, 63.1289, 48.305
697, 0, 491, 62.7554, 48.3756
698, 0, 491, 62.3819, 48.4462
699, 0, 491, 62.2289, 48.5168
700, 0, 491, 62.076, 48.5875
701, 0, 491, 61.9922, 48.658
702, 0, 490, 62.1819, 48.729
703, 0, 490, 62.0714, 48.8001
704, 0, 489, 63.0714, 48.8709
705, 0, 489, 62.6564, 48.9425
706, 0, 489, 62.4865, 49.0132
707, 0, 489, 62.3934, 49.0834
708, 0, 489, 62.3404, 49.1838
709, 0, 489, 62.2566, 49.2564
710, 0, 489, 62.1728, 49.3269
711, 0, 489, 62.0797, 49.3974
712, 0, 489, 62.0123, 49.4676
713, 0, 489, 61.9285, 49.5377
714, 0, 489, 61.7249, 49.6082
715, 0, 489, 61.5738, 49.6788
716, 0, 489, 61.49, 49.7491
717, 0, 488, 61.8427, 49.8196
718, 0, 488, 61.3578, 49.8901
719, 0, 488, 61.274, 49.961
720, 0, 488, 60.9004, 50.0317
721, 0, 488, 60.7475, 50.1021
722, 0, 487, 60.9372, 50.1726
723, 0, 487, 60.8267, 50.2433
724, 0, 487, 60.7737, 50.3135
725, 0, 487, 60.7064, 50.3838
726, 0, 487, 60.0694, 50.4543
727, 0, 487, 59.9856, 50.5243
728, 0, 487, 59.9326, 50.5946
729, 0, 487, 59.8488, 50.6805
730, 0, 487, 59.7557, 50.7513
731, 0, 487, 59.6452, 50.8248
732, 0, 487, 59.3818, 50.9107
733, 0, 486, 60.145, 50.9814
734, 0, 486, 59.7715, 51.0516
735, 0, 485, 60.1242, 51.1217
736, 0, 485, 59.6393, 51.1917
737, 0, 485, 59.4863, 51.2614
738, 0, 485, 59.2818, 51.3316
739, 0, 484, 60.045, 51.4015
740, 0, 484, 59.6715, 51.4713
741, 0, 484, 59.2979, 51.5415
742, 0, 484, 59.145, 51.6115
743, 0, 484, 58.9921, 51.6813
744, 0, 483, 59.7552, 51.7514
745, 0, 483, 59.3817, 51.8217
746, 0, 482, 59.7345, 51.9116
747, 0, 482, 59.2495, 51.9834
748, 0, 481, 59.4909, 52.0542
749, 0, 481, 59.2863, 52.1242
750, 0, 481, 59.0818, 52.1947
751, 0, 480, 58.8496, 52.2647
752, 0, 480, 58.8081, 52.336
753, 0, 479, 60.5128, 52.4062
754, 0, 478, 60.8656, 52.4793
755, 0, 478, 60.3806, 52.5498
756, 0, 478, 59.8025, 52.6203
757, 0, 478, 59.598, 52.6904
758, 0, 478, 59.761, 52.7607
759, 0, 478, 59.4976, 52.8311
760, 0, 477, 60.2608, 52.9012
761, 0, 477, 59.8873, 52.9714
762, 0, 476, 59.6551, 53.0614
763, 0, 475, 61.0032, 53.1325
764, 0, 474, 61.7664, 53.2029
765, 0, 473, 62.5296, 53.2734
766, 0, 472, 63.2928, 53.3433
767, 0, 471, 64.056, 53.4136
768, 0, 470, 65.056, 53.4839
769, 0, 470, 64.641, 53.5538
770, 0, 470, 64.471, 53.624
771, 0, 469, 64.2389, 53.6945
772, 0, 468, 65.587, 53.7656
773, 0, 468, 65.2135, 53.8363
774, 0, 468, 64.7285, 53.9071
775, 0, 467, 64.9699, 53.9925
776, 0, 467, 64.7653, 54.0637
777, 0, 467, 64.5608, 54.135
778, 0, 466, 65.324, 54.2049
779, 0, 466, 64.9504, 54.2753
780, 0, 466, 64.5769, 54.3459
781, 0, 466, 64.424, 54.416
782, 0, 466, 64.271, 54.4861
783, 0, 465, 65.0342, 54.5567
784, 0, 464, 65.387, 54.6277
785, 0, 464, 64.9021, 54.6985
786, 0, 464, 64.5285, 54.7691
787, 0, 464, 64.324, 54.8397
788, 0, 463, 64.5653, 54.9108
789, 0, 463, 64.3608, 54.9816
790, 0, 462, 65.124, 55.0522
791, 0, 462, 64.7504, 55.123
792, 0, 461, 65.1032, 55.1936
793, 0, 461, 65.4183, 55.2904
794, 0, 461, 64.8402, 55.3932
795, 0, 461, 64.6873, 55.4794
796, 0, 461, 64.8918, 55.5857
797, 0, 460, 64.6596, 55.6862
798, 0, 459, 66.0078, 55.7874
799, 0, 458, 66.771, 55.8949
800, 0, 458, 66.286, 55.9973
801, 0, 458, 65.9125, 56.1065
802, 0, 458, 65.7079, 56.2166
803, 0, 458, 65.555, 56.3177
804, 0, 457, 66.555, 56.4255
805, 0, 457, 66.1399, 56.5294
806, 0, 457, 65.97, 56.6328
807, 0, 457, 65.8595, 56.742
808, 0, 456, 66.6227, 56.851
809, 0, 455, 67.3859, 56.9514
810, 0, 455, 67.0124, 57.0598
811, 0, 455, 66.6389, 57.1623
812, 0, 455, 66.4859, 57.2679
813, 0, 455, 66.333, 57.3886
814, 0, 454, 67.333, 57.496
815, 0, 454, 66.9179, 57.6002
816, 0, 454, 66.748, 57.7125
817, 0, 454, 66.6642, 57.8198
818, 0, 453, 67.4274, 57.9309
819, 1, 452, 68.4274, 58.0406
820, 2, 452, 68.0124, 58.1524
821, 3, 452, 67.8425, 58.2664
822, 4, 452, 67.7493, 58.3774
823, 5, 452, 67.6905, 58.488
824, 6, 452, 67.6498, 58.5932
825, 7, 452, 67.6201, 58.6985
826, 8, 452, 67.5973, 58.831
827, 9, 452, 67.5794, 58.9436
828, 10, 452, 67.5649, 59.05
829, 11, 451, 68.5649, 59.1684
830, 12, 451, 68.1499, 59.2837
831, 13, 451, 67.98, 59.384
832, 14, 451, 67.8869, 59.494
833, 15, 451, 67.828, 59.6042
834, 16, 451, 67.7873, 59.7124
835, 17, 451, 67.7576, 59.8177
836, 18, 451, 67.7349, 59.9222
837, 19, 451, 67.7169, 60.0327
838, 20, 451, 67.7024, 60.1406
839, 21, 451, 67.6905, 60.2454
840, 22, 451, 67.6785, 60.3584
841, 22, 451, 67.5947, 60.4679
842, 22, 450, 68.3579, 60.5758
843, 22, 449, 69.1211, 60.698
844, 22, 449, 68.7475, 60.8045
845, 22, 449, 68.374, 60.9155
846, 22, 449, 68.2211, 61.0274
847, 22, 449, 68.0681, 61.1284
848, 22, 448, 67.836, 61.2374
849, 22, 447, 69.1841, 61.3427
850, 22, 446, 69.9473, 61.4489
851, 22, 446, 69.4623, 61.5582
852, 22, 446, 69.0888, 61.6684
853, 22, 446, 68.8843, 61.7737
854, 22, 446, 68.7313, 61.8783
855, 22, 446, 68.6475, 61.9898
856, 22, 446, 68.5637, 62.0984
857, 22, 445, 69.3269, 62.2001
858, 23, 445, 69.3169, 62.3126
859, 24, 445, 69.3068, 62.4236
860, 24, 445, 69.223, 62.5341
861, 24, 445, 69.1392, 62.6421
862, 24, 445, 69.0862, 62.7484
863, 24, 445, 68.9931, 62.8594
864, 24, 445, 68.8826, 62.9723
865, 24, 444, 69.8826, 63.0768
866, 24, 444, 69.4676, 63.1846
867, 24, 444, 69.2977, 63.2947
868, 24, 444, 69.2046, 63.403
869, 24, 444, 69.1114, 63.5106
870, 24, 444, 69.0009, 63.6243
871, 24, 444, 68.6274, 63.7327
872, 25, 444, 68.6189, 63.8461
873, 26, 444, 68.6103, 63.9639
874, 26, 444, 68.5573, 64.0738
875, 26, 444, 68.4735, 64.1858
876, 26, 444, 68.3897, 64.3005
877, 26, 444, 68.7047, 64.4126
878, 26, 444, 68.1267, 64.5215
879, 26, 443, 67.8945, 64.6285
880, 26, 443, 67.853, 64.7391
881, 26, 442, 69.5577, 64.8506
882, 26, 441, 70.3209, 64.9601
883, 26, 441, 69.7428, 65.0717
884, 26, 441, 69.3692, 65.1833
885, 26, 441, 69.5738, 65.2953
886, 26, 440, 70.337, 65.4049
887, 26, 440, 69.9635, 65.5176
888, 26, 440, 69.5899, 65.6266
889, 26, 440, 69.437, 65.7381
890, 26, 439, 69.6783, 65.8489
891, 26, 439, 69.4738, 65.9654
892, 26, 439, 69.39, 66.0798
893, 26, 439, 69.2795, 66.1881
894, 26, 439, 69.1957, 66.2948
895, 26, 438, 69.9589, 66.4027
896, 26, 437, 70.7221, 66.5109
897, 26, 437, 70.3486, 66.6196
898, 26, 437, 69.975, 66.7328
899, 26, 437, 69.8221, 66.8412
900, 26, 437, 69.6692, 66.9493
901, 26, 436, 70.4324, 67.0577
902, 26, 435, 71.1955, 67.166
903, 26, 434, 71.9587, 67.2829
904, 26, 434, 71.5852, 67.3954
905, 26, 433, 71.938, 67.5032
906, 26, 433, 71.453, 67.6133
907, 26, 433, 71.3001, 67.7225
908, 26, 433, 71.522, 67.8315
909, 26, 432, 72.2852, 67.9429
910, 26, 431, 73.0484, 68.0538
911, 26, 430, 73.4012, 68.1657
912, 26, 430, 72.9162, 68.2686
913, 26, 430, 72.5427, 68.3784
914, 26, 430, 72.3381, 68.4914
915, 26, 429, 72.5795, 68.6044
916, 26, 429, 72.3749, 68.7116
917, 26, 428, 73.1381, 68.8148
918, 26, 427, 73.9013, 68.9227
919, 26, 426, 74.6645, 69.0313
920, 26, 426, 74.291, 69.1445
921, 26, 426, 73.9175, 69.255
922, 26, 426, 73.7645, 69.3679
923, 26, 426, 73.6116, 69.48
924, 26, 425, 74.3748, 69.5874
925, 26, 424, 75.138, 69.6893
926, 26, 424, 74.7645, 69.8024
927, 26, 423, 75.1172, 69.9095
928, 26, 423, 74.6323, 70.019
929, 26, 423, 74.4793, 70.1264
930, 26, 423, 74.2748, 70.235
931, 26, 422, 75.2748, 70.3427
932, 26, 422, 74.8598, 70.4512
933, 26, 422, 74.6898, 70.5592
934, 26, 421, 75.453, 70.6791
935, 26, 421, 75.0795, 70.7868
936, 26, 421, 74.706, 70.8936
937, 26, 421, 74.553, 71.0004
938, 26, 421, 74.4001, 71.1077
939, 26, 420, 75.1633, 71.2129
940, 26, 419, 75.9265, 71.3201
941, 26, 418, 76.6897, 71.4291
942, 26, 418, 76.3162, 71.5362
943, 26, 418, 75.9426, 71.6415
944, 26, 417, 76.184, 71.7493
945, 26, 417, 76.4059, 71.8609
946, 26, 417, 76.1425, 71.9694
947, 26, 417, 75.9895, 72.0856
948, 26, 416, 76.7527, 72.1927
949, 26, 416, 76.3792, 72.2974
950, 26, 416, 76.0057, 72.405
951, 26, 416, 75.8527, 72.5144
952, 26, 415, 76.0941, 72.6234
953, 26, 415, 75.8895, 72.7286
954, 26, 415, 75.779, 72.8414
955, 26, 414, 76.5422, 72.9513
956, 26, 413, 76.31, 73.061
957, 26, 412, 77.6582, 73.1697
958, 26, 412, 77.2847, 73.2779
959, 26, 412, 76.7997, 73.3863
960, 26, 412, 76.6468, 73.495
961, 26, 412, 76.4422, 73.6038
962, 26, 411, 77.2054, 73.7103
963, 26, 410, 77.9686, 73.8205
964, 26, 409, 78.7318, 73.9299
965, 26, 409, 78.3583, 74.0579
966, 26, 409, 77.9848, 74.1662
967, 26, 409, 77.8318, 74.2735
968, 26, 409, 77.6789, 74.3821
969, 26, 408, 78.6789, 74.4903
970, 26, 408, 78.2639, 74.6
971, 26, 408, 78.0939, 74.7124
972, 26, 407, 78.8571, 74.8237
973, 26, 407, 78.4836, 74.9359
974, 26, 407, 78.1101, 75.0444
975, 26, 407, 77.9571, 75.1538
976, 26, 407, 77.8042, 75.2652
977, 26, 406, 78.5674, 75.3743
978, 26, 405, 79.3306, 75.4832
979, 26, 404, 79.0984, 75.5904
980, 26, 403, 80.4466, 75.6978
981, 26, 403, 80.073, 75.8048
982, 26, 403, 79.5881, 75.9378
983, 26, 403, 79.4351, 76.0413
984, 26, 403, 79.2306, 76.1438
985, 26, 402, 79.9938, 76.2547
986, 26, 402, 79.6203, 76.363
987, 26, 402, 79.2467, 76.4713
988, 26, 402, 79.0938, 76.5773
989, 26, 401, 79.3351, 76.6906
990, 26, 401, 79.1306, 76.7998
991, 26, 401, 79.0468, 76.9137
992, 26, 401, 78.963, 77.0251
993, 26, 400, 79.963, 77.1326
994, 26, 400, 79.548, 77.2414
995, 26, 400, 79.378, 77.3714
996, 26, 399, 80.378, 77.4843
997, 26, 399, 79.963, 77.5924
998, 26, 399, 79.7931, 77.7011
999, 26, 398, 79.5609, 77.8125
1000, 26, 397, 80.909, 77.9274
1001, 26, 396, 81.909, 78.0306
1002, 26, 396, 81.494, 78.1395
1003, 26, 396, 81.3241, 78.251
1004, 26, 395, 82.0873, 78.3625
1005, 26, 395, 81.6023, 78.4736
1006, 26, 395, 81.2288, 78.5844
1007, 26, 395, 81.0242, 78.694
1008, 26, 395, 80.8713, 78.8042
1009, 26, 395, 80.7782, 78.9157
1010, 26, 395, 80.6851, 79.0263
1011, 26, 395, 80.5746, 79.1371
1012, 26, 394, 81.3378, 79.2523
1013, 26, 393, 82.3378, 79.3639
1014, 26, 393, 81.9227, 79.4793
1015, 26, 393, 81.7528, 79.5854
1016, 26, 392, 81.5206, 79.6949
1017, 26, 391, 82.8688, 79.8058
1018, 26, 391, 82.4952, 79.9171
1019, 26, 391, 82.0103, 80.0487
1020, 26, 391, 81.8574, 80.1611
1021, 26, 391, 81.6528, 80.2777
1022, 26, 391, 81.5597, 80.3918
1023, 26, 391, 81.4759, 80.5038
1024, 26, 390, 82.2391, 80.626
1025, 26, 389, 83.0023, 80.747
1026, 26, 388, 82.7701, 80.8644
1027, 26, 387, 84.1183, 80.9833
1028, 26, 386, 84.8815, 81.1065
1029, 26, 385, 85.6447, 81.2239
1030, 26, 385, 85.2711, 81.3406
1031, 26, 385, 84.8976, 81.4578
1032, 26, 385, 84.7447, 81.5674
1033, 26, 385, 84.5917, 81.6814
1034, 26, 384, 85.3549, 81.7944
1035, 26, 384, 84.87, 81.9044
1036, 26, 384, 84.4964, 82.0259
1037, 26, 384, 84.2919, 82.1551
1038, 26, 384, 84.139, 82.2889
1039, 26, 383, 84.9022, 82.431
1040, 26, 383, 84.5286, 82.5663
1041, 26, 383, 84.1551, 82.6759
1042, 26, 383, 84.0022, 82.8106
1043, 26, 383, 83.8492, 82.9257
1044, 26, 382, 84.8492, 83.0657
1045, 26, 382, 84.4342, 83.18
1046, 26, 382, 84.2643, 83.2889
1047, 26, 381, 85.0275, 83.3931
1048, 26, 381, 84.6539, 83.5228
1049, 26, 381, 84.2804, 83.6368
1050, 26, 381, 84.1275, 83.7483
1051, 26, 381, 83.9745, 83.8687
1052, 26, 381, 83.8907, 83.9965
1053, 26, 380, 84.6539, 84.1274
1054, 26, 379, 85.4171, 84.2373
1055, 26, 378, 86.1803, 84.3504
1056, 26, 377, 86.9435, 84.4587
1057, 26, 376, 87.7067, 84.5905
1058, 26, 375, 88.4699, 84.7154
1059, 26, 374, 89.2331, 84.8293
1060, 26, 374, 88.8596, 84.9419
1061, 26, 374, 88.486, 85.0565
1062, 26, 374, 88.3331, 85.1679
1063, 26, 374, 88.1802, 85.2909
1064, 26, 373, 88.9434, 85.4062
1065, 26, 373, 88.5698, 85.5209
1066, 26, 372, 88.9226, 85.6452
1067, 26, 372, 89.2376, 85.7765
1068, 26, 372, 88.6596, 85.9107
1069, 26, 372, 88.5066, 86.0271
1070, 26, 372, 88.2432, 86.1419
1071, 26, 371, 89.0064, 86.2713
1072, 26, 371, 88.6329, 86.395
1073, 26, 371, 88.2593, 86.5297
1074, 26, 371, 88.1064, 86.6714
1075, 26, 370, 88.3478, 86.8161
1076, 26, 370, 88.1432, 86.9573
1077, 26, 369, 88.9064, 87.0974
1078, 26, 369, 88.5329, 87.232
1079, 26, 369, 88.1593, 87.383
1080, 26, 369, 88.0064, 87.5245
1081, 26, 369, 87.8535, 87.6618
1082, 26, 368, 88.6167, 87.802
1083, 26, 368, 88.2431, 87.9364
1084, 26, 368, 87.8696, 88.0761
1085, 26, 368, 87.7167, 88.235
1086, 26, 368, 87.5637, 88.3763
1087, 26, 367, 88.5637, 88.5161
1088, 26, 367, 88.1487, 88.6564
1089, 26, 367, 87.9788, 88.7946
1090, 26, 366, 88.742, 88.929
1091, 26, 366, 88.3684, 89.0526
1092, 26, 366, 87.9949, 89.1539
1093, 26, 366, 87.842, 89.2559
1094, 26, 366, 87.689, 89.3729
1095, 26, 366, 87.6052, 89.4887
1096, 26, 365, 87.3731, 89.6022
1097, 26, 364, 88.7212, 89.7198
1098, 26, 363, 89.4844, 89.8398
1099, 26, 363, 88.9994, 89.9558
1100, 26, 363, 88.6259, 90.0733
1101, 26, 363, 88.4214, 90.1904
1102, 26, 363, 88.2684, 90.3042
1103, 26, 362, 89.0316, 90.4238
1104, 26, 361, 89.7948, 90.5596
1105, 26, 361, 89.4213, 90.689
1106, 26, 360, 89.7741, 90.8072
1107, 26, 360, 89.2891, 90.923
1108, 26, 360, 89.1362, 91.0405
1109, 26, 360, 88.9316, 91.1591
1110, 26, 360, 88.8478, 91.2807
1111, 26, 359, 89.8478, 91.4048
1112, 26, 359, 89.4328, 91.5274
1113, 26, 359, 89.2629, 91.6472
1114, 26, 359, 89.1791, 91.7631
1115, 26, 358, 89.9423, 91.8792
1116, 26, 357, 90.7055, 91.9986
1117, 26, 356, 91.4687, 92.1179
1118, 26, 356, 91.0951, 92.2339
1119, 26, 356, 90.7216, 92.3559
1120, 26, 356, 90.5687, 92.4693
1121, 26, 355, 90.81, 92.5927
1122, 26, 355, 90.6055, 92.7152
1123, 26, 354, 91.3687, 92.8219
1124, 26, 354, 90.9951, 92.9315
1125, 26, 354, 90.6216, 93.0423
1126, 26, 354, 90.4687, 93.152
1127, 26, 354, 90.3157, 93.2691
1128, 26, 353, 91.3157, 93.3866
1129, 26, 353, 90.9007, 93.5086
1130, 26, 353, 90.7308, 93.63
1131, 26, 353, 90.647, 93.746
1132, 26, 352, 91.4102, 93.8746
1133, 26, 351, 92.1734, 94.0134
1134, 26, 351, 91.7998, 94.1365
1135, 26, 350, 92.563, 94.2551
1136, 26, 349, 93.563, 94.3857
1137, 26, 349, 93.148, 94.5024
1138, 26, 349, 92.9781, 94.6203
1139, 26, 348, 93.7413, 94.738
1140, 26, 348, 93.3677, 94.8583
1141, 26, 348, 92.9942, 94.9799
1142, 26, 348, 92.8413, 95.1002
1143, 26, 348, 92.6883, 95.2185
1144, 26, 347, 93.4515, 95.3349
1145, 26, 346, 94.2147, 95.4535
1146, 26, 346, 93.8412, 95.5722
1147, 26, 346, 93.4677, 95.689
1148, 26, 346, 93.3147, 95.8061
1149, 26, 346, 93.1618, 95.9245
1150, 26, 345, 93.3515, 96.0409
1151, 26, 345, 93.241, 96.1608
1152, 26, 345, 93.1572, 96.2763
1153, 26, 345, 93.0061, 96.3952
1154, 26, 345, 92.9223, 96.5133
1155, 26, 345, 92.8292, 96.6307
1156, 26, 345, 92.7187, 96.7513
1157, 26, 345, 92.6349, 96.8688
1158, 26, 345, 92.5244, 96.989
1159, 26, 345, 92.4406, 97.1054
1160, 26, 344, 93.2038, 97.2217
1161, 26, 344, 92.8303, 97.347
1162, 26, 344, 92.4567, 97.463
1163, 26, 344, 92.3038, 97.5818
1164, 26, 344, 92.1509, 97.6967
1165, 26, 343, 93.1509, 97.8154
1166, 26, 343, 92.7358, 97.9337
1167, 26, 343, 92.5659, 98.0516
1168, 26, 343, 92.4821, 98.1705
1169, 26, 343, 92.3292, 98.2842
1170, 26, 342, 93.0924, 98.4029
1171, 26, 341, 93.8556, 98.5171
1172, 26, 341, 93.482, 98.6345
1173, 26, 341, 93.1085, 98.75
1174, 26, 341, 92.9556, 98.8655
1175, 26, 341, 92.8026, 98.9831
1176, 26, 341, 92.7188, 99.0968
1177, 26, 340, 93.7188, 99.2148
1178, 26, 340, 93.3038, 99.3285
1179, 26, 340, 93.1339, 99.4454
1180, 26, 340, 93.0501, 99.5602
1181, 26, 339, 93.8133, 99.6758
1182, 26, 339, 93.2352, 99.7934
1183, 26, 339, 92.8617, 99.9079
1184, 26, 339, 92.5982, 100.028
1185, 26, 338, 93.5982, 100.141
1186, 26, 338, 93.1832, 100.257
1187, 26, 338, 93.0133, 100.371
1188, 26, 338, 92.9295, 100.486
1189, 26, 338, 92.6254, 100.602
1190, 26, 338, 92.5323, 100.724
1191, 26, 338, 92.3794, 100.836
1192, 26, 338, 92.2689, 100.954
1193, 26, 338, 92.2158, 101.068
1194, 26, 338, 92.0647, 101.185
1195, 26, 338, 91.9809, 101.297
1196, 26, 338, 91.8878, 101.411
1197, 26, 338, 91.7367, 101.548
1198, 26, 338, 91.6529, 101.663
1199, 26, 338, 91.5999, 101.78
1200, 26, 338, 91.5468, 101.894
1201, 26, 338, 91.4537, 102.01
1202, 26, 338, 91.3432, 102.14
1203, 26, 338, 91.2594, 102.259
1204, 26, 338, 91.1756, 102.39
1205, 26, 338, 91.0918, 102.505
1206, 26, 338, 91.008, 102.621
1207, 26, 338, 90.9242, 102.736
1208, 26, 338, 90.8712, 102.853
1209, 26, 338, 90.7874, 102.972
1210, 26, 338, 90.7201, 103.083
1211, 26, 338, 90.627, 103.201
1212, 26, 338, 90.79, 103.315
1213, 26, 338, 90.737, 103.431
1214, 26, 337, 91.737, 103.55
1215, 26, 337, 91.322, 103.666
1216, 26, 337, 91.1521, 103.785
1217, 26, 337, 91.059, 103.866
1218, 26, 337, 90.9485, 103.955
1219, 26, 337, 90.8811, 104.031
1220, 26, 337, 90.8138, 104.106
1221, 26, 336, 91.0035, 104.182
1222, 26, 336, 90.893, 104.257
1223, 26, 336, 90.8092, 104.332
1224, 26, 335, 90.9579, 104.409
1225, 26, 335, 91.0505, 104.484
1226, 26, 334, 91.1992, 104.559
1227, 26, 334, 91.1552, 104.636
1228, 26, 334, 91.2775, 104.745
1229, 26, 334, 91.2245, 104.823
1230, 26, 334, 91.1314, 104.899
1231, 26, 334, 91.0476, 104.975
1232, 26, 334, 90.9887, 105.052
1233, 26, 334, 90.9522, 105.138
1234, 26, 334, 90.8992, 105.215
1235, 26, 334, 90.5256, 105.29
1236, 27, 334, 90.5182, 105.368
1237, 28, 334, 90.5109, 105.445
1238, 28, 334, 90.4806, 105.52
1239, 28, 334, 90.3835, 105.596
1240, 28, 334, 90.3247, 105.671
1241, 28, 334, 90.2658, 105.746
1242, 28, 334, 90.2217, 105.821
1243, 28, 334, 90.1379, 105.896
1244, 28, 334, 90.1013, 105.972
1245, 28, 334, 90.0424, 106.064
1246, 28, 334, 89.8895, 106.141
1247, 29, 334, 89.883, 106.218
1248, 30, 334, 89.8766, 106.301
1249, 30, 334, 89.8098, 106.388
1250, 30, 333, 89.9728, 106.474
1251, 30, 333, 89.9055, 106.555
1252, 30, 333, 89.8466, 106.631
1253, 30, 333, 89.6955, 106.706
1254, 30, 333, 89.5146, 106.781
1255, 30, 333, 89.4557, 106.857
1256, 30, 333, 89.4027, 106.933
1257, 30, 333, 89.3189, 107.008
1258, 30, 333, 89.0148, 107.084
1259, 30, 333, 88.931, 107.159
1260, 30, 333, 88.8472, 107.234
1261, 30, 332, 89.0369, 107.322
1262, 30, 332, 88.9265, 107.398
1263, 30, 331, 89.1162, 107.474
1264, 30, 331, 89.0057, 107.55
1265, 30, 331, 88.9219, 107.625
1266, 30, 331, 88.8288, 107.701
1267, 30, 331, 88.7183, 107.776
1268, 30, 331, 88.6345, 107.851
1269, 30, 331, 88.5507, 107.927
1270, 30, 331, 88.4576, 108.003
1271, 30, 331, 88.3738, 108.079
1272, 30, 331, 88.2807, 108.155
1273, 30, 331, 88.1969, 108.231
1274, 30, 330, 89.1969, 108.306
1275, 30, 330, 88.7818, 108.382
1276, 30, 330, 88.6119, 108.457
1277, 30, 330, 88.5281, 108.533
1278, 30, 330, 88.4751, 108.608
1279, 30, 330, 88.4221, 108.683
1280, 30, 330, 88.3691, 108.759
1281, 30, 330, 88.2853, 108.834
1282, 30, 329, 88.5266, 108.91
1283, 30, 329, 88.7486, 108.986
1284, 30, 329, 88.6956, 109.061
1285, 30, 329, 88.5985, 109.137
1286, 30, 329, 88.5311, 109.213
1287, 30, 329, 88.4722, 109.288
1288, 30, 329, 88.4192, 109.366
1289, 30, 329, 88.3087, 109.442
1290, 30, 329, 88.1982, 109.517
1291, 30, 329, 88.1144, 109.596
1292, 30, 329, 88.0039, 109.672
1293, 30, 329, 87.9201, 109.754
1294, 30, 328, 88.1099, 109.892
1295, 30, 328, 87.9994, 110.001
1296, 30, 328, 87.9156, 110.107
1297, 30, 328, 87.8225, 110.218
1298, 30, 328, 87.7294, 110.33
1299, 30, 328, 87.6456, 110.438
1300, 30, 328, 87.5524, 110.545
1301, 30, 328, 87.4994, 110.672
1302, 30, 328, 87.4464, 110.779
1303, 30, 328, 87.3934, 110.872
1304, 30, 328, 87.3345, 110.964
1305, 30, 328, 87.2756, 111.04
1306, 30, 327, 87.4387, 111.116
1307, 30, 327, 87.3713, 111.191
1308, 30, 327, 87.2875, 111.266
1309, 30, 327, 87.2345, 111.343
1310, 30, 327, 87.1815, 111.418
1311, 30, 327, 87.1285, 111.494
1312, 30, 327, 87.0696, 111.57
1313, 30, 327, 87.0023, 111.645
1314, 30, 327, 86.9349, 111.721
1315, 30, 327, 86.8761, 111.798
1316, 30, 327, 86.8395, 111.874
1317, 30, 327, 86.7721, 111.949
1318, 30, 327, 86.7191, 112.027
1319, 30, 327, 86.6518, 112.103
1320, 30, 327, 86.4989, 112.179
1321, 30, 327, 86.1253, 112.272
1322, 30, 327, 86.0415, 112.35
1323, 30, 327, 85.9577, 112.426
1324, 30, 327, 85.8739, 112.501
1325, 30, 327, 85.7901, 112.58
1326, 30, 327, 85.697, 112.655
1327, 30, 327, 85.5865, 112.731
1328, 30, 327, 85.5027, 112.806
1329, 30, 327, 85.4096, 112.881
1330, 30, 327, 85.3258, 112.957
1331, 30, 327, 85.242, 113.032
1332, 30, 327, 85.1582, 113.107
1333, 30, 327, 85.0651, 113.183
1334, 30, 327, 84.9813, 113.258
1335, 30, 327, 84.8975, 113.334
1336, 30, 327, 84.787, 113.409
1337, 30, 327, 84.9915, 113.484
1338, 30, 327, 84.9242, 113.559
1339, 30, 327, 84.8404, 113.635
1340, 30, 327, 84.7299, 113.71
1341, 30, 327, 84.6461, 113.785
1342, 30, 327, 84.5356, 113.861
1343, 30, 327, 84.6986, 113.947
1344, 30, 327, 84.6456, 114.025
1345, 30, 327, 84.5618, 114.1
1346, 30, 327, 84.4107, 114.177
1347, 30, 327, 84.3577, 114.253
1348, 30, 327, 84.3047, 114.328
1349, 30, 327, 84.0006, 114.404
1350, 30, 327, 83.9168, 114.478
1351, 30, 327, 83.833, 114.554
1352, 30, 327, 83.6801, 114.629
1353, 30, 327, 83.8431, 114.705
1354, 30, 327, 83.7901, 114.78
1355, 30, 327, 83.7063, 114.856
1356, 30, 327, 83.6225, 114.931
1357, 30, 327, 83.5695, 115.006
1358, 30, 327, 83.5254, 115.082
1359, 30, 327, 83.4724, 115.157
1360, 30, 327, 83.4194, 115.233
1361, 30, 327, 83.3089, 115.308
1362, 30, 327, 83.2251, 115.384
1363, 30, 327, 83.1413, 115.459
1364, 30, 327, 83.0883, 115.534
1365, 30, 327, 83.2107, 115.61
1366, 30, 327, 83.1518, 115.685
1367, 30, 327, 83.0929, 115.761
1368, 30, 327, 83.0399, 115.835
1369, 30, 327, 82.9726, 115.911
1370, 30, 326, 83.1356, 115.986
1371, 30, 326, 83.0683, 116.063
1372, 30, 326, 83.0094, 116.138
1373, 30, 326, 82.9728, 116.216
1374, 30, 326, 82.8757, 116.291
1375, 30, 326, 82.8168, 116.366
1376, 30, 326, 82.9392, 116.444
1377, 30, 325, 83.1022, 116.519
1378, 30, 325, 83.0349, 116.605
1379, 30, 325, 82.9983, 116.681
1380, 30, 325, 82.9542, 116.756
1381, 30, 325, 82.9012, 116.832
1382, 30, 325, 82.8482, 116.907
1383, 30, 325, 82.7644, 116.982
1384, 30, 325, 82.6806, 117.058
1385, 30, 325, 82.5875, 117.133
1386, 30, 325, 82.477, 117.208
1387, 30, 325, 82.3932, 117.293
1388, 30, 325, 82.3094, 117.369
1389, 30, 325, 82.2256, 117.457
1390, 30, 325, 82.1151, 117.534
1391, 30, 325, 82.0313, 117.609
1392, 30, 324, 82.7945, 117.684
1393, 30, 323, 83.5577, 117.759
1394, 30, 323, 83.1842, 117.835
1395, 30, 323, 82.8107, 117.91
1396, 30, 323, 82.6577, 117.985
1397, 30, 323, 82.5048, 118.061
1398, 30, 322, 83.268, 118.136
1399, 30, 321, 84.268, 118.211
1400, 30, 321, 83.8529, 118.286
1401, 30, 321, 83.683, 118.361
1402, 30, 320, 83.4508, 118.436
1403, 30, 319, 84.799, 118.512
1404, 30, 318, 85.5622, 118.587
1405, 30, 318, 85.0772, 118.663
1406, 30, 318, 84.7037, 118.738
1407, 30, 318, 84.4991, 118.814
1408, 30, 317, 84.7405, 118.889
1409, 30, 317, 84.536, 118.964
1410, 30, 316, 85.2991, 119.04
1411, 30, 315, 86.2991, 119.115
1412, 30, 315, 85.8841, 119.19
1413, 30, 315, 85.7142, 119.265
1414, 30, 314, 85.482, 119.341
1415, 30, 313, 86.8302, 119.416
1416, 30, 312, 87.5934, 119.492
1417, 30, 312, 87.1084, 119.568
1418, 30, 312, 86.7349, 119.643
1419, 30, 312, 86.5303, 119.741
1420, 30, 312, 86.3774, 119.819
1421, 30, 311, 86.1452, 119.894
1422, 30, 310, 87.4934, 119.97
1423, 30, 309, 88.4934, 120.046
1424, 30, 309, 88.0783, 120.121
1425, 30, 309, 87.9084, 120.197
1426, 30, 308, 88.6716, 120.273
1427, 30, 307, 88.4394, 120.348
1428, 30, 306, 89.7876, 120.425
1429, 30, 306, 89.414, 120.501
1430, 30, 306, 89.7291, 120.577
1431, 30, 306, 89.151, 120.666
1432, 30, 306, 88.9981, 120.742
1433, 30, 306, 88.7346, 120.817
1434, 30, 305, 89.4978, 120.893
1435, 30, 304, 90.4978, 120.969
1436, 30, 304, 90.0828, 121.044
1437, 30, 304, 89.9129, 121.12
1438, 30, 303, 90.6761, 121.196
1439, 30, 302, 91.4392, 121.272
1440, 30, 302, 91.0657, 121.347
1441, 30, 302, 90.6922, 121.423
1442, 30, 302, 90.5392, 121.499
1443, 30, 301, 90.7806, 121.577
1444, 30, 301, 90.5761, 121.652
1445, 30, 300, 91.5761, 121.728
1446, 30, 300, 91.161, 121.804
1447, 30, 300, 90.9911, 121.879
1448, 30, 299, 91.7543, 121.955
1449, 30, 299, 91.3808, 122.031
1450, 30, 298, 91.7335, 122.107
1451, 30, 298, 91.2486, 122.183
1452, 30, 298, 91.0956, 122.259
1453, 30, 298, 90.8911, 122.335
1454, 30, 297, 91.6543, 122.411
1455, 30, 297, 91.1693, 122.487
1456, 30, 297, 90.7958, 122.563
1457, 30, 297, 90.5913, 122.639
1458, 30, 297, 90.4383, 122.715
1459, 30, 296, 91.2015, 122.791
1460, 30, 296, 90.828, 122.866
1461, 30, 296, 90.4544, 122.942
1462, 30, 296, 90.3015, 123.019
1463, 30, 296, 90.1486, 123.096
1464, 30, 295, 90.9118, 123.175
1465, 30, 295, 90.5382, 123.265
1466, 30, 295, 90.1647, 123.343
1467, 30, 295, 90.0118, 123.42
1468, 30, 295, 89.8588, 123.498
1469, 30, 294, 90.8588, 123.574
1470, 30, 294, 90.4438, 123.651
1471, 30, 294, 90.2739, 123.728
1472, 30, 294, 90.1901, 123.804
1473, 30, 293, 89.9579, 123.882
1474, 30, 292, 91.3061, 123.967
1475, 30, 291, 92.0693, 124.044
1476, 30, 291, 91.5843, 124.137
1477, 30, 291, 91.2108, 124.215
1478, 30, 291, 91.4327, 124.292
1479, 30, 291, 91.1693, 124.368
1480, 30, 291, 91.0163, 124.445
1481, 30, 290, 90.7841, 124.522
1482, 30, 289, 92.1323, 124.598
1483, 30, 288, 92.8955, 124.675
1484, 30, 287, 93.6587, 124.752
1485, 30, 287, 93.2851, 124.829
1486, 30, 287, 92.9116, 124.905
1487, 30, 287, 92.7587, 124.982
1488, 30, 287, 92.6057, 125.059
1489, 30, 286, 93.3689, 125.135
1490, 30, 285, 94.1321, 125.212
1491, 30, 284, 94.8953, 125.289
1492, 30, 284, 94.5218, 125.368
1493, 30, 284, 94.1483, 125.445
1494, 30, 284, 93.9953, 125.521
1495, 30, 284, 93.8424, 125.598
1496, 30, 283, 94.6056, 125.675
1497, 30, 282, 95.3688, 125.782
1498, 31, 281, 96.3688, 125.899
1499, 32, 281, 95.9538, 126.014
1500, 33, 281, 95.7838, 126.129
1501, 34, 281, 95.6907, 126.243
1502, 35, 281, 95.6318, 126.358
1503, 36, 281, 95.5912, 126.449
1504, 37, 281, 95.5614, 126.562
1505, 38, 281, 95.5387, 126.644
1506, 39, 281, 95.5208, 126.723
1507, 40, 281, 95.5063, 126.802
1508, 40, 280, 96.2695, 126.879
1509, 40, 279, 97.0327, 126.958
1510, 40, 279, 96.6592, 127.036
1511, 40, 279, 96.2856, 127.115
1512, 40, 279, 96.1327, 127.201
1513, 40, 279, 95.9798, 127.29
1514, 40, 278, 96.743, 127.369
1515, 40, 277, 97.5062, 127.447
1516, 40, 276, 98.2694, 127.524
1517, 40, 276, 97.8958, 127.601
1518, 40, 276, 97.5223, 127.678
1519, 40, 275, 97.7636, 127.755
1520, 40, 275, 97.9856, 127.833
1521, 40, 275, 97.7221, 127.911
1522, 40, 275, 97.5692, 127.988
1523, 40, 274, 98.3324, 128.066
1524, 40, 273, 98.1002, 128.143
1525, 40, 272, 99.4484, 128.22
1526, 40, 272, 99.0748, 128.298
1527, 40, 272, 98.5899, 128.375
1528, 40, 272, 98.4369, 128.452
1529, 40, 272, 98.2324, 128.53
1530, 40, 271, 99.2324, 128.607
1531, 40, 271, 98.8174, 128.685
1532, 40, 271, 98.6474, 128.762
1533, 40, 270, 99.4106, 128.839
1534, 40, 270, 99.0371, 128.917
1535, 40, 270, 98.6636, 128.995
1536, 40, 270, 98.5106, 129.072
1537, 40, 270, 98.3577, 129.149
1538, 40, 269, 99.1209, 129.227
1539, 40, 268, 99.8841, 129.304
1540, 40, 267, 100.647, 129.382
1541, 40, 267, 100.274, 129.459
1542, 40, 267, 99.9002, 129.537
1543, 40, 267, 99.7473, 129.615
1544, 40, 267, 99.5944, 129.693
1545, 40, 266, 100.358, 129.773
1546, 40, 265, 100.71, 129.851
1547, 40, 265, 101.025, 129.928
1548, 40, 265, 100.447, 130.006
1549, 40, 264, 100.8, 130.084
1550, 40, 264, 100.315, 130.161
1551, 40, 264, 100.052, 130.239
1552, 40, 264, 99.8471, 130.316
1553, 41, 264, 99.8352, 130.395
1554, 41, 264, 99.999, 130.473
1555, 41, 264, 99.9153, 130.55
1556, 41, 263, 100.915, 130.636
1557, 41, 263, 100.5, 130.714
1558, 41, 263, 100.33, 130.791
1559, 41, 262, 101.093, 130.868
1560, 41, 261, 102.093, 130.946
1561, 41, 261, 101.678, 131.024
1562, 41, 261, 101.509, 131.1
1563, 41, 260, 102.509, 131.177
1564, 41, 260, 102.093, 131.254
1565, 41, 260, 101.924, 131.331
1566, 41, 259, 102.687, 131.408
1567, 41, 259, 102.313, 131.485
1568, 41, 259, 101.94, 131.562
1569, 41, 259, 101.787, 131.639
1570, 41, 259, 101.634, 131.717
1571, 41, 258, 102.397, 131.793
1572, 41, 257, 103.397, 131.87
1573, 41, 257, 102.982, 131.947
1574, 41, 257, 102.812, 132.023
1575, 41, 256, 103.575, 132.1
1576, 41, 256, 103.202, 132.177
1577, 41, 256, 102.828, 132.254
1578, 41, 256, 102.675, 132.331
1579, 41, 256, 102.522, 132.407
1580, 41, 256, 102.439, 132.484
1581, 41, 256, 102.345, 132.561
1582, 41, 256, 102.252, 132.637
1583, 41, 256, 102.169, 132.714
1584, 41, 256, 102.085, 132.791
1585, 41, 255, 102.848, 132.868
1586, 41, 254, 103.611, 132.945
1587, 41, 253, 104.374, 133.022
1588, 41, 253, 104.001, 133.1
1589, 41, 253, 103.627, 133.178
1590, 41, 253, 103.474, 133.256
1591, 41, 253, 103.321, 133.332
1592, 41, 252, 104.321, 133.409
1593, 41, 252, 103.906, 133.486
1594, 41, 252, 103.736, 133.563
1595, 41, 251, 104.5, 133.64
1596, 41, 251, 104.126, 133.717
1597, 41, 250, 104.479, 133.795
1598, 41, 250, 103.994, 133.871
1599, 41, 250, 103.841, 133.956
1600, 41, 250, 103.636, 134.034
1601, 41, 250, 103.553, 134.119
1602, 41, 249, 104.316, 134.205
1603, 41, 248, 104.084, 134.283
1604, 41, 247, 105.432, 134.361
1605, 41, 246, 106.195, 134.438
1606, 41, 246, 105.71, 134.515
1607, 41, 246, 105.336, 134.592
1608, 41, 246, 105.132, 134.693
1609, 41, 246, 104.979, 134.772
1610, 41, 245, 105.979, 134.849
1611, 41, 245, 105.564, 134.926
1612, 41, 245, 105.394, 135.003
1613, 41, 244, 106.157, 135.08
1614, 41, 244, 105.784, 135.158
1615, 41, 243, 106.136, 135.235
1616, 41, 243, 105.652, 135.312
1617, 41, 243, 105.499, 135.391
1618, 41, 243, 105.721, 135.469
1619, 41, 242, 106.721, 135.546
1620, 41, 242, 106.305, 135.623
1621, 41, 242, 106.136, 135.7
1622, 41, 242, 105.872, 135.777
1623, 41, 242, 105.788, 135.854
1624, 41, 242, 105.695, 135.932
1625, 41, 242, 105.602, 136.009
1626, 41, 242, 105.492, 136.086
1627, 41, 241, 106.255, 136.164
1628, 41, 240, 107.018, 136.241
1629, 41, 239, 107.781, 136.32
1630, 41, 238, 108.134, 136.413
1631, 41, 238, 107.649, 136.491
1632, 41, 238, 107.275, 136.569
1633, 41, 238, 107.071, 136.646
1634, 41, 238, 106.918, 136.723
1635, 41, 237, 107.681, 136.8
1636, 41, 237, 107.308, 136.877
1637, 41, 237, 106.934, 136.954
1638, 41, 236, 107.175, 137.031
1639, 41, 236, 106.971, 137.109
1640, 41, 236, 106.818, 137.187
1641, 41, 235, 107.818, 137.264
1642, 41, 235, 107.403, 137.353
1643, 41, 235, 107.233, 137.431
1644, 41, 235, 107.123, 137.509
1645, 41, 235, 107.012, 137.586
1646, 41, 235, 106.928, 137.663
1647, 41, 235, 106.835, 137.743
1648, 41, 234, 107.025, 137.821
1649, 41, 234, 106.914, 137.901
1650, 41, 234, 106.831, 137.979
1651, 41, 234, 106.747, 138.057
1652, 41, 234, 106.373, 138.134
1653, 41, 233, 106.726, 138.211
1654, 41, 233, 106.241, 138.288
1655, 41, 233, 105.867, 138.366
1656, 41, 233, 105.784, 138.443
1657, 41, 233, 105.633, 138.52
1658, 41, 232, 106.633, 138.598
1659, 41, 232, 106.218, 138.675
1660, 41, 232, 106.048, 138.752
1661, 41, 231, 106.811, 138.829
1662, 41, 230, 107.574, 138.907
1663, 41, 230, 107.2, 138.984
1664, 41, 230, 106.827, 139.061
1665, 41, 230, 106.674, 139.138
1666, 41, 230, 106.521, 139.215
1667, 41, 230, 106.437, 139.297
1668, 41, 229, 106.205, 139.377
1669, 41, 228, 107.553, 139.456
1670, 41, 228, 107.349, 139.533
1671, 41, 228, 106.864, 139.612
1672, 41, 228, 106.753, 139.69
1673, 41, 228, 106.975, 139.767
1674, 41, 228, 106.824, 139.845
1675, 41, 228, 106.74, 139.923
1676, 41, 228, 106.656, 140
1677, 41, 228, 106.563, 140.078
1678, 41, 228, 106.453, 140.155
1679, 41, 228, 106.36, 140.233
1680, 41, 228, 106.267, 140.311
1681, 41, 228, 106.156, 140.389
1682, 41, 228, 106.063, 140.467
1683, 41, 228, 105.979, 140.544
1684, 41, 227, 106.221, 140.63
1685, 41, 227, 106.016, 140.709
1686, 42, 227, 106.006, 140.788
1687, 42, 227, 105.953, 140.866
1688, 42, 227, 105.86, 140.943
1689, 42, 227, 105.776, 141.021
1690, 43, 227, 105.767, 141.1
1691, 43, 227, 105.587, 141.178
1692, 43, 227, 105.503, 141.255
1693, 43, 226, 106.266, 141.332
1694, 43, 226, 106.113, 141.41
1695, 43, 226, 105.74, 141.489
1696, 43, 226, 105.656, 141.569
1697, 43, 226, 105.503, 141.647
1698, 43, 225, 106.266, 141.724
1699, 43, 225, 105.781, 141.802
1700, 43, 225, 105.407, 141.886
1701, 43, 225, 105.203, 141.964
1702, 43, 225, 105.05, 142.041
1703, 43, 224, 106.05, 142.119
1704, 43, 224, 105.635, 142.196
1705, 43, 224, 105.465, 142.274
1706, 43, 224, 105.372, 142.353
1707, 43, 224, 105.261, 142.475
1708, 43, 223, 105.451, 142.592
1709, 43, 223, 105.341, 142.706
1710, 43, 223, 105.288, 142.816
1711, 43, 223, 105.22, 142.916
1712, 43, 223, 105.137, 143.013
1713, 43, 223, 105.053, 143.091
1714, 43, 223, 104.969, 143.169
1715, 43, 223, 104.876, 143.246
1716, 43, 223, 104.792, 143.324
1717, 43, 223, 104.641, 143.403
1718, 43, 223, 104.557, 143.483
1719, 43, 223, 104.49, 143.56
1720, 43, 223, 104.422, 143.638
1721, 43, 223, 104.545, 143.716
1722, 43, 223, 104.492, 143.793
1723, 43, 223, 104.399, 143.871
1724, 43, 223, 104.288, 143.96
1725, 43, 223, 104.235, 144.038
1726, 43, 223, 104.182, 144.116
1727, 43, 223, 104.031, 144.193
1728, 43, 223, 103.972, 144.27
1729, 43, 223, 103.919, 144.348
1730, 43, 223, 103.866, 144.428
1731, 43, 223, 103.807, 144.505
1732, 43, 223, 103.754, 144.582
1733, 43, 223, 103.67, 144.662
1734, 43, 223, 103.587, 144.74
1735, 43, 222, 103.776, 144.818
1736, 43, 222, 103.666, 144.895
1737, 43, 222, 103.573, 144.973
1738, 43, 222, 103.736, 145.05
1739, 43, 222, 103.625, 145.128
1740, 43, 222, 103.541, 145.205
1741, 43, 222, 103.458, 145.283
1742, 43, 222, 103.365, 145.36
1743, 43, 222, 103.254, 145.437
1744, 43, 222, 103.144, 145.516
1745, 43, 222, 103.06, 145.594
1746, 43, 222, 102.967, 145.671
1747, 43, 221, 103.156, 145.75
1748, 43, 221, 103.046, 145.827
1749, 43, 221, 102.962, 145.906
1750, 43, 221, 102.852, 145.984
1751, 43, 221, 102.768, 146.061
1752, 43, 221, 102.931, 146.139
1753, 43, 221, 102.847, 146.216
1754, 43, 221, 102.763, 146.293
1755, 43, 221, 102.71, 146.371
1756, 43, 221, 102.657, 146.448
1757, 43, 220, 102.82, 146.525
1758, 43, 220, 102.753, 146.603
1759, 43, 220, 102.686, 146.68
1760, 43, 220, 102.633, 146.758
1761, 43, 220, 102.549, 146.836
1762, 43, 220, 102.438, 146.914
1763, 43, 220, 102.385, 146.991
1764, 43, 220, 102.292, 147.069
1765, 43, 220, 102.208, 147.147
1766, 43, 220, 102.371, 147.234
1767, 43, 220, 102.318, 147.326
1768, 43, 220, 102.265, 147.404
1769, 43, 220, 102.182, 147.482
1770, 43, 220, 102.129, 147.56
1771, 43, 220, 102.07, 147.637
1772, 43, 220, 102.011, 147.715
1773, 43, 220, 101.86, 147.793
1774, 43, 220, 101.776, 147.87
1775, 43, 219, 101.925, 147.948
1776, 43, 219, 101.888, 148.026
1777, 43, 219, 101.791, 148.103
1778, 43, 219, 101.707, 148.181
1779, 43, 219, 101.648, 148.259
1780, 43, 219, 101.581, 148.337
1781, 43, 219, 101.528, 148.415
1782, 43, 219, 101.445, 148.492
1783, 43, 219, 101.386, 148.57
1784, 43, 219, 101.318, 148.648
1785, 43, 219, 101.265, 148.725
1786, 43, 219, 101.229, 148.803
1787, 43, 219, 101.132, 148.881
1788, 43, 219, 101.079, 148.958
1789, 43, 219, 101.02, 149.036
1790, 43, 219, 100.961, 149.114
1791, 43, 219, 100.894, 149.192
1792, 43, 219, 100.835, 149.27
1793, 43, 218, 100.998, 149.348
1794, 43, 218, 100.93, 149.426
1795, 43, 218, 100.871, 149.503
1796, 43, 218, 100.818, 149.581
1797, 43, 218, 100.941, 149.659
1798, 43, 218, 100.882, 149.736
1799, 43, 218, 100.829, 149.816
1800, 43, 217, 100.992, 149.893
1801, 43, 217, 100.925, 149.972
1802, 43, 217, 100.857, 150.05
1803, 43, 216, 101.047, 150.128
1804, 43, 216, 100.937, 150.205
1805, 43, 216, 100.884, 150.283
1806, 43, 216, 100.825, 150.361
1807, 43, 216, 100.757, 150.439
1808, 43, 216, 100.704, 150.516
1809, 43, 216, 100.62, 150.594
1810, 43, 216, 100.51, 150.681
1811, 43, 216, 100.443, 150.761
1812, 43, 216, 100.359, 150.849
1813, 43, 216, 100.275, 150.927
1814, 43, 216, 100.165, 151.005
1815, 43, 216, 100.054, 151.082
1816, 43, 216, 99.9609, 151.16
1817, 43, 216, 99.8771, 151.238
1818, 43, 216, 99.7933, 151.315
1819, 43, 216, 99.7095, 151.393
1820, 43, 216, 99.599, 151.471
1821, 43, 216, 99.5152, 151.549
1822, 43, 216, 99.4622, 151.626
1823, 43, 216, 99.4257, 151.704
1824, 43, 216, 99.3583, 151.782
1825, 43, 216, 99.3053, 151.86
1826, 43, 216, 99.2523, 151.937
1827, 43, 216, 99.185, 152.014
1828, 43, 216, 98.8809, 152.092
1829, 43, 216, 98.7971, 152.169
1830, 43, 216, 98.7133, 152.246
1831, 43, 216, 98.5622, 152.324
1832, 43, 216, 98.4784, 152.401
1833, 43, 216, 98.4254, 152.478
1834, 43, 216, 98.3149, 152.556
1835, 43, 216, 98.2044, 152.633
1836, 43, 216, 98.1455, 152.711
1837, 43, 216, 98.1014, 152.788
1838, 43, 216, 98.0484, 152.866
1839, 43, 216, 97.9646, 152.945
1840, 43, 216, 97.8715, 153.037
1841, 43, 216, 97.7877, 153.125
1842, 43, 216, 97.6946, 153.203
1843, 43, 216, 97.6108, 153.281
1844, 43, 216, 97.4062, 153.36
1845, 43, 216, 97.2253, 153.439
1846, 43, 216, 97.1723, 153.516
1847, 43, 216, 97.105, 153.594
1848, 43, 215, 97.2947, 153.672
1849, 43, 215, 97.4578, 153.751
1850, 43, 215, 97.3904, 153.829
1851, 43, 215, 97.3231, 153.907
1852, 43, 215, 97.1701, 154
1853, 43, 215, 97.1171, 154.08
1854, 43, 215, 97.0641, 154.158
1855, 43, 215, 96.9803, 154.235
1856, 43, 215, 96.8965, 154.313
1857, 43, 215, 96.8435, 154.408
1858, 43, 215, 96.7504, 154.489
1859, 43, 215, 96.6666, 154.567
1860, 43, 215, 96.5735, 154.645
1861, 43, 215, 96.463, 154.724
1862, 43, 215, 96.4264, 154.802
1863, 43, 215, 96.3734, 154.879
1864, 43, 215, 96.3204, 154.957
1865, 43, 215, 96.2273, 155.035
1866, 43, 215, 96.1342, 155.112
1867, 43, 214, 96.3239, 155.19
1868, 43, 214, 96.2134, 155.268
1869, 43, 214, 96.1545, 155.345
1870, 43, 214, 96.1015, 155.423
1871, 43, 214, 96.0485, 155.501
1872, 43, 214, 95.9896, 155.58
1873, 43, 214, 95.9366, 155.661
1874, 43, 214, 95.8777, 155.739
1875, 43, 214, 95.8247, 155.817
1876, 43, 214, 95.7717, 155.895
1877, 43, 214, 95.7044, 155.973
1878, 43, 214, 95.5533, 156.051
1879, 43, 214, 95.4695, 156.128
1880, 43, 214, 95.4165, 156.206
1881, 43, 214, 95.3491, 156.284
1882, 43, 214, 95.2961, 156.362
1883, 43, 214, 95.2431, 156.44
1884, 43, 214, 95.1842, 156.519
1885, 43, 214, 95.1253, 156.597
1886, 43, 214, 95.2595, 156.677
1887, 43, 214, 95.2188, 156.755
1888, 43, 214, 95.1782, 156.833
1889, 43, 213, 95.3269, 156.911
1890, 43, 213, 95.2828, 156.989
1891, 43, 213, 95.2387, 157.068
1892, 43, 213, 95.0876, 157.146
1893, 43, 213, 95.0287, 157.224
1894, 43, 213, 94.9921, 157.314
1895, 43, 213, 94.9555, 157.392
1896, 43, 213, 94.8882, 157.47
1897, 43, 213, 94.7777, 157.548
1898, 43, 213, 94.7188, 157.628
1899, 43, 213, 94.6599, 157.706
1900, 43, 213, 94.7525, 157.784
1901, 43, 213, 94.6852, 157.861
1902, 43, 213, 94.6584, 157.939
1903, 43, 213, 94.6178, 158.016
1904, 43, 213, 94.5771, 158.094
1905, 43, 213, 94.5103, 158.171
1906, 43, 213, 94.4573, 158.261
1907, 43, 213, 94.3735, 158.341
1908, 43, 213, 94.3146, 158.423
1909, 43, 213, 94.2616, 158.501
1910, 43, 213, 94.2086, 158.579
1911, 43, 213, 94.172, 158.659
1912, 43, 213, 94.1131, 158.738
1913, 43, 213, 94.0161, 158.816
1914, 43, 213, 94.1384, 158.894
1915, 43, 213, 94.0711, 158.972
1916, 43, 213, 94.0181, 159.061
1917, 43, 213, 93.9651, 159.183
1918, 43, 213, 93.9285, 159.298
1919, 43, 213, 93.8919, 159.412
1920, 43, 213, 93.8246, 159.508
1921, 43, 212, 93.9876, 159.621
1922, 43, 212, 93.9203, 159.702
1923, 43, 212, 93.8673, 159.783
1924, 43, 212, 93.8143, 159.878
1925, 43, 212, 93.7469, 159.958
1926, 43, 212, 93.6939, 160.036
1927, 43, 211, 93.8837, 160.116
1928, 43, 211, 93.7732, 160.194
1929, 43, 211, 93.6894, 160.273
1930, 43, 211, 93.6056, 160.353
1931, 43, 211, 93.5615, 160.432
1932, 43, 211, 93.5249, 160.511
1933, 43, 211, 93.4883, 160.589
1934, 43, 211, 93.421, 160.679
1935, 43, 211, 93.368, 160.758
1936, 43, 211, 93.3314, 160.836
1937, 43, 211, 93.2784, 160.914
1938, 43, 211, 93.1407, 160.993
1939, 43, 211, 93.0436, 161.071
1940, 43, 211, 92.9995, 161.151
1941, 43, 211, 92.8466, 161.229
1942, 43, 211, 92.7936, 161.307
1943, 43, 211, 92.7406, 161.385
1944, 43, 211, 92.6817, 161.463
1945, 43, 211, 92.6287, 161.541
1946, 43, 211, 92.5756, 161.618
1947, 43, 211, 92.5226, 161.696
1948, 43, 211, 92.4696, 161.773
1949, 43, 211, 92.4166, 161.851
1950, 43, 211, 92.3577, 161.929
1951, 43, 211, 92.3047, 162.006
1952, 43, 211, 92.2379, 162.085
1953, 43, 210, 92.3866, 162.163
1954, 43, 210, 92.3425, 162.241
1955, 43, 210, 92.2895, 162.319
1956, 43, 210, 92.2455, 162.397
1957, 43, 210, 92.2089, 162.474
1958, 43, 210, 92.1723, 162.552
1959, 43, 210, 92.105, 162.63
1960, 43, 210, 92.0461, 162.708
1961, 43, 210, 91.9931, 162.787
1962, 43, 210, 91.949, 162.865
1963, 43, 210, 91.9049, 162.943
1964, 43, 210, 91.8375, 163.021
1965, 43, 210, 91.7935, 163.098
1966, 43, 210, 91.7261, 163.177
1967, 43, 210, 91.6672, 163.254
1968, 43, 210, 91.6142, 163.332
1969, 43, 210, 91.5776, 163.41
1970, 43, 210, 91.5246, 163.503
1971, 43, 210, 91.4944, 163.597
1972, 43, 210, 91.5643, 163.69
1973, 43, 210, 91.4805, 163.769
1974, 43, 210, 91.4503, 163.847
1975, 43, 210, 91.4235, 163.925
1976, 43, 210, 91.5459, 164.011
1977, 43, 210, 91.5093, 164.09
1978, 43, 210, 91.4791, 164.169
1979, 43, 210, 91.4523, 164.247
1980, 43, 210, 91.4158, 164.325
1981, 43, 210, 91.3751, 164.403
1982, 43, 210, 91.3385, 164.481
1983, 43, 210, 91.228, 164.559
1984, 43, 210, 91.175, 164.637
1985, 43, 209, 91.3381, 164.715
1986, 43, 209, 91.2707, 164.793
1987, 43, 209, 91.2034, 164.871
1988, 43, 209, 91.1196, 164.949
1989, 43, 209, 91.0358, 165.026
1990, 43, 209, 90.952, 165.104
1991, 43, 209, 90.8682, 165.183
1992, 43, 209, 90.7844, 165.26
1993, 43, 209, 90.7006, 165.338
1994, 43, 209, 90.6476, 165.416
1995, 43, 209, 90.5545, 165.494
1996, 43, 209, 90.4707, 165.575
1997, 43, 209, 90.3869, 165.653
1998, 43, 208, 90.5766, 165.731
1999, 43, 208, 90.4661, 165.809
2000, 43, 208, 90.3823, 165.887
2001, 43, 208, 90.2985, 165.965
2002, 43, 208, 90.2147, 166.043
2003, 43, 208, 90.1474, 166.122
2004, 43, 208, 90.0636, 166.2
2005, 43, 207, 90.2533, 166.279
2006, 43, 207, 90.1428, 166.357
2007, 43, 207, 90.059, 166.45
2008, 43, 207, 89.9752, 166.528
2009, 43, 207, 89.9222, 166.607
2010, 43, 207, 89.8117, 166.685
2011, 43, 207, 89.7186, 166.763
2012, 43, 207, 89.6348, 166.841
2013, 43, 207, 89.551, 166.919
2014, 43, 207, 89.4672, 166.997
2015, 43, 207, 89.3567, 167.075
2016, 43, 207, 89.2729, 167.153
2017, 43, 207, 89.1798, 167.23
2018, 43, 207, 89.0693, 167.315
2019, 43, 207, 88.9855, 167.393
2020, 43, 207, 88.9017, 167.471
2021, 43, 207, 88.8179, 167.561
2022, 43, 207, 88.7341, 167.64
2023, 43, 207, 88.6975, 167.718
2024, 43, 206, 88.8873, 167.796
2025, 43, 206, 88.7768, 167.874
2026, 43, 206, 88.693, 167.952
2027, 43, 206, 88.5999, 168.029
2028, 43, 206, 88.4894, 168.109
2029, 43, 206, 88.3789, 168.189
2030, 43, 206, 88.3259, 168.268
2031, 43, 206, 88.2729, 168.346
2032, 43, 206, 88.2055, 168.424
2033, 43, 206, 88.1525, 168.502
2034, 43, 206, 88.0687, 168.58
2035, 43, 206, 87.9849, 168.661
2036, 43, 206, 87.9011, 168.739
2037, 43, 206, 87.8173, 168.818
2038, 43, 206, 87.75, 168.896
2039, 43, 206, 87.697, 168.975
2040, 43, 206, 87.644, 169.053
2041, 43, 206, 87.5851, 169.132
2042, 43, 206, 87.5583, 169.21
2043, 43, 206, 87.5053, 169.288
2044, 43, 206, 87.4687, 169.367
2045, 43, 206, 87.4157, 169.446
2046, 43, 206, 87.3319, 169.524
2047, 43, 206, 87.2481, 169.602
2048, 43, 206, 87.1643, 169.693
2049, 43, 206, 86.9009, 169.794
2050, 43, 206, 87.0233, 169.874
2051, 43, 206, 86.7598, 169.952
2052, 43, 206, 86.6761, 170.031
2053, 43, 206, 86.5923, 170.11
2054, 43, 206, 86.5557, 170.188
2055, 43, 206, 86.5027, 170.267
2056, 43, 206, 86.4497, 170.345
2057, 43, 206, 86.2688, 170.424
2058, 43, 206, 86.2158, 170.503
2059, 43, 206, 86.1628, 170.582
2060, 43, 206, 86.1098, 170.697
2061, 43, 205, 86.2728, 170.777
2062, 43, 205, 86.2055, 170.855
2063, 43, 205, 86.1381, 170.934
2064, 43, 205, 86.0851, 171.013
2065, 43, 205, 86.0262, 171.094
2066, 43, 205, 86.1486, 171.174
2067, 43, 205, 86.0813, 171.253
2068, 43, 205, 86.0447, 171.331
2069, 43, 205, 86.0081, 171.409
2070, 43, 205, 85.9551, 171.487
2071, 43, 205, 85.9145, 171.565
2072, 43, 205, 85.8174, 171.643
2073, 43, 205, 85.75, 171.721
2074, 43, 205, 85.7135, 171.799
2075, 43, 205, 85.6728, 171.877
2076, 43, 205, 85.6426, 171.956
2077, 43, 205, 85.5837, 172.034
2078, 43, 205, 85.5471, 172.112
2079, 43, 205, 85.3662, 172.191
2080, 43, 205, 85.3132, 172.269
2081, 43, 205, 85.1621, 172.347
2082, 43, 205, 85.0783, 172.425
2083, 43, 205, 85.0417, 172.504
2084, 43, 205, 84.9887, 172.582
2085, 43, 204, 85.1517, 172.66
2086, 43, 204, 85.0844, 172.738
2087, 43, 204, 85.017, 172.817
2088, 43, 203, 85.1801, 172.895
2089, 43, 203, 85.1127, 172.973
2090, 43, 203, 85.0454, 173.051
2091, 43, 203, 84.978, 173.132
2092, 43, 203, 84.925, 173.211
2093, 43, 203, 84.8662, 173.289
2094, 43, 202, 85.0292, 173.367
2095, 43, 202, 84.9618, 173.445
2096, 43, 202, 84.9088, 173.523
2097, 43, 202, 85.0727, 173.602
2098, 43, 202, 84.9756, 173.681
2099, 43, 202, 85.1387, 173.76
2100, 43, 202, 85.3026, 173.839
2101, 43, 202, 85.266, 173.918
2102, 43, 202, 85.1149, 174.01
2103, 43, 202, 85.0619, 174.089
2104, 43, 202, 85.0088, 174.169
2105, 43, 202, 84.9558, 174.247
2106, 43, 202, 84.9028, 174.326
2107, 43, 202, 84.8498, 174.414
2108, 43, 202, 84.8133, 174.493
2109, 43, 202, 84.7459, 174.573
2110, 43, 202, 84.6929, 174.651
2111, 43, 202, 84.6399, 174.73
2112, 43, 202, 84.5869, 174.808
2113, 43, 202, 84.5196, 174.887
2114, 43, 202, 84.4666, 174.966
2115, 43, 202, 84.3828, 175.044
2116, 43, 202, 84.299, 175.123
2117, 43, 202, 84.2316, 175.202
2118, 43, 202, 84.1786, 175.28
2119, 43, 202, 84.0948, 175.359
2120, 43, 202, 84.0017, 175.438
2121, 43, 202, 83.9086, 175.516
2122, 43, 202, 83.8412, 175.595
2123, 43, 202, 83.7824, 175.673
2124, 43, 202, 83.7294, 175.786
2125, 43, 202, 83.6705, 175.905
2126, 43, 202, 83.6116, 176.053
2127, 43, 202, 83.5586, 176.171
2128, 43, 202, 83.5056, 176.261
2129, 43, 202, 83.469, 176.372
2130, 43, 202, 83.4101, 176.453
2131, 43, 202, 83.3571, 176.532
2132, 43, 202, 83.3041, 176.611
2133, 43, 202, 83.2675, 176.69
2134, 43, 202, 83.2086, 176.768
2135, 43, 202, 83.1556, 176.847
2136, 43, 201, 83.3186, 176.927
2137, 43, 201, 83.2513, 177.005
2138, 43, 201, 83.1983, 177.084
2139, 43, 201, 83.1309, 177.162
2140, 43, 201, 83.0944, 177.241
2141, 43, 201, 83.0355, 177.334
2142, 43, 201, 82.9825, 177.413
2143, 43, 201, 82.9295, 177.492
2144, 43, 201, 82.8765, 177.571
2145, 43, 201, 82.8235, 177.658
2146, 43, 201, 82.7264, 177.739
2147, 43, 201, 82.6898, 177.818
2148, 43, 201, 82.6309, 177.897
2149, 43, 201, 82.5868, 177.976
2150, 43, 200, 82.7498, 178.058
2151, 43, 200, 82.8722, 178.137
2152, 43, 200, 82.8455, 178.216
2153, 43, 199, 83.0085, 178.295
2154, 43, 199, 82.9412, 178.376
2155, 43, 199, 82.9005, 178.455
2156, 43, 199, 83.0347, 178.567
2157, 43, 199, 83.1688, 178.647
2158, 43, 199, 83.1484, 178.727
2159, 43, 199, 83.1043, 178.806
2160, 43, 199, 83.0369, 178.885
2161, 43, 199, 83.0102, 178.964
2162, 43, 199, 82.9428, 179.043
2163, 43, 199, 82.9062, 179.122
2164, 43, 199, 82.8697, 179.201
2165, 43, 199, 82.829, 179.28
2166, 43, 199, 82.7849, 179.359
2167, 43, 199, 82.7484, 179.438
2168, 43, 199, 82.681, 179.517
2169, 43, 198, 82.8297, 179.597
2170, 43, 198, 82.7856, 179.676
2171, 43, 198, 82.7415, 179.755
2172, 43, 198, 82.7148, 179.834
2173, 43, 198, 82.688, 179.913
2174, 43, 198, 82.6612, 179.992
2175, 43, 198, 82.6246, 180.071
2176, 43, 198, 82.5578, 180.156
2177, 43, 198, 82.5213, 180.234
2178, 43, 198, 82.4683, 180.312
2179, 43, 198, 82.4152, 180.39
2180, 43, 198, 82.3622, 180.468
2181, 43, 198, 82.3092, 180.546
2182, 43, 198, 82.2611, 180.633
2183, 43, 198, 82.2245, 180.712
2184, 43, 198, 82.1715, 180.791
2185, 43, 198, 82.1185, 180.87
2186, 43, 198, 82.0655, 180.948
2187, 43, 198, 82.0125, 181.037
2188, 43, 198, 81.8614, 181.116
2189, 43, 198, 81.8083, 181.201
2190, 43, 198, 81.7718, 181.282
2191, 43, 198, 81.7277, 181.36
2192, 43, 197, 81.8907, 181.439
2193, 43, 197, 81.8234, 181.517
2194, 43, 197, 81.7868, 181.596
2195, 43, 197, 81.7338, 181.674
2196, 43, 197, 81.6808, 181.753
2197, 43, 197, 81.6442, 181.832
2198, 43, 197, 81.4931, 181.91
2199, 43, 197, 81.4401, 181.989
2200, 43, 197, 81.3871, 182.067
2201, 43, 197, 81.3505, 182.145
2202, 43, 197, 81.3139, 182.224
2203, 43, 197, 81.2168, 182.304
2204, 43, 197, 81.19, 182.383
2205, 43, 197, 81.1535, 182.461
2206, 43, 197, 81.1005, 182.54
2207, 43, 197, 81.0416, 182.619
2208, 43, 197, 80.9886, 182.697
2209, 43, 197, 80.952, 182.776
2210, 43, 197, 80.899, 182.854
2211, 43, 197, 80.8152, 182.933
2212, 43, 197, 80.7711, 183.011
2213, 43, 197, 80.7038, 183.09
2214, 43, 197, 80.6508, 183.168
2215, 43, 197, 80.5537, 183.247
2216, 43, 197, 80.5007, 183.326
2217, 43, 197, 80.4566, 183.406
2218, 43, 197, 80.4263, 183.485
2219, 43, 197, 80.519, 183.564
2220, 43, 197, 80.4749, 183.643
2221, 43, 197, 80.4383, 183.721
2222, 43, 197, 80.4116, 183.8
2223, 43, 197, 80.2917, 183.878
2224, 43, 196, 80.4404, 183.964
2225, 43, 196, 80.3964, 184.044
2226, 43, 196, 80.3433, 184.122
2227, 43, 196, 80.3068, 184.212
2228, 43, 196, 80.2702, 184.294
2229, 43, 196, 80.2034, 184.372
2230, 43, 196, 80.1504, 184.45
2231, 43, 196, 80.1138, 184.529
2232, 43, 196, 80.0772, 184.607
2233, 43, 196, 80.0406, 184.687
2234, 43, 196, 79.9966, 184.766
2235, 43, 196, 79.9525, 184.844
2236, 43, 196, 79.9159, 184.922
2237, 43, 196, 79.8629, 185.001
2238, 43, 196, 79.8263, 185.079
2239, 43, 196, 79.7674, 185.158
2240, 43, 196, 79.7006, 185.237
2241, 43, 196, 79.664, 185.316
2242, 43, 196, 79.62, 185.396
2243, 43, 196, 79.5759, 185.475
2244, 43, 196, 79.5393, 185.554
2245, 43, 196, 79.4952, 185.632
2246, 43, 196, 79.4586, 185.711
2247, 43, 196, 79.3748, 185.79
2248, 43, 196, 79.3218, 185.869
2249, 43, 196, 79.2852, 185.947
2250, 43, 196, 79.2487, 186.026
2251, 43, 196, 79.2121, 186.104
2252, 43, 196, 79.1755, 186.183
2253, 43, 196, 79.1389, 186.261
2254, 43, 196, 78.9878, 186.343
2255, 43, 196, 78.868, 186.436
2256, 43, 196, 78.8314, 186.515
2257, 43, 196, 78.7873, 186.594
2258, 43, 196, 78.7392, 186.675
2259, 43, 196, 78.7026, 186.757
2260, 43, 196, 78.6358, 186.855
2261, 43, 196, 78.5917, 186.936
2262, 43, 196, 78.5387, 187.015
2263, 43, 196, 78.5085, 187.094
2264, 43, 196, 78.4719, 187.172
2265, 43, 196, 78.4312, 187.251
2266, 43, 196, 78.3342, 187.338
2267, 43, 196, 78.2371, 187.417
2268, 43, 196, 78.2068, 187.496
2269, 43, 196, 78.1801, 187.575
2270, 43, 196, 78.1587, 187.653
2271, 43, 196, 78.1146, 187.733
2272, 43, 196, 78.0616, 187.811
2273, 43, 196, 78.0348, 187.891
2274, 43, 196, 77.9907, 187.969
2275, 43, 196, 77.9501, 188.048
2276, 43, 196, 77.9095, 188.128
2277, 43, 196, 77.8426, 188.207
2278, 43, 196, 77.7758, 188.286
2279, 43, 196, 77.7554, 188.364
2280, 43, 196, 77.7286, 188.443
2281, 43, 196, 77.7018, 188.522
2282, 43, 196, 77.6721, 188.601
2283, 43, 196, 77.6567, 188.68
2284, 43, 196, 77.616, 188.758
2285, 43, 196, 77.5893, 188.839
2286, 43, 196, 77.5486, 188.917
2287, 43, 196, 77.512, 188.995
2288, 43, 196, 77.4755, 189.076
2289, 43, 196, 77.4487, 189.154
2290, 43, 196, 77.4121, 189.233
2291, 43, 196, 77.3755, 189.312
2292, 43, 196, 77.3082, 189.39
2293, 43, 196, 77.2552, 189.469
2294, 43, 196, 77.1878, 189.548
2295, 43, 196, 77.1348, 189.627
2296, 43, 196, 77.0377, 189.706
2297, 43, 196, 76.9407, 189.785
2298, 43, 196, 76.9041, 189.864
2299, 43, 196, 76.8836, 189.943
2300, 43, 196, 76.8569, 190.021
2301, 43, 196, 76.8203, 190.1
2302, 43, 196, 76.7762, 190.178
2303, 43, 196, 76.7173, 190.257
2304, 43, 196, 76.6202, 190.335
2305, 43, 196, 76.5836, 190.414
2306, 43, 196, 76.5395, 190.493
2307, 43, 196, 76.503, 190.571
2308, 43, 196, 76.4192, 190.657
2309, 43, 196, 76.268, 190.736
2310, 43, 196, 76.1842, 190.815
2311, 43, 196, 76.1401, 190.894
2312, 43, 196, 76.1036, 190.972
2313, 43, 196, 76.0362, 191.051
2314, 43, 196, 75.9773, 191.13
2315, 43, 196, 75.91, 191.21
2316, 43, 196, 75.857, 191.288
2317, 43, 196, 75.7896, 191.366
2318, 43, 196, 75.5262, 191.445
2319, 43, 196, 75.4732, 191.524
2320, 43, 195, 75.6362, 191.603
2321, 43, 195, 75.7586, 191.682
2322, 43, 195, 75.7056, 191.76
2323, 43, 195, 75.6691, 191.838
2324, 43, 195, 75.6017, 191.917
2325, 43, 195, 75.5576, 191.996
2326, 43, 194, 75.6988, 192.075
2327, 43, 194, 75.6686, 192.171
2328, 43, 194, 75.632, 192.251
2329, 43, 194, 75.5647, 192.332
2330, 43, 194, 75.5206, 192.432
2331, 43, 194, 75.4617, 192.555
2332, 43, 194, 75.4251, 192.681
2333, 43, 194, 75.381, 192.799
2334, 43, 194, 75.5152, 192.892
2335, 43, 194, 75.4786, 193.003
2336, 43, 194, 75.4345, 193.084
2337, 43, 194, 75.324, 193.166
2338, 44, 194, 75.3166, 193.249
2339, 44, 194, 75.1968, 193.327
2340, 44, 194, 75.1527, 193.409
2341, 44, 194, 75.126, 193.488
2342, 44, 194, 75.073, 193.567
2343, 44, 194, 74.9759, 193.649
2344, 44, 194, 75.0694, 193.728
2345, 44, 193, 75.2324, 193.827
2346, 44, 193, 75.1651, 193.908
2347, 45, 193, 75.1586, 193.998
2348, 45, 193, 75.1284, 194.078
2349, 45, 193, 75.0754, 194.157
2350, 46, 193, 75.0698, 194.238
2351, 46, 193, 75.0493, 194.316
2352, 46, 193, 75.0087, 194.395
2353, 46, 192, 75.1574, 194.474
2354, 46, 192, 75.1133, 194.553
2355, 46, 192, 75.0767, 194.632
2356, 46, 191, 75.2254, 194.711
2357, 46, 191, 75.1813, 194.789
2358, 46, 191, 75.1407, 194.868
2359, 46, 191, 75.1, 194.947
2360, 46, 191, 75.0332, 195.026
2361, 46, 191, 74.9706, 195.104
2362, 46, 191, 74.9438, 195.185
2363, 46, 191, 74.877, 195.266
2364, 46, 191, 74.824, 195.345
2365, 46, 191, 74.771, 195.424
2366, 46, 191, 74.718, 195.503
2367, 46, 191, 74.6877, 195.583
2368, 46, 191, 74.661, 195.662
2369, 46, 191, 74.6203, 195.741
2370, 46, 191, 74.5936, 195.82
2371, 46, 191, 74.557, 195.9
2372, 46, 191, 74.5204, 195.978
2373, 46, 191, 74.4615, 196.058
2374, 46, 191, 74.4026, 196.136
2375, 46, 191, 74.3585, 196.215
2376, 46, 191, 74.3055, 196.294
2377, 46, 191, 74.4397, 196.373
2378, 46, 191, 74.399, 196.452
2379, 46, 191, 74.3584, 196.531
2380, 46, 191, 74.3282, 196.61
2381, 46, 191, 74.2841, 196.689
2382, 46, 191, 74.187, 196.768
2383, 46, 191, 74.1504, 196.847
2384, 46, 191, 74.1138, 196.926
2385, 46, 191, 74.0732, 197.005
2386, 46, 191, 74.0464, 197.1
2387, 46, 191, 74.0162, 197.18
2388, 46, 191, 73.9488, 197.26
2389, 46, 191, 73.9123, 197.347
2390, 46, 191, 73.8682, 197.427
2391, 46, 191, 73.8316, 197.506
2392, 46, 191, 73.7727, 197.585
2393, 46, 191, 73.7197, 197.663
2394, 46, 191, 73.6226, 197.742
2395, 46, 191, 73.582, 197.823
2396, 46, 191, 73.5379, 197.903
2397, 46, 191, 73.4938, 197.982
2398, 46, 191, 73.374, 198.061
2399, 46, 191, 73.3374, 198.14
2400, 46, 191, 73.2785, 198.219
2401, 46, 191, 73.2255, 198.298
2402, 46, 191, 73.1987, 198.377
2403, 46, 191, 73.1547, 198.456
2404, 46, 191, 73.1181, 198.535
2405, 46, 191, 73.074, 198.614
2406, 46, 191, 72.9542, 198.693
2407, 46, 191, 72.9135, 198.772
2408, 46, 191, 72.8833, 198.851
2409, 46, 191, 72.8427, 198.93
2410, 46, 191, 72.8061, 199.009
2411, 46, 191, 72.762, 199.088
2412, 46, 191, 72.7352, 199.167
2413, 46, 191, 72.6987, 199.246
2414, 46, 191, 72.6719, 199.324
2415, 46, 191, 72.6278, 199.404
2416, 46, 191, 72.5605, 199.483
2417, 46, 191, 72.5239, 199.562
2418, 46, 191, 72.4268, 199.641
2419, 46, 191, 72.3861, 199.72
2420, 46, 191, 72.3496, 199.799
2421, 46, 190, 72.4983, 199.878
2422, 46, 190, 72.4542, 199.957
2423, 46, 190, 72.4101, 200.036
2424, 46, 190, 72.3512, 200.115
2425, 46, 190, 72.3244, 200.196
2426, 46, 190, 72.2803, 200.275
2427, 46, 190, 72.213, 200.355
2428, 46, 190, 72.1724, 200.435
2429, 46, 190, 72.1283, 200.514
2430, 46, 190, 72.0917, 200.593
2431, 46, 190, 72.0387, 200.683
2432, 46, 190, 71.9416, 200.762
2433, 46, 190, 71.905, 200.842
2434, 46, 190, 71.8644, 200.935
2435, 46, 190, 71.8376, 201.015
2436, 46, 190, 71.8074, 201.095
2437, 46, 190, 71.7667, 201.177
2438, 46, 190, 71.7302, 201.258
2439, 46, 190, 71.6861, 201.338
2440, 46, 190, 71.6331, 201.418
2441, 46, 190, 71.5965, 201.497
2442, 46, 190, 71.5697, 201.577
2443, 46, 190, 71.5256, 201.657
2444, 46, 190, 71.4989, 201.736
2445, 46, 190, 71.4548, 201.816
2446, 46, 190, 71.428, 201.896
2447, 46, 190, 71.3914, 201.975
2448, 46, 190, 71.3548, 202.054
2449, 46, 189, 71.5035, 202.134
2450, 46, 189, 71.4595, 202.214
2451, 46, 189, 71.3926, 202.295
2452, 46, 189, 71.3624, 202.374
2453, 46, 189, 71.3183, 202.454
2454, 46, 189, 71.2916, 202.534
2455, 46, 189, 71.255, 202.614
2456, 46, 189, 71.2184, 202.694
2457, 46, 189, 71.1818, 202.773
2458, 46, 189, 71.1605, 202.853
2459, 46, 188, 71.3091, 202.932
2460, 46, 188, 71.4018, 203.024
2461, 46, 188, 71.335, 203.111
2462, 46, 187, 71.498, 203.191
2463, 46, 187, 71.4307, 203.271
2464, 46, 187, 71.39, 203.35
2465, 46, 186, 71.5387, 203.43
2466, 46, 186, 71.4946, 203.51
2467, 46, 186, 71.4581, 203.606
2468, 46, 186, 71.4278, 203.687
2469, 46, 186, 71.3976, 203.767
2470, 46, 186, 71.3005, 203.847
2471, 46, 186, 71.2599, 203.927
2472, 46, 186, 71.2331, 204.014
2473, 46, 185, 71.3818, 204.093
2474, 46, 185, 71.3377, 204.174
2475, 46, 185, 71.3109, 204.254
2476, 46, 185, 71.2812, 204.334
2477, 46, 185, 71.2144, 204.413
2478, 46, 185, 71.3485, 204.494
2479, 46, 184, 71.4863, 204.573
2480, 46, 184, 71.4565, 204.653
2481, 46, 184, 71.4351, 204.733
2482, 46, 184, 71.3945, 204.813
2483, 46, 184, 71.3579, 204.892
2484, 46, 184, 71.2587, 204.972
2485, 46, 184, 71.2383, 205.052
2486, 46, 184, 71.2228, 205.132
2487, 46, 184, 71.2024, 205.212
2488, 46, 184, 71.1542, 205.292
2489, 46, 184, 71.0869, 205.374
2490, 46, 184, 71.0428, 205.453
2491, 46, 184, 71.0267, 205.533
2492, 46, 184, 70.9908, 205.615
2493, 46, 184, 70.9501, 205.695
2494, 46, 184, 70.9136, 205.774
2495, 46, 184, 70.877, 205.854
2496, 46, 184, 70.8502, 205.934
2497, 46, 184, 70.8234, 206.014
2498, 46, 184, 70.7828, 206.093
2499, 46, 184, 70.756, 206.174
2500, 46, 184, 70.7293, 206.255
2501, 46, 184, 70.7025, 206.334
2502, 46, 184, 70.6618, 206.415
2503, 46, 184, 70.6212, 206.495
2504, 46, 184, 70.5846, 206.574
2505, 46, 184, 70.5178, 206.653
2506, 46, 184, 70.491, 206.732
2507, 46, 184, 70.4545, 206.811
2508, 46, 184, 70.4179, 206.891
2509, 46, 184, 70.4878, 206.97
2510, 46, 184, 70.4512, 207.049
2511, 46, 183, 70.6143, 207.129
2512, 46, 183, 70.5469, 207.208
2513, 46, 183, 70.5265, 207.297
2514, 46, 183, 70.4858, 207.377
2515, 46, 183, 70.4377, 207.456
2516, 46, 183, 70.4075, 207.535
2517, 46, 183, 70.3709, 207.614
2518, 46, 183, 70.3343, 207.694
2519, 46, 183, 70.3139, 207.79
2520, 46, 183, 70.2934, 207.87
2521, 46, 183, 70.2632, 207.95
2522, 46, 183, 70.233, 208.03
2523, 46, 183, 70.1964, 208.111
2524, 46, 183, 70.1598, 208.195
2525, 46, 183, 70.133, 208.275
2526, 46, 183, 70.0662, 208.354
2527, 46, 183, 70.0394, 208.434
2528, 46, 183, 70.0127, 208.513
2529, 46, 183, 69.9829, 208.592
2530, 46, 183, 70.0619, 208.672
2531, 46, 183, 70.0178, 208.752
2532, 46, 183, 69.9881, 208.831
2533, 46, 183, 69.972, 208.91
2534, 46, 183, 69.9558, 208.988
2535, 46, 183, 69.9261, 209.087
2536, 46, 183, 69.91, 209.21
2537, 46, 183, 69.8895, 209.325
2538, 46, 183, 69.8598, 209.441
2539, 46, 183, 69.8393, 209.534
2540, 46, 183, 69.8096, 209.645
2541, 46, 183, 69.7798, 209.726
2542, 46, 182, 69.921, 209.805
2543, 46, 182, 69.8908, 209.885
2544, 46, 182, 69.8426, 209.964
2545, 46, 182, 69.8222, 210.044
2546, 46, 182, 69.7954, 210.123
2547, 46, 182, 69.774, 210.202
2548, 46, 182, 69.844, 210.282
2549, 46, 182, 69.8226, 210.362
2550, 46, 182, 69.7924, 210.441
2551, 46, 182, 69.7719, 210.521
2552, 46, 182, 69.7422, 210.6
2553, 46, 182, 69.7208, 210.692
2554, 46, 182, 69.7003, 210.772
2555, 46, 182, 69.6562, 210.86
2556, 46, 182, 69.5724, 210.941
2557, 46, 182, 69.5359, 211.021
2558, 46, 182, 69.5056, 211.101
2559, 46, 182, 69.4691, 211.18
2560, 46, 182, 69.4423, 211.26
2561, 46, 182, 69.4121, 211.339
2562, 46, 182, 69.368, 211.419
2563, 46, 181, 69.5092, 211.499
2564, 46, 181, 69.4789, 211.579
2565, 46, 181, 69.4522, 211.658
2566, 46, 181, 69.4224, 211.737
2567, 46, 181, 69.3956, 211.817
2568, 46, 181, 69.3475, 211.897
2569, 46, 181, 69.3207, 211.977
2570, 46, 181, 69.3053, 212.056
2571, 46, 181, 69.2899, 212.136
2572, 46, 181, 69.2601, 212.217
2573, 46, 181, 69.2397, 212.297
2574, 46, 181, 69.3096, 212.377
2575, 46, 181, 69.3795, 212.458
2576, 46, 180, 69.5173, 212.538
2577, 46, 180, 69.4905, 212.618
2578, 46, 180, 69.4744, 212.699
2579, 46, 180, 69.4441, 212.779
2580, 46, 180, 69.3911, 212.859
2581, 46, 180, 69.3757, 212.939
2582, 46, 180, 69.3316, 213.019
2583, 46, 180, 69.3203, 213.1
2584, 46, 180, 69.2535, 213.18
2585, 46, 180, 69.2268, 213.261
2586, 46, 180, 69.197, 213.344
2587, 46, 180, 69.1702, 213.424
2588, 46, 180, 69.1337, 213.504
2589, 46, 180, 69.1123, 213.585
2590, 46, 180, 69.0855, 213.665
2591, 46, 180, 69.0587, 213.745
2592, 46, 180, 69.036, 213.825
2593, 46, 180, 69.1059, 213.905
2594, 46, 180, 69.0929, 214.013
2595, 46, 180, 69.0702, 214.094
2596, 46, 180, 69.0571, 214.175
2597, 46, 180, 69.0417, 214.256
2598, 46, 180, 69.0212, 214.336
2599, 46, 180, 68.9985, 214.416
2600, 46, 180, 68.9781, 214.496
2601, 46, 180, 68.9299, 214.576
2602, 46, 180, 68.9031, 214.657
2603, 46, 180, 68.8764, 214.736
2604, 46, 180, 68.9697, 214.817
2605, 46, 180, 68.9493, 214.897
2606, 46, 180, 68.919, 214.978
2607, 46, 180, 68.7992, 215.058
2608, 46, 180, 68.7511, 215.139
2609, 46, 180, 68.7306, 215.219
2610, 46, 180, 68.6633, 215.3
2611, 46, 179, 68.8045, 215.38
2612, 46, 179, 68.7742, 215.46
2613, 46, 179, 68.7377, 215.54
2614, 46, 179, 68.7074, 215.621
2615, 46, 179, 68.6593, 215.701
2616, 46, 179, 68.6325, 215.782
2617, 46, 179, 68.5844, 215.862
2618, 46, 179, 68.5998, 215.943
2619, 46, 179, 68.5837, 216.023
2620, 46, 179, 68.5633, 216.103
2621, 46, 179, 68.5154, 216.185
2622, 46, 179, 68.4795, 216.266
2623, 46, 179, 68.4591, 216.347
2624, 46, 179, 68.415, 216.427
2625, 46, 179, 68.3853, 216.509
2626, 46, 179, 68.3555, 216.589
2627, 46, 179, 68.3281, 216.67
2628, 46, 179, 68.3054, 216.751
2629, 46, 179, 68.2752, 216.832
2630, 46, 179, 68.2449, 216.913
2631, 46, 179, 68.2245, 216.993
2632, 46, 179, 68.2084, 217.073
2633, 46, 179, 68.1879, 217.154
2634, 46, 179, 68.1718, 217.235
2635, 46, 179, 68.1587, 217.326
2636, 46, 179, 68.136, 217.407
2637, 46, 179, 68.1133, 217.49
2638, 46, 179, 68.0919, 217.602
2639, 46, 179, 68.0692, 217.685
2640, 46, 179, 68.0478, 217.766
2641, 46, 179, 68.0733, 217.847
2642, 46, 178, 68.2111, 217.928
2643, 46, 178, 68.1884, 218.009
2644, 46, 178, 68.167, 218.09
2645, 46, 178, 68.1368, 218.17
2646, 46, 178, 68.11, 218.253
2647, 46, 178, 68.0895, 218.333
2648, 46, 178, 68.0598, 218.418
2649, 46, 178, 68.0384, 218.499
2650, 46, 178, 68.0087, 218.579
2651, 46, 178, 67.9819, 218.666
2652, 46, 178, 67.8972, 218.768
2653, 46, 178, 67.8704, 218.849
2654, 46, 178, 67.8406, 218.93
2655, 46, 178, 67.8193, 219.01
2656, 46, 178, 67.8713, 219.091
2657, 46, 178, 67.8231, 219.182
2658, 46, 178, 67.8077, 219.264
2659, 46, 178, 67.7863, 219.345
2660, 46, 178, 67.7595, 219.425
2661, 46, 178, 67.7298, 219.506
2662, 46, 178, 67.7, 219.586
2663, 46, 178, 67.8105, 219.671
2664, 46, 178, 67.7892, 219.77
2665, 46, 178, 67.7687, 219.851
2666, 46, 178, 67.7483, 219.932
2667, 46, 178, 67.7042, 220.013
2668, 46, 178, 67.6815, 220.093
2669, 46, 178, 67.6456, 220.173
2670, 46, 178, 67.6242, 220.254
2671, 46, 178, 67.5761, 220.344
2672, 46, 178, 67.5458, 220.425
2673, 46, 178, 67.5254, 220.506
2674, 46, 178, 67.4627, 220.588
2675, 46, 178, 67.4186, 220.678
2676, 46, 178, 67.3973, 220.759
2677, 46, 178, 67.3443, 220.841
2678, 46, 177, 67.4854, 220.922
2679, 46, 177, 67.4552, 221.003
2680, 46, 177, 67.4284, 221.085
2681, 46, 177, 67.3987, 221.178
2682, 46, 177, 67.3685, 221.262
2683, 46, 177, 67.3417, 221.341
2684, 46, 177, 67.3011, 221.421
2685, 46, 177, 67.2708, 221.501
2686, 46, 177, 67.2302, 221.581
2687, 46, 177, 67.1634, 221.661
2688, 46, 177, 67.1332, 221.742
2689, 46, 177, 67.1064, 221.822
2690, 46, 177, 67.0762, 221.903
2691, 46, 177, 67.0494, 221.984
2692, 46, 177, 67.0087, 222.064
2693, 46, 177, 66.9647, 222.145
2694, 46, 177, 66.9116, 222.225
2695, 46, 177, 66.8814, 222.306
2696, 46, 177, 66.8517, 222.389
2697, 46, 177, 66.8219, 222.469
2698, 46, 176, 66.9597, 222.55
2699, 46, 176, 66.9383, 222.63
2700, 46, 176, 66.9085, 222.71
2701, 46, 176, 66.8881, 222.792
2702, 46, 176, 66.8474, 222.874
2703, 46, 176, 66.8207, 222.955
2704, 46, 176, 66.7939, 223.035
2705, 46, 176, 66.7725, 223.116
2706, 46, 175, 66.9212, 223.196
2707, 46, 175, 66.8771, 223.277
2708, 46, 175, 66.7573, 223.358
2709, 46, 175, 66.7207, 223.438
2710, 46, 175, 66.694, 223.519
2711, 46, 174, 66.8317, 223.599
2712, 46, 174, 66.802, 223.68
2713, 46, 174, 66.7806, 223.76
2714, 46, 174, 66.7592, 223.841
2715, 46, 174, 66.8518, 223.921
2716, 46, 174, 66.9445, 224.012
2717, 46, 174, 66.9231, 224.094
2718, 46, 174, 66.8701, 224.174
2719, 46, 174, 66.8028, 224.255
2720, 46, 174, 66.7662, 224.336
2721, 46, 174, 66.7255, 224.416
2722, 46, 174, 66.6849, 224.497
2723, 46, 174, 66.7775, 224.577
2724, 46, 174, 66.741, 224.658
2725, 46, 174, 66.6969, 224.739
2726, 46, 174, 66.6671, 224.82
2727, 46, 174, 66.6374, 224.9
2728, 46, 174, 66.7488, 224.98
2729, 46, 174, 66.722, 225.06
2730, 46, 174, 66.6814, 225.14
2731, 46, 174, 66.661, 225.22
2732, 46, 174, 66.5936, 225.301
2733, 46, 174, 66.5722, 225.381
2734, 46, 174, 66.5561, 225.464
2735, 46, 174, 66.5259, 225.545
2736, 46, 174, 66.4956, 225.625
2737, 47, 174, 66.4906, 225.713
2738, 47, 174, 66.4745, 225.84
2739, 47, 174, 66.4304, 225.951
2740, 47, 174, 66.3457, 226.073
2741, 47, 174, 66.4741, 226.188
2742, 47, 174, 66.4474, 226.305
2743, 47, 174, 66.4269, 226.414
2744, 47, 174, 66.4968, 226.515
2745, 47, 174, 66.4671, 226.615
2746, 47, 174, 66.4466, 226.696
2747, 47, 174, 66.4169, 226.777
2748, 47, 174, 66.3871, 226.879
2749, 47, 174, 66.3024, 226.961
2750, 47, 174, 66.2756, 227.041
2751, 47, 174, 66.2088, 227.122
2752, 47, 173, 66.35, 227.203
2753, 47, 173, 66.3198, 227.296
2754, 47, 173, 66.2896, 227.378
2755, 47, 173, 66.1384, 227.459
2756, 47, 173, 66.0854, 227.54
2757, 47, 173, 66.07, 227.62
2758, 47, 173, 66.0334, 227.701
2759, 47, 173, 65.9363, 227.781
2760, 47, 172, 66.0775, 227.862
2761, 47, 172, 66.0473, 227.943
2762, 47, 172, 66.0107, 228.023
2763, 47, 172, 65.9741, 228.104
2764, 47, 172, 65.93, 228.185
2765, 47, 172, 65.833, 228.266
2766, 47, 172, 65.7923, 228.346
2767, 47, 171, 65.9335, 228.427
2768, 47, 171, 65.9033, 228.507
2769, 47, 171, 65.8626, 228.588
2770, 47, 171, 65.8324, 228.669
2771, 47, 171, 65.8844, 228.75
2772, 47, 171, 65.8176, 228.832
2773, 47, 171, 65.7508, 228.914
2774, 47, 171, 65.7067, 228.995
2775, 47, 171, 65.6661, 229.077
2776, 47, 171, 65.622, 229.158
2777, 47, 171, 65.5922, 229.239
2778, 47, 171, 65.5709, 229.32
2779, 47, 171, 65.5411, 229.401
2780, 47, 170, 65.6823, 229.482
2781, 47, 170, 65.6521, 229.563
2782, 47, 170, 65.6218, 229.644
2783, 47, 170, 65.5853, 229.725
2784, 47, 170, 65.5487, 229.806
2785, 47, 170, 65.5121, 229.887
2786, 47, 170, 65.4917, 229.967
2787, 47, 170, 65.4712, 230.049
2788, 47, 170, 65.4415, 230.129
2789, 47, 170, 65.4112, 230.21
2790, 47, 170, 65.3899, 230.291
2791, 47, 170, 65.3685, 230.373
2792, 47, 170, 65.3417, 230.453
2793, 47, 170, 65.3203, 230.534
2794, 47, 170, 65.2936, 230.623
2795, 47, 170, 65.2267, 230.721
2796, 47, 170, 65.1902, 230.805
2797, 47, 170, 65.1634, 230.887
2798, 47, 170, 65.1268, 230.968
2799, 47, 170, 65.0966, 231.049
2800, 47, 170, 65.0298, 231.131
2801, 47, 170, 65.003, 231.213
2802, 47, 170, 64.9762, 231.294
2803, 47, 170, 64.9356, 231.376
2804, 47, 170, 65.0282, 231.459
2805, 47, 170, 65.0015, 231.54
2806, 47, 170, 64.9747, 231.622
2807, 47, 170, 64.9381, 231.703
2808, 47, 170, 64.9015, 231.785
2809, 47, 170, 64.8802, 231.867
2810, 47, 170, 64.8588, 231.949
2811, 47, 170, 64.832, 232.031
2812, 47, 170, 64.8116, 232.112
2813, 47, 170, 64.7902, 232.193
2814, 47, 170, 64.7675, 232.275
2815, 47, 170, 64.7513, 232.357
2816, 47, 170, 64.7032, 232.439
2817, 47, 170, 64.6827, 232.52
2818, 47, 170, 64.6525, 232.603
2819, 47, 170, 64.6159, 232.685
2820, 47, 170, 64.5794, 232.766
2821, 47, 170, 64.5491, 232.848
2822, 47, 170, 64.505, 232.929
2823, 47, 170, 64.4685, 233.012
2824, 47, 170, 64.4011, 233.093
2825, 47, 170, 64.3481, 233.174
2826, 47, 170, 64.2951, 233.255
2827, 48, 170, 64.2895, 233.338
2828, 49, 170, 64.2838, 233.422
2829, 49, 170, 64.2479, 233.503
2830, 49, 170, 64.2039, 233.587
2831, 49, 169, 64.3407, 233.668
2832, 49, 169, 64.3109, 233.749
2833, 49, 169, 64.2955, 233.833
2834, 49, 169, 64.2548, 233.914
2835, 49, 169, 64.2246, 234.005
2836, 49, 169, 64.2945, 234.086
2837, 49, 169, 64.2539, 234.173
2838, 49, 169, 64.2133, 234.263
2839, 49, 169, 64.1651, 234.345
2840, 49, 169, 64.1437, 234.426
2841, 49, 169, 64.0996, 234.507
2842, 49, 169, 64.059, 234.589
2843, 49, 169, 63.9922, 234.67
2844, 49, 169, 63.9624, 234.751
2845, 49, 169, 63.9327, 234.834
2846, 49, 169, 63.9025, 234.915
2847, 49, 169, 63.882, 234.996
2848, 49, 169, 63.8414, 235.076
2849, 49, 169, 63.8209, 235.158
2850, 49, 169, 63.668, 235.239
2851, 49, 169, 63.6466, 235.32
2852, 49, 169, 63.6169, 235.401
2853, 49, 169, 63.6007, 235.482
2854, 49, 169, 63.5567, 235.565
2855, 49, 169, 63.516, 235.647
2856, 49, 169, 63.4794, 235.727
2857, 49, 169, 63.5721, 235.809
2858, 49, 169, 63.5314, 235.89
2859, 49, 169, 63.4908, 235.972
2860, 49, 169, 63.464, 236.053
2861, 49, 169, 63.4373, 236.134
2862, 49, 169, 63.3966, 236.215
2863, 49, 169, 63.36, 236.296
2864, 49, 169, 63.3159, 236.401
2865, 49, 169, 63.2946, 236.508
2866, 49, 169, 63.2643, 236.591
2867, 49, 168, 63.4274, 236.673
2868, 49, 168, 63.36, 236.754
2869, 49, 168, 63.3298, 236.835
2870, 49, 167, 63.4785, 236.916
2871, 49, 167, 63.4344, 236.997
2872, 49, 167, 63.3978, 237.078
2873, 49, 167, 63.3613, 237.159
2874, 49, 166, 63.51, 237.24
2875, 49, 166, 63.4659, 237.331
2876, 49, 166, 63.4293, 237.412
2877, 49, 166, 63.3927, 237.495
2878, 50, 166, 63.3877, 237.578
2879, 51, 166, 63.3827, 237.662
2880, 51, 166, 63.3553, 237.743
2881, 51, 166, 63.3187, 237.824
2882, 51, 166, 63.2822, 237.906
2883, 51, 166, 63.2554, 237.987
2884, 51, 165, 63.4184, 238.07
2885, 51, 165, 63.3511, 238.152
2886, 51, 165, 63.2837, 238.234
2887, 51, 165, 63.257, 238.316
2888, 51, 165, 63.1902, 238.397
2889, 51, 165, 63.1536, 238.477
2890, 51, 165, 63.1129, 238.558
2891, 51, 165, 63.0862, 238.64
2892, 51, 165, 63.0455, 238.723
2893, 51, 165, 63.0187, 238.804
2894, 51, 165, 62.8989, 238.885
2895, 51, 165, 62.8459, 238.965
2896, 51, 165, 62.8018, 239.062
2897, 51, 165, 62.7653, 239.144
2898, 51, 165, 62.7448, 239.225
2899, 51, 165, 62.7007, 239.321
2900, 51, 165, 62.6601, 239.402
2901, 51, 165, 62.6299, 239.484
2902, 51, 165, 62.5101, 239.565
2903, 51, 165, 62.466, 239.647
2904, 51, 165, 62.4294, 239.728
2905, 51, 165, 62.3928, 239.809
2906, 51, 165, 62.4627, 239.89
2907, 51, 165, 62.4423, 239.971
2908, 51, 165, 62.3941, 240.054
2909, 51, 165, 62.3674, 240.135
2910, 51, 164, 62.5161, 240.216
2911, 51, 164, 62.472, 240.297
2912, 51, 164, 62.4452, 240.379
2913, 51, 164, 62.3971, 240.459
2914, 51, 164, 62.353, 240.54
2915, 51, 164, 62.3164, 240.63
2916, 51, 164, 62.2757, 240.713
2917, 51, 164, 62.249, 240.794
2918, 51, 164, 62.2124, 240.875
2919, 51, 164, 62.0315, 240.956
2920, 51, 164, 61.9949, 241.037
2921, 51, 164, 61.9584, 241.134
2922, 51, 164, 61.9218, 241.216
2923, 51, 164, 61.9013, 241.299
2924, 51, 163, 62.0391, 241.389
2925, 51, 163, 62.0911, 241.472
2926, 51, 163, 62.0643, 241.553
2927, 51, 163, 62.0202, 241.633
2928, 51, 163, 61.9905, 241.714
2929, 51, 163, 61.9237, 241.794
2930, 51, 163, 61.8969, 241.875
2931, 51, 163, 61.9904, 241.955
2932, 51, 163, 62.0424, 242.036
2933, 51, 163, 62.0219, 242.116
2934, 51, 163, 61.9952, 242.197
2935, 51, 163, 61.9747, 242.278
2936, 51, 163, 61.9586, 242.358
2937, 51, 163, 61.9359, 242.438
2938, 51, 163, 61.8732, 242.555
2939, 51, 163, 61.8366, 242.674
2940, 51, 163, 61.8064, 242.788
2941, 51, 163, 61.7796, 242.912
2942, 51, 163, 61.7356, 243.03
2943, 51, 163, 61.7058, 243.143
2944, 51, 163, 61.679, 243.259
2945, 51, 163, 61.6577, 243.377
2946, 51, 163, 61.6309, 243.488
2947, 51, 163, 61.6041, 243.592
2948, 51, 163, 61.5739, 243.674
2949, 51, 163, 61.6665, 243.755
2950, 51, 163, 61.5997, 243.841
2951, 51, 163, 61.573, 243.923
2952, 51, 163, 61.5364, 244.018
2953, 51, 163, 61.4696, 244.101
2954, 51, 163, 61.4255, 244.185
2955, 51, 163, 61.4094, 244.266
2956, 51, 163, 61.3826, 244.348
2957, 51, 162, 61.5238, 244.431
2958, 51, 162, 61.4935, 244.512
2959, 51, 162, 61.4097, 244.594
2960, 52, 162, 61.4053, 244.677
2961, 53, 162, 61.4008, 244.76
2962, 53, 162, 61.3795, 244.842
2963, 53, 162, 61.3429, 244.922
2964, 53, 162, 61.3275, 245.004
2965, 53, 162, 61.3144, 245.084
2966, 53, 162, 61.2847, 245.165
2967, 53, 162, 61.2545, 245.248
2968, 53, 162, 61.2277, 245.33
2969, 53, 162, 61.1979, 245.412
2970, 53, 162, 61.1682, 245.493
2971, 53, 162, 61.1478, 245.574
2972, 53, 162, 61.118, 245.656
2973, 53, 162, 61.0976, 245.738
2974, 53, 162, 61.0708, 245.82
2975, 53, 162, 61.1228, 245.903
2976, 53, 162, 61.096, 245.985
2977, 53, 162, 61.0479, 246.067
2978, 53, 162, 61.0181, 246.148
2979, 53, 162, 60.9977, 246.229
2980, 53, 162, 60.9763, 246.311
2981, 53, 162, 60.9461, 246.392
2982, 53, 162, 60.9247, 246.474
2983, 53, 162, 60.8945, 246.555
2984, 53, 162, 60.8717, 246.636
2985, 53, 161, 61.0129, 246.718
2986, 53, 161, 60.9827, 246.8
2987, 53, 161, 61.0762, 246.881
2988, 53, 161, 61.0494, 246.963
2989, 53, 161, 61.0326, 247.054
2990, 53, 161, 61.0165, 247.136
2991, 53, 161, 60.9897, 247.22
2992, 53, 161, 60.9629, 247.309
2993, 53, 161, 60.9361, 247.391
2994, 53, 160, 61.0773, 247.482
2995, 53, 160, 61.0471, 247.564
2996, 53, 160, 61.1397, 247.646
2997, 53, 160, 61.1236, 247.728
2998, 53, 160, 61.0877, 247.811
2999, 53, 160, 61.061, 247.892
