Seed is: 71
Number of samples is: 1000
Simulation name is: Simulation_1TV.sim
TimeStep, Distraction Rate, Missed States, Model Accuracy, Time (ms)
0, 0, 165, 0, 8.1e-05
1, 0, 164, -0.232193, 0.010961
2, 0, 163, 0.531004, 0.02097
3, 0, 162, 0.298812, 0.030128
4, 0, 161, 1.06201, 0.038854
5, 0, 160, 1.82521, 0.047361
6, 0, 159, 2.82521, 0.055837
7, 0, 158, 3.5884, 0.064674
8, 0, 157, 4.5884, 0.07309
9, 0, 156, 5.5884, 0.081716
10, 0, 155, 6.5884, 0.090212
11, 0, 154, 7.3516, 0.098768
12, 0, 153, 8.3516, 0.107114
13, 0, 152, 9.1148, 0.115571
14, 0, 151, 9.87799, 0.123896
15, 0, 150, 10.878, 0.132513
16, 0, 149, 11.6412, 0.141209
17, 0, 148, 12.6412, 0.149806
18, 0, 147, 13.6412, 0.158412
19, 0, 146, 14.4044, 0.167069
20, 0, 146, 13.9894, 0.175865
21, 0, 146, 13.6158, 0.184662
22, 0, 145, 13.3836, 0.193218
23, 0, 144, 14.1468, 0.201845
24, 0, 143, 14.91, 0.210331
25, 0, 143, 14.495, 0.219248
26, 0, 143, 14.0799, 0.228175
27, 0, 143, 13.6649, 0.236952
28, 0, 143, 13.2914, 0.245799
29, 0, 143, 12.8763, 0.254515
30, 0, 143, 12.5028, 0.263462
31, 0, 142, 13.266, 0.272179
32, 0, 141, 14.0292, 0.280645
33, 0, 140, 14.7924, 0.289372
34, 0, 139, 15.7924, 0.297908
35, 0, 138, 16.5556, 0.306564
36, 0, 137, 17.3188, 0.315161
37, 0, 136, 18.082, 0.323817
38, 0, 135, 18.8452, 0.332223
39, 0, 134, 19.6084, 0.34099
40, 0, 134, 19.1933, 0.350067
41, 0, 134, 18.7783, 0.359034
42, 0, 134, 18.4048, 0.367821
43, 0, 134, 18.2348, 0.376638
44, 0, 134, 18.0819, 0.385485
45, 0, 133, 18.8451, 0.394251
46, 0, 132, 19.6083, 0.402908
47, 0, 132, 19.2348, 0.411955
48, 1, 131, 20.2348, 0.421092
49, 1, 131, 19.8612, 0.43042
50, 1, 130, 20.6244, 0.439327
51, 1, 129, 21.6244, 0.447924
52, 1, 128, 22.3876, 0.45679
53, 1, 128, 22.2177, 0.465988
54, 1, 128, 22.0478, 0.475085
55, 1, 128, 21.8949, 0.484173
56, 1, 128, 21.7249, 0.49314
57, 1, 128, 21.572, 0.502257
58, 1, 128, 21.4191, 0.511254
59, 1, 128, 21.0455, 0.520171
60, 1, 127, 21.8087, 0.528998
61, 1, 126, 22.5719, 0.537674
62, 1, 125, 23.3351, 0.546652
63, 1, 124, 24.3351, 0.555488
64, 1, 123, 25.0983, 0.564536
65, 1, 123, 24.7248, 0.573954
66, 1, 123, 24.6317, 0.583091
67, 1, 122, 24.8214, 0.592339
68, 1, 122, 24.7109, 0.602207
69, 1, 121, 26.0591, 0.611445
70, 1, 120, 26.8223, 0.620442
71, 1, 120, 26.3373, 0.630151
72, 1, 119, 27.3373, 0.639188
73, 1, 118, 28.1005, 0.648285
74, 1, 117, 28.8637, 0.657272
75, 1, 116, 29.8637, 0.66645
76, 1, 115, 30.8637, 0.675677
77, 1, 114, 31.6269, 0.684955
78, 1, 114, 31.2534, 0.694724
79, 1, 114, 30.8798, 0.704041
80, 1, 114, 30.7099, 0.713219
81, 1, 114, 30.54, 0.722396
82, 1, 114, 30.3701, 0.731554
83, 1, 114, 30.2171, 0.740661
84, 1, 114, 30.124, 0.749989
85, 1, 114, 30.0402, 0.759437
86, 1, 114, 29.9471, 0.768604
87, 1, 114, 29.854, 0.777682
88, 1, 114, 29.7702, 0.786849
89, 1, 114, 29.8926, 0.796387
90, 1, 114, 29.8337, 0.805815
91, 1, 114, 29.7748, 0.815243
92, 1, 114, 29.7218, 0.824761
93, 1, 114, 29.638, 0.833799
94, 1, 114, 29.2645, 0.842946
95, 1, 114, 29.2056, 0.852073
96, 1, 114, 29.1467, 0.861171
97, 1, 114, 29.0937, 0.870278
98, 1, 114, 28.9966, 0.879766
99, 1, 114, 28.623, 0.889244
100, 1, 113, 29.623, 0.898442
101, 1, 113, 29.2495, 0.907629
102, 1, 113, 29.1965, 0.916857
103, 2, 113, 28.7815, 0.926054
104, 3, 113, 28.6115, 0.935743
105, 4, 113, 28.5184, 0.945792
106, 5, 113, 28.4595, 0.956342
107, 6, 113, 28.4189, 0.967373
108, 7, 113, 28.3892, 0.979476
109, 8, 113, 28.3664, 0.992371
110, 9, 113, 28.3485, 1.0065
111, 9, 113, 28.1956, 1.02181
112, 9, 112, 29.1956, 1.031
113, 9, 112, 28.822, 1.04026
114, 9, 111, 29.5852, 1.04932
115, 9, 110, 30.5852, 1.05826
116, 9, 109, 30.3531, 1.0674
117, 9, 108, 31.1162, 1.0766
118, 9, 107, 32.1162, 1.0857
119, 9, 106, 32.8794, 1.09491
120, 9, 105, 33.6426, 1.10393
121, 9, 104, 34.4058, 1.11328
122, 9, 103, 35.4058, 1.1225
123, 9, 102, 36.169, 1.13183
124, 9, 101, 36.9322, 1.14097
125, 9, 100, 37.6954, 1.15043
126, 9, 99, 38.6954, 1.15956
127, 9, 98, 38.4632, 1.16884
128, 9, 97, 39.4632, 1.17826
129, 9, 96, 40.2264, 1.1883
130, 9, 95, 40.9896, 1.1978
131, 9, 94, 41.7528, 1.20729
132, 9, 93, 42.516, 1.2168
133, 9, 92, 43.516, 1.22627
134, 9, 92, 43.101, 1.23584
135, 9, 92, 42.7275, 1.24535
136, 9, 92, 42.3539, 1.25486
137, 9, 92, 42.201, 1.27057
138, 9, 91, 43.201, 1.28001
139, 9, 91, 42.8275, 1.28965
140, 9, 91, 42.6745, 1.30512
141, 9, 91, 42.6339, 1.31471
142, 9, 91, 42.5932, 1.32419
143, 9, 91, 42.5567, 1.33365
144, 9, 91, 42.4899, 1.34352
145, 9, 91, 42.2853, 1.35321
146, 9, 90, 43.0485, 1.36277
147, 9, 89, 43.8117, 1.37204
148, 9, 89, 43.3967, 1.38176
149, 9, 89, 43.0231, 1.39135
150, 9, 89, 42.8702, 1.40123
151, 9, 89, 42.8296, 1.41097
152, 9, 89, 42.7889, 1.42072
153, 9, 89, 42.7523, 1.43047
154, 9, 89, 42.7158, 1.44001
155, 10, 89, 42.7013, 1.45552
156, 11, 89, 42.6893, 1.47284
157, 12, 89, 42.6792, 1.49199
158, 13, 89, 42.6707, 1.51291
159, 14, 89, 42.6633, 1.53617
160, 15, 89, 42.6569, 1.56147
161, 16, 89, 42.6512, 1.59005
162, 16, 89, 42.5674, 1.61966
163, 16, 89, 42.1939, 1.62965
164, 16, 88, 42.9571, 1.63937
165, 16, 87, 43.9571, 1.6606
166, 16, 86, 44.9571, 1.67041
167, 16, 85, 45.7203, 1.68052
168, 16, 84, 46.7203, 1.692
169, 16, 84, 46.3053, 1.70191
170, 16, 83, 46.658, 1.71199
171, 16, 83, 46.1731, 1.72228
172, 16, 83, 46.1433, 1.7322
173, 16, 83, 46.1136, 1.74224
174, 16, 83, 46.0868, 1.75216
175, 16, 83, 46.0386, 1.76279
176, 16, 83, 45.8857, 1.7735
177, 16, 83, 45.4707, 1.78328
178, 16, 83, 45.0556, 1.79325
179, 16, 82, 45.4084, 1.8033
180, 16, 82, 44.9234, 1.81364
181, 16, 82, 44.7705, 1.82401
182, 16, 82, 44.3555, 1.83409
183, 16, 82, 44.2025, 1.86294
184, 16, 82, 44.1758, 1.87316
185, 16, 82, 44.092, 1.90337
186, 16, 82, 43.7184, 1.9139
187, 16, 81, 44.7184, 1.92358
188, 16, 80, 45.4816, 1.93363
189, 16, 79, 46.4816, 1.94357
190, 16, 78, 47.2448, 1.95359
191, 16, 78, 46.8713, 1.96374
192, 16, 78, 46.7608, 1.97416
193, 16, 78, 46.3458, 1.98463
194, 16, 78, 45.9722, 1.99442
195, 16, 77, 46.9722, 2.00419
196, 16, 76, 47.7354, 2.01414
197, 16, 75, 48.4986, 2.02393
198, 16, 74, 49.2618, 2.03395
199, 16, 73, 50.2618, 2.04412
200, 16, 72, 51.2618, 2.05431
201, 16, 71, 52.025, 2.06469
202, 16, 70, 52.7882, 2.07488
203, 16, 70, 52.4147, 2.08514
204, 16, 69, 53.1779, 2.09534
205, 16, 68, 54.1779, 2.10576
206, 16, 68, 53.8043, 2.11606
207, 16, 68, 53.4308, 2.12633
208, 16, 68, 53.2609, 2.13657
209, 16, 68, 53.108, 2.14687
210, 16, 68, 53.0242, 2.15744
211, 16, 68, 52.9944, 2.16794
212, 16, 68, 52.9647, 2.17844
213, 16, 68, 52.9379, 2.18862
214, 16, 68, 52.9152, 2.19851
215, 16, 68, 52.8924, 2.20853
216, 16, 68, 52.872, 2.21848
217, 16, 68, 52.8361, 2.23644
218, 16, 68, 52.7523, 2.24661
219, 16, 68, 52.5478, 2.25693
220, 16, 68, 52.464, 2.26714
221, 16, 68, 52.2941, 2.27694
222, 16, 68, 52.2103, 2.28678
223, 16, 68, 52.1898, 2.29663
224, 16, 68, 52.106, 2.32629
225, 16, 68, 52.0881, 2.33623
226, 16, 68, 52.0702, 2.34614
227, 16, 68, 52.054, 2.35601
228, 16, 68, 52.0313, 2.36636
229, 16, 68, 52.0086, 2.37656
230, 16, 68, 51.9882, 2.38682
231, 16, 68, 51.972, 2.39672
232, 17, 68, 51.967, 2.42659
233, 18, 68, 51.9626, 2.45901
234, 19, 68, 51.9586, 2.49504
235, 20, 68, 51.955, 2.53436
236, 21, 68, 51.9517, 2.57598
237, 22, 68, 51.9487, 2.62058
238, 23, 68, 51.946, 2.67269
239, 24, 68, 51.9435, 2.72843
240, 25, 68, 51.9411, 2.79192
241, 25, 68, 51.8881, 2.85906
242, 25, 68, 51.4731, 2.86897
243, 25, 68, 51.3202, 2.87888
244, 25, 68, 50.9466, 2.88874
245, 25, 68, 50.5316, 2.89858
246, 25, 67, 51.8798, 2.90849
247, 25, 67, 51.5062, 2.91867
248, 25, 67, 51.1327, 2.92854
249, 25, 67, 50.7177, 2.93837
250, 25, 67, 50.3441, 2.94824
251, 25, 67, 49.9291, 2.95819
252, 25, 67, 49.514, 2.96811
253, 25, 67, 49.1405, 2.97811
254, 25, 67, 48.7255, 2.98849
255, 25, 67, 48.5209, 2.99866
256, 25, 67, 48.5064, 3.00877
257, 25, 67, 48.4919, 3.01956
258, 25, 67, 48.4789, 3.02965
259, 25, 67, 48.4515, 3.03979
260, 25, 67, 48.3841, 3.05
261, 25, 67, 48.2312, 3.05999
262, 25, 67, 48.1871, 3.07028
263, 25, 67, 48.0172, 3.08016
264, 25, 67, 47.8643, 3.09002
265, 25, 67, 47.4907, 3.09987
266, 25, 67, 47.3378, 3.10995
267, 25, 67, 47.2447, 3.11977
268, 25, 67, 47.1516, 3.12966
269, 25, 67, 47.0585, 3.13957
270, 25, 67, 46.9747, 3.14946
271, 25, 67, 46.9568, 3.16037
272, 25, 67, 46.9388, 3.17126
273, 25, 67, 46.9227, 3.18127
274, 25, 67, 46.9097, 3.19121
275, 25, 67, 46.8566, 3.25786
276, 25, 67, 46.4416, 3.26788
277, 25, 67, 46.2887, 3.27781
278, 25, 67, 46.2357, 3.34432
279, 25, 67, 46.2237, 3.35425
280, 25, 67, 46.2117, 3.36411
281, 25, 67, 46.201, 3.37402
282, 25, 67, 46.1796, 3.38417
283, 25, 67, 46.1266, 3.39436
284, 25, 67, 46.1098, 3.40449
285, 25, 67, 46.0568, 3.41463
286, 25, 67, 45.8869, 3.42481
287, 25, 67, 45.7169, 3.43498
288, 25, 67, 45.6064, 3.44517
289, 25, 67, 45.5534, 3.45534
290, 25, 67, 45.4603, 3.46517
291, 25, 67, 45.3765, 3.47505
292, 25, 67, 45.3463, 3.48511
293, 25, 67, 45.1934, 3.49517
294, 25, 67, 44.8198, 3.50505
295, 25, 67, 44.7267, 3.51493
296, 25, 67, 44.6737, 3.52475
297, 25, 67, 44.6629, 3.53461
298, 26, 67, 44.6608, 3.60128
299, 27, 67, 44.6588, 3.67305
300, 28, 67, 44.657, 3.74993
301, 29, 67, 44.6553, 3.83343
302, 30, 67, 44.6537, 3.92178
303, 31, 67, 44.6522, 4.01563
304, 32, 67, 44.6507, 4.11563
305, 33, 67, 44.6494, 4.22269
306, 34, 67, 44.6482, 4.3366
307, 35, 67, 44.647, 4.46329
308, 35, 67, 44.6104, 4.59839
309, 35, 67, 44.4575, 4.60833
310, 35, 67, 44.4209, 4.74332
311, 35, 67, 44.268, 4.75322
312, 35, 67, 43.8529, 4.76308
313, 35, 66, 44.2057, 4.77306
314, 35, 66, 43.7207, 4.78332
315, 35, 66, 43.3057, 4.79329
316, 35, 66, 42.9322, 4.80325
317, 35, 66, 42.8484, 4.81338
318, 35, 66, 42.8118, 4.82355
319, 35, 66, 42.7973, 4.83368
320, 35, 66, 42.7828, 4.84388
321, 35, 66, 42.7697, 4.8541
322, 35, 66, 42.7597, 4.86395
323, 35, 66, 42.7496, 4.87391
324, 35, 66, 42.7406, 4.88372
325, 35, 66, 42.7271, 4.89392
326, 35, 65, 42.8758, 4.90421
327, 35, 65, 42.8318, 4.91467
328, 35, 65, 42.748, 4.92496
329, 35, 65, 42.6891, 4.93497
330, 35, 65, 42.6302, 4.94488
331, 35, 65, 42.5713, 4.95474
332, 35, 65, 42.5183, 4.96466
333, 35, 65, 42.5063, 4.97483
334, 35, 65, 42.4943, 4.98496
335, 35, 65, 42.4836, 4.99515
336, 35, 64, 42.6253, 5.00511
337, 35, 64, 42.6193, 5.01535
338, 35, 64, 42.5827, 5.14964
339, 35, 64, 42.5783, 5.15999
340, 36, 64, 42.5772, 5.29488
341, 37, 64, 42.5761, 5.4371
342, 38, 64, 42.5751, 5.59641
343, 39, 64, 42.5742, 5.75485
344, 40, 64, 42.5733, 5.92248
345, 41, 64, 42.5724, 6.09965
346, 42, 64, 42.5716, 6.28617
347, 43, 64, 42.5708, 6.48144
348, 44, 64, 42.5701, 6.68638
349, 45, 64, 42.5694, 6.90168
350, 46, 64, 42.5687, 7.1362
351, 47, 64, 42.568, 7.38133
352, 47, 63, 42.7092, 7.63775
353, 47, 63, 42.679, 7.89451
354, 47, 63, 42.5261, 7.905
355, 47, 63, 42.3561, 7.91531
356, 47, 63, 42.2032, 7.92551
357, 47, 63, 42.0503, 7.93536
358, 47, 63, 41.6767, 7.94541
359, 47, 63, 41.2617, 7.95531
360, 47, 63, 40.8882, 7.96535
361, 47, 62, 40.656, 7.97509
362, 47, 61, 41.4192, 7.98497
363, 47, 60, 42.4192, 7.99491
364, 47, 59, 43.1824, 8.00495
365, 47, 58, 43.9456, 8.01492
366, 47, 58, 43.7756, 8.02502
367, 47, 58, 43.6057, 8.03496
368, 47, 57, 43.8471, 8.04495
369, 47, 57, 44.069, 8.05534
370, 47, 57, 43.8055, 8.06565
371, 47, 57, 43.6356, 8.07604
372, 47, 57, 43.5251, 8.08636
373, 47, 57, 43.522, 8.09685
374, 47, 57, 43.5006, 8.35316
375, 47, 57, 43.3307, 8.36334
376, 47, 57, 43.2469, 8.37339
377, 47, 57, 42.8319, 8.38353
378, 47, 57, 42.6619, 8.3936
379, 47, 57, 42.509, 8.40366
380, 47, 57, 42.4252, 8.4137
381, 47, 57, 42.3984, 8.67081
382, 47, 57, 42.2455, 8.6813
383, 47, 57, 42.1866, 8.69147
384, 47, 57, 42.1336, 8.70183
385, 47, 57, 42.1034, 8.71248
386, 47, 57, 42.0103, 8.72277
387, 47, 57, 41.9172, 8.7332
388, 47, 57, 42.0396, 8.74348
389, 47, 57, 41.9866, 8.7537
390, 47, 57, 41.9459, 8.76384
391, 47, 57, 41.9053, 8.77376
392, 47, 57, 41.8646, 8.78379
393, 47, 57, 41.8281, 8.79386
394, 47, 57, 41.8627, 8.80413
395, 47, 57, 41.8526, 8.81444
396, 47, 57, 41.8426, 8.82472
397, 47, 57, 41.8335, 8.83494
398, 47, 57, 41.8314, 8.84517
399, 47, 57, 41.8046, 9.10985
400, 47, 57, 41.8033, 9.12026
401, 48, 57, 41.8027, 9.37816
402, 49, 57, 41.8021, 9.65015
403, 49, 57, 41.7866, 9.9334
404, 49, 57, 41.7028, 9.94374
405, 49, 57, 41.6097, 9.95429
406, 49, 57, 41.5259, 9.96492
407, 49, 57, 41.4421, 9.97553
408, 49, 57, 41.0686, 9.98592
409, 49, 57, 40.5836, 9.99654
410, 49, 57, 40.4905, 10.0069
411, 49, 57, 40.4232, 10.0174
412, 49, 57, 40.4146, 10.0277
413, 49, 57, 40.406, 10.038
414, 49, 57, 40.3983, 10.0483
415, 49, 57, 40.3819, 10.0586
416, 49, 57, 40.3453, 10.0693
417, 49, 57, 40.2864, 10.0793
418, 49, 57, 40.2498, 10.0894
419, 49, 57, 40.2491, 10.0998
420, 50, 57, 40.2485, 10.3821
421, 51, 57, 40.248, 10.679
422, 52, 57, 40.2474, 10.9854
423, 53, 57, 40.2469, 11.3154
424, 54, 57, 40.2464, 11.6488
425, 55, 57, 40.246, 11.9951
426, 56, 57, 40.2455, 12.3869
427, 57, 57, 40.2451, 12.7807
428, 58, 57, 40.2446, 13.1914
429, 59, 57, 40.2442, 13.7131
430, 59, 57, 40.2329, 14.3278
431, 59, 57, 40.1398, 14.3397
432, 59, 57, 40.0868, 14.3499
433, 59, 57, 39.9339, 14.3601
434, 59, 57, 39.5604, 14.3709
435, 59, 57, 39.3904, 14.381
436, 59, 57, 39.2375, 14.3912
437, 59, 57, 39.1444, 14.4017
438, 59, 57, 39.0513, 14.4122
439, 59, 57, 38.9001, 14.4228
440, 59, 57, 38.8561, 14.4332
441, 59, 57, 38.8558, 14.4439
442, 60, 57, 38.8554, 14.8848
443, 60, 57, 38.835, 15.3412
444, 60, 57, 38.6651, 15.3515
445, 60, 57, 38.5813, 15.3617
446, 60, 57, 38.5608, 15.8311
447, 60, 57, 38.5534, 15.8417
448, 60, 57, 38.5461, 15.8522
449, 60, 57, 38.5394, 15.8627
450, 60, 57, 38.5309, 15.8732
451, 60, 57, 38.5223, 15.8836
452, 60, 57, 38.5146, 15.894
453, 60, 57, 38.5148, 15.9044
454, 61, 57, 38.5144, 16.3626
455, 62, 57, 38.514, 16.8395
456, 63, 57, 38.5137, 17.3335
457, 64, 57, 38.5133, 17.8523
458, 65, 57, 38.513, 18.3825
459, 66, 57, 38.5126, 18.9416
460, 67, 57, 38.5123, 19.5331
461, 68, 57, 38.512, 20.3539
462, 69, 57, 38.5117, 21.1162
463, 70, 57, 38.5114, 21.7699
464, 70, 57, 38.5031, 22.4633
465, 70, 57, 38.4501, 22.4744
466, 71, 57, 38.4498, 23.1406
467, 72, 57, 38.4495, 23.8227
468, 73, 57, 38.4493, 24.5298
469, 74, 57, 38.449, 25.2561
470, 75, 57, 38.4488, 26.017
471, 75, 57, 38.4326, 26.787
472, 75, 57, 38.3488, 26.7973
473, 75, 57, 37.9338, 26.8082
474, 75, 57, 37.7293, 26.8186
475, 75, 57, 37.3557, 26.8288
476, 75, 56, 37.5971, 26.8394
477, 75, 56, 37.819, 26.8501
478, 75, 56, 37.6491, 26.8609
479, 75, 56, 37.4791, 26.8716
480, 75, 56, 37.3686, 26.8823
481, 75, 56, 37.2157, 26.8924
482, 75, 56, 37.1751, 26.9026
483, 75, 55, 37.3238, 26.9129
484, 75, 55, 37.2797, 26.9233
485, 75, 55, 37.2583, 26.934
486, 75, 55, 37.1652, 26.9444
487, 75, 55, 37.0814, 26.9547
488, 75, 55, 36.6664, 26.965
489, 75, 55, 36.2928, 26.9754
490, 75, 55, 35.9193, 26.9855
491, 75, 54, 36.9193, 26.9958
492, 75, 53, 37.6825, 27.0059
493, 75, 53, 37.6236, 27.0166
494, 75, 53, 37.5647, 27.0271
495, 75, 53, 37.4676, 27.0376
496, 75, 53, 37.4462, 27.0483
497, 75, 53, 37.3794, 27.0588
498, 75, 53, 37.3526, 27.0695
499, 75, 53, 37.3389, 27.08
500, 75, 53, 37.3121, 27.0908
501, 75, 53, 37.2819, 27.1014
502, 75, 53, 37.2665, 27.1123
503, 75, 52, 37.4562, 27.1228
504, 75, 52, 37.3457, 27.1335
505, 75, 52, 37.1758, 27.1439
506, 75, 52, 37.0228, 27.1545
507, 75, 52, 36.9555, 27.1654
508, 75, 52, 36.8026, 27.1765
509, 75, 52, 36.5391, 27.1883
510, 75, 51, 36.7289, 27.1987
511, 75, 51, 36.6184, 27.2094
512, 75, 51, 36.5777, 27.2201
513, 75, 51, 36.6297, 27.2334
514, 75, 50, 36.7709, 27.2442
515, 75, 50, 36.7407, 27.2552
516, 75, 50, 36.7343, 27.2657
517, 75, 50, 36.7278, 27.2763
518, 75, 50, 36.7221, 27.287
519, 75, 50, 36.7105, 27.2976
520, 75, 50, 36.695, 27.3085
521, 75, 50, 36.6585, 27.3191
522, 75, 50, 36.6287, 27.3293
523, 75, 50, 36.599, 27.3395
524, 75, 50, 36.5692, 27.3497
525, 75, 50, 36.5424, 27.3599
526, 75, 50, 36.5351, 27.3704
527, 75, 50, 36.5277, 27.3809
528, 75, 50, 36.521, 27.3916
529, 75, 50, 36.5216, 27.4022
530, 75, 50, 36.5054, 28.2039
531, 75, 50, 36.4998, 28.2152
532, 75, 50, 36.4941, 28.2259
533, 75, 50, 36.4891, 28.2366
534, 75, 50, 36.4793, 28.2476
535, 75, 50, 36.5048, 28.2589
536, 75, 50, 36.4935, 28.2699
537, 75, 50, 36.4529, 28.2805
538, 75, 50, 36.4122, 28.291
539, 75, 50, 36.3641, 28.3016
540, 75, 49, 36.5018, 28.3126
541, 75, 49, 36.4804, 28.3238
542, 75, 49, 36.474, 28.3345
543, 75, 49, 36.4676, 28.3452
544, 75, 49, 36.4618, 28.3558
545, 75, 49, 36.4626, 28.3665
546, 76, 49, 36.4623, 29.1652
547, 77, 49, 36.4621, 29.9675
548, 78, 49, 36.4619, 31.0718
549, 79, 49, 36.4616, 31.9864
550, 80, 49, 36.4614, 32.9214
551, 81, 49, 36.4612, 33.86
552, 81, 49, 36.4551, 34.8312
553, 81, 49, 36.4021, 34.8418
554, 81, 49, 36.3432, 34.8528
555, 81, 49, 36.2902, 34.8641
556, 81, 49, 36.2372, 34.8746
557, 81, 49, 36.0843, 34.8855
558, 81, 49, 35.7107, 34.8962
559, 81, 49, 35.2957, 34.907
560, 81, 48, 36.6439, 34.9177
561, 81, 47, 37.992, 34.9285
562, 81, 47, 37.5071, 34.9399
563, 81, 47, 37.0221, 34.9506
564, 81, 47, 36.6071, 34.9619
565, 81, 47, 36.2335, 34.9727
566, 81, 46, 36.5863, 34.9834
567, 81, 46, 36.1013, 34.9945
568, 81, 46, 35.9484, 35.0052
569, 81, 45, 36.3012, 35.0163
570, 81, 45, 35.8162, 35.0278
571, 81, 45, 35.6463, 35.0385
572, 81, 45, 35.5532, 35.0492
573, 81, 45, 35.4694, 35.0599
574, 81, 45, 35.4105, 35.0706
575, 81, 45, 35.3739, 35.0813
576, 81, 45, 35.2901, 35.0933
577, 81, 45, 35.0856, 35.1044
578, 81, 45, 35.0267, 35.1155
579, 81, 45, 34.9964, 35.1265
580, 81, 45, 34.9974, 35.1373
581, 82, 45, 34.9972, 36.1243
582, 83, 45, 34.997, 37.1391
583, 84, 45, 34.9968, 38.1698
584, 85, 45, 34.9966, 39.2217
585, 86, 45, 34.9964, 40.3051
586, 87, 45, 34.9962, 41.4069
587, 88, 45, 34.996, 43.128
588, 89, 45, 34.9959, 44.8716
589, 90, 45, 34.9957, 46.7161
590, 91, 45, 34.9955, 48.7894
591, 91, 45, 34.9825, 50.7351
592, 91, 45, 34.8893, 50.7462
593, 91, 45, 35.0117, 50.7571
594, 91, 45, 34.9587, 50.768
595, 91, 45, 34.9457, 52.7046
596, 91, 45, 34.9407, 52.7158
597, 91, 45, 34.9357, 52.7267
598, 91, 45, 34.9312, 52.7376
599, 91, 45, 34.9229, 52.7484
600, 91, 45, 34.9604, 52.7599
601, 91, 45, 34.9399, 52.7713
602, 91, 45, 34.9919, 52.7824
603, 91, 45, 34.9622, 52.7936
604, 91, 45, 34.9324, 52.8048
605, 91, 45, 35.0114, 52.8161
606, 91, 45, 34.9756, 52.8272
607, 91, 45, 34.9482, 52.8386
608, 91, 45, 34.9425, 52.8495
609, 91, 45, 34.9369, 52.8603
610, 91, 45, 34.9318, 52.8713
611, 91, 45, 34.933, 52.8821
612, 92, 45, 34.9328, 54.7842
613, 93, 45, 34.9326, 56.7525
614, 94, 45, 34.9325, 58.7396
615, 94, 45, 34.9281, 60.8028
616, 94, 45, 34.8915, 60.8134
617, 95, 45, 34.8913, 62.9143
618, 96, 45, 34.8912, 65.2784
619, 97, 45, 34.891, 67.4381
620, 98, 45, 34.8909, 69.6416
621, 99, 45, 34.8907, 71.8464
622, 100, 45, 34.8906, 74.1994
623, 101, 45, 34.8904, 76.5856
624, 102, 45, 34.8903, 79.0477
625, 103, 45, 34.8902, 81.8058
626, 104, 45, 34.89, 84.3478
627, 105, 45, 34.8899, 86.9564
628, 106, 45, 34.8898, 89.5987
629, 107, 45, 34.8896, 92.3327
630, 107, 45, 34.8865, 95.0802
631, 107, 45, 34.8499, 95.091
632, 107, 45, 34.8093, 95.1019
633, 107, 45, 34.7727, 95.1128
634, 107, 45, 34.7138, 95.1237
635, 107, 45, 34.6549, 95.1343
636, 107, 45, 34.5578, 95.1452
637, 107, 45, 34.5172, 95.156
638, 107, 45, 34.4958, 95.1669
639, 107, 45, 34.4914, 95.178
640, 107, 45, 34.4869, 95.1888
641, 107, 45, 34.4829, 95.1998
642, 107, 45, 34.5085, 95.2107
643, 107, 45, 34.5035, 95.2215
644, 107, 45, 34.4985, 95.2324
645, 107, 45, 34.494, 95.2432
646, 107, 45, 34.4506, 95.254
647, 107, 45, 34.4466, 95.2648
648, 107, 45, 34.4426, 95.2756
649, 107, 45, 34.439, 95.2864
650, 107, 45, 34.4289, 95.2972
651, 107, 45, 34.4206, 95.3087
652, 107, 45, 34.3938, 95.3196
653, 107, 45, 34.3711, 95.3302
654, 107, 45, 34.3484, 95.3409
655, 107, 45, 34.3257, 95.3515
656, 107, 45, 34.3052, 95.3621
657, 107, 45, 34.2964, 95.373
658, 107, 44, 34.4332, 95.3846
659, 107, 44, 34.4178, 95.3964
660, 107, 44, 34.3951, 95.4074
661, 107, 44, 34.3724, 95.4185
662, 107, 44, 34.4394, 95.4298
663, 107, 44, 34.3916, 95.4408
664, 107, 44, 34.3875, 95.4517
665, 107, 44, 34.3839, 95.4625
666, 107, 44, 34.3803, 95.4734
667, 107, 44, 34.377, 95.4842
668, 107, 44, 34.3726, 95.4949
669, 107, 44, 34.3681, 95.5057
670, 107, 44, 34.3641, 95.5165
671, 107, 44, 34.3751, 95.5272
672, 107, 44, 34.3718, 95.538
673, 107, 44, 34.3685, 95.5487
674, 107, 44, 34.3656, 95.5726
675, 107, 44, 34.3579, 95.5839
676, 107, 44, 34.3466, 95.5957
677, 107, 44, 34.3287, 95.6068
678, 107, 44, 34.3107, 95.6179
679, 107, 44, 34.2733, 95.6289
680, 107, 44, 34.2687, 95.6397
681, 108, 44, 34.2685, 98.5953
682, 109, 44, 34.2684, 101.432
683, 109, 44, 34.2576, 104.353
684, 109, 44, 34.2046, 104.365
685, 109, 44, 34.1115, 104.376
686, 109, 44, 34.0184, 104.387
687, 109, 44, 33.9511, 104.398
688, 109, 44, 33.8673, 104.409
689, 109, 44, 33.8298, 104.42
690, 109, 44, 33.8215, 104.432
691, 109, 44, 33.7916, 104.443
692, 109, 44, 33.7887, 104.453
693, 109, 44, 33.7857, 104.464
694, 109, 44, 33.783, 104.475
695, 109, 44, 33.779, 104.486
696, 109, 44, 33.775, 104.497
697, 109, 44, 33.7714, 104.507
698, 109, 44, 33.7673, 104.518
699, 109, 44, 33.7565, 107.392
700, 109, 44, 33.7538, 107.403
701, 109, 44, 33.7511, 107.414
702, 109, 44, 33.7486, 107.424
703, 109, 44, 33.7418, 107.435
704, 109, 44, 33.7205, 107.447
705, 109, 44, 33.7169, 107.458
706, 109, 44, 33.7133, 107.468
707, 109, 44, 33.71, 107.479
708, 109, 44, 33.7064, 107.49
709, 110, 44, 33.7063, 110.318
710, 111, 44, 33.7062, 113.328
711, 112, 44, 33.7061, 116.643
712, 113, 44, 33.706, 119.722
713, 114, 44, 33.7058, 123.013
714, 115, 44, 33.7057, 126.229
715, 116, 44, 33.7056, 129.53
716, 117, 44, 33.7055, 133.184
717, 118, 44, 33.7054, 136.614
718, 119, 44, 33.7053, 140.085
719, 120, 44, 33.7052, 143.604
720, 121, 44, 33.7051, 147.481
721, 121, 44, 33.703, 151.186
722, 121, 44, 33.6624, 151.197
723, 121, 44, 33.6356, 151.208
724, 121, 44, 33.5425, 151.218
725, 121, 44, 33.4836, 151.229
726, 121, 44, 33.4306, 151.24
727, 121, 44, 33.4038, 151.25
728, 122, 44, 33.4037, 154.987
729, 123, 44, 33.4036, 158.713
730, 124, 44, 33.4035, 162.556
731, 125, 44, 33.4034, 166.676
732, 126, 44, 33.4033, 170.644
733, 127, 44, 33.4032, 174.655
734, 128, 44, 33.4032, 178.751
735, 128, 44, 33.3941, 183.138
736, 128, 44, 33.3352, 183.151
737, 128, 44, 33.4694, 183.162
738, 128, 44, 33.3496, 183.173
739, 128, 44, 33.3197, 183.185
740, 128, 44, 33.2983, 183.197
741, 128, 44, 33.2543, 183.208
742, 128, 44, 33.1611, 183.219
743, 128, 44, 33.0773, 183.23
744, 128, 44, 33.0243, 183.241
745, 128, 44, 33.0313, 183.252
746, 128, 44, 33.0252, 183.264
747, 128, 44, 33.0107, 183.275
748, 128, 44, 32.9962, 183.286
749, 128, 44, 32.972, 183.298
750, 128, 44, 32.9695, 183.309
751, 128, 44, 32.967, 183.32
752, 128, 43, 33.1522, 183.33
753, 128, 43, 33.1535, 183.342
754, 128, 43, 33.1475, 183.353
755, 128, 43, 33.1307, 183.365
756, 128, 43, 33.1274, 183.376
757, 128, 43, 33.1241, 183.387
758, 128, 43, 33.1212, 183.398
759, 128, 43, 33.1226, 183.409
760, 128, 43, 33.1174, 183.42
761, 128, 43, 33.1005, 183.431
762, 128, 43, 33.0417, 183.443
763, 128, 43, 32.9887, 183.454
764, 128, 43, 32.6151, 183.464
765, 128, 43, 32.5849, 183.475
766, 128, 43, 32.5011, 183.486
767, 128, 43, 32.3499, 183.497
768, 128, 43, 32.3134, 183.508
769, 128, 43, 32.3043, 187.722
770, 128, 43, 32.3059, 187.733
771, 128, 43, 32.3012, 187.744
772, 128, 43, 32.2968, 187.756
773, 128, 43, 32.2726, 187.767
774, 128, 43, 32.2592, 187.779
775, 128, 43, 32.2562, 187.789
776, 128, 43, 32.2532, 187.8
777, 128, 42, 32.4311, 187.812
778, 128, 42, 32.4321, 187.823
779, 128, 42, 32.4337, 187.834
780, 128, 42, 32.4349, 187.846
781, 128, 42, 32.4366, 187.857
782, 128, 42, 32.4379, 187.868
783, 128, 42, 32.4396, 187.879
784, 128, 42, 32.4411, 187.89
785, 128, 42, 32.4429, 187.901
786, 128, 42, 32.4444, 187.912
787, 128, 42, 32.4462, 187.923
788, 128, 42, 32.4479, 187.934
789, 128, 42, 32.4447, 187.945
790, 129, 42, 32.4446, 192.143
791, 130, 42, 32.4445, 196.431
792, 131, 42, 32.4444, 201.19
793, 132, 42, 32.4443, 205.693
794, 133, 42, 32.4442, 210.231
795, 134, 42, 32.4442, 215.309
796, 135, 42, 32.4441, 220.012
797, 136, 42, 32.444, 224.894
798, 137, 42, 32.4439, 229.819
799, 137, 42, 32.4426, 235.123
800, 137, 42, 32.4158, 235.138
801, 137, 42, 32.3861, 235.15
802, 137, 42, 32.3593, 235.161
803, 137, 42, 32.2925, 235.172
804, 137, 42, 32.2627, 235.183
805, 137, 42, 32.2473, 235.194
806, 137, 42, 32.2492, 235.206
807, 137, 42, 32.2508, 235.217
808, 137, 42, 32.2485, 235.228
809, 137, 42, 32.2462, 235.239
810, 137, 42, 32.2434, 235.25
811, 138, 42, 32.2433, 240.126
812, 139, 42, 32.2432, 245.092
813, 140, 42, 32.2432, 250.555
814, 141, 42, 32.2431, 255.754
815, 142, 42, 32.243, 261.079
816, 143, 42, 32.243, 266.979
817, 144, 42, 32.2429, 272.613
818, 145, 42, 32.2428, 278.255
819, 146, 42, 32.2428, 284.368
820, 147, 42, 32.2427, 290.146
821, 148, 42, 32.2426, 296.051
822, 149, 42, 32.2426, 302.352
823, 149, 42, 32.2348, 308.448
824, 149, 42, 32.1983, 308.46
825, 149, 42, 32.1542, 308.472
826, 149, 42, 32.1012, 308.483
827, 149, 42, 32.0892, 308.494
828, 149, 42, 32.0772, 308.505
829, 149, 42, 32.0574, 308.516
830, 149, 42, 32.0592, 308.528
831, 149, 42, 32.061, 308.539
832, 149, 42, 32.0585, 308.55
833, 149, 42, 32.0508, 314.972
834, 149, 42, 32.0527, 314.992
835, 149, 42, 32.0486, 315.004
836, 149, 42, 32.0351, 315.016
837, 149, 42, 31.9985, 315.027
838, 149, 42, 31.9851, 315.039
839, 149, 42, 31.9554, 315.051
840, 149, 42, 31.9256, 315.062
841, 149, 42, 31.8897, 315.073
842, 149, 42, 31.8866, 315.085
843, 149, 42, 31.8667, 315.097
844, 149, 42, 31.9014, 315.109
845, 149, 42, 31.8905, 315.121
846, 149, 42, 31.8499, 315.132
847, 149, 42, 31.8133, 315.144
848, 149, 42, 31.6604, 315.155
849, 149, 42, 31.6399, 315.166
850, 149, 42, 31.622, 315.177
851, 149, 42, 31.6041, 315.188
852, 149, 42, 31.5862, 315.199
853, 149, 42, 31.57, 315.211
854, 149, 42, 31.5718, 315.222
855, 149, 42, 31.5697, 315.234
856, 149, 42, 31.5676, 315.245
857, 149, 42, 31.5694, 315.257
858, 149, 42, 31.5667, 315.268
859, 149, 42, 31.564, 315.28
860, 149, 42, 31.5604, 315.292
861, 149, 42, 31.5495, 315.304
862, 149, 42, 31.5268, 315.315
863, 149, 42, 31.5041, 315.326
864, 149, 42, 31.4767, 315.338
865, 149, 42, 31.4746, 315.35
866, 149, 42, 31.4645, 315.361
867, 149, 42, 31.4545, 315.372
868, 149, 42, 31.438, 315.384
869, 149, 42, 31.4358, 315.395
870, 150, 42, 31.4357, 321.6
871, 151, 42, 31.4357, 327.815
872, 152, 42, 31.4356, 334.582
873, 153, 42, 31.4356, 341.057
874, 153, 42, 31.4348, 348.012
875, 153, 42, 31.4051, 348.031
876, 153, 42, 31.3847, 348.042
877, 153, 42, 31.3316, 348.053
878, 153, 42, 31.1271, 348.064
879, 153, 42, 31.0682, 348.075
880, 153, 42, 31.0276, 348.086
881, 153, 42, 30.991, 348.097
882, 153, 42, 30.9705, 348.108
883, 154, 42, 30.9705, 354.741
884, 155, 42, 30.9704, 361.435
885, 156, 42, 30.9704, 368.548
886, 157, 42, 30.9703, 375.394
887, 158, 42, 30.9703, 382.701
888, 159, 42, 30.9702, 389.745
889, 160, 42, 30.9701, 397.031
890, 161, 42, 30.9701, 404.617
891, 162, 42, 30.97, 411.951
892, 163, 42, 30.97, 419.883
893, 164, 42, 30.9699, 427.562
894, 165, 42, 30.9699, 435.745
895, 166, 42, 30.9698, 443.54
896, 167, 42, 30.9698, 451.808
897, 168, 42, 30.9697, 459.78
898, 169, 42, 30.9697, 468.442
899, 169, 42, 30.9694, 476.644
900, 169, 42, 30.949, 476.656
901, 169, 42, 30.9377, 476.668
902, 169, 42, 30.9357, 476.68
903, 169, 42, 30.9338, 476.692
904, 169, 42, 30.8722, 476.704
905, 169, 42, 30.8703, 476.715
906, 170, 42, 30.8703, 485.276
907, 171, 42, 30.8702, 493.582
908, 171, 42, 30.8636, 501.813
909, 171, 42, 30.8229, 501.831
910, 171, 42, 30.7382, 501.842
911, 171, 42, 30.7217, 501.854
912, 171, 42, 30.7507, 501.866
913, 171, 42, 30.7419, 501.878
914, 171, 42, 30.7258, 501.889
915, 171, 42, 30.7113, 501.9
916, 171, 42, 30.6968, 501.912
917, 171, 42, 30.6823, 501.923
918, 171, 41, 30.8198, 501.934
919, 171, 41, 30.8085, 501.945
920, 171, 41, 30.8104, 501.957
921, 171, 41, 30.8085, 501.969
922, 171, 41, 30.8067, 501.981
923, 171, 41, 30.805, 501.992
924, 171, 41, 30.7983, 509.9
925, 171, 41, 30.7966, 509.916
926, 171, 41, 30.7949, 509.928
927, 171, 41, 30.7934, 509.939
928, 172, 41, 30.7934, 518.291
929, 173, 41, 30.7933, 526.504
930, 174, 41, 30.7933, 535.299
931, 175, 41, 30.7932, 543.718
932, 176, 41, 30.7932, 552.663
933, 177, 41, 30.7931, 561.427
934, 178, 41, 30.7931, 570.591
935, 179, 41, 30.793, 579.576
936, 180, 41, 30.793, 588.907
937, 181, 41, 30.793, 598.336
938, 182, 41, 30.7929, 607.661
939, 183, 41, 30.7929, 617.368
940, 184, 41, 30.7928, 627.236
941, 185, 41, 30.7928, 637.401
942, 186, 41, 30.7927, 648.14
943, 187, 41, 30.7927, 658.169
944, 187, 41, 30.7929, 669.48
945, 187, 41, 30.7702, 669.5
946, 187, 41, 30.754, 669.512
947, 187, 41, 30.7175, 669.523
948, 187, 41, 30.5475, 669.534
949, 187, 41, 30.3946, 669.546
950, 187, 41, 30.3015, 669.557
951, 187, 41, 30.2177, 669.568
952, 187, 41, 30.1811, 669.58
953, 187, 41, 30.0973, 669.591
954, 187, 41, 29.8928, 669.602
955, 187, 41, 29.809, 669.613
956, 187, 41, 29.6985, 669.624
957, 187, 41, 29.6758, 669.636
958, 187, 41, 29.6553, 669.647
959, 187, 41, 29.6147, 669.658
960, 187, 41, 29.574, 669.669
961, 187, 41, 29.5259, 669.68
962, 187, 41, 29.5032, 669.691
963, 187, 41, 29.4949, 669.702
964, 187, 41, 29.4958, 669.714
965, 187, 41, 29.4933, 669.725
966, 187, 41, 29.4908, 669.736
967, 187, 41, 29.4876, 669.748
968, 187, 41, 29.4711, 669.76
969, 187, 41, 29.473, 669.771
970, 187, 41, 29.4717, 669.782
971, 188, 41, 29.4716, 679.937
972, 189, 41, 29.4716, 690.633
973, 190, 41, 29.4715, 701.533
974, 191, 41, 29.4715, 711.954
975, 192, 41, 29.4715, 722.894
976, 193, 41, 29.4714, 734.015
977, 194, 41, 29.4714, 744.899
978, 195, 41, 29.4713, 756.283
979, 195, 41, 29.4656, 767.754
980, 195, 41, 29.4388, 767.767
981, 195, 41, 29.433, 779.173
982, 195, 41, 29.4314, 779.186
983, 195, 41, 29.4298, 779.198
984, 195, 41, 29.4308, 779.209
985, 195, 41, 29.4284, 779.221
986, 195, 41, 29.4261, 779.232
987, 195, 41, 29.4233, 779.244
988, 195, 41, 29.422, 779.256
989, 195, 41, 29.4134, 779.268
990, 195, 41, 29.4048, 779.279
991, 195, 41, 29.3911, 779.29
992, 195, 41, 29.39, 779.302
993, 196, 41, 29.3899, 790.74
994, 197, 41, 29.3899, 802.423
995, 198, 41, 29.3899, 813.992
996, 199, 41, 29.3898, 826.013
997, 200, 41, 29.3898, 839.953
998, 201, 41, 29.3898, 852.19
999, 202, 41, 29.3897, 864.428
