Seed is: 1
Number of samples is: 1000
Simulation name is: Simulation_1TV.sim
TimeStep, Distraction Rate, Missed States, Model Accuracy, Time (ms)
0, 0, 165, 0, 6e-05
1, 0, 164, 0.763197, 0.020799
2, 0, 163, 1.7632, 0.04184
3, 0, 162, 2.52639, 0.067959
4, 0, 161, 3.28959, 0.076846
5, 0, 160, 4.05279, 0.117003
6, 0, 159, 5.05279, 0.132462
7, 0, 158, 5.81599, 0.154705
8, 0, 157, 6.57918, 0.174492
9, 0, 156, 7.57918, 0.200412
10, 0, 155, 8.34238, 0.208858
11, 0, 154, 9.10558, 0.265566
12, 0, 153, 10.1056, 0.291425
13, 0, 152, 11.1056, 0.310611
14, 0, 151, 12.1056, 0.327163
15, 0, 150, 12.8688, 0.342332
16, 0, 149, 13.8688, 0.361689
17, 0, 148, 14.632, 0.402517
18, 0, 147, 14.3998, 0.440539
19, 0, 146, 15.163, 0.450959
20, 0, 145, 15.9262, 0.472931
21, 0, 144, 16.6894, 0.496766
22, 0, 143, 17.4526, 0.505753
23, 0, 143, 17.0375, 0.515171
24, 0, 143, 16.6225, 0.544246
25, 0, 143, 16.2075, 0.563082
26, 0, 143, 15.8339, 0.581397
27, 0, 142, 16.8339, 0.590374
28, 0, 141, 17.5971, 0.625491
29, 0, 140, 18.5971, 0.643826
30, 0, 139, 19.5971, 0.652693
31, 0, 138, 20.3603, 0.661219
32, 0, 138, 19.9453, 0.678632
33, 0, 138, 19.5717, 0.694733
34, 0, 137, 20.3349, 0.712006
35, 0, 136, 21.0981, 0.720953
36, 0, 135, 21.8613, 0.763845
37, 0, 134, 22.6245, 0.794543
38, 0, 133, 23.3877, 0.816956
39, 0, 132, 24.3877, 0.830442
40, 0, 131, 25.1509, 0.84541
41, 0, 130, 25.9141, 0.864837
42, 0, 129, 26.6773, 0.903741
43, 0, 128, 27.4405, 0.912588
44, 0, 127, 28.2037, 0.937385
45, 0, 127, 27.7887, 0.951843
46, 0, 127, 27.3736, 0.973073
47, 0, 127, 27.0001, 0.99225
48, 0, 127, 26.5851, 1.00954
49, 0, 127, 26.2115, 1.02279
50, 0, 126, 26.5643, 1.03546
51, 0, 126, 26.0793, 1.06452
52, 1, 125, 27.0793, 1.07596
53, 1, 125, 26.7058, 1.09031
54, 1, 124, 27.469, 1.09928
55, 1, 123, 28.469, 1.10817
56, 1, 122, 29.2322, 1.1251
57, 1, 122, 29.0277, 1.13482
58, 1, 122, 28.6541, 1.15062
59, 1, 121, 29.4173, 1.17302
60, 1, 120, 30.1805, 1.18807
61, 1, 119, 30.9437, 1.19727
62, 1, 118, 31.9437, 1.21697
63, 1, 117, 32.7069, 1.22676
64, 1, 116, 34.0551, 1.24851
65, 1, 116, 33.8852, 1.25838
66, 1, 116, 33.7322, 1.2724
67, 1, 116, 33.2473, 1.28361
68, 1, 116, 33.0773, 1.29282
69, 1, 116, 32.9244, 1.30873
70, 1, 116, 32.7545, 1.31902
71, 1, 116, 32.5846, 1.33607
72, 1, 116, 32.4316, 1.3457
73, 1, 116, 32.3385, 1.37687
74, 1, 116, 32.2547, 1.39263
75, 1, 116, 31.8812, 1.42277
76, 1, 115, 32.8812, 1.43168
77, 1, 114, 33.6444, 1.44823
78, 1, 113, 34.4076, 1.46419
79, 1, 112, 35.4076, 1.47586
80, 1, 111, 36.4076, 1.49457
81, 1, 110, 36.1754, 1.52572
82, 1, 110, 35.8018, 1.53496
83, 1, 110, 35.6319, 1.54436
84, 1, 110, 35.462, 1.5612
85, 1, 110, 35.2921, 1.57654
86, 1, 110, 35.1391, 1.58959
87, 1, 110, 35.046, 1.59867
88, 1, 110, 34.9622, 1.6149
89, 1, 110, 34.8517, 1.65423
90, 1, 110, 34.4782, 1.6739
91, 1, 110, 34.3851, 1.70478
92, 1, 110, 34.292, 1.72171
93, 1, 110, 34.2082, 1.73765
94, 1, 110, 34.1493, 1.75671
95, 1, 110, 34.0963, 1.77686
96, 1, 110, 33.7228, 1.79743
97, 1, 110, 33.3077, 1.81874
98, 1, 110, 32.8927, 1.82825
99, 1, 109, 34.2408, 1.85007
100, 1, 108, 34.5936, 1.87288
101, 1, 108, 34.1086, 1.89531
102, 1, 107, 35.1086, 1.90466
103, 1, 107, 34.7351, 1.92026
104, 1, 107, 34.6678, 1.93179
105, 2, 107, 34.2527, 1.96194
106, 3, 107, 34.0828, 1.97844
107, 4, 107, 33.9897, 1.99785
108, 5, 107, 33.9308, 2.01462
109, 6, 107, 33.8902, 2.03139
110, 7, 107, 33.8604, 2.06609
111, 8, 107, 33.8377, 2.08371
112, 9, 107, 33.8198, 2.09867
113, 9, 107, 33.6668, 2.11416
114, 9, 106, 34.6668, 2.13838
115, 9, 106, 34.2933, 2.15752
116, 9, 105, 35.0565, 2.16668
117, 9, 104, 36.0565, 2.1911
118, 9, 103, 36.8197, 2.20962
119, 9, 102, 36.5875, 2.22481
120, 9, 101, 37.5875, 2.25898
121, 9, 101, 37.1725, 2.2772
122, 9, 101, 36.7989, 2.30482
123, 9, 101, 36.7548, 2.32061
124, 9, 101, 36.6019, 2.34015
125, 9, 100, 37.6019, 2.3497
126, 9, 100, 37.2284, 2.37629
127, 9, 100, 37.0754, 2.41212
128, 9, 100, 37.0166, 2.42734
129, 9, 100, 36.9577, 2.43785
130, 9, 99, 37.1207, 2.45524
131, 9, 99, 37.0534, 2.49619
132, 9, 99, 36.9945, 2.51312
133, 9, 98, 37.1575, 2.52734
134, 9, 98, 37.0902, 2.56216
135, 9, 98, 37.0461, 2.57759
136, 9, 98, 37.002, 2.58821
137, 9, 98, 36.9718, 2.59874
138, 9, 98, 36.9415, 2.62435
139, 9, 98, 36.9113, 2.6523
140, 10, 98, 36.8968, 2.69445
141, 11, 98, 36.8848, 2.72454
142, 12, 98, 36.8748, 2.75208
143, 13, 98, 36.8662, 2.77208
144, 14, 98, 36.8588, 2.80782
145, 15, 98, 36.8524, 2.84171
146, 16, 98, 36.8468, 2.87128
147, 16, 97, 37.0365, 2.91942
148, 16, 97, 36.926, 2.95588
149, 16, 97, 36.5525, 2.9768
150, 16, 96, 36.7422, 3.03086
151, 16, 96, 36.6317, 3.06692
152, 16, 96, 36.2582, 3.08147
153, 16, 95, 37.2582, 3.09639
154, 16, 94, 38.0214, 3.11181
155, 16, 93, 38.7846, 3.12138
156, 16, 93, 38.3695, 3.1311
157, 16, 93, 37.996, 3.14901
158, 16, 93, 37.7914, 3.15958
159, 16, 93, 37.7508, 3.16956
160, 16, 93, 37.7142, 3.19256
161, 16, 93, 37.5097, 3.20746
162, 16, 93, 37.0946, 3.22414
163, 16, 92, 37.336, 3.23766
164, 16, 92, 37.1315, 3.25459
165, 16, 92, 37.0908, 3.28732
166, 16, 92, 37.0502, 3.3298
167, 16, 92, 37.1022, 3.36531
168, 16, 92, 37.0808, 3.39207
169, 16, 92, 36.997, 3.4331
170, 16, 92, 36.9672, 3.46069
171, 16, 92, 36.9375, 3.48644
172, 16, 92, 36.9221, 3.51168
173, 17, 92, 36.9171, 3.54586
174, 18, 92, 36.9126, 3.58941
175, 18, 92, 36.8453, 3.62955
176, 18, 92, 36.4717, 3.63985
177, 18, 91, 37.8199, 3.65536
178, 18, 90, 38.5831, 3.66479
179, 18, 89, 39.5831, 3.68054
180, 18, 88, 40.3463, 3.69873
181, 18, 87, 41.3463, 3.70838
182, 18, 86, 42.3463, 3.71892
183, 18, 85, 43.1095, 3.72907
184, 18, 85, 42.6245, 3.746
185, 18, 85, 42.251, 3.7639
186, 18, 84, 43.0142, 3.77329
187, 18, 83, 43.7774, 3.7844
188, 18, 82, 44.7774, 3.8013
189, 18, 81, 45.5406, 3.81855
190, 18, 80, 46.3038, 3.8389
191, 18, 79, 47.067, 3.85989
192, 18, 78, 47.8302, 3.86967
193, 18, 78, 47.4151, 3.90329
194, 18, 78, 47.0416, 3.91597
195, 18, 78, 46.6266, 3.93675
196, 18, 78, 46.2115, 3.94807
197, 18, 78, 45.838, 3.96437
198, 18, 78, 45.423, 3.97969
199, 18, 78, 45.2184, 4.0138
200, 18, 78, 45.0655, 4.03598
201, 18, 78, 44.6919, 4.05668
202, 18, 78, 44.2769, 4.07113
203, 18, 78, 43.9034, 4.09628
204, 18, 77, 44.6666, 4.12362
205, 18, 76, 45.0193, 4.15019
206, 18, 76, 44.5344, 4.16118
207, 18, 76, 44.1193, 4.1731
208, 18, 76, 43.7458, 4.18344
209, 18, 76, 43.3723, 4.20716
210, 18, 75, 44.1355, 4.21758
211, 18, 74, 44.8987, 4.24386
212, 18, 73, 45.8987, 4.26212
213, 18, 72, 45.6665, 4.28098
214, 18, 72, 45.2929, 4.29833
215, 18, 72, 44.8779, 4.31832
216, 18, 72, 44.5044, 4.3432
217, 18, 71, 45.2676, 4.36541
218, 18, 71, 45.0976, 4.37544
219, 18, 71, 44.9277, 4.40851
220, 18, 71, 44.7748, 4.42117
221, 18, 71, 44.6049, 4.43347
222, 18, 71, 44.4519, 4.45491
223, 18, 71, 44.4161, 4.46599
224, 18, 71, 44.3754, 4.47616
225, 18, 71, 44.354, 4.49665
226, 18, 71, 44.3428, 4.51064
227, 18, 71, 44.2754, 4.59243
228, 18, 71, 43.9019, 4.62144
229, 18, 71, 43.732, 4.64903
230, 18, 70, 43.9733, 4.67698
231, 18, 70, 43.7688, 4.693
232, 18, 70, 43.6158, 4.71497
233, 18, 69, 44.379, 4.72704
234, 18, 68, 45.379, 4.74308
235, 18, 67, 45.1468, 4.75483
236, 18, 66, 45.91, 4.76483
237, 18, 65, 46.91, 4.78246
238, 18, 65, 46.5365, 4.80266
239, 18, 65, 46.1215, 4.81303
240, 18, 65, 45.9685, 4.86551
241, 19, 65, 45.9645, 4.91951
242, 20, 65, 45.9609, 4.97331
243, 21, 65, 45.9576, 5.02053
244, 22, 65, 45.9547, 5.07565
245, 23, 65, 45.9519, 5.1411
246, 24, 65, 45.9494, 5.2011
247, 24, 65, 45.9053, 5.2748
248, 24, 65, 45.4903, 5.28651
249, 24, 65, 45.3374, 5.30315
250, 24, 64, 46.3374, 5.31323
251, 24, 64, 45.9223, 5.32356
252, 24, 64, 45.5488, 5.33367
253, 24, 64, 45.3959, 5.34951
254, 24, 64, 45.3518, 5.41064
255, 24, 64, 45.1988, 5.42294
256, 24, 64, 44.7838, 5.43897
257, 24, 63, 45.1366, 5.45512
258, 24, 63, 44.6516, 5.4731
259, 24, 63, 44.2781, 5.49339
260, 24, 63, 44.1082, 5.50433
261, 24, 63, 43.9977, 5.52079
262, 24, 63, 43.9749, 5.53563
263, 24, 63, 43.9522, 5.54596
264, 24, 63, 43.9248, 5.55658
265, 24, 63, 43.8951, 5.57905
266, 24, 63, 43.8683, 5.58963
267, 24, 63, 43.7154, 5.609
268, 24, 63, 43.2304, 5.62504
269, 24, 63, 43.1199, 5.63595
270, 24, 63, 43.0902, 5.66755
271, 24, 63, 43.0747, 5.6887
272, 24, 63, 43.0664, 5.70832
273, 25, 63, 43.0641, 5.77676
274, 25, 62, 43.2272, 5.8597
275, 25, 62, 43.1598, 5.93581
276, 25, 62, 43.1419, 5.96376
277, 25, 62, 43.124, 5.98204
278, 25, 62, 43.1027, 5.99629
279, 25, 62, 43.0914, 6.01598
280, 25, 62, 43.0853, 6.02658
281, 25, 62, 43.0412, 6.0996
282, 25, 62, 43.0244, 6.11467
283, 25, 62, 43.0017, 6.14938
284, 25, 61, 43.1394, 6.16026
285, 25, 61, 43.118, 6.17809
286, 25, 61, 43.0075, 6.1979
287, 25, 61, 42.897, 6.20994
288, 25, 61, 42.8132, 6.22108
289, 25, 61, 42.4397, 6.23741
290, 25, 61, 42.3559, 6.24853
291, 25, 61, 42.1514, 6.25937
292, 25, 61, 42.084, 6.27213
293, 25, 61, 42.0686, 6.30401
294, 25, 61, 42.0013, 6.31456
295, 25, 61, 41.9081, 6.33202
296, 25, 61, 41.815, 6.34298
297, 25, 61, 41.7477, 6.37491
298, 25, 61, 41.7332, 6.39035
299, 25, 61, 41.7187, 6.42582
300, 25, 61, 41.7143, 6.44304
301, 26, 61, 41.7122, 6.51328
302, 27, 61, 41.7102, 6.58564
303, 28, 61, 41.7083, 6.66317
304, 29, 61, 41.7066, 6.74776
305, 30, 61, 41.705, 6.83979
306, 31, 61, 41.7035, 6.93549
307, 32, 61, 41.7021, 7.05841
308, 32, 61, 41.6719, 7.17162
309, 32, 61, 41.5189, 7.19079
310, 32, 61, 41.349, 7.23214
311, 32, 61, 41.2385, 7.24894
312, 32, 61, 41.1547, 7.27372
313, 32, 61, 40.7812, 7.28396
314, 32, 60, 41.5444, 7.311
315, 32, 59, 41.8972, 7.34088
316, 32, 59, 41.4122, 7.35415
317, 32, 59, 40.9972, 7.37507
318, 32, 59, 40.6236, 7.38832
319, 32, 59, 40.5305, 7.39926
320, 32, 59, 40.4467, 7.41898
321, 32, 59, 40.4333, 7.42993
322, 32, 59, 40.422, 7.45155
323, 32, 59, 40.3779, 7.47504
324, 32, 59, 40.3552, 7.49354
325, 32, 59, 40.3469, 7.5045
326, 32, 59, 40.3028, 7.51621
327, 32, 59, 40.2355, 7.5471
328, 32, 59, 40.1825, 7.55821
329, 32, 59, 39.7674, 7.574
330, 32, 58, 40.1202, 7.60236
331, 32, 58, 39.6353, 7.62523
332, 32, 57, 40.6353, 7.66978
333, 32, 56, 40.4031, 7.70524
334, 32, 55, 41.1663, 7.72136
335, 32, 55, 40.7927, 7.75584
336, 32, 55, 40.3777, 7.76828
337, 32, 54, 41.7258, 7.78175
338, 32, 54, 41.5213, 7.81455
339, 32, 54, 41.1478, 7.83069
340, 32, 54, 40.9948, 7.84879
341, 32, 54, 40.9017, 7.85913
342, 32, 54, 40.8086, 7.8776
343, 32, 54, 40.7155, 7.89099
344, 32, 54, 40.6317, 7.90934
345, 32, 54, 40.6234, 7.96603
346, 32, 54, 40.6203, 7.97964
347, 32, 54, 40.5901, 8.09746
348, 32, 54, 40.4372, 8.11683
349, 32, 54, 40.3931, 8.14232
350, 32, 54, 40.3811, 8.1626
351, 32, 54, 40.3691, 8.17377
352, 32, 54, 40.3583, 8.19211
353, 32, 54, 40.3404, 8.20926
354, 32, 54, 40.3225, 8.22613
355, 32, 54, 40.3164, 8.23695
356, 32, 54, 40.2634, 8.24778
357, 32, 54, 40.0935, 8.2584
358, 32, 54, 39.9236, 8.27021
359, 32, 54, 39.8131, 8.28469
360, 32, 54, 39.7828, 8.29635
361, 32, 54, 39.7768, 8.30714
362, 32, 54, 39.7746, 8.31789
363, 32, 54, 39.7444, 8.43039
364, 32, 54, 39.7344, 8.46282
365, 32, 54, 39.7243, 8.47386
366, 32, 54, 39.7156, 8.48749
367, 32, 54, 39.7011, 8.49817
368, 32, 54, 39.6866, 8.51588
369, 32, 54, 39.6822, 8.52689
370, 32, 54, 39.6519, 8.56759
371, 32, 54, 39.7446, 8.6012
372, 32, 54, 39.6857, 8.62168
373, 32, 54, 39.6268, 8.66327
374, 32, 54, 39.5966, 8.67667
375, 32, 54, 39.5952, 8.68804
376, 33, 54, 39.5939, 8.79494
377, 34, 54, 39.5926, 8.91014
378, 35, 54, 39.5915, 9.06938
379, 36, 54, 39.5904, 9.25323
380, 37, 54, 39.5893, 9.46146
381, 38, 54, 39.5883, 9.67967
382, 39, 54, 39.5874, 9.92318
383, 40, 54, 39.5865, 10.1512
384, 40, 54, 39.5651, 10.3472
385, 40, 54, 39.3951, 10.3583
386, 40, 54, 39.3114, 10.3686
387, 40, 54, 38.8963, 10.3794
388, 40, 54, 38.6918, 10.3899
389, 40, 54, 38.3182, 10.402
390, 40, 54, 38.1483, 10.4124
391, 40, 53, 38.3897, 10.4241
392, 40, 53, 38.1851, 10.4356
393, 40, 53, 38.092, 10.4461
394, 40, 53, 37.9989, 10.4634
395, 40, 53, 37.9151, 10.4738
396, 40, 53, 37.822, 10.486
397, 40, 53, 37.7546, 10.4985
398, 40, 53, 37.7016, 10.5088
399, 40, 53, 37.5487, 10.5265
400, 40, 53, 37.1752, 10.5378
401, 40, 53, 36.7601, 10.5484
402, 40, 53, 36.3866, 10.5587
403, 40, 53, 36.0131, 10.5717
404, 40, 53, 35.8601, 10.5891
405, 40, 52, 36.2129, 10.6043
406, 40, 52, 35.7279, 10.6243
407, 40, 52, 35.558, 10.639
408, 40, 52, 35.4051, 10.6537
409, 40, 52, 35.3213, 10.668
410, 40, 52, 35.2999, 10.848
411, 40, 52, 35.13, 10.8678
412, 40, 52, 35.0462, 10.8782
413, 40, 52, 35.0248, 11.0607
414, 40, 52, 35.0177, 11.0858
415, 40, 52, 35.0133, 11.1307
416, 40, 52, 35.0047, 11.1422
417, 40, 52, 34.9962, 11.1534
418, 40, 52, 34.9955, 11.1644
419, 41, 52, 34.9946, 11.3486
420, 42, 52, 34.9938, 11.5303
421, 43, 52, 34.993, 11.7206
422, 44, 52, 34.9923, 11.9494
423, 45, 52, 34.9915, 12.1687
424, 46, 52, 34.9909, 12.4073
425, 47, 52, 34.9902, 12.6633
426, 48, 52, 34.9896, 12.9152
427, 49, 52, 34.989, 13.1801
428, 49, 52, 34.9736, 13.4599
429, 49, 52, 34.8898, 13.4708
430, 49, 52, 34.8457, 13.482
431, 49, 52, 34.7868, 13.5071
432, 49, 52, 34.7279, 13.5279
433, 49, 52, 34.6749, 13.5384
434, 49, 52, 34.616, 13.549
435, 49, 52, 34.563, 13.5594
436, 49, 52, 34.5572, 13.5705
437, 49, 52, 34.5503, 13.5842
438, 49, 52, 34.5472, 13.595
439, 49, 52, 34.5212, 13.6064
440, 49, 52, 34.5138, 13.6176
441, 49, 52, 34.5064, 13.6305
442, 49, 52, 34.5017, 13.6705
443, 49, 52, 34.4897, 13.6918
444, 49, 52, 34.4778, 13.7028
445, 49, 52, 34.4756, 13.7138
446, 49, 52, 34.4692, 13.7248
447, 49, 52, 34.4628, 13.7407
448, 49, 52, 34.4747, 13.7579
449, 49, 52, 34.4709, 13.7687
450, 49, 52, 34.4554, 14.0435
451, 49, 51, 34.6452, 14.0542
452, 49, 51, 34.5347, 14.0705
453, 49, 51, 34.1196, 14.0813
454, 49, 51, 33.9151, 14.1065
455, 49, 51, 33.4301, 14.1177
456, 49, 51, 33.2772, 14.1324
457, 49, 51, 33.2406, 14.1625
458, 49, 51, 33.0707, 14.1737
459, 49, 51, 32.9178, 14.1845
460, 49, 51, 32.5442, 14.1952
461, 49, 51, 32.3913, 14.2056
462, 49, 51, 32.3075, 14.2164
463, 49, 51, 32.2407, 14.2279
464, 49, 51, 32.2041, 14.2386
465, 49, 50, 32.3938, 14.2495
466, 49, 50, 32.2833, 14.2659
467, 49, 50, 32.2245, 14.3015
468, 49, 50, 32.1656, 14.3122
469, 49, 50, 32.1067, 14.323
470, 49, 49, 32.2697, 14.3379
471, 49, 49, 32.2024, 14.3544
472, 49, 49, 32.1923, 14.3728
473, 49, 49, 32.1822, 14.3926
474, 49, 49, 32.1735, 14.4088
475, 49, 49, 32.1521, 14.4201
476, 49, 49, 32.1508, 14.4383
477, 49, 49, 32.1451, 14.4549
478, 49, 49, 32.1395, 14.4666
479, 49, 49, 32.1364, 14.484
480, 49, 49, 32.121, 14.7615
481, 49, 49, 32.1139, 14.7732
482, 49, 49, 32.1067, 14.8048
483, 49, 49, 32.0854, 14.8156
484, 49, 49, 32.0447, 14.827
485, 49, 49, 32.0041, 14.8385
486, 49, 49, 31.9827, 14.8495
487, 49, 49, 31.9883, 14.8607
488, 49, 49, 31.9833, 14.8718
489, 49, 49, 31.9783, 14.8829
490, 49, 49, 32.001, 14.8988
491, 49, 49, 31.9958, 14.9104
492, 50, 49, 31.9952, 15.1998
493, 51, 49, 31.9946, 15.4952
494, 52, 49, 31.9941, 15.7974
495, 53, 49, 31.9936, 16.1332
496, 54, 49, 31.9931, 16.4591
497, 55, 49, 31.9926, 16.7984
498, 56, 49, 31.9922, 17.1681
499, 57, 49, 31.9917, 17.5514
500, 58, 49, 31.9913, 17.9506
501, 59, 49, 31.9909, 18.3683
502, 59, 49, 31.9796, 18.8012
503, 59, 49, 31.8865, 18.8132
504, 59, 49, 31.8335, 18.8237
505, 59, 49, 31.6636, 18.8344
506, 59, 49, 31.5531, 18.8452
507, 59, 49, 31.3485, 18.8572
508, 59, 49, 31.2554, 18.8682
509, 59, 49, 31.1716, 18.8789
510, 59, 49, 31.1186, 18.8896
511, 59, 49, 31.1073, 19.33
512, 59, 49, 31.0142, 19.3547
513, 59, 49, 30.9469, 19.3803
514, 59, 49, 30.777, 19.3953
515, 59, 49, 30.607, 19.4138
516, 59, 49, 30.4965, 19.425
517, 59, 49, 30.292, 19.437
518, 59, 49, 30.1815, 19.4493
519, 59, 49, 29.7665, 19.463
520, 59, 48, 31.1146, 19.4847
521, 59, 47, 30.8824, 19.495
522, 59, 46, 31.8824, 19.5054
523, 59, 45, 32.8824, 19.5162
524, 59, 44, 33.6456, 19.5281
525, 59, 44, 33.1607, 19.5513
526, 59, 43, 34.5088, 19.5618
527, 59, 42, 35.272, 19.5856
528, 59, 42, 35.5871, 19.5972
529, 59, 42, 35.172, 19.6132
530, 59, 42, 34.757, 19.6241
531, 59, 42, 34.3834, 19.6364
532, 59, 42, 34.0099, 19.6476
533, 59, 42, 33.9261, 19.6586
534, 59, 42, 33.8993, 19.67
535, 59, 42, 33.8062, 19.682
536, 59, 42, 33.7224, 19.6928
537, 59, 42, 33.5695, 19.7034
538, 59, 42, 33.5213, 19.7268
539, 59, 42, 33.4946, 19.7379
540, 59, 42, 33.4015, 19.7494
541, 59, 42, 33.3084, 19.7609
542, 59, 42, 33.241, 19.7725
543, 59, 42, 33.1969, 19.7843
544, 59, 42, 33.1884, 19.7969
545, 59, 42, 33.1798, 19.8089
546, 59, 42, 33.1791, 19.8201
547, 59, 42, 33.1703, 19.8321
548, 59, 42, 33.1645, 19.8432
549, 59, 42, 33.1491, 19.8544
550, 59, 42, 33.1488, 19.8741
551, 59, 42, 33.1444, 19.8853
552, 59, 42, 33.1399, 19.8964
553, 59, 42, 33.1355, 19.9075
554, 59, 42, 33.1242, 20.3584
555, 59, 42, 33.1165, 20.3733
556, 59, 42, 33.1091, 20.3879
557, 59, 42, 33.1017, 20.4025
558, 59, 42, 33.097, 20.4171
559, 59, 42, 33.0816, 20.4348
560, 59, 42, 33.0518, 20.4496
561, 59, 42, 33.0221, 20.4651
562, 59, 42, 33.0067, 20.4797
563, 59, 42, 33.0027, 20.4943
564, 59, 42, 32.9987, 20.5141
565, 59, 42, 32.9948, 20.525
566, 60, 42, 32.9944, 20.9571
567, 61, 42, 32.9941, 21.3999
568, 62, 42, 32.9937, 21.8784
569, 63, 42, 32.9933, 22.3577
570, 64, 42, 32.993, 22.8717
571, 65, 42, 32.9926, 23.4064
572, 66, 42, 32.9923, 23.9609
573, 67, 42, 32.992, 24.5334
574, 68, 42, 32.9917, 25.1225
575, 69, 42, 32.9914, 25.7539
576, 70, 42, 32.9911, 26.6698
577, 70, 42, 32.9828, 27.3719
578, 70, 42, 32.9298, 27.3835
579, 70, 42, 32.8709, 27.3942
580, 70, 42, 32.8407, 27.4051
581, 70, 42, 32.8041, 27.4157
582, 70, 42, 32.6936, 27.4264
583, 70, 42, 32.6529, 27.4367
584, 70, 42, 32.6123, 27.4469
585, 70, 42, 32.5757, 27.4576
586, 70, 42, 32.5351, 27.4684
587, 70, 41, 32.6838, 27.479
588, 70, 41, 32.6397, 27.4925
589, 70, 41, 32.6329, 27.5036
590, 70, 41, 32.6331, 27.5149
591, 70, 41, 32.6295, 27.5259
592, 70, 41, 32.6259, 27.5367
593, 70, 41, 32.6226, 27.5475
594, 70, 41, 32.6143, 28.2077
595, 70, 41, 32.5703, 28.2285
596, 70, 41, 32.4865, 28.2393
597, 70, 41, 32.4334, 28.2502
598, 70, 41, 32.4252, 28.9068
599, 70, 41, 32.4192, 28.9177
600, 70, 41, 32.4128, 28.9285
601, 70, 41, 32.4064, 28.94
602, 70, 41, 32.4183, 28.9513
603, 70, 41, 32.4188, 28.9623
604, 70, 41, 32.416, 28.9735
605, 71, 41, 32.4157, 29.6402
606, 72, 41, 32.4154, 30.3185
607, 73, 41, 32.4151, 31.0123
608, 74, 41, 32.4149, 31.736
609, 75, 41, 32.4146, 32.4801
610, 76, 41, 32.4144, 33.2511
611, 77, 41, 32.4141, 34.0358
612, 78, 41, 32.4139, 34.8708
613, 79, 41, 32.4137, 35.7506
614, 80, 41, 32.4134, 36.6479
615, 81, 41, 32.4132, 37.5626
616, 81, 41, 32.4072, 38.5144
617, 81, 41, 32.3483, 38.5254
618, 81, 40, 32.497, 38.5376
619, 81, 40, 32.4529, 38.5482
620, 81, 40, 32.3598, 38.5586
621, 81, 40, 32.2924, 38.5692
622, 81, 40, 32.1225, 38.5797
623, 81, 39, 32.3638, 38.5903
624, 81, 39, 32.1593, 38.6014
625, 81, 39, 32.2292, 38.6138
626, 81, 39, 32.1886, 38.6253
627, 81, 39, 32.1672, 38.6367
628, 81, 39, 32.1404, 38.6473
629, 81, 39, 32.0473, 38.6586
630, 81, 39, 31.9635, 38.6698
631, 81, 39, 31.7936, 38.6808
632, 81, 39, 31.6407, 38.6929
633, 81, 39, 31.2671, 38.7037
634, 81, 39, 31.1142, 38.7143
635, 81, 39, 30.9443, 38.7249
636, 81, 39, 30.7913, 38.7354
637, 81, 39, 30.5868, 38.7463
638, 81, 39, 30.4169, 38.7568
639, 81, 39, 30.2639, 38.7673
640, 81, 39, 30.111, 38.778
641, 81, 39, 30.0272, 38.7889
642, 81, 39, 29.8743, 38.7998
643, 81, 39, 29.8069, 38.8106
644, 81, 39, 29.7772, 38.8212
645, 81, 39, 29.7474, 38.8316
646, 81, 39, 29.7207, 38.8424
647, 81, 39, 29.6725, 38.8535
648, 81, 39, 29.6692, 38.8645
649, 81, 39, 29.666, 38.8753
650, 81, 39, 29.6607, 38.8861
651, 81, 39, 29.6551, 38.8969
652, 81, 39, 29.6494, 38.9079
653, 81, 39, 29.6502, 38.9187
654, 81, 39, 29.6478, 38.9296
655, 81, 39, 29.6418, 39.8884
656, 81, 39, 29.5888, 39.8996
657, 81, 39, 29.5529, 39.9105
658, 81, 39, 29.5416, 39.9213
659, 81, 39, 29.5345, 39.9321
660, 81, 39, 29.5232, 39.9435
661, 81, 39, 29.512, 39.9545
662, 81, 39, 29.5073, 39.9656
663, 81, 39, 29.5083, 39.9768
664, 81, 39, 29.5053, 39.9875
665, 81, 39, 29.5024, 39.9982
666, 81, 39, 29.5003, 40.009
667, 81, 39, 29.4943, 40.9712
668, 81, 39, 29.4902, 40.9861
669, 81, 39, 29.4852, 41.0005
670, 81, 39, 29.4802, 41.0129
671, 81, 39, 29.4741, 41.0254
672, 81, 39, 29.4537, 41.0366
673, 81, 39, 29.3863, 41.0473
674, 81, 39, 29.1818, 41.0581
675, 81, 39, 29.4452, 41.0689
676, 81, 39, 29.2753, 41.0798
677, 81, 39, 29.1054, 41.0909
678, 81, 39, 28.9524, 41.1017
679, 81, 39, 28.7995, 41.1124
680, 81, 39, 28.7322, 41.1236
681, 81, 39, 28.7117, 41.1348
682, 81, 39, 28.6676, 41.1459
683, 81, 39, 28.6374, 41.1567
684, 81, 39, 28.5963, 41.1678
685, 81, 39, 28.5911, 41.179
686, 81, 39, 28.5828, 41.1902
687, 81, 39, 28.5784, 41.2015
688, 81, 39, 28.5739, 41.2126
689, 81, 39, 28.5694, 41.2242
690, 81, 39, 28.5849, 41.2356
691, 81, 39, 28.5688, 41.2471
692, 81, 39, 28.5247, 41.2583
693, 81, 39, 28.3548, 41.271
694, 81, 39, 28.2018, 41.2834
695, 81, 38, 28.3649, 41.2958
696, 81, 38, 28.2975, 41.3076
697, 81, 38, 28.2814, 41.3191
698, 81, 38, 28.3741, 41.3307
699, 81, 38, 28.3152, 41.3419
700, 81, 38, 28.2563, 41.3533
701, 81, 38, 28.226, 41.3645
702, 81, 38, 28.1854, 41.3754
703, 81, 38, 28.1448, 41.3863
704, 81, 38, 28.1041, 41.3972
705, 81, 38, 28.0827, 41.4081
706, 81, 38, 28.0787, 41.4195
707, 81, 38, 28.0747, 41.4305
708, 81, 38, 28.0736, 41.4416
709, 81, 38, 28.0709, 41.4527
710, 81, 38, 28.0681, 41.4638
711, 81, 38, 28.0664, 41.4749
712, 82, 38, 28.0662, 42.435
713, 83, 38, 28.066, 43.64
714, 84, 38, 28.0658, 44.6383
715, 85, 38, 28.0656, 45.6567
716, 86, 38, 28.0654, 46.7222
717, 87, 38, 28.0652, 47.8033
718, 88, 38, 28.065, 49.5573
719, 89, 38, 28.0649, 51.3247
720, 90, 38, 28.0647, 53.1874
721, 91, 38, 28.0645, 55.1063
722, 92, 38, 28.0643, 57.0832
723, 93, 38, 28.0642, 59.1031
724, 94, 38, 28.064, 61.4215
725, 94, 38, 28.0596, 63.5334
726, 94, 38, 28.0294, 63.5449
727, 94, 38, 27.9853, 63.5559
728, 94, 38, 27.8748, 63.5671
729, 94, 38, 27.845, 63.5786
730, 94, 38, 27.8153, 63.5899
731, 94, 38, 27.7999, 63.6015
732, 94, 38, 27.7794, 63.6123
733, 94, 38, 27.7353, 63.6233
734, 94, 38, 27.7126, 63.6342
735, 94, 38, 27.6899, 63.645
736, 94, 38, 27.6694, 63.6558
737, 94, 38, 27.6336, 63.667
738, 94, 38, 27.63, 63.6783
739, 94, 38, 27.6261, 63.6897
740, 94, 38, 27.6201, 63.7011
741, 94, 38, 27.6193, 63.7124
742, 94, 38, 27.6168, 63.7236
743, 94, 38, 27.6142, 63.7348
744, 94, 38, 27.6128, 63.7461
745, 94, 38, 27.6084, 65.8683
746, 94, 38, 27.5495, 65.8804
747, 94, 38, 27.6195, 65.8917
748, 94, 38, 27.5829, 65.903
749, 94, 38, 27.5824, 68.0928
750, 95, 38, 27.5823, 70.2505
751, 96, 38, 27.5821, 72.4222
752, 97, 38, 27.582, 74.6623
753, 98, 38, 27.5818, 77.2482
754, 99, 38, 27.5817, 79.582
755, 100, 38, 27.5815, 82.0119
756, 101, 38, 27.5814, 84.5272
757, 102, 38, 27.5812, 87.0547
758, 103, 38, 27.5811, 89.642
759, 104, 38, 27.581, 92.2866
760, 105, 38, 27.5808, 95.3014
761, 106, 38, 27.5807, 98.0943
762, 107, 38, 27.5806, 100.9
763, 107, 38, 27.5775, 103.74
764, 107, 38, 27.5409, 103.751
765, 107, 38, 27.5378, 106.633
766, 107, 38, 27.5012, 106.645
767, 107, 38, 27.4785, 106.656
768, 107, 38, 27.4558, 106.667
769, 107, 38, 27.4284, 106.679
770, 107, 38, 27.4115, 106.69
771, 107, 38, 27.4032, 106.701
772, 107, 38, 27.4, 106.712
773, 107, 38, 27.3964, 106.724
774, 107, 38, 27.3928, 106.735
775, 107, 38, 27.3895, 106.746
776, 107, 38, 27.3765, 106.758
777, 107, 38, 27.3324, 106.769
778, 107, 38, 27.3194, 106.78
779, 107, 38, 27.2526, 106.791
780, 107, 38, 27.2482, 106.803
781, 107, 38, 27.2476, 106.814
782, 107, 38, 27.2465, 106.826
783, 108, 38, 27.2463, 110.003
784, 109, 38, 27.2462, 112.99
785, 110, 38, 27.2461, 116.022
786, 111, 38, 27.246, 119.116
787, 112, 38, 27.2459, 122.326
788, 113, 38, 27.2457, 125.689
789, 114, 38, 27.2456, 129.311
790, 115, 38, 27.2455, 132.754
791, 115, 38, 27.2347, 136.269
792, 115, 38, 27.2324, 136.281
793, 115, 38, 27.2301, 136.293
794, 115, 38, 27.2273, 136.304
795, 115, 38, 27.2245, 136.315
796, 115, 38, 27.211, 136.327
797, 115, 38, 27.1931, 136.338
798, 115, 38, 27.1752, 136.349
799, 115, 38, 27.2322, 136.361
800, 115, 38, 27.2261, 136.372
801, 115, 38, 27.2251, 136.383
802, 116, 38, 27.225, 140.142
803, 117, 38, 27.2249, 144.247
804, 118, 38, 27.2248, 148.783
805, 119, 38, 27.2247, 152.539
806, 120, 38, 27.2246, 156.484
807, 121, 38, 27.2245, 160.657
808, 121, 38, 27.2224, 164.568
809, 121, 38, 27.1858, 164.581
810, 121, 38, 27.1746, 164.593
811, 121, 38, 27.1584, 164.604
812, 121, 38, 27.0995, 164.615
813, 121, 38, 27.0465, 164.626
814, 121, 38, 26.9534, 164.637
815, 121, 38, 26.8696, 164.648
816, 121, 38, 26.4961, 164.659
817, 121, 38, 26.4663, 164.67
818, 121, 38, 26.4366, 164.681
819, 121, 38, 26.4069, 164.692
820, 121, 38, 26.3914, 164.703
821, 121, 38, 26.3881, 164.714
822, 121, 38, 26.3849, 164.726
823, 121, 38, 26.3846, 164.737
824, 121, 38, 26.3821, 164.748
825, 121, 38, 26.3797, 164.759
826, 121, 38, 26.3766, 164.771
827, 121, 38, 26.3736, 164.782
828, 121, 38, 26.3706, 164.793
829, 121, 38, 26.3705, 164.804
830, 121, 38, 26.3684, 164.816
831, 121, 38, 26.3663, 164.827
832, 121, 38, 26.3655, 164.838
833, 121, 38, 26.353, 168.748
834, 122, 38, 26.3529, 172.883
835, 123, 38, 26.3528, 178.176
836, 124, 38, 26.3527, 182.206
837, 125, 38, 26.3526, 186.281
838, 126, 38, 26.3525, 190.51
839, 127, 38, 26.3524, 195.08
840, 128, 38, 26.3523, 199.456
841, 129, 38, 26.3522, 203.815
842, 130, 38, 26.3521, 208.525
843, 130, 38, 26.3811, 212.98
844, 131, 38, 26.381, 217.394
845, 132, 38, 26.3809, 221.865
846, 133, 38, 26.3809, 226.737
847, 134, 38, 26.3808, 231.407
848, 135, 38, 26.3807, 236.034
849, 136, 38, 26.3806, 240.972
850, 137, 38, 26.3805, 245.895
851, 137, 38, 26.3792, 250.825
852, 137, 38, 26.3386, 250.836
853, 137, 38, 26.3172, 250.848
854, 137, 38, 26.2583, 250.859
855, 137, 38, 26.2053, 250.871
856, 137, 38, 26.1785, 250.882
857, 138, 38, 26.1784, 255.788
858, 139, 38, 26.1784, 261.052
859, 140, 38, 26.1783, 266.14
860, 141, 38, 26.1782, 271.309
861, 142, 38, 26.1782, 277.031
862, 143, 38, 26.1781, 282.466
863, 144, 38, 26.178, 287.979
864, 145, 38, 26.1779, 294.222
865, 146, 38, 26.1779, 299.868
866, 147, 38, 26.1778, 306.036
867, 147, 38, 26.1707, 313.136
868, 147, 38, 26.13, 313.159
869, 147, 38, 26.2236, 313.171
870, 147, 38, 26.1968, 313.183
871, 148, 38, 26.1967, 318.979
872, 149, 38, 26.1966, 325.506
873, 150, 38, 26.1966, 331.62
874, 151, 38, 26.1965, 337.757
875, 151, 38, 26.1828, 345.126
876, 151, 38, 26.1806, 345.15
877, 151, 38, 26.1785, 345.162
878, 151, 38, 26.1678, 345.175
879, 151, 38, 26.1089, 345.187
880, 151, 38, 26.0559, 345.199
881, 151, 38, 25.8859, 345.21
882, 151, 38, 25.733, 345.222
883, 151, 38, 25.6399, 345.234
884, 151, 38, 25.5468, 345.245
885, 151, 38, 25.4795, 345.257
886, 151, 38, 25.369, 345.268
887, 151, 38, 25.3387, 345.28
888, 151, 38, 25.328, 345.292
889, 151, 38, 25.2873, 345.303
890, 151, 38, 25.2467, 345.315
891, 151, 38, 25.2253, 345.327
892, 151, 38, 25.214, 345.338
893, 151, 38, 25.2113, 345.35
894, 151, 38, 25.2086, 345.362
895, 151, 38, 25.2086, 345.374
896, 151, 38, 25.2067, 345.386
897, 151, 38, 25.2047, 345.397
898, 151, 38, 25.2041, 345.409
899, 152, 38, 25.204, 351.818
900, 153, 38, 25.204, 358.646
901, 153, 38, 25.2033, 365.176
902, 153, 38, 25.1765, 365.189
903, 153, 38, 25.1538, 365.2
904, 153, 38, 25.131, 365.212
905, 153, 38, 25.1036, 365.224
906, 153, 38, 25.1017, 365.236
907, 153, 38, 25.1, 365.248
908, 153, 38, 25.0892, 365.259
909, 153, 38, 25.0593, 365.271
910, 153, 38, 25.0572, 365.282
911, 153, 38, 25.0574, 365.294
912, 153, 38, 25.0556, 365.306
913, 153, 38, 25.0537, 365.317
914, 153, 38, 25.0533, 365.329
915, 154, 38, 25.0533, 371.839
916, 155, 38, 25.0532, 378.78
917, 156, 38, 25.0531, 385.427
918, 157, 38, 25.0531, 392.603
919, 158, 38, 25.053, 399.517
920, 159, 38, 25.053, 406.537
921, 160, 38, 25.0529, 414.329
922, 161, 38, 25.0529, 421.496
923, 162, 38, 25.0528, 429.186
924, 163, 38, 25.0527, 436.65
925, 164, 38, 25.0527, 444.611
926, 164, 38, 25.0469, 452.374
927, 164, 37, 25.1881, 452.392
928, 164, 37, 25.1579, 452.404
929, 164, 37, 25.1434, 452.416
930, 164, 37, 25.1289, 452.428
931, 164, 37, 25.1245, 452.44
932, 164, 37, 25.1228, 452.451
933, 164, 37, 25.1203, 452.463
934, 164, 37, 25.1178, 452.474
935, 164, 37, 25.1221, 452.486
936, 164, 37, 25.1224, 452.498
937, 164, 37, 25.1221, 452.509
938, 165, 37, 25.1221, 460.572
939, 166, 37, 25.122, 468.456
940, 167, 37, 25.122, 477.125
941, 168, 37, 25.1219, 485.117
942, 168, 37, 25.1104, 493.961
943, 168, 37, 25.1086, 493.985
944, 168, 37, 25.1069, 493.997
945, 168, 37, 25.1054, 494.009
946, 168, 37, 25.1031, 494.021
947, 168, 37, 25.1008, 494.032
948, 168, 37, 25.098, 494.044
949, 168, 37, 25.0889, 494.056
950, 168, 37, 25.0587, 494.068
951, 168, 37, 24.9482, 494.079
952, 168, 37, 24.3113, 494.091
953, 168, 36, 25.3113, 494.102
954, 168, 35, 26.0745, 494.113
955, 168, 35, 26.168, 494.125
956, 168, 35, 26.1382, 494.137
957, 168, 35, 26.1085, 494.149
958, 168, 35, 26.093, 494.16
959, 168, 35, 26.0703, 494.172
960, 168, 35, 26.0476, 494.184
961, 168, 35, 26.0249, 494.195
962, 168, 35, 26.0166, 494.206
963, 168, 35, 26.0171, 494.218
964, 168, 35, 26.0169, 494.23
965, 169, 35, 26.0169, 502.478
966, 169, 35, 26.0167, 511.047
967, 169, 35, 25.9869, 511.071
968, 169, 35, 25.9715, 511.083
969, 169, 35, 25.9126, 511.094
970, 169, 35, 25.8824, 511.106
971, 169, 35, 25.7719, 511.118
972, 169, 35, 25.7312, 511.129
973, 169, 35, 25.6946, 511.14
974, 169, 35, 25.6834, 511.151
975, 169, 35, 25.6427, 511.162
976, 169, 35, 25.6214, 511.173
977, 169, 35, 25.5282, 511.185
978, 169, 35, 25.4444, 511.196
979, 169, 34, 25.6075, 511.208
980, 169, 34, 25.5401, 511.219
981, 169, 34, 25.4728, 511.23
982, 169, 34, 25.4645, 511.242
983, 169, 34, 25.4466, 511.253
984, 169, 34, 25.4287, 511.264
985, 169, 34, 25.4125, 511.275
986, 169, 34, 25.3946, 511.286
987, 169, 34, 25.3767, 511.297
988, 169, 34, 25.3554, 511.31
989, 169, 34, 25.3541, 511.322
990, 169, 34, 25.3516, 511.334
991, 169, 34, 25.3425, 511.345
992, 169, 34, 25.2799, 511.357
993, 169, 34, 25.2711, 511.369
994, 169, 34, 25.2469, 511.38
995, 169, 34, 25.2456, 511.392
996, 169, 34, 25.2434, 511.404
997, 169, 34, 25.2413, 511.415
998, 169, 34, 25.2419, 511.427
999, 169, 34, 25.2403, 511.438
