Seed is: 49
Number of samples is: 1000
Simulation name is: Simulation_1TV.sim
TimeStep, Distraction Rate, Missed States, Model Accuracy, Time (ms)
0, 0, 165, 0, 6e-05
1, 0, 164, 0.763197, 0.024166
2, 0, 163, 1.7632, 0.069582
3, 0, 162, 2.52639, 0.096223
4, 0, 161, 3.52639, 0.1051
5, 0, 160, 4.28959, 0.139606
6, 0, 159, 5.05279, 0.154434
7, 0, 159, 4.63775, 0.18416
8, 0, 159, 4.26422, 0.217945
9, 0, 159, 3.89068, 0.263301
10, 0, 159, 3.73775, 0.292166
11, 0, 159, 3.58482, 0.307846
12, 0, 159, 3.41489, 0.316142
13, 0, 159, 3.3311, 0.346951
14, 0, 158, 3.0989, 0.355166
15, 0, 157, 4.44706, 0.364364
16, 0, 156, 5.44706, 0.383771
17, 0, 155, 6.21026, 0.407115
18, 0, 154, 7.21026, 0.415962
19, 0, 153, 7.97346, 0.450157
20, 0, 152, 8.97346, 0.466709
21, 0, 152, 8.55842, 0.537383
22, 0, 152, 8.38849, 0.558393
23, 0, 151, 9.38849, 0.577249
24, 0, 151, 8.97346, 0.585926
25, 0, 151, 8.80353, 0.624469
26, 0, 150, 9.56673, 0.641912
27, 0, 150, 9.15169, 0.673342
28, 0, 150, 8.77816, 0.721795
29, 0, 150, 8.40462, 0.730531
30, 0, 150, 8.25169, 0.739097
31, 0, 150, 8.09876, 0.753345
32, 0, 150, 7.92883, 0.769395
33, 0, 149, 8.69203, 0.82942
34, 0, 148, 9.45523, 0.857222
35, 0, 148, 9.08169, 0.897289
36, 0, 148, 8.70816, 0.918599
37, 0, 148, 8.55523, 0.9662
38, 0, 147, 8.79657, 0.998972
39, 0, 147, 9.0185, 1.01879
40, 0, 146, 8.7863, 1.03886
41, 0, 145, 10.1345, 1.0543
42, 0, 144, 10.8977, 1.06278
43, 0, 144, 10.4127, 1.09478
44, 0, 144, 10.0392, 1.13214
45, 0, 144, 10.2611, 1.16249
46, 0, 144, 9.99766, 1.17113
47, 0, 144, 9.84473, 1.22585
48, 0, 143, 10.6079, 1.24998
49, 0, 142, 11.3711, 1.28863
50, 0, 142, 10.9561, 1.3279
51, 0, 142, 10.5826, 1.36318
52, 0, 141, 11.5826, 1.40145
53, 0, 141, 11.1675, 1.41025
54, 0, 141, 10.9976, 1.42178
55, 0, 141, 10.9138, 1.46192
56, 0, 141, 10.5403, 1.48735
57, 0, 141, 10.1667, 1.53024
58, 0, 141, 9.9968, 1.58412
59, 0, 140, 10.9968, 1.62727
60, 0, 140, 10.5818, 1.6466
61, 0, 140, 10.4118, 1.68917
62, 0, 139, 11.4118, 1.75127
63, 0, 139, 10.9968, 1.78725
64, 0, 139, 10.8269, 1.7965
65, 0, 139, 10.7338, 1.82404
66, 0, 139, 10.6407, 1.83252
67, 0, 139, 10.5475, 1.86398
68, 0, 139, 10.3946, 1.90617
69, 0, 139, 10.3416, 1.95225
70, 0, 139, 10.1887, 1.98001
71, 0, 138, 11.1887, 1.98884
72, 0, 138, 10.7736, 2.02726
73, 0, 138, 10.6037, 2.04405
74, 0, 137, 11.6037, 2.0956
75, 0, 137, 11.1887, 2.14219
76, 0, 136, 11.9519, 2.18323
77, 0, 135, 12.7151, 2.20359
78, 0, 134, 13.4783, 2.22259
79, 0, 134, 13.3945, 2.24178
80, 0, 134, 13.3107, 2.25509
81, 0, 133, 14.0739, 2.28744
82, 0, 132, 14.8371, 2.29614
83, 0, 131, 15.6003, 2.34023
84, 0, 130, 16.6003, 2.38963
85, 0, 130, 16.1852, 2.42469
86, 0, 130, 16.0153, 2.45675
87, 0, 129, 16.7785, 2.48685
88, 0, 129, 16.405, 2.53039
89, 0, 129, 16.0314, 2.57497
90, 0, 129, 15.8785, 2.60796
91, 0, 129, 15.7256, 2.62236
92, 0, 128, 16.4888, 2.65472
93, 0, 128, 16.1152, 2.69396
94, 0, 128, 15.7417, 2.70655
95, 0, 128, 15.5888, 2.75024
96, 0, 128, 15.4358, 2.76605
97, 0, 127, 15.2036, 2.79544
98, 0, 126, 16.5518, 2.82137
99, 0, 125, 17.315, 2.83162
100, 0, 125, 16.83, 2.86203
101, 0, 124, 17.1828, 2.87932
102, 0, 124, 16.6978, 2.90895
103, 0, 124, 16.4933, 2.94963
104, 0, 123, 17.4933, 2.97393
105, 0, 123, 17.0783, 2.98316
106, 0, 123, 16.9083, 2.99553
107, 0, 123, 16.7038, 3.02608
108, 0, 122, 17.467, 3.05109
109, 0, 122, 17.0935, 3.06024
110, 0, 122, 16.7199, 3.11516
111, 0, 122, 16.567, 3.12959
112, 0, 122, 16.4141, 3.15306
113, 0, 122, 16.3303, 3.22476
114, 1, 121, 17.3303, 3.24818
115, 2, 121, 16.9152, 3.26596
116, 3, 121, 16.7453, 3.31102
117, 4, 121, 16.6522, 3.32066
118, 5, 121, 16.5933, 3.34617
119, 6, 121, 16.5527, 3.36241
120, 7, 121, 16.5229, 3.41331
121, 8, 121, 16.5002, 3.4237
122, 9, 121, 16.4823, 3.44568
123, 10, 121, 16.4678, 3.48966
124, 11, 121, 16.4558, 3.5062
125, 11, 121, 16.372, 3.5251
126, 11, 120, 17.1352, 3.56551
127, 11, 119, 18.1352, 3.58084
128, 11, 119, 17.7202, 3.60381
129, 11, 119, 17.5502, 3.65447
130, 11, 118, 18.3134, 3.67139
131, 11, 118, 18.2203, 3.68437
132, 11, 118, 18.1272, 3.74562
133, 11, 118, 18.0742, 3.76727
134, 12, 118, 18.0642, 3.81412
135, 12, 118, 17.9537, 3.83103
136, 12, 117, 18.7169, 3.85782
137, 12, 116, 18.4847, 3.86749
138, 12, 115, 19.8328, 3.90881
139, 12, 115, 19.4593, 3.91859
140, 12, 115, 18.9743, 3.95208
141, 12, 115, 18.8214, 3.97445
142, 12, 115, 18.6169, 4.0155
143, 12, 114, 19.38, 4.02923
144, 12, 114, 19.0065, 4.06004
145, 12, 114, 18.9535, 4.09445
146, 12, 114, 18.8604, 4.11011
147, 12, 114, 18.7673, 4.11951
148, 12, 113, 18.9303, 4.14485
149, 12, 113, 18.863, 4.15545
150, 12, 113, 18.8041, 4.183
151, 12, 113, 18.7452, 4.23124
152, 12, 113, 18.7086, 4.31112
153, 12, 113, 18.672, 4.34342
154, 12, 113, 18.5209, 4.3563
155, 12, 112, 19.5209, 4.39577
156, 12, 112, 19.1059, 4.40499
157, 12, 112, 18.9359, 4.41602
158, 12, 111, 19.6991, 4.42667
159, 12, 110, 20.4623, 4.45285
160, 12, 110, 20.0888, 4.46215
161, 12, 110, 19.7153, 4.47133
162, 12, 110, 19.5623, 4.50772
163, 12, 110, 19.5258, 4.52834
164, 12, 109, 19.6888, 4.56074
165, 12, 109, 19.6214, 4.59087
166, 12, 109, 19.2479, 4.61756
167, 12, 109, 18.8744, 4.6532
168, 12, 109, 18.8476, 4.66426
169, 12, 109, 18.7803, 4.68402
170, 12, 109, 18.4067, 4.70746
171, 12, 108, 19.4067, 4.73111
172, 12, 108, 18.9917, 4.74682
173, 12, 108, 18.8218, 4.77674
174, 12, 107, 19.585, 4.78971
175, 12, 107, 19.3215, 4.83343
176, 12, 107, 19.2948, 4.87101
177, 12, 107, 19.1436, 4.88108
178, 12, 107, 19.0847, 4.897
179, 12, 107, 19.0258, 4.90708
180, 12, 106, 19.1636, 4.9642
181, 12, 106, 19.1422, 4.9738
182, 12, 106, 19.0584, 5.01265
183, 12, 106, 18.9653, 5.02898
184, 12, 106, 18.8123, 5.05021
185, 12, 106, 18.7593, 5.0696
186, 12, 106, 18.6064, 5.11593
187, 12, 106, 18.5226, 5.13223
188, 12, 106, 18.4785, 5.14194
189, 12, 106, 18.4581, 5.15144
190, 12, 106, 18.5507, 5.17212
191, 12, 106, 18.4839, 5.19203
192, 12, 106, 18.3908, 5.22105
193, 12, 106, 18.2379, 5.23065
194, 12, 105, 18.5906, 5.24041
195, 12, 105, 18.1057, 5.2627
196, 12, 105, 18.0086, 5.28906
197, 12, 105, 17.9932, 5.29894
198, 12, 104, 18.2345, 5.30843
199, 12, 104, 18.03, 5.34515
200, 12, 104, 17.8254, 5.35475
201, 12, 104, 17.7149, 5.38482
202, 12, 103, 18.7149, 5.39658
203, 12, 103, 18.2999, 5.40991
204, 12, 103, 18.13, 5.42733
205, 12, 103, 18.0369, 5.44353
206, 12, 103, 17.978, 5.45327
207, 12, 103, 17.8675, 5.46886
208, 12, 103, 17.7704, 5.47872
209, 12, 103, 17.3968, 5.52081
210, 12, 102, 17.7496, 5.55029
211, 12, 102, 17.2646, 5.58075
212, 12, 102, 17.1808, 5.59274
213, 12, 102, 17.114, 5.61359
214, 12, 102, 16.9611, 5.62762
215, 12, 101, 17.9611, 5.63707
216, 12, 100, 18.7243, 5.64682
217, 12, 99, 19.4875, 5.66969
218, 12, 98, 20.2507, 5.69724
219, 12, 97, 21.0139, 5.71905
220, 12, 97, 20.6404, 5.74806
221, 12, 97, 20.2253, 5.76872
222, 12, 97, 19.8518, 5.80982
223, 12, 96, 20.615, 5.84306
224, 12, 96, 20.4451, 5.85382
225, 12, 95, 21.2083, 5.86749
226, 12, 95, 21.0553, 5.88312
227, 12, 95, 20.6818, 5.93911
228, 12, 94, 20.8715, 5.96069
229, 12, 94, 20.761, 5.97988
230, 12, 93, 21.761, 5.9895
231, 12, 93, 21.346, 6.01353
232, 12, 93, 21.1761, 6.02316
233, 12, 93, 21.0231, 6.04792
234, 12, 92, 21.7863, 6.08203
235, 12, 91, 22.1391, 6.09208
236, 12, 91, 21.6541, 6.11574
237, 12, 91, 21.2806, 6.1255
238, 12, 91, 21.0761, 6.1806
239, 12, 90, 22.0761, 6.19029
240, 12, 90, 21.9231, 6.20149
241, 12, 89, 22.6863, 6.22316
242, 12, 88, 23.4495, 6.23313
243, 12, 88, 23.076, 6.24338
244, 12, 88, 22.7025, 6.26187
245, 12, 88, 22.5495, 6.29682
246, 12, 88, 22.176, 6.32063
247, 12, 88, 21.8025, 6.33088
248, 12, 88, 21.6495, 6.34043
249, 12, 88, 21.4966, 6.35812
250, 12, 88, 21.3437, 6.3678
251, 12, 88, 21.2599, 6.37769
252, 12, 88, 21.1761, 6.39473
253, 12, 87, 22.1761, 6.404
254, 12, 87, 21.761, 6.41404
255, 12, 87, 21.5911, 6.42377
256, 12, 86, 22.3543, 6.44993
257, 12, 86, 22.2954, 6.476
258, 12, 86, 22.2365, 6.48566
259, 12, 86, 22.1776, 6.50279
260, 12, 86, 22.137, 6.51243
261, 12, 86, 22.0963, 6.53674
262, 12, 86, 22.0557, 6.55917
263, 12, 86, 22.0027, 6.56912
264, 12, 86, 22.0282, 6.58109
265, 12, 86, 21.9876, 6.59267
266, 12, 86, 21.9574, 6.6215
267, 12, 85, 22.0942, 6.63264
268, 12, 85, 22.0787, 6.64229
269, 12, 85, 22.0346, 6.66214
270, 12, 85, 21.8817, 6.67293
271, 12, 84, 22.6449, 6.68278
272, 12, 83, 23.4081, 6.71774
273, 12, 82, 24.4081, 6.74008
274, 12, 82, 23.9931, 6.75746
275, 12, 82, 23.8231, 6.77124
276, 12, 81, 24.5863, 6.79825
277, 12, 81, 24.2128, 6.81864
278, 12, 81, 23.8393, 6.8426
279, 12, 80, 24.8393, 6.85854
280, 12, 80, 24.4242, 6.88032
281, 12, 80, 24.2543, 6.8996
282, 12, 79, 25.0175, 6.93142
283, 12, 79, 24.644, 6.95891
284, 12, 79, 24.2704, 7.00282
285, 12, 78, 24.5118, 7.0157
286, 12, 78, 24.3072, 7.02555
287, 12, 77, 25.3072, 7.05605
288, 12, 77, 24.8922, 7.07412
289, 12, 77, 24.7393, 7.0961
290, 12, 76, 25.5025, 7.12161
291, 12, 76, 25.1289, 7.14246
292, 12, 76, 25.0358, 7.17113
293, 12, 76, 24.9427, 7.23349
294, 12, 76, 24.7898, 7.24366
295, 12, 75, 25.553, 7.2841
296, 12, 74, 25.9057, 7.31374
297, 12, 74, 25.4208, 7.34981
298, 12, 74, 25.0473, 7.36572
299, 12, 74, 24.8427, 7.40345
300, 12, 74, 24.6898, 7.44432
301, 12, 74, 24.5793, 7.46243
302, 12, 73, 24.769, 7.48051
303, 12, 73, 24.6585, 7.50168
304, 12, 73, 24.5654, 7.52342
305, 12, 72, 25.3286, 7.53825
306, 12, 71, 26.0918, 7.558
307, 12, 70, 27.0918, 7.60071
308, 12, 70, 26.6768, 7.6173
309, 12, 70, 26.5068, 7.68477
310, 12, 69, 26.2746, 7.71374
311, 12, 68, 27.6228, 7.72883
312, 12, 67, 27.9756, 7.74345
313, 12, 67, 27.4906, 7.78598
314, 12, 67, 27.0057, 7.82456
315, 12, 67, 26.8011, 7.83454
316, 12, 67, 27.023, 7.84478
317, 12, 67, 26.9392, 7.85845
318, 12, 66, 27.9392, 7.87821
319, 12, 66, 27.5242, 7.90213
320, 12, 66, 27.3543, 7.92087
321, 12, 65, 27.544, 7.93123
322, 12, 65, 27.4335, 7.95692
323, 12, 65, 27.3404, 7.9699
324, 12, 65, 27.2473, 7.98141
325, 12, 65, 26.9839, 7.9989
326, 12, 65, 26.8734, 8.00901
327, 12, 65, 26.7222, 8.01875
328, 12, 64, 27.7222, 8.02858
329, 12, 64, 27.3072, 8.0382
330, 12, 64, 27.1373, 8.04788
331, 12, 63, 27.9005, 8.05761
332, 12, 62, 28.9005, 8.06749
333, 12, 62, 28.4854, 8.07718
334, 12, 62, 28.3155, 8.0869
335, 12, 62, 28.2224, 8.09647
336, 12, 62, 28.1293, 8.10611
337, 12, 62, 28.0188, 8.11614
338, 12, 61, 28.2601, 8.126
339, 12, 61, 28.0556, 8.13581
340, 12, 61, 27.9882, 8.14551
341, 12, 61, 27.8951, 8.15525
342, 12, 61, 27.8113, 8.165
343, 12, 61, 27.4378, 8.17479
344, 12, 61, 27.0643, 8.18466
345, 12, 61, 27.0054, 8.19437
346, 12, 61, 26.9465, 8.20407
347, 12, 61, 26.9024, 8.21396
348, 12, 61, 26.8494, 8.22365
349, 12, 60, 27.0907, 8.23341
350, 12, 60, 26.8862, 8.24327
351, 12, 59, 27.6494, 8.25299
352, 12, 59, 27.4965, 8.26267
353, 12, 59, 27.4599, 8.2726
354, 12, 59, 27.3925, 8.283
355, 12, 59, 27.2994, 8.3175
356, 12, 59, 27.2321, 8.3374
357, 12, 59, 27.1216, 8.36149
358, 12, 59, 26.748, 8.37147
359, 12, 59, 26.6642, 8.38164
360, 12, 59, 26.4943, 8.40292
361, 12, 59, 26.4354, 8.43109
362, 12, 59, 26.4087, 8.45405
363, 12, 59, 26.3498, 8.46944
364, 12, 59, 26.3057, 8.48933
365, 12, 59, 26.2527, 8.51828
366, 12, 59, 26.5677, 8.52882
367, 12, 58, 27.3309, 8.56548
368, 12, 58, 27.2636, 8.57968
369, 12, 58, 27.1798, 8.59004
370, 12, 58, 26.7647, 8.63381
371, 12, 57, 27.5279, 8.64394
372, 12, 57, 27.1544, 8.6581
373, 12, 57, 26.7809, 8.69096
374, 12, 57, 26.6279, 8.70117
375, 12, 56, 26.8693, 8.73807
376, 12, 56, 26.6647, 8.76262
377, 12, 56, 26.5809, 8.80079
378, 12, 56, 26.411, 8.84182
379, 12, 56, 26.3669, 8.8732
380, 12, 56, 26.3139, 8.88371
381, 12, 56, 26.2034, 8.91429
382, 12, 55, 26.9666, 8.97192
383, 12, 55, 26.8735, 8.99564
384, 12, 55, 26.8531, 9.00596
385, 12, 55, 26.7857, 9.03894
386, 12, 55, 26.6926, 9.06259
387, 12, 55, 26.6337, 9.07269
388, 12, 55, 26.4808, 9.08878
389, 12, 55, 26.4367, 9.0992
390, 12, 55, 26.2838, 9.10937
391, 12, 55, 26.2535, 9.1227
392, 12, 55, 26.4166, 9.14818
393, 12, 55, 26.3759, 9.15842
394, 12, 54, 26.5127, 9.18181
395, 12, 54, 26.4538, 9.19208
396, 12, 54, 26.4384, 9.20252
397, 12, 54, 26.3978, 9.23668
398, 12, 54, 26.3675, 9.25835
399, 12, 54, 26.331, 9.26861
400, 12, 54, 25.9574, 9.2817
401, 12, 54, 25.9461, 9.2921
402, 12, 54, 25.8931, 9.30955
403, 12, 54, 25.742, 9.32002
404, 12, 54, 25.7014, 9.34374
405, 12, 54, 25.6607, 9.3539
406, 12, 54, 25.5078, 9.36402
407, 12, 54, 25.4965, 9.37614
408, 12, 54, 25.4663, 9.39374
409, 12, 54, 25.3732, 9.40446
410, 12, 54, 25.2894, 9.43184
411, 12, 53, 25.4791, 9.44755
412, 13, 53, 25.4706, 9.46011
413, 13, 53, 25.3601, 9.48696
414, 13, 53, 25.3518, 9.50067
415, 13, 53, 25.3036, 9.52401
416, 13, 53, 25.2198, 9.55534
417, 13, 53, 25.1525, 9.57811
418, 13, 53, 25.1043, 9.60186
419, 13, 52, 25.8675, 9.62765
420, 13, 51, 26.6307, 9.64486
421, 13, 51, 26.5866, 9.65541
422, 13, 51, 26.5508, 9.68956
423, 13, 50, 26.9035, 9.7137
424, 13, 50, 26.8197, 9.75827
425, 13, 50, 26.4047, 9.77091
426, 13, 49, 26.7575, 9.78154
427, 13, 49, 27.0725, 9.81199
428, 13, 49, 26.4944, 9.83321
429, 13, 48, 27.4944, 9.854
430, 13, 48, 27.0794, 9.86442
431, 13, 48, 26.9095, 9.88974
432, 13, 47, 27.9095, 9.90036
433, 13, 47, 27.4944, 9.94038
434, 13, 47, 27.3245, 9.964
435, 13, 46, 28.0877, 9.97443
436, 13, 46, 27.9178, 9.98471
437, 13, 45, 28.681, 9.9987
438, 13, 45, 28.628, 10.0288
439, 13, 45, 28.2544, 10.0599
440, 13, 45, 28.2179, 10.1126
441, 13, 45, 28.0649, 10.1388
442, 13, 45, 27.58, 10.1494
443, 13, 44, 27.9327, 10.1603
444, 13, 44, 27.4478, 10.2077
445, 13, 44, 27.5177, 10.2258
446, 13, 44, 27.4246, 10.2551
447, 13, 44, 27.384, 10.2841
448, 13, 43, 27.5737, 10.2949
449, 13, 43, 27.4632, 10.305
450, 13, 43, 27.4571, 10.3379
451, 13, 43, 27.4212, 10.3492
452, 13, 43, 27.3107, 10.3598
453, 13, 43, 27.2894, 10.3775
454, 13, 43, 27.2056, 10.4071
455, 13, 43, 27.1842, 10.4307
456, 13, 43, 27.1759, 10.4427
457, 13, 43, 27.1545, 10.4581
458, 13, 43, 27.1278, 10.4686
459, 13, 43, 27.044, 10.479
460, 13, 42, 27.1817, 10.5121
461, 13, 42, 27.1603, 10.551
462, 13, 42, 26.5823, 10.5862
463, 13, 42, 26.5457, 10.6734
464, 13, 42, 26.5243, 10.7083
465, 13, 42, 26.5199, 10.7241
466, 14, 42, 26.5125, 10.7426
467, 14, 42, 26.4851, 10.7709
468, 14, 42, 26.4013, 10.7855
469, 14, 41, 27.4013, 10.8119
470, 14, 41, 26.9863, 10.8271
471, 14, 41, 26.8164, 10.8744
472, 14, 41, 26.7233, 10.9366
473, 14, 40, 27.7233, 10.9579
474, 14, 40, 27.3082, 10.9744
475, 14, 40, 27.1383, 10.9863
476, 14, 39, 27.9015, 11.0055
477, 14, 38, 28.9015, 11.016
478, 14, 38, 28.4864, 11.0596
479, 14, 38, 28.3165, 11.0705
480, 14, 37, 29.0797, 11.0822
481, 14, 37, 28.8752, 11.0927
482, 14, 37, 28.5016, 11.1161
483, 14, 37, 28.3912, 11.1419
484, 14, 36, 29.1543, 11.1823
485, 14, 36, 28.7808, 11.2116
486, 14, 36, 28.4073, 11.2228
487, 14, 36, 28.3142, 11.2335
488, 14, 36, 28.2037, 11.2443
489, 14, 36, 28.1507, 11.2635
490, 14, 36, 28.0918, 11.274
491, 14, 35, 28.3331, 11.2847
492, 14, 35, 28.1286, 11.2952
493, 14, 35, 28.0355, 11.316
494, 14, 35, 27.8825, 11.3311
495, 14, 35, 27.7894, 11.3571
496, 14, 35, 27.7221, 11.3781
497, 14, 35, 27.5691, 11.4431
498, 14, 35, 27.4587, 11.4828
499, 14, 35, 27.3998, 11.5061
500, 14, 35, 27.316, 11.5166
501, 14, 35, 27.2322, 11.5273
502, 14, 35, 27.2048, 11.5551
503, 14, 35, 27.1518, 11.5661
504, 14, 35, 27.0844, 11.587
505, 14, 35, 27.0363, 11.6053
506, 14, 35, 27.0149, 11.66
507, 14, 35, 26.9882, 11.688
508, 14, 35, 26.8951, 11.707
509, 14, 35, 26.6316, 11.7425
510, 14, 35, 26.2581, 11.7528
511, 14, 35, 26.422, 11.7775
512, 14, 35, 26.5731, 11.798
513, 14, 35, 26.3686, 11.8096
514, 14, 35, 26.3097, 11.826
515, 14, 35, 26.1398, 11.849
516, 14, 35, 26.0868, 11.8666
517, 14, 35, 26.0502, 11.9263
518, 14, 35, 26.0095, 11.9647
519, 14, 35, 25.9257, 11.9751
520, 14, 35, 25.899, 11.9856
521, 14, 35, 25.8583, 12.0154
522, 14, 35, 25.837, 12.0697
523, 14, 35, 25.7702, 12.1112
524, 14, 35, 25.8077, 12.1359
525, 14, 35, 25.778, 12.2223
526, 14, 35, 25.7611, 12.2566
527, 14, 35, 25.7443, 12.2825
528, 14, 35, 25.7077, 12.2927
529, 14, 34, 25.8489, 12.3438
530, 14, 34, 25.8354, 12.3646
531, 14, 34, 25.815, 12.3768
532, 14, 34, 25.7561, 12.4105
533, 14, 34, 25.6456, 12.4458
534, 14, 34, 25.5926, 12.484
535, 14, 34, 25.5722, 12.5011
536, 14, 34, 25.5587, 12.5919
537, 14, 34, 25.5285, 12.6145
538, 14, 34, 25.4354, 12.6309
539, 14, 34, 25.3988, 12.6514
540, 14, 34, 25.388, 12.6735
541, 14, 34, 25.3291, 12.7133
542, 14, 34, 25.285, 12.7405
543, 14, 34, 25.232, 12.7609
544, 14, 34, 25.2159, 12.7983
545, 14, 34, 25.1485, 12.8147
546, 14, 34, 25.1188, 12.8618
547, 14, 34, 25.0599, 12.9188
548, 14, 34, 25.0372, 12.9416
549, 14, 34, 25.0104, 12.9521
550, 14, 34, 25.0016, 12.9628
551, 14, 34, 24.9886, 12.9732
552, 14, 34, 24.785, 12.9966
553, 14, 34, 24.6919, 13.007
554, 14, 34, 24.5987, 13.0177
555, 14, 34, 24.4458, 13.0482
556, 14, 34, 24.5656, 13.0992
557, 14, 33, 24.7554, 13.1416
558, 14, 33, 24.6449, 13.1535
559, 14, 33, 24.6042, 13.1642
560, 14, 33, 24.574, 13.1747
561, 14, 33, 24.4902, 13.1852
562, 14, 33, 24.4313, 13.1957
563, 14, 33, 24.3907, 13.2063
564, 14, 33, 24.3233, 13.2347
565, 14, 33, 24.2644, 13.2457
566, 14, 33, 24.2278, 13.2734
567, 14, 33, 24.1838, 13.2842
568, 14, 33, 24.1431, 13.3154
569, 14, 33, 24.0758, 13.357
570, 14, 33, 24.0603, 13.3881
571, 14, 33, 23.993, 13.4748
572, 14, 33, 23.94, 13.5343
573, 14, 33, 23.8811, 13.5815
574, 14, 33, 23.8281, 13.6201
575, 14, 33, 23.8068, 13.6399
576, 14, 33, 23.7627, 13.6565
577, 15, 33, 23.7563, 13.6811
578, 15, 33, 23.745, 13.7034
579, 15, 33, 23.8376, 13.741
580, 15, 33, 23.8011, 13.7576
581, 15, 33, 23.7928, 13.791
582, 15, 33, 23.7521, 13.8338
583, 15, 33, 23.7224, 13.8657
584, 15, 33, 23.6956, 13.8806
585, 15, 33, 23.818, 13.9045
586, 16, 33, 23.8124, 13.9451
587, 17, 33, 23.8074, 13.9657
588, 17, 33, 23.7103, 14.0215
589, 17, 33, 23.6696, 14.0638
590, 17, 33, 23.6429, 14.0813
591, 17, 33, 23.6131, 14.1107
592, 17, 33, 23.6023, 14.1392
593, 17, 33, 23.6543, 14.167
594, 17, 33, 23.6102, 14.2041
595, 17, 33, 23.5743, 14.2155
596, 17, 33, 23.6443, 14.2444
597, 17, 33, 23.6371, 14.2729
598, 17, 33, 23.6104, 14.3126
599, 17, 33, 23.5745, 14.3505
600, 17, 33, 23.5338, 14.3908
601, 17, 32, 23.6716, 14.4623
602, 17, 32, 23.7236, 14.5054
603, 17, 32, 23.687, 14.5377
604, 17, 32, 23.6573, 14.5483
605, 17, 32, 23.6411, 14.5703
606, 17, 32, 23.6137, 14.5812
607, 17, 32, 23.5731, 14.615
608, 17, 32, 23.57, 14.6794
609, 17, 32, 23.5032, 14.6904
610, 17, 32, 23.4734, 14.72
611, 17, 32, 23.4437, 14.7356
612, 17, 32, 23.4232, 14.7461
613, 17, 32, 23.4019, 14.7887
614, 17, 32, 23.3792, 14.8087
615, 17, 32, 23.363, 14.8337
616, 17, 32, 23.3543, 14.8675
617, 17, 32, 23.3061, 14.8804
618, 17, 32, 23.2834, 14.9121
619, 17, 32, 23.2607, 14.9602
620, 17, 32, 23.2536, 14.9893
621, 17, 32, 23.2177, 15.0266
622, 17, 32, 23.1998, 15.057
623, 17, 32, 23.1829, 15.0979
624, 17, 32, 23.1704, 15.1089
625, 17, 32, 23.1477, 15.1304
626, 17, 32, 23.1346, 15.1708
627, 17, 32, 23.1167, 15.1814
628, 17, 32, 23.1362, 15.2043
629, 17, 32, 23.1228, 15.2714
630, 17, 32, 23.1048, 15.3017
631, 17, 32, 23.0977, 15.3133
632, 17, 32, 23.0809, 15.3564
633, 17, 32, 23.0279, 15.3668
634, 17, 32, 22.9605, 15.4186
635, 17, 32, 22.9547, 15.459
636, 18, 32, 22.9503, 15.4747
637, 18, 32, 22.9442, 15.5093
638, 18, 32, 22.9238, 15.5198
639, 18, 32, 22.9103, 15.5485
640, 18, 32, 22.8806, 15.5754
641, 18, 31, 23.0293, 15.591
642, 18, 31, 22.9852, 15.6145
643, 18, 31, 22.9555, 15.6504
644, 18, 31, 22.8966, 15.6928
645, 18, 31, 22.8692, 15.7174
646, 18, 31, 22.8634, 15.7582
647, 18, 31, 22.8336, 15.7688
648, 18, 31, 22.8122, 15.803
649, 18, 31, 22.7716, 15.8139
650, 18, 31, 22.5671, 15.833
651, 18, 31, 22.523, 15.8494
652, 18, 31, 22.5385, 15.9003
653, 18, 31, 22.5301, 15.9689
654, 18, 31, 22.5193, 16.0018
655, 18, 31, 22.4891, 16.0564
656, 18, 31, 22.4803, 16.1005
657, 18, 31, 22.4536, 16.1473
658, 18, 31, 22.3862, 16.1981
659, 18, 31, 22.3332, 16.2364
660, 18, 31, 22.2926, 16.2975
661, 18, 31, 22.2623, 16.3194
662, 18, 31, 22.2419, 16.338
663, 18, 31, 22.2122, 16.3529
664, 18, 31, 22.1681, 16.401
665, 18, 31, 22.1315, 16.4618
666, 18, 31, 22.1161, 16.4902
667, 18, 31, 22.0863, 16.5006
668, 18, 31, 22.0497, 16.5232
669, 18, 31, 22.02, 16.5409
670, 18, 31, 21.9973, 16.5516
671, 18, 31, 22.0672, 16.5692
672, 18, 31, 22.0458, 16.5903
673, 18, 31, 22.0231, 16.6175
674, 18, 31, 21.9929, 16.6598
675, 18, 31, 21.9522, 16.6966
676, 18, 31, 21.9309, 16.7074
677, 18, 31, 21.8827, 16.7344
678, 18, 31, 21.9312, 16.7609
679, 18, 31, 21.9014, 16.7713
680, 18, 31, 21.8712, 16.8111
681, 18, 31, 21.8604, 16.8434
682, 18, 31, 21.8506, 16.8892
683, 18, 31, 21.8459, 16.9284
684, 18, 31, 21.8346, 16.9431
685, 18, 31, 21.8119, 16.9692
686, 18, 31, 21.7851, 17.003
687, 18, 31, 21.7744, 17.0234
688, 18, 31, 21.7337, 17.0719
689, 18, 31, 21.5815, 17.0829
690, 18, 31, 21.5285, 17.0934
691, 18, 30, 22.5285, 17.1115
692, 18, 30, 22.1134, 17.143
693, 18, 30, 21.9435, 17.1596
694, 18, 29, 22.7067, 17.1836
695, 18, 28, 22.8479, 17.2079
696, 18, 28, 22.8177, 17.2249
697, 18, 28, 22.7879, 17.2746
698, 18, 28, 22.7582, 17.293
699, 18, 28, 22.7355, 17.3039
700, 18, 28, 22.7127, 17.3354
701, 18, 28, 22.69, 17.3794
702, 18, 28, 22.677, 17.3913
703, 18, 28, 22.6686, 17.4126
704, 18, 28, 22.6412, 17.4436
705, 18, 28, 22.6233, 17.4625
706, 18, 28, 22.6019, 17.4739
707, 18, 28, 22.584, 17.4854
708, 18, 28, 22.5661, 17.5059
709, 18, 28, 22.5482, 17.5246
710, 18, 28, 22.5337, 17.5357
711, 18, 28, 22.5217, 17.5598
712, 18, 28, 22.5072, 17.5804
713, 18, 28, 22.4927, 17.6108
714, 18, 28, 22.4819, 17.6347
715, 18, 28, 22.4748, 17.6699
716, 18, 28, 22.471, 17.6873
717, 18, 28, 22.462, 17.7283
718, 18, 28, 22.3508, 17.7602
719, 18, 28, 22.3142, 17.7898
720, 18, 28, 22.2304, 17.8403
721, 18, 28, 22.1715, 17.8858
722, 18, 28, 22.1308, 17.9349
723, 18, 28, 22.072, 18.005
724, 18, 28, 22.0452, 18.022
725, 18, 28, 21.9521, 18.0392
726, 18, 28, 21.8991, 18.0502
727, 18, 28, 21.5255, 18.0887
728, 18, 27, 21.6673, 18.1145
729, 18, 27, 21.6612, 18.1401
730, 18, 27, 21.6467, 18.1772
731, 18, 27, 21.6322, 18.2118
732, 18, 27, 21.6669, 18.2365
733, 18, 27, 21.6608, 18.2573
734, 18, 27, 21.6577, 18.2685
735, 18, 27, 21.6373, 18.2792
736, 18, 27, 21.6348, 18.2979
737, 18, 27, 21.6271, 18.3279
738, 18, 27, 21.7495, 18.3385
739, 18, 27, 21.6648, 18.3849
740, 18, 27, 21.581, 18.4116
741, 18, 27, 21.5145, 18.4467
742, 18, 27, 21.4941, 18.4575
743, 18, 27, 21.4352, 18.503
744, 18, 27, 21.3986, 18.5157
745, 18, 27, 21.3148, 18.5264
746, 18, 27, 21.288, 18.5369
747, 18, 27, 21.1949, 18.5475
748, 18, 27, 21.1419, 18.5865
749, 18, 27, 20.7684, 18.6076
750, 18, 27, 20.7386, 18.6344
751, 18, 27, 20.7028, 18.6749
752, 18, 27, 20.7008, 18.6975
753, 18, 27, 20.6942, 18.7084
754, 18, 27, 20.6408, 18.7449
755, 18, 27, 20.6247, 18.8178
756, 18, 27, 20.6042, 18.8284
757, 18, 27, 20.4937, 18.8708
758, 18, 27, 20.4006, 18.9294
759, 18, 27, 20.3704, 18.9795
760, 18, 27, 20.2866, 19.0054
761, 18, 27, 20.2711, 19.0363
762, 18, 27, 20.2181, 19.0841
763, 18, 27, 20.1968, 19.0963
764, 18, 27, 20.1602, 19.1213
765, 18, 27, 20.0764, 19.1409
766, 18, 27, 20.0175, 19.1698
767, 18, 27, 19.9501, 19.1899
768, 18, 26, 20.1132, 19.2362
769, 18, 26, 20.0458, 19.2673
770, 18, 26, 19.8929, 19.315
771, 18, 26, 19.8632, 19.3516
772, 18, 26, 19.7661, 19.3641
773, 18, 26, 19.7363, 19.3855
774, 18, 26, 19.7066, 19.4145
775, 18, 26, 19.6228, 19.4558
776, 18, 26, 19.6157, 19.4776
777, 18, 26, 19.6086, 19.4975
778, 18, 26, 19.5906, 19.5108
779, 18, 26, 19.6426, 19.5625
780, 18, 26, 19.6265, 19.5932
781, 18, 26, 19.6038, 19.62
782, 18, 26, 19.5859, 19.6767
783, 18, 26, 19.5704, 19.7133
784, 18, 26, 19.5491, 19.7247
785, 18, 26, 19.5263, 19.7414
786, 18, 26, 19.5036, 19.7868
787, 18, 26, 19.4794, 19.7982
788, 18, 26, 19.4779, 19.8371
789, 18, 26, 19.4721, 19.896
790, 18, 26, 19.4284, 19.9213
791, 18, 26, 19.3878, 19.9485
792, 18, 26, 19.3747, 19.9858
793, 18, 26, 19.3341, 20.0028
794, 18, 25, 19.4709, 20.037
795, 18, 25, 19.4554, 20.0636
796, 18, 25, 19.4114, 20.079
797, 18, 25, 19.5338, 20.1589
798, 18, 25, 19.4749, 20.1947
799, 18, 25, 19.3778, 20.2331
800, 18, 25, 19.3475, 20.267
801, 18, 25, 19.3321, 20.3154
802, 18, 25, 19.2732, 20.3439
803, 18, 25, 19.2143, 20.36
804, 18, 25, 19.1876, 20.3716
805, 18, 25, 19.1469, 20.4011
806, 18, 25, 19.1356, 20.4122
807, 18, 24, 19.2987, 20.4334
808, 18, 24, 19.2313, 20.444
809, 18, 24, 19.1724, 20.473
810, 18, 24, 19.1612, 20.5292
811, 18, 24, 19.1246, 20.5455
812, 18, 24, 19.0805, 20.5715
813, 18, 24, 19.0275, 20.6092
814, 18, 24, 18.8746, 20.6317
815, 18, 24, 18.8339, 20.6423
816, 18, 24, 18.7933, 20.6747
817, 18, 24, 18.7492, 20.7107
818, 18, 24, 18.7051, 20.7753
819, 18, 24, 18.6897, 20.7861
820, 18, 24, 18.649, 20.7967
821, 18, 24, 18.6645, 20.8381
822, 18, 24, 18.6343, 20.8491
823, 18, 24, 18.6045, 20.8755
824, 18, 24, 18.6745, 20.9144
825, 18, 24, 18.6632, 20.9468
826, 18, 24, 18.5794, 20.9578
827, 18, 24, 18.5492, 20.9832
828, 18, 24, 18.5194, 20.9949
829, 18, 24, 18.498, 21.0056
830, 18, 24, 18.4499, 21.0167
831, 18, 24, 18.3661, 21.0277
832, 18, 24, 18.3507, 21.0387
833, 18, 24, 18.3446, 21.0588
834, 18, 24, 18.3087, 21.07
835, 18, 24, 18.2414, 21.0811
836, 18, 24, 18.1825, 21.0917
837, 18, 24, 18.1236, 21.1047
838, 18, 24, 18.083, 21.1179
839, 18, 24, 18.0423, 21.1511
840, 18, 24, 18.0057, 21.1617
841, 18, 23, 18.1688, 21.1933
842, 18, 23, 18.1014, 21.2078
843, 18, 23, 18.0787, 21.2268
844, 18, 23, 18.056, 21.2377
845, 18, 23, 18.0447, 21.2528
846, 18, 23, 18.0041, 21.2634
847, 18, 23, 17.9997, 21.3053
848, 18, 23, 17.977, 21.3246
849, 18, 23, 17.9496, 21.3515
850, 18, 23, 17.9089, 21.3794
851, 18, 23, 17.8648, 21.3963
852, 18, 23, 17.8381, 21.4175
853, 18, 23, 17.7712, 21.4493
854, 18, 23, 17.6742, 21.4602
855, 18, 23, 17.5904, 21.471
856, 18, 23, 17.569, 21.5177
857, 18, 23, 17.5393, 21.5408
858, 18, 23, 17.5091, 21.5689
859, 18, 23, 17.4793, 21.5796
860, 18, 23, 17.4496, 21.5927
861, 18, 23, 17.3828, 21.6034
862, 18, 23, 17.3298, 21.614
863, 18, 23, 17.2932, 21.6397
864, 18, 23, 17.2705, 21.6505
865, 18, 23, 17.2037, 21.6612
866, 18, 23, 17.1954, 21.6848
867, 18, 23, 17.1885, 21.7052
868, 18, 23, 17.1587, 21.7389
869, 18, 23, 17.1408, 21.7498
870, 18, 23, 17.1321, 21.768
871, 18, 23, 17.1238, 21.7787
872, 18, 23, 17.1069, 21.7955
873, 18, 23, 17.0704, 21.8063
874, 18, 23, 17.0569, 21.8174
875, 18, 23, 16.7935, 21.8607
876, 18, 23, 16.7891, 21.8716
877, 18, 23, 16.7839, 21.8937
878, 18, 23, 16.7828, 21.9102
879, 18, 23, 16.7777, 21.9411
880, 18, 23, 16.6806, 21.9682
881, 18, 22, 16.8396, 22.0228
882, 18, 22, 16.8169, 22.0476
883, 18, 22, 16.8162, 22.0589
884, 18, 22, 16.7799, 22.0698
885, 18, 22, 16.7691, 22.0923
886, 18, 22, 16.7161, 22.1034
887, 18, 22, 16.7071, 22.1186
888, 18, 22, 16.6773, 22.1405
889, 18, 22, 16.666, 22.1799
890, 18, 22, 16.6254, 22.191
891, 18, 22, 16.5888, 22.2156
892, 18, 22, 16.5805, 22.227
893, 18, 22, 16.5592, 22.2387
894, 18, 22, 16.5289, 22.2496
895, 18, 22, 16.5022, 22.2802
896, 18, 22, 16.6136, 22.2913
897, 18, 22, 16.6053, 22.3076
898, 18, 22, 16.5849, 22.3219
899, 18, 22, 16.5551, 22.3574
900, 18, 22, 16.5324, 22.3862
901, 18, 22, 16.4477, 22.3971
902, 18, 22, 16.4179, 22.4308
903, 18, 22, 16.4025, 22.4469
904, 18, 22, 16.3964, 22.4583
905, 18, 22, 16.3667, 22.4688
906, 18, 22, 16.3369, 22.4886
907, 18, 22, 16.3156, 22.5373
908, 18, 22, 16.2626, 22.5482
909, 18, 22, 16.2464, 22.5689
910, 18, 22, 16.1838, 22.5801
911, 18, 22, 16.157, 22.591
912, 18, 22, 16.1343, 22.6155
913, 18, 22, 16.0977, 22.6263
914, 18, 22, 16.068, 22.6373
915, 18, 22, 16.015, 22.6484
916, 18, 22, 15.9844, 22.6706
917, 18, 22, 15.9547, 22.6817
918, 18, 22, 15.947, 22.7057
919, 18, 22, 15.9409, 22.7492
920, 18, 22, 15.9182, 22.7906
921, 18, 22, 15.8978, 22.8016
922, 18, 22, 15.871, 22.8316
923, 18, 22, 15.8483, 22.8426
924, 18, 22, 15.8255, 22.8867
925, 18, 22, 15.789, 22.9099
926, 18, 22, 15.7449, 22.9364
927, 18, 22, 15.7175, 22.9632
928, 18, 22, 15.7167, 22.9905
929, 18, 22, 15.7164, 23.0135
930, 18, 22, 15.6867, 23.0288
931, 18, 22, 15.6608, 23.0395
932, 18, 22, 15.634, 23.0572
933, 18, 22, 15.6113, 23.0747
934, 18, 22, 15.5445, 23.0908
935, 18, 22, 15.5283, 23.1221
936, 18, 22, 15.507, 23.1414
937, 18, 22, 15.4925, 23.152
938, 18, 22, 15.4698, 23.1628
939, 18, 22, 15.5268, 23.1801
940, 18, 22, 15.5114, 23.1931
941, 18, 22, 15.5082, 23.2042
942, 18, 22, 15.5038, 23.2153
943, 18, 22, 15.5032, 23.2262
944, 18, 22, 15.5034, 23.2565
945, 18, 22, 15.4812, 23.2675
946, 18, 22, 15.4746, 23.2785
947, 18, 22, 15.4566, 23.3167
948, 18, 22, 15.4522, 23.3326
949, 18, 22, 15.441, 23.3516
950, 18, 22, 15.4366, 23.382
951, 18, 22, 15.4139, 23.393
952, 18, 21, 15.5514, 23.4041
953, 18, 21, 15.5286, 23.4294
954, 18, 21, 15.5174, 23.4469
955, 18, 21, 15.496, 23.4681
956, 18, 21, 15.4755, 23.5002
957, 18, 21, 15.4576, 23.5134
958, 18, 21, 15.4422, 23.5262
959, 18, 21, 15.3584, 23.537
960, 18, 21, 15.3513, 23.5634
961, 18, 21, 15.3344, 23.5744
962, 18, 21, 15.3117, 23.5946
963, 18, 21, 15.2903, 23.6059
964, 18, 21, 15.2676, 23.6167
965, 18, 21, 15.2449, 23.6275
966, 18, 21, 15.2245, 23.6381
967, 18, 20, 15.3613, 23.6642
968, 18, 20, 15.3131, 23.681
969, 18, 20, 15.297, 23.7148
970, 18, 20, 15.2816, 23.7287
971, 19, 20, 15.2775, 23.7425
972, 19, 20, 15.2294, 23.7538
973, 19, 20, 15.2233, 23.7649
974, 19, 20, 15.2189, 23.7874
975, 19, 20, 15.1962, 23.7983
976, 19, 20, 15.1521, 23.8408
977, 19, 20, 15.1342, 23.8618
978, 19, 20, 15.1163, 23.9016
979, 19, 20, 15.1018, 23.9286
980, 19, 20, 15.0957, 23.9637
981, 19, 20, 15.0899, 23.9748
982, 19, 20, 15.072, 23.9992
983, 19, 20, 15.0659, 24.0374
984, 19, 20, 15.0432, 24.0541
985, 19, 20, 15.0253, 24.0788
986, 19, 20, 15.0145, 24.0925
987, 19, 19, 15.1557, 24.1034
988, 19, 19, 15.2256, 24.1143
989, 19, 19, 15.2095, 24.1494
990, 19, 19, 15.1616, 24.1682
991, 19, 19, 15.1455, 24.1827
992, 19, 19, 15.125, 24.1994
993, 19, 19, 15.1071, 24.2106
994, 19, 19, 15.0892, 24.2366
995, 19, 19, 15.0834, 24.2666
996, 19, 19, 14.9305, 24.2799
997, 19, 19, 14.9185, 24.3175
998, 19, 19, 14.9006, 24.3285
999, 19, 19, 14.966, 24.3395
