Seed is: 89
Number of samples is: 1000
Simulation name is: Simulation_1TV.sim
TimeStep, Distraction Rate, Missed States, Model Accuracy, Time (ms)
0, 0, 165, 0, 0.000111
1, 0, 164, 0.763197, 0.046319
2, 0, 163, 1.7632, 0.084602
3, 0, 163, 1.34816, 0.108758
4, 0, 163, 1.17823, 0.140157
5, 0, 162, 0.946042, 0.178601
6, 0, 161, 2.2942, 0.228295
7, 0, 161, 1.92067, 0.24113
8, 0, 161, 1.43571, 0.306444
9, 0, 161, 1.28277, 0.359044
10, 0, 161, 1.07823, 0.378521
11, 0, 160, 1.84143, 0.403068
12, 0, 159, 2.60463, 0.427204
13, 0, 159, 2.2311, 0.443385
14, 0, 158, 2.58387, 0.464475
15, 0, 158, 2.0989, 0.481247
16, 0, 157, 3.0989, 0.51414
17, 0, 157, 2.68387, 0.528166
18, 0, 157, 2.51394, 0.579835
19, 0, 157, 2.36101, 0.665618
20, 0, 156, 3.36101, 0.750961
21, 0, 156, 2.94597, 0.778223
22, 0, 156, 2.77605, 0.811466
23, 0, 156, 2.57151, 0.856852
24, 0, 156, 2.4784, 0.907359
25, 0, 155, 3.24159, 0.921305
26, 0, 154, 4.00479, 0.959117
27, 0, 153, 5.00479, 1.01658
28, 0, 153, 4.58975, 1.06187
29, 0, 153, 4.41983, 1.14267
30, 0, 152, 5.18303, 1.20846
31, 0, 152, 4.80949, 1.2381
32, 0, 152, 4.43596, 1.2594
33, 0, 151, 5.19916, 1.27369
34, 0, 150, 6.19916, 1.32803
35, 0, 150, 5.78412, 1.36658
36, 0, 150, 5.61419, 1.39841
37, 0, 149, 6.61419, 1.42563
38, 0, 149, 6.19916, 1.43971
39, 0, 149, 6.02923, 1.49481
40, 0, 149, 5.93612, 1.61807
41, 0, 149, 5.84301, 1.73483
42, 0, 148, 6.84301, 1.79048
43, 0, 148, 6.42798, 2.09488
44, 0, 148, 6.25805, 2.10975
45, 0, 147, 7.02125, 2.13489
46, 0, 146, 8.02125, 2.17671
47, 0, 146, 7.60621, 2.24172
48, 0, 146, 7.43628, 2.30909
49, 0, 145, 7.20409, 2.3492
50, 0, 144, 8.55225, 2.39577
51, 0, 143, 9.31545, 2.45173
52, 0, 142, 10.0786, 2.49491
53, 0, 142, 9.70511, 2.52551
54, 0, 142, 9.33158, 2.55789
55, 0, 142, 9.17865, 2.58754
56, 0, 142, 9.02571, 2.61693
57, 0, 141, 9.78891, 2.64375
58, 0, 141, 9.30395, 2.68228
59, 0, 141, 8.93041, 2.69483
60, 0, 140, 9.69361, 2.72399
61, 0, 139, 10.6936, 2.74603
62, 0, 139, 10.2786, 2.83941
63, 0, 139, 10.1086, 2.87672
64, 0, 138, 11.1086, 2.92518
65, 0, 138, 10.6936, 2.96747
66, 0, 138, 10.5237, 2.98394
67, 0, 137, 11.2869, 3.05138
68, 0, 137, 10.9134, 3.07294
69, 0, 137, 10.5398, 3.08681
70, 0, 137, 10.3869, 3.10051
71, 0, 137, 10.234, 3.15254
72, 0, 137, 10.0294, 3.17929
73, 0, 136, 10.7926, 3.25264
74, 0, 135, 11.5558, 3.30003
75, 0, 135, 11.1823, 3.34327
76, 0, 134, 12.1823, 3.38653
77, 0, 134, 11.7672, 3.41981
78, 0, 134, 11.5973, 3.47952
79, 0, 134, 11.5042, 3.5023
80, 0, 134, 11.4204, 3.54036
81, 0, 134, 11.3366, 3.56343
82, 0, 134, 11.2435, 3.57665
83, 0, 134, 11.133, 3.59577
84, 0, 134, 10.9801, 3.72364
85, 0, 134, 10.9127, 3.78609
86, 0, 134, 10.5392, 3.82242
87, 0, 134, 10.1657, 3.90027
88, 0, 134, 10.0725, 3.93736
89, 0, 134, 9.91961, 4.00059
90, 0, 134, 9.86072, 4.04944
91, 0, 134, 9.81663, 4.06801
92, 0, 133, 10.5798, 4.10287
93, 0, 132, 11.343, 4.1193
94, 0, 132, 11.2499, 4.14807
95, 0, 131, 12.0131, 4.20789
96, 0, 130, 12.7763, 4.23388
97, 0, 129, 13.5395, 4.26799
98, 0, 128, 14.5395, 4.28406
99, 0, 128, 14.1245, 4.36081
100, 0, 128, 13.9545, 4.39912
101, 0, 127, 14.7177, 4.43087
102, 0, 127, 14.3442, 4.49261
103, 0, 127, 13.9707, 4.50842
104, 0, 127, 13.8177, 4.53314
105, 0, 127, 13.6648, 4.54495
106, 0, 126, 14.428, 4.64217
107, 0, 126, 14.0545, 4.71121
108, 0, 126, 13.6809, 4.73934
109, 0, 125, 13.9223, 4.75396
110, 0, 125, 13.7177, 4.78061
111, 0, 125, 13.5648, 4.86452
112, 0, 124, 14.328, 4.8889
113, 0, 123, 15.0912, 4.93234
114, 0, 123, 14.7177, 4.94985
115, 0, 123, 14.3441, 4.9737
116, 0, 123, 13.9706, 5.00617
117, 0, 123, 13.5971, 5.01805
118, 0, 123, 13.4441, 5.02984
119, 0, 123, 13.2912, 5.10089
120, 0, 123, 13.1383, 5.16533
121, 0, 122, 13.9015, 5.22826
122, 0, 121, 14.6647, 5.31358
123, 0, 121, 14.5809, 5.35795
124, 0, 121, 14.2073, 5.40161
125, 0, 121, 14.1543, 5.44933
126, 1, 120, 15.1543, 5.49078
127, 2, 120, 14.7393, 5.56042
128, 3, 120, 14.5694, 5.63977
129, 4, 120, 14.4763, 5.67685
130, 5, 120, 14.4174, 5.70726
131, 6, 120, 14.3767, 5.77202
132, 7, 120, 14.347, 5.81948
133, 8, 120, 14.3243, 5.87612
134, 9, 120, 14.3063, 5.92577
135, 9, 120, 14.1958, 5.96401
136, 9, 119, 14.959, 5.99356
137, 9, 118, 15.959, 6.0382
138, 9, 118, 15.544, 6.08714
139, 9, 118, 15.3741, 6.15609
140, 9, 117, 16.1373, 6.199
141, 9, 117, 16.0442, 6.25254
142, 9, 117, 15.9853, 6.28424
143, 9, 117, 15.9323, 6.31905
144, 9, 117, 15.902, 6.33809
145, 9, 117, 15.7491, 6.38402
146, 9, 116, 16.7491, 6.44093
147, 9, 116, 16.3341, 6.45914
148, 9, 116, 16.1641, 6.4872
149, 9, 115, 17.1641, 6.51171
150, 9, 115, 16.7491, 6.55062
151, 9, 115, 16.5792, 6.56517
152, 9, 114, 16.347, 6.62312
153, 9, 113, 17.6951, 6.66005
154, 9, 113, 17.3216, 6.70382
155, 9, 112, 18.3216, 6.72256
156, 9, 112, 17.9066, 6.75563
157, 9, 112, 17.7366, 6.77141
158, 9, 111, 17.5045, 6.8352
159, 9, 111, 17.4629, 6.88
160, 9, 110, 19.1676, 6.95427
161, 9, 110, 19.0839, 6.98882
162, 9, 109, 20.0839, 7.01698
163, 9, 109, 19.6688, 7.07768
164, 9, 109, 19.4989, 7.11008
165, 9, 108, 20.2621, 7.13739
166, 9, 107, 21.0253, 7.15093
167, 9, 107, 20.5403, 7.16484
168, 9, 106, 20.7301, 7.20201
169, 9, 106, 20.6196, 7.22525
170, 9, 106, 20.5982, 7.26953
171, 9, 106, 20.4452, 7.35479
172, 9, 106, 19.8672, 7.38973
173, 9, 106, 19.7998, 7.41207
174, 9, 106, 19.7592, 7.43542
175, 9, 106, 19.7062, 7.45581
176, 9, 106, 19.6696, 7.52088
177, 10, 106, 19.6551, 7.56768
178, 11, 106, 19.6431, 7.61718
179, 11, 106, 19.4902, 7.64118
180, 11, 106, 19.4634, 7.66361
181, 12, 106, 19.4534, 7.69891
182, 12, 106, 19.3696, 7.7212
183, 12, 106, 19.3491, 7.74482
184, 12, 106, 19.2653, 7.78938
185, 12, 106, 18.8918, 7.82147
186, 12, 106, 18.8388, 7.95155
187, 12, 105, 19.602, 8.01201
188, 12, 104, 20.602, 8.06754
189, 12, 104, 20.187, 8.10479
190, 12, 104, 20.017, 8.15094
191, 12, 103, 20.7802, 8.20047
192, 12, 103, 20.4067, 8.24995
193, 12, 103, 20.0332, 8.30064
194, 12, 102, 21.0332, 8.42345
195, 12, 102, 20.6181, 8.47762
196, 12, 102, 20.4482, 8.54027
197, 12, 102, 20.2953, 8.57131
198, 12, 102, 20.1423, 8.61921
199, 12, 102, 20.0492, 8.66959
200, 12, 102, 19.9654, 8.7277
201, 12, 101, 20.9654, 8.79432
202, 12, 101, 20.5504, 8.84846
203, 12, 101, 20.3805, 8.87839
204, 12, 100, 21.1437, 8.90195
205, 12, 99, 21.9069, 8.92903
206, 12, 98, 22.9069, 8.96408
207, 12, 98, 22.4918, 9.01399
208, 12, 98, 22.408, 9.02773
209, 12, 98, 22.3714, 9.04183
210, 12, 98, 22.3125, 9.05895
211, 12, 98, 22.2971, 9.07942
212, 12, 98, 22.2133, 9.10685
213, 12, 98, 22.1202, 9.1357
214, 12, 98, 22.0271, 9.18525
215, 12, 97, 22.2684, 9.2227
216, 12, 97, 22.0639, 9.27267
217, 12, 97, 21.9801, 9.2869
218, 12, 97, 21.9504, 9.36011
219, 12, 97, 21.9391, 9.46607
220, 12, 97, 21.8553, 9.48132
221, 12, 97, 21.7622, 9.50568
222, 12, 97, 21.5923, 9.53529
223, 12, 97, 21.5334, 9.57231
224, 12, 97, 21.2699, 9.61118
225, 12, 97, 21.2169, 9.69219
226, 12, 97, 20.8434, 9.71015
227, 12, 97, 20.4699, 9.73706
228, 12, 97, 20.411, 9.76241
229, 12, 97, 20.3521, 9.78724
230, 12, 97, 20.574, 9.84404
231, 12, 97, 20.4635, 9.90655
232, 12, 97, 20.4046, 9.94657
233, 12, 97, 20.3457, 10.0217
234, 12, 97, 20.2868, 10.0508
235, 12, 97, 20.2462, 10.1107
236, 12, 97, 20.2055, 10.1423
237, 12, 97, 20.1649, 10.1814
238, 12, 97, 20.1119, 10.2138
239, 12, 97, 20.0712, 10.2313
240, 12, 97, 20.0347, 10.2882
241, 12, 96, 20.1715, 10.3794
242, 12, 96, 20.156, 10.5014
243, 12, 96, 20.1195, 10.5786
244, 12, 96, 20.0606, 10.63
245, 12, 96, 19.9076, 10.6533
246, 12, 96, 19.7565, 10.7065
247, 12, 96, 19.7199, 10.745
248, 12, 96, 19.567, 10.7596
249, 12, 95, 20.567, 10.804
250, 12, 95, 20.1519, 10.832
251, 12, 95, 19.982, 10.854
252, 12, 94, 20.7452, 10.8817
253, 12, 93, 21.5084, 10.9153
254, 12, 92, 22.2716, 10.9424
255, 12, 91, 22.0394, 10.9636
256, 12, 90, 23.3876, 10.978
257, 12, 90, 23.014, 10.9923
258, 12, 90, 22.5291, 11.025
259, 12, 90, 22.3762, 11.072
260, 12, 90, 22.5981, 11.1063
261, 12, 89, 23.3613, 11.1615
262, 12, 89, 23.3315, 11.1773
263, 12, 89, 23.3018, 11.1924
264, 12, 89, 23.272, 11.2355
265, 12, 88, 23.4207, 11.3
266, 12, 88, 23.3766, 11.3523
267, 12, 88, 23.3539, 11.3952
268, 12, 88, 23.3456, 11.4249
269, 12, 88, 23.3189, 11.4343
270, 12, 87, 24.0821, 11.4551
271, 12, 87, 23.7085, 11.4819
272, 12, 87, 23.6114, 11.496
273, 12, 87, 23.591, 11.5114
274, 12, 87, 23.2175, 11.572
275, 12, 86, 24.2175, 11.6154
276, 12, 86, 23.8024, 11.6529
277, 12, 86, 23.6325, 11.6773
278, 12, 85, 24.3957, 11.7125
279, 12, 85, 24.3026, 11.7503
280, 12, 85, 24.1497, 11.802
281, 12, 85, 23.7761, 11.8617
282, 12, 85, 23.6923, 11.9009
283, 12, 85, 23.5394, 11.9746
284, 12, 85, 23.4556, 12.04
285, 12, 85, 23.0821, 12.0669
286, 12, 85, 22.7085, 12.144
287, 12, 84, 23.4717, 12.1762
288, 12, 83, 24.4717, 12.1984
289, 12, 83, 24.0567, 12.2463
290, 12, 83, 23.8868, 12.2637
291, 12, 82, 24.8868, 12.3391
292, 12, 82, 24.4717, 12.3489
293, 12, 82, 24.3018, 12.3584
294, 12, 81, 25.065, 12.4338
295, 12, 80, 25.3063, 12.4438
296, 12, 80, 25.2132, 12.4914
297, 12, 80, 25.0087, 12.5532
298, 12, 80, 24.6352, 12.597
299, 12, 80, 24.5247, 12.6504
300, 12, 80, 24.3717, 12.6904
301, 12, 79, 25.1349, 12.7175
302, 12, 78, 25.298, 12.7536
303, 12, 78, 25.2306, 12.807
304, 12, 78, 24.8571, 12.8463
305, 12, 78, 24.813, 12.8652
306, 12, 78, 24.6601, 12.8902
307, 12, 78, 24.5763, 12.9193
308, 12, 78, 24.5601, 12.9408
309, 12, 78, 24.5071, 12.9723
310, 12, 78, 24.4941, 12.9825
311, 12, 78, 24.4411, 13.0429
312, 12, 78, 24.348, 13.0528
313, 12, 77, 25.1112, 13.1093
314, 12, 77, 24.7376, 13.1352
315, 12, 77, 24.3641, 13.1623
316, 12, 76, 24.6054, 13.2117
317, 12, 76, 24.4009, 13.2539
318, 12, 76, 24.248, 13.2957
319, 12, 76, 24.1375, 13.3587
320, 12, 76, 24.0537, 13.4221
321, 12, 76, 23.9606, 13.4612
322, 12, 76, 23.8768, 13.4907
323, 12, 76, 23.7238, 13.5161
324, 12, 76, 23.6565, 13.5697
325, 12, 76, 23.283, 13.5995
326, 12, 76, 22.9094, 13.6338
327, 12, 76, 22.8688, 13.6505
328, 12, 76, 22.8575, 13.699
329, 12, 76, 22.8307, 13.7121
330, 12, 76, 22.7777, 13.7562
331, 12, 76, 22.6846, 13.7747
332, 12, 76, 22.6257, 13.8163
333, 12, 76, 22.5668, 13.8861
334, 12, 76, 22.5138, 13.8957
335, 12, 76, 22.4732, 13.9288
336, 12, 76, 22.4366, 13.9542
337, 12, 76, 22.3693, 13.9643
338, 12, 76, 22.3163, 13.9912
339, 12, 76, 22.2756, 14.0425
340, 12, 76, 22.2459, 14.0874
341, 12, 76, 22.2093, 14.1225
342, 12, 76, 22.1255, 14.1566
343, 12, 76, 22.0814, 14.2376
344, 12, 75, 23.0814, 14.255
345, 12, 75, 22.6664, 14.2852
346, 12, 75, 22.4964, 14.3167
347, 12, 75, 22.4126, 14.331
348, 12, 75, 22.3195, 14.3779
349, 12, 74, 23.0827, 14.399
350, 12, 73, 24.0827, 14.4363
351, 12, 73, 23.6677, 14.4513
352, 12, 73, 23.4978, 14.4702
353, 12, 72, 24.261, 14.5123
354, 12, 71, 25.0242, 14.5351
355, 12, 70, 25.7874, 14.5452
356, 12, 69, 26.7874, 14.555
357, 12, 69, 26.3723, 14.6146
358, 12, 69, 26.2024, 14.6403
359, 12, 68, 26.9656, 14.6531
360, 12, 68, 26.5921, 14.7008
361, 12, 67, 26.9448, 14.7257
362, 12, 67, 26.4599, 14.7432
363, 12, 67, 26.3069, 14.8066
364, 12, 67, 26.1024, 14.8166
365, 12, 66, 27.1024, 14.8483
366, 12, 66, 26.6874, 14.864
367, 12, 66, 26.5174, 14.8912
368, 12, 65, 27.5174, 14.9106
369, 12, 64, 28.2806, 14.9206
370, 12, 64, 27.9071, 14.9528
371, 12, 64, 27.5336, 14.9839
372, 12, 64, 27.3806, 15.0166
373, 12, 64, 26.9656, 15.0994
374, 12, 64, 26.8127, 15.1392
375, 12, 64, 26.7289, 15.1664
376, 12, 64, 26.5589, 15.212
377, 12, 64, 26.4751, 15.2687
378, 12, 63, 27.2383, 15.3295
379, 12, 63, 27.1452, 15.3555
380, 12, 62, 27.9084, 15.3839
381, 12, 61, 28.9084, 15.3941
382, 12, 61, 28.4934, 15.4069
383, 12, 61, 28.3235, 15.4193
384, 12, 60, 29.0867, 15.4295
385, 12, 60, 28.7131, 15.4455
386, 12, 59, 29.0659, 15.4564
387, 12, 59, 28.5809, 15.508
388, 12, 59, 28.428, 15.5272
389, 12, 59, 28.3349, 15.5608
390, 12, 59, 28.2418, 15.5911
391, 12, 59, 28.0372, 15.6013
392, 12, 58, 28.8004, 15.6196
393, 12, 58, 28.4269, 15.6295
394, 12, 57, 28.7797, 15.6656
395, 12, 57, 28.2947, 15.6758
396, 12, 57, 28.1418, 15.686
397, 12, 57, 27.9372, 15.6959
398, 12, 56, 28.7004, 15.7113
399, 12, 56, 28.3269, 15.7551
400, 12, 56, 28.2739, 15.7836
401, 12, 56, 28.1901, 15.7938
402, 12, 55, 29.1901, 15.8303
403, 12, 55, 28.7751, 15.8876
404, 12, 55, 28.6051, 15.9228
405, 12, 55, 28.512, 15.9664
406, 12, 55, 28.4189, 16.0014
407, 12, 55, 28.3823, 16.0436
408, 12, 55, 28.2892, 16.0606
409, 12, 55, 28.1961, 16.0723
410, 12, 54, 28.3592, 16.141
411, 12, 54, 28.2918, 16.1928
412, 12, 54, 27.9183, 16.2103
413, 12, 53, 28.6815, 16.2406
414, 12, 53, 28.5884, 16.2671
415, 12, 53, 28.4354, 16.2988
416, 12, 53, 28.0619, 16.3365
417, 12, 53, 27.9781, 16.38
418, 12, 52, 28.7413, 16.3902
419, 12, 51, 29.7413, 16.4055
420, 12, 51, 29.3263, 16.4424
421, 12, 51, 29.1563, 16.4842
422, 12, 51, 29.0975, 16.5274
423, 12, 51, 28.7239, 16.5561
424, 12, 51, 28.6308, 16.5937
425, 12, 50, 28.9836, 16.6138
426, 12, 50, 28.4986, 16.6241
427, 12, 50, 28.3457, 16.6634
428, 12, 50, 28.2868, 16.7261
429, 12, 50, 28.2461, 16.7782
430, 12, 50, 28.0932, 16.8093
431, 12, 50, 27.9827, 16.8359
432, 12, 50, 27.9386, 16.8719
433, 12, 50, 27.8713, 16.9188
434, 12, 50, 27.8411, 16.9515
435, 12, 50, 27.7881, 16.9882
436, 12, 50, 27.6351, 17.0061
437, 12, 50, 27.5762, 17.038
438, 12, 50, 27.5173, 17.0538
439, 12, 50, 27.4906, 17.0992
440, 12, 50, 27.4376, 17.1174
441, 12, 50, 27.4171, 17.1468
442, 12, 50, 27.3582, 17.1838
443, 12, 50, 27.2993, 17.2085
444, 12, 50, 27.2779, 17.2666
445, 12, 50, 27.1941, 17.2772
446, 12, 50, 27.0412, 17.3263
447, 12, 50, 26.6677, 17.3609
448, 12, 50, 26.6375, 17.401
449, 12, 50, 26.6314, 17.4478
450, 12, 50, 26.5784, 17.4668
451, 12, 50, 26.5377, 17.498
452, 12, 50, 26.4704, 17.5218
453, 12, 50, 26.449, 17.5691
454, 12, 50, 26.4446, 17.5869
455, 12, 50, 26.3916, 17.6502
456, 12, 50, 26.3248, 17.6893
457, 12, 50, 26.4175, 17.6999
458, 12, 50, 26.4067, 17.7102
459, 12, 50, 26.3701, 17.7307
460, 12, 49, 26.6115, 17.7584
461, 12, 49, 26.4069, 17.7915
462, 12, 49, 26.3588, 17.802
463, 12, 49, 26.3497, 17.8453
464, 12, 49, 26.3195, 17.86
465, 12, 49, 26.2521, 17.876
466, 12, 49, 26.1683, 17.9474
467, 12, 49, 26.1095, 17.9579
468, 12, 49, 26.0688, 17.9825
469, 12, 49, 25.9159, 18.0002
470, 12, 49, 25.8752, 18.0128
471, 12, 49, 25.6118, 18.0522
472, 12, 49, 25.6041, 18.0625
473, 12, 49, 25.5452, 18.1062
474, 12, 49, 25.5086, 18.1167
475, 12, 49, 25.4418, 18.1528
476, 12, 49, 25.4387, 18.1806
477, 12, 49, 25.4321, 18.1911
478, 12, 49, 25.3914, 18.2125
479, 12, 49, 25.37, 18.2311
480, 12, 49, 25.326, 18.2718
481, 12, 49, 25.2329, 18.3016
482, 12, 49, 25.1397, 18.3204
483, 12, 49, 25.0808, 18.3386
484, 12, 49, 24.9279, 18.3604
485, 12, 48, 25.9279, 18.3708
486, 12, 48, 25.5129, 18.381
487, 12, 48, 25.343, 18.3912
488, 12, 48, 24.9694, 18.4086
489, 12, 48, 24.8856, 18.4483
490, 12, 48, 24.7925, 18.7373
491, 12, 47, 25.5557, 18.7666
492, 12, 47, 25.526, 18.777
493, 12, 47, 25.3748, 18.8076
494, 12, 47, 25.369, 18.8521
495, 12, 47, 25.3536, 18.8934
496, 12, 47, 25.4235, 18.9067
497, 12, 47, 25.3397, 18.9171
498, 12, 47, 25.313, 18.9313
499, 12, 47, 25.2292, 18.9503
500, 12, 47, 25.2179, 18.9803
501, 12, 47, 25.1881, 18.9941
502, 12, 47, 25.1043, 19.0043
503, 12, 47, 25.0746, 19.0298
504, 12, 47, 25.0305, 19.0482
505, 12, 47, 25.0151, 19.0768
506, 12, 47, 24.9883, 19.093
507, 12, 47, 24.98, 19.1098
508, 12, 47, 24.9498, 19.1669
509, 12, 47, 24.866, 19.1921
510, 12, 47, 24.8446, 19.2022
511, 12, 47, 24.6917, 19.2528
512, 12, 47, 24.6511, 19.265
513, 12, 47, 24.6104, 19.3058
514, 12, 47, 24.5943, 19.3397
515, 12, 47, 24.5536, 19.3687
516, 12, 47, 24.5382, 19.4353
517, 12, 47, 24.4793, 19.4634
518, 12, 47, 24.572, 19.479
519, 12, 47, 24.519, 19.5071
520, 12, 47, 24.4352, 19.5458
521, 12, 46, 25.1984, 19.5694
522, 12, 46, 24.8248, 19.6081
523, 12, 46, 24.4513, 19.6182
524, 12, 46, 24.2984, 19.6464
525, 12, 46, 24.1454, 19.6591
526, 12, 46, 24.0616, 19.6693
527, 12, 45, 24.8248, 19.6922
528, 12, 45, 24.8136, 19.7129
529, 12, 45, 24.777, 19.7232
530, 12, 45, 24.724, 19.7408
531, 12, 45, 24.3504, 19.8294
532, 12, 45, 24.3659, 19.8784
533, 12, 45, 24.3253, 19.914
534, 12, 45, 24.2887, 19.9824
535, 12, 44, 24.53, 20.0277
536, 12, 44, 24.3255, 20.1152
537, 12, 44, 24.3194, 20.1524
538, 13, 44, 24.3109, 20.1941
539, 14, 44, 24.3035, 20.2354
540, 14, 44, 24.2881, 20.2905
541, 14, 44, 24.195, 20.3311
542, 14, 44, 24.1419, 20.3928
543, 14, 44, 24.0488, 20.4239
544, 14, 44, 23.965, 20.4975
545, 14, 44, 23.7605, 20.5628
546, 14, 44, 23.7199, 20.6052
547, 14, 44, 23.661, 20.6309
548, 14, 44, 23.6312, 20.6947
549, 14, 44, 23.5474, 20.7578
550, 14, 44, 23.5108, 20.7993
551, 14, 44, 23.4578, 20.854
552, 14, 44, 23.4048, 20.9405
553, 14, 44, 23.3844, 20.9669
554, 14, 44, 23.3314, 21.0106
555, 14, 44, 23.3153, 21.0463
556, 14, 44, 23.2855, 21.1154
557, 14, 44, 23.2489, 21.1614
558, 14, 44, 23.2377, 21.2015
559, 14, 43, 23.3788, 21.2239
560, 14, 43, 23.3486, 21.257
561, 14, 43, 23.3259, 21.3106
562, 14, 43, 23.2729, 21.3359
563, 14, 43, 23.1624, 21.3666
564, 14, 43, 23.1258, 21.3864
565, 14, 43, 23.0961, 21.4235
566, 14, 43, 23.0287, 21.471
567, 14, 43, 23.0108, 21.5288
568, 14, 43, 22.984, 21.5589
569, 14, 42, 23.1738, 21.5915
570, 14, 42, 23.0633, 21.624
571, 14, 42, 23.0267, 21.6426
572, 14, 42, 22.9429, 21.6885
573, 14, 42, 22.8324, 21.7472
574, 14, 42, 22.828, 21.7961
575, 15, 42, 22.8216, 21.8235
576, 15, 42, 22.7686, 21.8459
577, 15, 42, 22.7418, 21.906
578, 15, 42, 22.712, 21.9373
579, 15, 42, 22.7099, 21.9531
580, 15, 42, 22.6733, 21.9935
581, 15, 42, 22.5763, 22.017
582, 15, 42, 22.5397, 22.0666
583, 15, 42, 22.4466, 22.0909
584, 15, 42, 22.4059, 22.1718
585, 15, 42, 22.3529, 22.2006
586, 15, 42, 22.294, 22.2525
587, 15, 42, 22.2643, 22.3143
588, 15, 42, 22.2612, 22.3719
589, 16, 42, 22.2555, 22.3977
590, 16, 42, 22.2425, 22.4495
591, 16, 42, 22.2157, 22.473
592, 16, 42, 22.1751, 22.5633
593, 16, 42, 22.131, 22.5963
594, 16, 42, 22.0721, 22.6206
595, 16, 42, 21.9616, 22.6514
596, 16, 42, 21.9027, 22.6943
597, 16, 42, 21.8668, 22.7722
598, 16, 41, 22.008, 22.8092
599, 16, 41, 21.9778, 22.8456
600, 16, 41, 21.9412, 22.8713
601, 16, 41, 21.9005, 22.8899
602, 16, 41, 21.8984, 22.9196
603, 17, 41, 21.8934, 22.9444
604, 17, 41, 21.8569, 22.9741
605, 17, 41, 21.8364, 23.0147
606, 17, 41, 21.816, 23.025
607, 17, 41, 21.7932, 23.0449
608, 17, 41, 21.7919, 23.0701
609, 17, 41, 21.7836, 23.0804
610, 17, 41, 21.7247, 23.0988
611, 17, 41, 21.6882, 23.1554
612, 18, 41, 21.6837, 23.2432
613, 18, 41, 21.6776, 23.254
614, 18, 41, 21.5938, 23.298
615, 18, 41, 21.5265, 23.3624
616, 18, 41, 21.4967, 23.4124
617, 18, 41, 21.474, 23.4235
618, 18, 40, 21.6108, 23.4425
619, 18, 40, 21.5954, 23.4529
620, 18, 40, 21.5775, 23.4995
621, 18, 40, 21.5761, 23.5643
622, 18, 40, 21.5711, 23.6054
623, 18, 40, 21.5506, 23.6304
624, 18, 40, 21.514, 23.6409
625, 18, 40, 21.4873, 23.6782
626, 18, 40, 21.4035, 23.7389
627, 18, 40, 21.3761, 23.7611
628, 18, 40, 21.3279, 23.7925
629, 18, 40, 21.3052, 23.8026
630, 18, 40, 21.3045, 23.8392
631, 18, 39, 21.4635, 23.8694
632, 18, 39, 21.4421, 23.9123
633, 18, 39, 21.4124, 23.9429
634, 18, 39, 21.3717, 23.9719
635, 18, 39, 21.349, 24.0258
636, 18, 39, 21.3222, 24.0848
637, 18, 39, 21.311, 24.1174
638, 18, 39, 21.2965, 24.1558
639, 18, 39, 21.2803, 24.1855
640, 18, 39, 21.2796, 24.2114
641, 18, 39, 21.2688, 24.2734
642, 18, 38, 21.41, 24.2967
643, 18, 38, 21.3798, 24.3275
644, 18, 38, 21.3754, 24.3954
645, 18, 38, 21.4274, 24.4511
646, 18, 38, 21.3868, 24.4676
647, 18, 38, 21.3338, 24.4781
648, 18, 38, 21.304, 24.4888
649, 18, 38, 21.2743, 24.4994
650, 18, 37, 21.4118, 24.5254
651, 18, 37, 21.4005, 24.5358
652, 18, 37, 21.3837, 24.5691
653, 18, 37, 21.4951, 24.5947
654, 18, 37, 21.4683, 24.6104
655, 18, 37, 21.4094, 24.6332
656, 18, 37, 21.2989, 24.6616
657, 18, 37, 21.2785, 24.6987
658, 18, 37, 21.2419, 24.7196
659, 18, 37, 21.089, 24.7563
660, 18, 37, 21.0052, 24.8212
661, 18, 37, 21.1682, 24.8673
662, 18, 37, 21.0577, 24.8864
663, 18, 37, 21.0309, 24.9405
664, 18, 37, 20.9471, 24.9781
665, 18, 37, 20.8882, 25.0081
666, 18, 37, 20.8044, 25.0485
667, 18, 37, 20.6939, 25.0766
668, 18, 37, 20.6101, 25.1111
669, 18, 37, 20.5512, 25.1267
670, 18, 37, 20.4924, 25.1588
671, 18, 37, 20.3412, 25.1812
672, 18, 36, 20.5042, 25.2268
673, 18, 36, 20.4512, 25.2441
674, 18, 36, 20.3581, 25.2664
675, 18, 35, 20.7109, 25.2886
676, 18, 35, 20.2259, 25.3098
677, 18, 35, 20.2515, 25.345
678, 18, 35, 20.2287, 25.3683
679, 18, 35, 20.206, 25.4197
680, 18, 35, 20.1833, 25.4653
681, 18, 35, 20.162, 25.4928
682, 18, 35, 20.1489, 25.5123
683, 18, 35, 20.1487, 25.5537
684, 18, 35, 20.1397, 25.5708
685, 18, 35, 20.1169, 25.5945
686, 18, 35, 20.0965, 25.6204
687, 18, 35, 20.0668, 25.6456
688, 18, 35, 20.044, 25.6648
689, 18, 35, 20.0261, 25.6891
690, 18, 35, 20.0034, 25.7153
691, 18, 35, 19.9732, 25.7556
692, 18, 35, 19.9202, 25.7714
693, 18, 35, 19.8934, 25.8005
694, 18, 35, 19.878, 25.8116
695, 18, 35, 19.8566, 25.843
696, 18, 35, 19.8559, 25.8776
697, 18, 35, 19.8262, 25.8883
698, 18, 35, 19.8179, 25.9364
699, 18, 35, 19.7697, 25.9474
700, 18, 35, 19.7167, 25.9684
701, 18, 35, 19.6578, 26.0103
702, 18, 35, 19.2843, 26.0306
703, 18, 35, 19.2616, 26.064
704, 18, 35, 19.1948, 26.075
705, 18, 35, 19.1946, 26.1207
706, 18, 35, 19.1784, 26.1341
707, 18, 35, 19.1378, 26.1449
708, 18, 35, 19.111, 26.1555
709, 18, 35, 19.0906, 26.1662
710, 18, 35, 19.0727, 26.1805
711, 18, 35, 19.0197, 26.1912
712, 18, 35, 18.9899, 26.2189
713, 18, 35, 18.972, 26.2424
714, 18, 35, 19.0204, 26.2531
715, 18, 35, 19, 26.278
716, 18, 35, 18.982, 26.3091
717, 18, 35, 18.9641, 26.3395
718, 18, 35, 18.9643, 26.353
719, 18, 35, 18.9566, 26.365
720, 18, 35, 18.9405, 26.3861
721, 18, 35, 18.9191, 26.4083
722, 18, 35, 18.8517, 26.4329
723, 18, 35, 18.8356, 26.4607
724, 18, 35, 18.8361, 26.4925
725, 19, 35, 18.8321, 26.5129
726, 19, 35, 18.829, 26.5451
727, 19, 35, 18.7924, 26.5658
728, 19, 35, 18.7842, 26.5787
729, 19, 35, 18.7707, 26.6247
730, 19, 35, 18.7301, 26.6409
731, 19, 35, 18.6453, 26.6518
732, 19, 35, 18.6156, 26.6773
733, 19, 35, 18.6048, 26.7256
734, 19, 35, 18.5421, 26.7547
735, 19, 35, 18.5154, 26.7725
736, 19, 35, 18.5223, 26.7947
737, 19, 35, 18.4996, 26.8157
738, 19, 35, 18.4816, 26.8382
739, 19, 35, 18.4589, 26.8699
740, 19, 35, 18.4455, 26.8826
741, 19, 35, 18.4157, 26.9176
742, 19, 35, 18.407, 26.9374
743, 19, 35, 18.3908, 26.9504
744, 19, 35, 18.3378, 26.9612
745, 19, 35, 18.2407, 26.9724
746, 19, 35, 18.1734, 26.9832
747, 19, 35, 18.1204, 26.9939
748, 19, 35, 18.0797, 27.0149
749, 19, 35, 18.0432, 27.0478
750, 19, 35, 17.7797, 27.0594
751, 19, 35, 17.6268, 27.0958
752, 19, 35, 17.5902, 27.1443
753, 19, 35, 17.5064, 27.1661
754, 19, 35, 17.4475, 27.1838
755, 19, 35, 17.2964, 27.2139
756, 19, 35, 17.2557, 27.2662
757, 19, 35, 17.172, 27.286
758, 19, 35, 17.1131, 27.2968
759, 19, 34, 17.2542, 27.308
760, 19, 34, 17.2136, 27.3282
761, 19, 34, 17.2835, 27.3766
762, 19, 34, 17.2429, 27.3958
763, 19, 34, 17.1899, 27.4239
764, 19, 34, 17.154, 27.4348
765, 19, 34, 17.1174, 27.4521
766, 19, 34, 17.0644, 27.463
767, 19, 34, 17.0417, 27.4775
768, 19, 34, 17.0238, 27.4884
769, 19, 34, 17.0177, 27.5134
770, 19, 34, 16.995, 27.5525
771, 19, 34, 16.9676, 27.6055
772, 19, 34, 16.9194, 27.6163
773, 19, 33, 17.0825, 27.6271
774, 19, 33, 17.0151, 27.649
775, 19, 33, 16.9478, 27.6694
776, 19, 33, 16.921, 27.6865
777, 19, 33, 16.8239, 27.698
778, 19, 33, 16.7709, 27.7328
779, 19, 33, 16.7412, 27.76
780, 19, 33, 16.7114, 27.7906
781, 19, 33, 16.6756, 27.8147
782, 19, 33, 16.6458, 27.8255
783, 19, 33, 16.6017, 27.8527
784, 19, 33, 16.5611, 27.864
785, 19, 33, 16.517, 27.9061
786, 19, 33, 16.4872, 27.9371
787, 19, 32, 16.6503, 27.9636
788, 19, 32, 16.5829, 28.0204
789, 19, 32, 16.5161, 28.0382
790, 19, 32, 16.6088, 28.0564
791, 19, 32, 16.5647, 28.1141
792, 19, 32, 16.524, 28.125
793, 19, 32, 16.4834, 28.1545
794, 19, 32, 16.4161, 28.2043
795, 19, 32, 16.3754, 28.2262
796, 19, 32, 16.355, 28.2446
797, 19, 32, 16.3184, 28.2575
798, 19, 32, 16.2979, 28.2745
799, 19, 32, 16.2677, 28.2915
800, 19, 32, 16.245, 28.3023
801, 19, 32, 16.1782, 28.3138
802, 19, 32, 16.0253, 28.3493
803, 19, 32, 16.0181, 28.3607
804, 19, 32, 16.0051, 28.386
805, 19, 32, 15.9378, 28.4275
806, 19, 32, 15.911, 28.444
807, 19, 32, 15.8883, 28.4782
808, 19, 32, 15.8209, 28.5156
809, 19, 32, 15.7912, 28.5265
810, 19, 32, 15.7707, 28.5524
811, 19, 32, 15.7528, 28.5657
812, 19, 32, 15.6998, 28.5939
813, 19, 32, 15.6853, 28.6111
814, 19, 32, 15.6745, 28.6217
815, 19, 32, 15.6687, 28.6322
816, 19, 32, 15.6579, 28.643
817, 19, 32, 15.6282, 28.6646
818, 19, 32, 15.5916, 28.6922
819, 19, 32, 15.5475, 28.7064
820, 19, 32, 15.5314, 28.717
821, 19, 32, 15.4476, 28.7464
822, 19, 32, 15.4248, 28.7662
823, 19, 32, 15.3981, 28.8027
824, 19, 32, 15.3499, 28.8152
825, 19, 32, 15.3197, 28.8637
826, 19, 32, 15.2899, 28.8934
827, 19, 32, 15.2541, 28.9246
828, 19, 32, 15.2059, 28.9456
829, 19, 32, 15.1791, 28.9618
830, 19, 32, 15.1612, 28.985
831, 19, 32, 15.1398, 28.9961
832, 19, 32, 15.1101, 29.0312
833, 19, 32, 15.0799, 29.0426
834, 19, 32, 15.0358, 29.0835
835, 19, 32, 15.0267, 29.1312
836, 19, 31, 15.1645, 29.173
837, 19, 31, 15.1431, 29.2015
838, 19, 31, 15.1204, 29.2146
839, 19, 31, 15.0977, 29.2391
840, 19, 31, 15.0702, 29.299
841, 19, 31, 15.0548, 29.3212
842, 19, 31, 15.0334, 29.3324
843, 19, 31, 15.0204, 29.3473
844, 19, 31, 14.8675, 29.3787
845, 19, 31, 14.8495, 29.4064
846, 19, 31, 14.8316, 29.422
847, 19, 31, 14.8137, 29.4525
848, 19, 31, 14.7992, 29.4742
849, 19, 31, 14.7824, 29.5046
850, 19, 31, 14.7821, 29.5444
851, 19, 31, 14.7554, 29.5607
852, 19, 31, 14.7326, 29.5737
853, 19, 31, 14.7024, 29.6056
854, 19, 31, 14.689, 29.6306
855, 19, 31, 14.6711, 29.6617
856, 19, 31, 14.6591, 29.6764
857, 19, 31, 14.6593, 29.7209
858, 19, 31, 14.6595, 29.8
859, 19, 31, 14.6464, 29.8484
860, 19, 31, 14.6098, 29.8985
861, 19, 31, 14.6054, 29.9345
862, 19, 31, 14.5875, 29.9852
863, 19, 31, 14.6445, 30.004
864, 19, 31, 14.5915, 30.0599
865, 19, 31, 14.5736, 30.1085
866, 19, 31, 14.5556, 30.1588
867, 19, 31, 14.5075, 30.173
868, 19, 31, 14.4716, 30.2102
869, 19, 30, 14.6109, 30.2262
870, 19, 30, 14.6114, 30.2838
871, 19, 30, 14.591, 30.3175
872, 19, 30, 14.5765, 30.3503
873, 19, 30, 14.5406, 30.3741
874, 19, 30, 14.5293, 30.3988
875, 19, 30, 14.5066, 30.4254
876, 19, 30, 14.4921, 30.4363
877, 19, 30, 14.479, 30.4563
878, 19, 30, 14.4798, 30.4756
879, 20, 30, 14.4762, 30.5062
880, 20, 30, 14.4494, 30.5617
881, 20, 30, 14.4412, 30.5728
882, 20, 30, 14.4329, 30.5966
883, 20, 30, 14.3943, 30.6183
884, 20, 30, 14.3882, 30.6599
885, 20, 30, 14.3737, 30.675
886, 20, 30, 14.3745, 30.7008
887, 20, 30, 14.375, 30.7438
888, 20, 30, 14.3719, 30.7728
889, 20, 30, 14.342, 30.8616
890, 20, 30, 14.3193, 30.911
891, 20, 30, 14.2919, 30.9264
892, 20, 30, 14.2617, 30.9827
893, 20, 30, 14.1949, 30.9978
894, 20, 30, 14.1583, 31.0215
895, 20, 30, 14.1356, 31.0361
896, 20, 30, 14.1088, 31.055
897, 20, 30, 14.0846, 31.0893
898, 20, 30, 14.0633, 31.1427
899, 20, 30, 14.0405, 31.1909
900, 20, 30, 13.8876, 31.2252
901, 20, 30, 13.8731, 31.24
902, 20, 30, 13.8457, 31.2683
903, 20, 30, 13.8098, 31.3134
904, 20, 30, 13.7937, 31.3361
905, 20, 30, 13.7723, 31.3844
906, 20, 30, 13.7578, 31.4317
907, 20, 30, 13.7433, 31.4863
908, 20, 30, 13.7325, 31.5076
909, 20, 30, 13.7225, 31.5275
910, 20, 30, 13.7234, 31.5781
911, 20, 30, 13.696, 31.5931
912, 20, 30, 13.69, 31.6364
913, 20, 30, 13.6755, 31.683
914, 20, 30, 13.661, 31.7205
915, 20, 30, 13.6595, 31.7545
916, 20, 30, 13.6528, 31.7708
917, 20, 30, 13.6315, 31.782
918, 21, 30, 13.6282, 31.8055
919, 21, 30, 13.6261, 31.8253
920, 21, 30, 13.5993, 31.8501
921, 21, 30, 13.598, 31.8945
922, 21, 30, 13.5682, 31.9104
923, 21, 30, 13.5323, 31.9544
924, 21, 30, 13.5119, 31.9905
925, 21, 30, 13.6045, 32.0197
926, 21, 30, 13.5604, 32.0304
927, 21, 30, 13.5377, 32.0498
928, 21, 30, 13.5216, 32.098
929, 21, 30, 13.5071, 32.109
930, 21, 30, 13.4403, 32.1281
931, 21, 30, 13.4037, 32.1642
932, 21, 30, 13.3763, 32.1826
933, 21, 30, 13.3357, 32.213
934, 21, 30, 13.3059, 32.2236
935, 21, 30, 13.2914, 32.2613
936, 21, 30, 13.2794, 32.2778
937, 21, 30, 13.2567, 32.2915
938, 21, 30, 13.2406, 32.3024
939, 21, 30, 13.1924, 32.3282
940, 21, 30, 13.1657, 32.3725
941, 21, 30, 13.1443, 32.4765
942, 21, 30, 13.1239, 32.5114
943, 21, 30, 13.0971, 32.5492
944, 21, 30, 13.053, 32.5998
945, 21, 30, 13.0519, 32.6451
946, 21, 30, 13.0512, 32.6952
947, 21, 30, 13.0285, 32.7109
948, 21, 30, 13.0116, 32.7673
949, 21, 30, 13.0016, 32.7785
950, 21, 29, 13.1391, 32.7971
951, 21, 29, 13.1278, 32.8328
952, 21, 29, 13.0976, 32.8935
953, 21, 29, 13.0497, 32.9125
954, 21, 29, 13.027, 32.9233
955, 21, 29, 13.0043, 32.9507
956, 21, 29, 12.9838, 32.9762
957, 21, 29, 12.9751, 33.0078
958, 21, 29, 12.9572, 33.0369
959, 21, 29, 12.9427, 33.0607
960, 21, 29, 12.9379, 33.0983
961, 21, 29, 12.9005, 33.14
962, 21, 29, 12.8826, 33.16
963, 21, 29, 12.8664, 33.2599
964, 21, 29, 12.8485, 33.2708
965, 21, 29, 12.8365, 33.2971
966, 21, 29, 12.8294, 33.3349
967, 21, 29, 12.8256, 33.3562
968, 21, 29, 12.8179, 33.3672
969, 21, 29, 12.8, 33.3965
970, 21, 29, 12.7697, 33.4077
971, 21, 29, 12.7518, 33.4374
972, 21, 29, 12.7388, 33.5011
973, 21, 29, 12.7268, 33.5564
974, 21, 29, 12.7054, 33.5939
975, 21, 29, 12.6988, 33.6278
976, 21, 29, 12.7363, 33.664
977, 21, 29, 12.7255, 33.6825
978, 21, 29, 12.6725, 33.6978
979, 21, 29, 12.658, 33.714
980, 21, 29, 12.649, 33.7359
981, 21, 29, 12.5652, 33.7588
982, 21, 29, 12.5532, 33.794
983, 21, 29, 12.5501, 33.8062
984, 21, 29, 12.5356, 33.8373
985, 21, 29, 12.5248, 33.8634
986, 21, 29, 12.4882, 33.8927
987, 21, 29, 12.4737, 33.9033
988, 21, 29, 12.4637, 33.9141
989, 21, 29, 12.4579, 33.9514
990, 21, 29, 12.4448, 34.0322
991, 21, 29, 12.4329, 34.0615
992, 21, 29, 12.4026, 34.0777
993, 21, 29, 12.4018, 34.1156
994, 22, 29, 12.3988, 34.1435
995, 22, 29, 12.3931, 34.1638
996, 22, 29, 12.3786, 34.1794
997, 22, 29, 12.3655, 34.2293
998, 22, 29, 12.3494, 34.2404
999, 22, 29, 12.3386, 34.2853
