Seed is: 6
Number of samples is: 1000
Simulation name is: Simulation_1TV.sim
TimeStep, Distraction Rate, Missed States, Model Accuracy, Time (ms)
0, 0, 165, 0, 6e-05
1, 0, 164, 0.763197, 0.011151
2, 0, 163, 1.7632, 0.060455
3, 0, 163, 1.34816, 0.074382
4, 0, 163, 1.17823, 0.08422
5, 0, 162, 1.94143, 0.093408
6, 0, 162, 1.5679, 0.114107
7, 0, 162, 1.19436, 0.122413
8, 0, 162, 1.04143, 0.14164
9, 0, 162, 0.888499, 0.149986
10, 0, 161, 1.6517, 0.170234
11, 0, 160, 1.4195, 0.190012
12, 0, 159, 2.4195, 0.198618
13, 0, 159, 2.00447, 0.207185
14, 0, 159, 1.83454, 0.223766
15, 0, 158, 3.1827, 0.232543
16, 0, 157, 4.1827, 0.255958
17, 0, 157, 3.76766, 0.265736
18, 0, 157, 3.59774, 0.275956
19, 0, 156, 4.59774, 0.291115
20, 0, 156, 4.1827, 0.29913
21, 0, 156, 4.01278, 0.307165
22, 0, 155, 5.01278, 0.323737
23, 0, 155, 4.59774, 0.344576
24, 0, 155, 4.42781, 0.354836
25, 0, 154, 5.19101, 0.382979
26, 0, 153, 6.19101, 0.39382
27, 0, 153, 5.77597, 0.403479
28, 0, 153, 5.60605, 0.42499
29, 0, 152, 6.36925, 0.439928
30, 0, 151, 7.13244, 0.472179
31, 0, 150, 8.13244, 0.482108
32, 0, 150, 7.71741, 0.510212
33, 0, 150, 7.54748, 0.524289
34, 0, 149, 8.31068, 0.538165
35, 0, 149, 7.93714, 0.546611
36, 0, 149, 7.56361, 0.563433
37, 0, 149, 7.19008, 0.586447
38, 0, 149, 6.81654, 0.613649
39, 0, 149, 6.66361, 0.632575
40, 0, 148, 7.66361, 0.643616
41, 0, 148, 7.24857, 0.667271
42, 0, 148, 7.07865, 0.675657
43, 0, 147, 6.84645, 0.684384
44, 0, 146, 8.19461, 0.742835
45, 0, 145, 9.19461, 0.751662
46, 0, 145, 8.77958, 0.774155
47, 0, 144, 9.54277, 0.782691
48, 0, 143, 10.306, 0.812227
49, 0, 142, 11.0692, 0.822156
50, 0, 141, 12.0692, 0.846021
51, 0, 140, 13.0692, 0.86096
52, 0, 140, 12.6541, 0.915824
53, 0, 140, 12.4842, 0.938407
54, 0, 140, 12.0692, 0.947675
55, 0, 140, 11.9761, 0.972062
56, 0, 140, 11.8061, 0.989655
57, 0, 139, 12.5693, 0.998352
58, 0, 139, 12.1958, 1.01021
59, 0, 139, 11.8223, 1.01889
60, 0, 139, 11.6693, 1.02772
61, 0, 139, 11.6104, 1.03821
62, 0, 139, 11.4575, 1.04674
63, 0, 138, 12.2207, 1.05512
64, 0, 138, 11.8472, 1.06447
65, 0, 138, 11.4736, 1.09241
66, 0, 138, 11.3207, 1.13149
67, 0, 138, 11.1678, 1.1404
68, 0, 137, 11.931, 1.15143
69, 0, 136, 12.6942, 1.16072
70, 0, 136, 12.3206, 1.18348
71, 0, 136, 11.9471, 1.1924
72, 0, 136, 11.7942, 1.20121
73, 0, 136, 11.6412, 1.20983
74, 1, 135, 12.6412, 1.21865
75, 2, 135, 12.2262, 1.22864
76, 3, 135, 12.0563, 1.23805
77, 4, 135, 11.9632, 1.25753
78, 5, 135, 11.9043, 1.27203
79, 6, 135, 11.8636, 1.28234
80, 7, 135, 11.8339, 1.29224
81, 8, 135, 11.8112, 1.31533
82, 9, 135, 11.7932, 1.33638
83, 10, 135, 11.7787, 1.35061
84, 10, 134, 12.5419, 1.36344
85, 10, 134, 12.1684, 1.37811
86, 10, 133, 12.5212, 1.4042
87, 10, 133, 12.0362, 1.42844
88, 10, 133, 11.8833, 1.46492
89, 10, 133, 11.6787, 1.50395
90, 10, 133, 11.5088, 1.51333
91, 10, 132, 12.5088, 1.5319
92, 10, 132, 12.0938, 1.54853
93, 10, 132, 11.9238, 1.57994
94, 10, 131, 12.687, 1.61153
95, 10, 131, 13.0021, 1.62232
96, 10, 131, 12.424, 1.6519
97, 10, 131, 12.0505, 1.66684
98, 10, 131, 11.787, 1.67709
99, 10, 131, 11.7032, 1.70411
100, 11, 131, 11.6913, 1.71473
101, 11, 131, 11.6075, 1.72563
102, 11, 130, 12.3707, 1.74006
103, 11, 129, 13.3707, 1.77807
104, 11, 128, 14.1339, 1.7874
105, 11, 128, 13.9809, 1.79644
106, 11, 128, 13.8878, 1.82071
107, 11, 128, 13.7947, 1.82973
108, 11, 128, 13.7358, 1.84963
109, 11, 128, 13.5847, 1.87054
110, 11, 128, 13.4916, 1.88985
111, 11, 128, 13.3985, 1.93097
112, 11, 128, 13.3455, 1.94052
113, 11, 128, 13.2617, 1.96067
114, 11, 127, 13.0295, 1.9696
115, 11, 126, 14.3776, 2.00003
116, 11, 125, 15.1408, 2.07805
117, 11, 125, 14.6559, 2.08792
118, 11, 125, 14.2823, 2.10009
119, 11, 125, 14.0778, 2.11082
120, 11, 125, 13.9249, 2.13527
121, 11, 124, 14.6881, 2.14887
122, 11, 123, 15.4513, 2.16474
123, 11, 123, 15.4147, 2.17385
124, 11, 123, 15.3042, 2.18851
125, 11, 123, 15.2204, 2.20754
126, 11, 123, 15.0674, 2.21803
127, 11, 123, 14.9145, 2.2363
128, 11, 122, 15.9145, 2.2556
129, 11, 122, 15.4995, 2.26735
130, 11, 122, 15.3296, 2.27963
131, 11, 122, 15.1766, 2.28874
132, 11, 122, 15.0835, 2.29793
133, 11, 122, 14.9997, 2.30694
134, 11, 122, 14.9159, 2.32484
135, 11, 121, 15.6791, 2.34902
136, 11, 121, 15.6261, 2.36197
137, 11, 121, 15.2526, 2.38666
138, 11, 120, 15.4013, 2.40198
139, 11, 120, 15.3572, 2.41162
140, 11, 119, 16.1204, 2.43077
141, 11, 118, 16.8836, 2.45377
142, 11, 118, 16.51, 2.47108
143, 11, 117, 17.2732, 2.48284
144, 11, 116, 18.0364, 2.49271
145, 11, 116, 17.6629, 2.50196
146, 11, 116, 17.604, 2.51136
147, 11, 116, 17.5451, 2.52303
148, 11, 116, 17.5183, 2.53509
149, 12, 116, 17.5083, 2.55391
150, 12, 116, 17.4553, 2.57715
151, 12, 116, 17.0818, 2.58668
152, 12, 116, 16.7082, 2.596
153, 12, 116, 16.6878, 2.61156
154, 12, 116, 16.6512, 2.62068
155, 12, 116, 16.4983, 2.62997
156, 12, 116, 16.0832, 2.63927
157, 12, 116, 15.9133, 2.65376
158, 12, 115, 16.6765, 2.6629
159, 12, 114, 17.4397, 2.68693
160, 12, 113, 18.4397, 2.69631
161, 12, 113, 18.0247, 2.70816
162, 12, 113, 17.8547, 2.71753
163, 12, 112, 18.6179, 2.72677
164, 12, 111, 19.3811, 2.74023
165, 12, 111, 19.0076, 2.74957
166, 12, 111, 18.6341, 2.75901
167, 12, 111, 18.4811, 2.77409
168, 12, 111, 18.1076, 2.78329
169, 12, 111, 17.7341, 2.79266
170, 12, 111, 17.5811, 2.80197
171, 12, 110, 18.3443, 2.82532
172, 12, 109, 19.3443, 2.83464
173, 12, 109, 18.9293, 2.84412
174, 12, 109, 18.7594, 2.85339
175, 12, 108, 18.5272, 2.86272
176, 12, 107, 19.8753, 2.8724
177, 12, 107, 19.7915, 2.88168
178, 12, 107, 19.6386, 2.89572
179, 12, 106, 20.6386, 2.90526
180, 12, 106, 20.2236, 2.91462
181, 12, 106, 20.0536, 2.92404
182, 12, 106, 20.0006, 2.93332
183, 12, 105, 21.0006, 2.94251
184, 12, 105, 20.5856, 2.95197
185, 12, 105, 20.4157, 2.96124
186, 12, 104, 21.4157, 2.9725
187, 12, 104, 21.0006, 2.98392
188, 12, 104, 20.8307, 2.99354
189, 12, 104, 20.7469, 3.00281
190, 12, 104, 20.3734, 3.01285
191, 12, 103, 21.1366, 3.02219
192, 12, 102, 21.8998, 3.03161
193, 12, 102, 22.2148, 3.04132
194, 12, 102, 21.8413, 3.05073
195, 12, 102, 21.4677, 3.06015
196, 12, 102, 21.3148, 3.12234
197, 12, 102, 21.1619, 3.13217
198, 12, 102, 20.5838, 3.14185
199, 12, 101, 20.8251, 3.15143
200, 12, 101, 20.6206, 3.16095
201, 12, 100, 20.7574, 3.17048
202, 12, 100, 20.7949, 3.18062
203, 12, 100, 20.7419, 3.19015
204, 12, 100, 20.7117, 3.19969
205, 12, 100, 20.5587, 3.20938
206, 12, 100, 20.1852, 3.21884
207, 12, 100, 20.1014, 3.23601
208, 12, 100, 19.7279, 3.25158
209, 12, 100, 19.3543, 3.26576
210, 12, 99, 20.3543, 3.2754
211, 12, 99, 19.9393, 3.28502
212, 12, 98, 19.7071, 3.29439
213, 12, 97, 21.0553, 3.31135
214, 12, 97, 21.0023, 3.34623
215, 12, 97, 20.8493, 3.35594
216, 12, 96, 21.8493, 3.3654
217, 12, 96, 21.4343, 3.3749
218, 12, 96, 21.2644, 3.39051
219, 12, 95, 22.0276, 3.39992
220, 12, 94, 23.0276, 3.40946
221, 12, 94, 22.6125, 3.41897
222, 12, 94, 22.4426, 3.42847
223, 12, 93, 23.2058, 3.44025
224, 12, 92, 23.969, 3.45005
225, 12, 91, 24.7322, 3.45955
226, 12, 90, 25.4954, 3.46913
227, 12, 90, 25.0104, 3.47893
228, 12, 90, 24.6369, 3.48843
229, 12, 90, 24.4324, 3.4982
230, 12, 90, 24.2794, 3.50761
231, 12, 89, 25.2794, 3.51713
232, 12, 89, 24.8644, 3.52675
233, 12, 89, 24.6945, 3.53615
234, 12, 89, 24.584, 3.5477
235, 12, 89, 24.5002, 3.55739
236, 12, 89, 24.1266, 3.58149
237, 12, 89, 24.0736, 3.6048
238, 12, 89, 23.9805, 3.61436
239, 12, 89, 23.8874, 3.62394
240, 12, 89, 23.7345, 3.63471
241, 12, 89, 23.6507, 3.64418
242, 12, 89, 23.5576, 3.65366
243, 12, 89, 23.4987, 3.66309
244, 12, 89, 23.4313, 3.68124
245, 12, 89, 23.3948, 3.69069
246, 12, 88, 23.7475, 3.70059
247, 12, 88, 23.2626, 3.71032
248, 12, 88, 22.889, 3.71992
249, 12, 88, 22.8052, 3.7352
250, 12, 88, 22.7121, 3.74497
251, 12, 88, 22.619, 3.7546
252, 12, 88, 22.566, 3.76413
253, 12, 88, 22.5446, 3.77379
254, 12, 88, 22.5179, 3.78335
255, 12, 88, 22.3133, 3.7932
256, 12, 87, 23.3133, 3.80294
257, 12, 87, 22.8983, 3.81452
258, 12, 87, 22.7284, 3.84354
259, 12, 86, 23.4916, 3.85349
260, 12, 85, 24.2548, 3.86359
261, 12, 84, 25.0179, 3.87337
262, 12, 84, 24.533, 3.9016
263, 12, 84, 24.4741, 3.91819
264, 12, 84, 24.4152, 3.92844
265, 12, 84, 24.3563, 3.93999
266, 12, 84, 24.3197, 3.94963
267, 12, 84, 24.3043, 3.96477
268, 12, 84, 24.2838, 3.97442
269, 12, 83, 24.5252, 3.98438
270, 12, 83, 24.3207, 3.99426
271, 12, 83, 24.2841, 4.00916
272, 12, 83, 24.2252, 4.01873
273, 12, 83, 24.1663, 4.03133
274, 12, 83, 24.1133, 4.04112
275, 12, 83, 24.0865, 4.05089
276, 12, 83, 24.0276, 4.06071
277, 12, 83, 24.0163, 4.07062
278, 12, 83, 23.8634, 4.0945
279, 12, 83, 23.7663, 4.1044
280, 12, 82, 23.915, 4.11427
281, 12, 82, 23.8709, 4.12404
282, 12, 82, 23.8627, 4.13408
283, 12, 82, 23.8465, 4.14373
284, 12, 82, 23.7534, 4.15367
285, 12, 82, 23.6429, 4.17001
286, 12, 82, 23.2694, 4.17994
287, 12, 82, 22.8959, 4.18965
288, 12, 82, 22.5223, 4.20237
289, 12, 82, 22.4292, 4.21357
290, 12, 81, 23.1924, 4.23752
291, 12, 81, 22.8189, 4.24749
292, 12, 81, 22.4453, 4.25721
293, 12, 81, 22.2924, 4.2669
294, 12, 81, 22.1395, 4.28238
295, 12, 80, 23.1395, 4.29216
296, 12, 80, 22.7244, 4.30182
297, 12, 80, 22.5545, 4.3118
298, 12, 79, 23.3177, 4.32181
299, 12, 78, 24.0809, 4.33162
300, 12, 77, 25.0809, 4.3415
301, 12, 77, 24.6659, 4.35446
302, 12, 77, 24.4959, 4.36419
303, 12, 76, 25.2591, 4.37421
304, 12, 75, 25.0269, 4.38409
305, 12, 74, 26.3751, 4.39431
306, 12, 74, 26.0016, 4.40414
307, 12, 74, 25.5166, 4.41425
308, 12, 74, 25.3637, 4.42402
309, 12, 74, 24.9901, 4.43379
310, 12, 74, 24.6166, 4.46111
311, 12, 74, 24.4637, 4.48121
312, 12, 74, 24.3107, 4.50485
313, 12, 74, 24.1062, 4.51493
314, 12, 74, 24.0224, 4.52462
315, 12, 73, 24.7856, 4.53473
316, 12, 73, 24.745, 4.54452
317, 12, 73, 24.7043, 4.5544
318, 12, 73, 24.6839, 4.56436
319, 12, 73, 24.6432, 4.57427
320, 12, 73, 24.6026, 4.58391
321, 12, 73, 24.5965, 4.59398
322, 12, 73, 24.5435, 4.60367
323, 12, 73, 24.6362, 4.61642
324, 12, 73, 24.4832, 4.62627
325, 12, 73, 24.4558, 4.63621
326, 12, 73, 24.4291, 4.66514
327, 12, 73, 24.3453, 4.67501
328, 12, 73, 24.3248, 4.68496
329, 12, 73, 24.2718, 4.69534
330, 12, 72, 24.4086, 4.71696
331, 12, 72, 24.3556, 4.73814
332, 12, 72, 23.9821, 4.77459
333, 12, 72, 23.9414, 4.80065
334, 12, 72, 23.7715, 4.81052
335, 12, 72, 23.7047, 4.8319
336, 12, 72, 23.6917, 4.8487
337, 12, 72, 23.6243, 4.85846
338, 12, 71, 24.3875, 4.89183
339, 12, 71, 24.3037, 4.90993
340, 12, 71, 23.9302, 4.91944
341, 12, 71, 24.0228, 4.94434
342, 12, 71, 23.9698, 4.97666
343, 12, 70, 23.7376, 4.98644
344, 12, 69, 25.0858, 5.02321
345, 12, 68, 26.0858, 5.06082
346, 12, 68, 25.6707, 5.07096
347, 12, 68, 25.5008, 5.0808
348, 12, 67, 26.264, 5.1126
349, 12, 67, 25.7791, 5.12265
350, 12, 67, 25.4055, 5.15841
351, 12, 67, 25.6274, 5.17203
352, 12, 67, 25.832, 5.19414
353, 12, 67, 25.7389, 5.21333
354, 12, 67, 25.5859, 5.23556
355, 12, 67, 25.4928, 5.25898
356, 12, 67, 25.4447, 5.26914
357, 12, 67, 25.4339, 5.32794
358, 12, 67, 25.3973, 5.34106
359, 12, 67, 25.0933, 5.35113
360, 12, 67, 24.9403, 5.37876
361, 12, 67, 24.7594, 5.3891
362, 12, 66, 25.7594, 5.40155
363, 12, 66, 25.3444, 5.41143
364, 12, 66, 25.2513, 5.42524
365, 12, 66, 25.0814, 5.46057
366, 12, 66, 24.9976, 5.47312
367, 12, 65, 25.9976, 5.49516
368, 12, 65, 25.5825, 5.52322
369, 12, 65, 25.4126, 5.53284
370, 12, 65, 25.5756, 5.54287
371, 12, 65, 25.4918, 5.56169
372, 12, 65, 25.5293, 5.59068
373, 12, 65, 25.4928, 5.60102
374, 12, 65, 25.3416, 5.61082
375, 12, 65, 25.2886, 5.62082
376, 12, 65, 25.1955, 5.63029
377, 12, 65, 25.1425, 5.64
378, 13, 65, 25.1339, 5.66605
379, 14, 65, 25.1266, 5.67797
380, 14, 65, 25.0992, 5.68855
381, 14, 65, 25.0154, 5.71126
382, 14, 65, 24.9223, 5.73092
383, 14, 65, 24.8857, 5.74073
384, 14, 65, 24.8327, 5.75291
385, 14, 65, 24.6797, 5.76275
386, 14, 65, 24.6432, 5.78382
387, 14, 65, 24.4902, 5.7938
388, 14, 64, 25.2534, 5.82355
389, 14, 63, 26.0166, 5.83932
390, 14, 62, 26.7798, 5.84949
391, 14, 61, 27.7798, 5.87334
392, 14, 61, 27.3648, 5.88514
393, 14, 60, 28.128, 5.89529
394, 14, 60, 27.7544, 5.91947
395, 14, 60, 27.6706, 5.92941
396, 14, 60, 27.6176, 5.93901
397, 14, 60, 27.5071, 5.96003
398, 14, 59, 27.6969, 5.98545
399, 14, 59, 27.5864, 5.99581
400, 14, 59, 27.5334, 6.01348
401, 14, 59, 27.466, 6.03897
402, 14, 59, 27.0925, 6.06245
403, 14, 59, 26.9396, 6.07815
404, 14, 59, 26.7866, 6.1073
405, 14, 58, 27.5498, 6.11852
406, 14, 58, 27.1763, 6.14235
407, 14, 58, 26.8028, 6.16129
408, 14, 58, 26.6498, 6.18402
409, 14, 58, 26.4969, 6.194
410, 14, 58, 26.4131, 6.20465
411, 14, 58, 26.3293, 6.22316
412, 14, 58, 26.2927, 6.23323
413, 14, 58, 26.2486, 6.2432
414, 14, 58, 26.2219, 6.25288
415, 14, 58, 26.1381, 6.26266
416, 14, 57, 26.9013, 6.28656
417, 14, 56, 27.6645, 6.29685
418, 14, 56, 27.5115, 6.30707
419, 14, 56, 27.138, 6.31895
420, 14, 56, 27.0542, 6.34367
421, 14, 56, 26.9013, 6.35365
422, 14, 55, 27.9013, 6.36504
423, 14, 55, 27.4862, 6.37521
424, 14, 55, 27.3163, 6.4067
425, 14, 54, 28.3163, 6.41685
426, 14, 54, 27.9013, 6.43534
427, 14, 53, 28.6645, 6.44549
428, 14, 52, 29.0172, 6.4619
429, 14, 52, 28.5323, 6.49023
430, 14, 52, 28.4734, 6.51944
431, 14, 52, 28.4466, 6.54027
432, 14, 52, 28.3268, 6.55046
433, 14, 52, 28.2679, 6.56034
434, 14, 52, 28.1748, 6.57022
435, 14, 52, 28.091, 6.58079
436, 14, 52, 28.0321, 6.5919
437, 14, 52, 27.8792, 6.60188
438, 14, 52, 27.8124, 6.62598
439, 14, 52, 27.7193, 6.64762
440, 14, 52, 27.5663, 6.66019
441, 14, 52, 27.1928, 6.67011
442, 14, 52, 27.109, 6.6809
443, 14, 52, 26.9561, 6.71379
444, 14, 52, 26.903, 6.74793
445, 14, 52, 26.8099, 6.76751
446, 14, 52, 26.7569, 6.79254
447, 14, 51, 27.7569, 6.80342
448, 14, 51, 27.3419, 6.81399
449, 14, 51, 27.172, 6.82373
450, 14, 50, 27.9352, 6.83373
451, 14, 50, 27.8514, 6.86054
452, 14, 50, 27.8423, 6.87799
453, 14, 50, 27.7942, 6.88832
454, 14, 50, 27.7353, 6.89913
455, 14, 50, 27.6987, 6.9212
456, 14, 50, 27.6621, 6.94295
457, 14, 50, 27.2886, 6.95359
458, 14, 50, 27.2479, 6.96467
459, 14, 50, 27.2073, 6.97433
460, 14, 50, 27.1707, 7.00659
461, 14, 50, 27.1301, 7.02764
462, 14, 50, 27.114, 7.03782
463, 14, 50, 27.1096, 7.05477
464, 14, 50, 27.0828, 7.06514
465, 14, 49, 27.2458, 7.07545
466, 14, 49, 27.1785, 7.09999
467, 14, 49, 27.0947, 7.11165
468, 14, 49, 27.0649, 7.12618
469, 14, 49, 26.9981, 7.13621
470, 14, 49, 26.9768, 7.167
471, 14, 49, 26.9555, 7.17723
472, 14, 48, 27.9555, 7.18975
473, 14, 48, 27.5404, 7.20998
474, 14, 48, 27.3705, 7.23395
475, 14, 48, 27.2867, 7.2442
476, 14, 48, 27.2461, 7.25429
477, 14, 48, 27.153, 7.27128
478, 14, 48, 27.0692, 7.28136
479, 14, 48, 26.6956, 7.29722
480, 14, 48, 26.6025, 7.31518
481, 14, 47, 26.7923, 7.32969
482, 14, 47, 26.6818, 7.34532
483, 14, 47, 26.598, 7.3788
484, 14, 47, 26.5142, 7.38942
485, 14, 47, 26.4211, 7.4067
486, 14, 47, 26.3681, 7.41806
487, 14, 47, 26.2749, 7.43607
488, 14, 47, 26.2482, 7.44611
489, 14, 47, 26.1551, 7.46505
490, 14, 47, 26.0619, 7.48646
491, 14, 47, 26.0352, 7.50731
492, 14, 47, 25.9822, 7.54093
493, 14, 47, 25.8891, 7.55135
494, 14, 47, 25.8053, 7.56156
495, 14, 46, 26.5685, 7.57449
496, 14, 46, 26.4847, 7.58648
497, 14, 46, 26.4258, 7.60269
498, 14, 46, 26.4053, 7.61609
499, 14, 46, 26.3464, 7.62601
500, 14, 46, 26.2875, 7.65787
501, 14, 46, 26.2671, 7.68284
502, 14, 46, 26.1833, 7.69495
503, 14, 46, 26.1672, 7.70491
504, 14, 46, 26.0998, 7.7152
505, 14, 46, 26.0067, 7.72549
506, 14, 46, 25.8538, 7.7354
507, 14, 46, 25.7949, 7.76875
508, 14, 46, 25.7583, 7.79567
509, 14, 46, 25.7053, 7.80609
510, 14, 46, 25.6122, 7.81605
511, 14, 46, 25.4423, 7.82611
512, 14, 46, 25.3585, 7.84494
513, 14, 46, 25.3055, 7.86508
514, 14, 46, 24.9319, 7.88483
515, 14, 46, 24.9189, 7.90719
516, 14, 46, 24.8748, 7.91738
517, 14, 46, 25.0793, 7.94186
518, 14, 46, 25.0204, 7.96005
519, 14, 45, 25.1835, 7.98156
520, 14, 45, 25.1161, 8.0033
521, 14, 45, 25.0864, 8.01991
522, 14, 45, 25.0334, 8.03005
523, 14, 45, 24.9804, 8.0403
524, 14, 45, 24.9215, 8.05065
525, 14, 45, 24.8685, 8.06379
526, 14, 45, 24.5644, 8.08985
527, 14, 45, 24.4539, 8.11057
528, 14, 45, 24.4371, 8.12794
529, 15, 45, 24.4306, 8.14768
530, 15, 45, 24.4138, 8.16048
531, 15, 45, 24.3772, 8.20012
532, 15, 45, 24.3183, 8.21472
533, 15, 45, 24.2777, 8.22682
534, 15, 45, 24.237, 8.25968
535, 15, 45, 24.2209, 8.28742
536, 15, 45, 24.1679, 8.32634
537, 15, 45, 24.1006, 8.33683
538, 15, 45, 24.0871, 8.34739
539, 16, 45, 24.0815, 8.36295
540, 16, 45, 24.0141, 8.37348
541, 16, 45, 23.9735, 8.38378
542, 16, 45, 23.9328, 8.39397
543, 16, 45, 23.9026, 8.41308
544, 16, 45, 23.8545, 8.42744
545, 16, 45, 23.8437, 8.43793
546, 17, 45, 23.8387, 8.45086
547, 18, 45, 23.8342, 8.47696
548, 18, 45, 23.8752, 8.48816
549, 18, 45, 23.8485, 8.49856
550, 18, 45, 23.9826, 8.5089
551, 18, 45, 23.946, 8.51922
552, 19, 45, 23.942, 8.54295
553, 20, 45, 23.9384, 8.56695
554, 20, 45, 23.918, 8.57731
555, 20, 45, 23.765, 8.58777
556, 20, 45, 23.7292, 8.59826
557, 20, 45, 23.7215, 8.62452
558, 20, 44, 23.8592, 8.63508
559, 20, 44, 23.7487, 8.6455
560, 20, 44, 23.7121, 8.65599
561, 20, 44, 23.6283, 8.71853
562, 20, 44, 23.5986, 8.72856
563, 20, 44, 23.5772, 8.73894
564, 20, 44, 23.5741, 8.74929
565, 20, 43, 23.7221, 8.78916
566, 20, 43, 23.719, 8.82303
567, 20, 43, 23.6977, 8.83382
568, 20, 43, 23.6129, 8.84514
569, 20, 43, 23.5723, 8.87021
570, 20, 43, 23.5193, 8.91738
571, 20, 43, 23.4786, 8.9278
572, 20, 43, 23.3948, 8.96653
573, 20, 43, 23.359, 8.9771
574, 20, 42, 23.6003, 8.99772
575, 20, 42, 23.3958, 9.00906
576, 20, 42, 23.366, 9.01918
577, 20, 42, 23.3363, 9.03817
578, 20, 42, 23.2922, 9.05429
579, 20, 42, 23.2901, 9.07738
580, 20, 42, 23.2494, 9.08743
581, 20, 42, 23.222, 9.09771
582, 20, 42, 23.0175, 9.11268
583, 20, 42, 22.9962, 9.14646
584, 20, 42, 22.9694, 9.17809
585, 20, 42, 22.9426, 9.20144
586, 20, 42, 22.7897, 9.26175
587, 20, 42, 22.4161, 9.27535
588, 20, 42, 22.323, 9.31915
589, 20, 42, 22.2392, 9.33876
590, 20, 42, 22.1803, 9.35116
591, 20, 42, 22.0965, 9.37423
592, 20, 42, 22.0034, 9.41622
593, 20, 42, 21.9732, 9.44085
594, 20, 42, 21.9528, 9.45496
595, 20, 42, 21.8998, 9.4935
596, 20, 42, 21.7468, 9.50744
597, 20, 42, 21.663, 9.52901
598, 20, 42, 21.6426, 9.53955
599, 20, 41, 21.8056, 9.55657
600, 20, 41, 21.7383, 9.56831
601, 20, 41, 21.6976, 9.60388
602, 20, 41, 21.6446, 9.61907
603, 20, 41, 21.608, 9.64336
604, 20, 41, 21.2345, 9.66596
605, 20, 41, 21.2048, 9.67638
606, 20, 41, 21.175, 9.69934
607, 20, 41, 21.1453, 9.71573
608, 20, 41, 21.1322, 9.74301
609, 20, 41, 21.1025, 9.75818
610, 20, 41, 21.0798, 9.77275
611, 20, 41, 21.0776, 9.79511
612, 20, 40, 21.2407, 9.80563
613, 20, 40, 21.3631, 9.82998
614, 20, 40, 21.3617, 9.84089
615, 20, 40, 21.3463, 9.85154
616, 20, 40, 21.3165, 9.87023
617, 20, 40, 21.2539, 9.88108
618, 20, 40, 21.195, 9.89353
619, 20, 40, 21.1584, 9.91385
620, 20, 40, 21.0995, 9.93464
621, 20, 40, 21.0157, 9.9514
622, 20, 39, 21.1788, 9.98939
623, 20, 39, 21.1114, 10.0129
624, 20, 39, 21.1027, 10.0419
625, 20, 39, 21.0828, 10.0732
626, 20, 39, 21.0239, 10.0939
627, 20, 38, 21.1726, 10.1211
628, 20, 38, 21.1285, 10.1323
629, 20, 38, 21.112, 10.1528
630, 20, 38, 21.0714, 10.1633
631, 20, 38, 21.0348, 10.1744
632, 20, 38, 20.9983, 10.1847
633, 20, 37, 21.1394, 10.1954
634, 20, 37, 21.1092, 10.2067
635, 20, 37, 21.0651, 10.2173
636, 20, 37, 21.0354, 10.2306
637, 20, 37, 21.0283, 10.244
638, 20, 37, 20.9842, 10.2681
639, 20, 37, 20.9615, 10.2805
640, 20, 37, 20.946, 10.2913
641, 20, 37, 20.9233, 10.3022
642, 20, 37, 20.8874, 10.3128
643, 20, 37, 20.8816, 10.3233
644, 20, 37, 20.8655, 10.3339
645, 20, 37, 20.7457, 10.3448
646, 20, 37, 20.7091, 10.3615
647, 20, 37, 20.6253, 10.3825
648, 20, 37, 20.5956, 10.3933
649, 20, 37, 20.5682, 10.4112
650, 20, 37, 20.5477, 10.4341
651, 20, 37, 20.5209, 10.4449
652, 20, 37, 20.4982, 10.4554
653, 20, 37, 20.4755, 10.4796
654, 20, 37, 20.4647, 10.4925
655, 20, 37, 20.4468, 10.5046
656, 20, 37, 20.4455, 10.5155
657, 20, 37, 20.4187, 10.5337
658, 20, 37, 20.3598, 10.5444
659, 20, 37, 20.3371, 10.5563
660, 20, 37, 20.2964, 10.5672
661, 20, 37, 20.2751, 10.5882
662, 20, 37, 20.2744, 10.5989
663, 20, 37, 20.2576, 10.6247
664, 20, 37, 20.2371, 10.6399
665, 20, 37, 20.0672, 10.6565
666, 20, 37, 20.0083, 10.6672
667, 20, 37, 19.9245, 10.6781
668, 20, 37, 19.9084, 10.6915
669, 20, 37, 19.8153, 10.7021
670, 20, 37, 19.7746, 10.713
671, 20, 37, 19.7585, 10.752
672, 20, 37, 19.7055, 10.7668
673, 20, 37, 19.6525, 10.7885
674, 20, 37, 19.6118, 10.7993
675, 20, 37, 19.5988, 10.8188
676, 20, 37, 19.5857, 10.8536
677, 20, 37, 19.5417, 10.8745
678, 20, 37, 19.4579, 10.8852
679, 20, 37, 19.4276, 10.8974
680, 20, 37, 19.6496, 10.9089
681, 20, 37, 19.6198, 10.9265
682, 20, 37, 19.5832, 10.9558
683, 20, 37, 19.5565, 10.9662
684, 20, 37, 19.4727, 10.9776
685, 20, 37, 19.4361, 10.9881
686, 20, 37, 19.3687, 11.0032
687, 20, 37, 19.3483, 11.0263
688, 20, 37, 19.2953, 11.0367
689, 20, 37, 19.2115, 11.0489
690, 20, 37, 19.1847, 11.0658
691, 20, 37, 19.1258, 11.0788
692, 20, 37, 19.0892, 11.0978
693, 20, 37, 19.0303, 11.1115
694, 20, 37, 18.9372, 11.1223
695, 20, 37, 18.8842, 11.1384
696, 20, 36, 19.0254, 11.1494
697, 20, 35, 19.1885, 11.1603
698, 20, 35, 19.1478, 11.1765
699, 20, 35, 19.0805, 11.1946
700, 20, 35, 19.0502, 11.2055
701, 20, 35, 18.9664, 11.2162
702, 20, 35, 18.9134, 11.2266
703, 20, 35, 18.8728, 11.265
704, 20, 35, 18.8322, 11.2883
705, 20, 35, 18.8214, 11.2992
706, 20, 34, 18.9591, 11.3109
707, 20, 34, 18.9185, 11.3215
708, 20, 34, 18.8971, 11.3437
709, 20, 34, 18.8669, 11.3544
710, 20, 34, 18.8303, 11.3647
711, 20, 34, 18.8035, 11.3752
712, 20, 34, 18.7874, 11.386
713, 20, 34, 18.7285, 11.4024
714, 20, 34, 18.7071, 11.4165
715, 20, 34, 18.6665, 11.4277
716, 20, 33, 18.8152, 11.4471
717, 20, 32, 18.9527, 11.4784
718, 20, 32, 18.9086, 11.4894
719, 20, 32, 18.8872, 11.5302
720, 20, 32, 18.8431, 11.5414
721, 20, 32, 18.8065, 11.5581
722, 20, 32, 18.7798, 11.5739
723, 20, 32, 18.7391, 11.6092
724, 20, 32, 18.723, 11.6415
725, 20, 32, 18.5701, 11.6523
726, 20, 32, 18.5403, 11.6822
727, 20, 32, 18.5106, 11.6959
728, 20, 32, 18.5015, 11.7225
729, 20, 32, 18.4861, 11.733
730, 20, 32, 18.4563, 11.7438
731, 20, 32, 18.4123, 11.771
732, 20, 32, 18.4643, 11.8401
733, 20, 32, 18.4345, 11.8509
734, 20, 32, 18.3979, 11.8632
735, 20, 32, 18.3902, 11.8747
736, 20, 32, 18.379, 11.9038
737, 20, 32, 18.3635, 11.9141
738, 20, 32, 18.3333, 11.9304
739, 20, 32, 18.3065, 11.9426
740, 20, 32, 18.0431, 11.9693
741, 20, 32, 18.0204, 11.9937
742, 20, 32, 18.0025, 12.0164
743, 20, 32, 17.9845, 12.0301
744, 20, 32, 17.9666, 12.0512
745, 20, 32, 17.9576, 12.0946
746, 20, 32, 17.9569, 12.1058
747, 20, 32, 17.9566, 12.1253
748, 20, 32, 17.9432, 12.1414
749, 20, 32, 17.8327, 12.1571
750, 20, 32, 17.7654, 12.1816
751, 20, 32, 17.7655, 12.1925
752, 20, 32, 17.7358, 12.2064
753, 20, 32, 17.725, 12.2314
754, 20, 32, 17.6576, 12.2504
755, 20, 32, 17.6464, 12.2802
756, 20, 31, 17.8094, 12.3045
757, 20, 31, 17.7615, 12.3396
758, 20, 31, 17.7318, 12.3503
759, 20, 31, 17.6912, 12.3612
760, 20, 30, 17.8323, 12.3734
761, 20, 30, 17.8021, 12.4067
762, 20, 30, 17.7615, 12.4221
763, 20, 30, 17.7347, 12.4485
764, 20, 30, 17.7209, 12.4631
765, 20, 30, 17.6912, 12.486
766, 20, 30, 17.6644, 12.5071
767, 20, 30, 17.6417, 12.5326
768, 20, 30, 17.6011, 12.5486
769, 20, 30, 17.5645, 12.5666
770, 20, 30, 17.5238, 12.5774
771, 20, 30, 17.4797, 12.5996
772, 20, 30, 17.4618, 12.622
773, 20, 30, 17.4351, 12.6572
774, 20, 30, 17.2542, 12.6883
775, 20, 30, 17.2244, 12.7224
776, 20, 30, 17.2114, 12.7404
777, 20, 30, 17.1748, 12.7518
778, 20, 30, 17.145, 12.8048
779, 20, 30, 17.1223, 12.8307
780, 20, 30, 17.0921, 12.8477
781, 20, 30, 17.0874, 12.8917
782, 21, 30, 17.0841, 12.9197
783, 21, 29, 17.2216, 12.9303
784, 21, 29, 17.21, 12.9641
785, 21, 29, 17.1896, 12.9987
786, 21, 29, 17.1598, 13.0093
787, 21, 29, 17.1331, 13.026
788, 21, 29, 17.1028, 13.0467
789, 22, 29, 17.0998, 13.0733
790, 22, 29, 17.0886, 13.0913
791, 22, 29, 17.0356, 13.1077
792, 22, 29, 16.9915, 13.1183
793, 22, 29, 16.9688, 13.1289
794, 22, 29, 16.9649, 13.1396
795, 22, 29, 16.9551, 13.1737
796, 22, 29, 16.9338, 13.2124
797, 22, 29, 16.911, 13.2304
798, 22, 29, 16.9003, 13.283
799, 22, 29, 16.8775, 13.3119
800, 22, 29, 16.8508, 13.3228
801, 22, 29, 16.8329, 13.3508
802, 22, 29, 16.8238, 13.3752
803, 22, 29, 16.8172, 13.3911
804, 22, 29, 16.8962, 13.4023
805, 22, 29, 16.8879, 13.4242
806, 22, 29, 16.8674, 13.4424
807, 22, 29, 16.8086, 13.459
808, 22, 29, 16.7973, 13.4724
809, 22, 29, 16.7819, 13.4831
810, 22, 29, 16.7521, 13.4966
811, 22, 29, 16.7115, 13.5235
812, 22, 29, 16.7814, 13.5356
813, 22, 29, 16.7731, 13.5557
814, 22, 29, 16.7434, 13.5696
815, 22, 29, 16.7303, 13.5798
816, 22, 29, 16.7035, 13.5903
817, 22, 29, 16.6874, 13.6009
818, 22, 29, 16.6647, 13.616
819, 22, 29, 16.6586, 13.6399
820, 22, 29, 16.6842, 13.6511
821, 22, 29, 16.6614, 13.6635
822, 22, 29, 16.6401, 13.6743
823, 22, 29, 16.6104, 13.6993
824, 22, 29, 16.5622, 13.7444
825, 22, 29, 16.5509, 13.7617
826, 22, 29, 16.398, 13.7725
827, 22, 28, 16.5428, 13.7844
828, 22, 28, 16.5283, 13.7956
829, 22, 28, 16.5138, 13.8061
830, 22, 28, 16.5094, 13.8168
831, 22, 28, 16.4834, 13.8274
832, 22, 28, 16.4655, 13.8378
833, 22, 28, 16.4381, 13.8487
834, 22, 28, 16.4201, 13.8812
835, 22, 28, 16.4089, 13.8923
836, 22, 28, 16.3944, 13.9313
837, 22, 28, 16.3905, 13.9619
838, 22, 28, 16.2935, 13.9973
839, 22, 28, 16.2904, 14.0079
840, 22, 28, 16.2742, 14.0183
841, 22, 28, 16.2515, 14.064
842, 22, 28, 16.2288, 14.0749
843, 22, 28, 16.1986, 14.0902
844, 22, 28, 16.1781, 14.1041
845, 22, 28, 16.1613, 14.1164
846, 22, 28, 16.1618, 14.1269
847, 22, 28, 16.153, 14.1485
848, 22, 28, 16.1233, 14.1717
849, 22, 28, 16.0128, 14.1825
850, 22, 28, 15.9923, 14.193
851, 22, 28, 15.9892, 14.2056
852, 22, 28, 15.9773, 14.2162
853, 22, 28, 15.9748, 14.257
854, 22, 28, 15.9617, 14.2766
855, 22, 28, 15.9438, 14.2871
856, 22, 28, 15.9259, 14.3154
857, 22, 28, 15.9045, 14.3307
858, 22, 28, 15.9053, 14.3413
859, 22, 28, 15.8982, 14.3554
860, 22, 28, 15.8755, 14.3659
861, 22, 28, 15.8647, 14.4066
862, 22, 28, 15.8349, 14.4328
863, 22, 28, 15.8242, 14.4558
864, 22, 28, 15.6712, 14.4685
865, 22, 28, 15.6567, 14.4818
866, 22, 28, 15.6422, 14.4931
867, 22, 28, 15.6268, 14.5166
868, 22, 28, 15.6278, 14.5528
869, 22, 28, 15.6195, 14.5779
870, 22, 28, 15.5522, 14.594
871, 22, 28, 15.5295, 14.6048
872, 22, 28, 15.5234, 14.6291
873, 22, 28, 15.5007, 14.6396
874, 22, 28, 15.4477, 14.6504
875, 22, 28, 15.4297, 14.6622
876, 22, 28, 15.4, 14.6725
877, 22, 28, 15.3698, 14.6831
878, 22, 28, 15.3667, 14.6937
879, 23, 28, 15.364, 14.716
880, 23, 28, 15.3337, 14.7488
881, 23, 28, 15.3158, 14.7594
882, 23, 28, 15.3133, 14.7812
883, 23, 28, 15.3051, 14.7923
884, 23, 28, 15.4156, 14.836
885, 23, 28, 15.3951, 14.8746
886, 23, 28, 15.3868, 14.8977
887, 23, 28, 15.3641, 14.9085
888, 23, 28, 15.3427, 14.9195
889, 23, 28, 15.3366, 14.93
890, 23, 28, 15.3069, 14.9519
891, 23, 28, 15.2076, 14.9838
892, 23, 28, 15.1849, 14.9943
893, 23, 27, 15.3261, 15.0079
894, 23, 27, 15.2959, 15.0364
895, 23, 27, 15.2584, 15.0543
896, 23, 27, 15.2287, 15.0648
897, 23, 27, 15.2073, 15.0879
898, 23, 27, 15.1327, 15.1035
899, 23, 27, 15.1148, 15.1156
900, 23, 27, 15.092, 15.1263
901, 23, 27, 15.0707, 15.1373
902, 23, 27, 15.0527, 15.1548
903, 23, 27, 15.0229, 15.1688
904, 23, 27, 15.0084, 15.1816
905, 23, 27, 14.9929, 15.1995
906, 23, 27, 14.9702, 15.2102
907, 23, 27, 14.9336, 15.2209
908, 23, 27, 14.9202, 15.2572
909, 23, 27, 14.9214, 15.2794
910, 23, 27, 14.8773, 15.29
911, 23, 27, 14.8786, 15.3008
912, 23, 27, 14.8981, 15.3177
913, 23, 27, 14.8937, 15.3281
914, 23, 27, 14.9864, 15.34
915, 23, 27, 14.9498, 15.3508
916, 23, 27, 14.9353, 15.378
917, 23, 27, 14.9139, 15.3994
918, 23, 27, 14.8994, 15.426
919, 23, 27, 14.8974, 15.4458
920, 23, 27, 14.8903, 15.4563
921, 23, 27, 14.8724, 15.4824
922, 23, 27, 14.8563, 15.493
923, 23, 27, 14.8358, 15.5161
924, 23, 27, 14.8061, 15.5265
925, 23, 27, 14.7531, 15.5405
926, 23, 27, 14.7304, 15.559
927, 23, 27, 14.7243, 15.5715
928, 23, 27, 14.7016, 15.59
929, 23, 27, 14.6714, 15.6008
930, 23, 27, 14.6446, 15.6148
931, 23, 27, 14.6219, 15.6264
932, 23, 27, 14.604, 15.6401
933, 23, 26, 14.7556, 15.6514
934, 23, 26, 14.7351, 15.6619
935, 23, 26, 14.7137, 15.6743
936, 23, 26, 14.7122, 15.6935
937, 24, 26, 14.7097, 15.708
938, 24, 26, 14.7036, 15.725
939, 24, 26, 14.6906, 15.7453
940, 24, 26, 14.6761, 15.7693
941, 24, 26, 14.66, 15.7909
942, 24, 26, 14.6297, 15.8163
943, 24, 25, 14.7675, 15.8273
944, 24, 25, 14.7461, 15.8393
945, 24, 25, 14.7353, 15.8503
946, 24, 25, 14.7126, 15.8609
947, 24, 25, 14.7006, 15.8827
948, 24, 25, 14.6876, 15.8932
949, 24, 25, 14.5678, 15.9046
950, 24, 25, 14.5498, 15.9178
951, 24, 24, 14.6946, 15.9392
952, 24, 24, 14.6801, 15.9621
953, 24, 24, 14.6757, 15.9912
954, 24, 24, 14.6736, 16.0043
955, 24, 24, 14.6257, 16.0296
956, 24, 24, 14.603, 16.0436
957, 24, 24, 14.5664, 16.0556
958, 24, 24, 14.5485, 16.0771
959, 24, 24, 14.5111, 16.0886
960, 24, 24, 14.4897, 16.1042
961, 24, 24, 14.4789, 16.1162
962, 24, 24, 14.4635, 16.1272
963, 24, 24, 14.4456, 16.1544
964, 24, 24, 14.4355, 16.1656
965, 24, 24, 14.4201, 16.1783
966, 24, 24, 14.4047, 16.1891
967, 24, 24, 14.4015, 16.2
968, 24, 24, 14.3836, 16.2109
969, 24, 24, 14.3823, 16.2231
970, 24, 24, 14.3818, 16.2343
971, 24, 24, 14.3614, 16.2507
972, 24, 24, 14.3469, 16.2673
973, 24, 24, 14.3307, 16.2839
974, 24, 24, 14.3162, 16.295
975, 24, 24, 14.3141, 16.3183
976, 24, 24, 14.2996, 16.3347
977, 24, 24, 14.2989, 16.3455
978, 24, 24, 14.2844, 16.3577
979, 24, 24, 14.2736, 16.3716
980, 24, 24, 14.2653, 16.3862
981, 24, 24, 14.2439, 16.4111
982, 24, 23, 14.3832, 16.4316
983, 24, 23, 14.3664, 16.4607
984, 24, 23, 14.3305, 16.4808
985, 24, 23, 14.3126, 16.4915
986, 24, 23, 14.2995, 16.5019
987, 24, 23, 14.2816, 16.5252
988, 24, 23, 14.2772, 16.5364
989, 24, 23, 14.2689, 16.5649
990, 24, 23, 14.1851, 16.5848
991, 24, 23, 14.1732, 16.61
992, 24, 23, 14.1601, 16.6241
993, 24, 23, 14.1481, 16.6507
994, 24, 23, 14.1327, 16.67
995, 24, 23, 14.1244, 16.6811
996, 24, 23, 14.1099, 16.6917
997, 24, 23, 14.108, 16.7032
998, 24, 23, 14.1094, 16.7146
999, 24, 23, 14.0915, 16.7617
