Seed is: 96
Number of samples is: 1000
Simulation name is: Simulation_1TV.sim
TimeStep, Distraction Rate, Missed States, Model Accuracy, Time (ms)
0, 0, 165, 0, 6e-05
1, 0, 164, 0.763197, 0.08401
2, 0, 163, 1.7632, 0.114318
3, 0, 163, 1.34816, 0.123786
4, 0, 163, 1.17823, 0.157059
5, 0, 162, 1.94143, 0.182147
6, 0, 161, 2.2942, 0.203488
7, 0, 161, 1.80924, 0.211904
8, 0, 161, 1.43571, 0.228495
9, 0, 161, 1.23117, 0.237152
10, 0, 161, 1.07823, 0.245167
11, 0, 160, 1.84143, 0.260086
12, 0, 159, 2.60463, 0.268131
13, 0, 158, 2.9574, 0.289351
14, 0, 158, 3.27244, 0.307265
15, 0, 158, 3.53587, 0.385314
16, 0, 158, 2.8989, 0.435209
17, 0, 158, 2.52537, 0.47235
18, 0, 158, 2.2213, 0.490444
19, 0, 158, 2.06836, 0.541792
20, 0, 157, 3.06836, 0.572601
21, 0, 157, 2.65333, 0.595154
22, 0, 157, 2.4834, 0.60359
23, 0, 156, 3.2466, 0.625672
24, 0, 155, 4.00979, 0.637795
25, 0, 154, 5.00979, 0.665518
26, 0, 154, 4.59476, 0.684043
27, 0, 154, 4.42483, 0.692499
28, 0, 153, 5.18803, 0.706666
29, 0, 153, 4.8145, 0.721244
30, 0, 153, 4.44096, 0.729991
31, 0, 152, 5.20416, 0.772111
32, 0, 151, 6.20416, 0.786819
33, 0, 151, 5.78912, 0.797589
34, 0, 151, 5.6192, 0.806296
35, 0, 150, 6.6192, 0.859287
36, 0, 150, 6.20416, 0.892751
37, 0, 150, 6.03423, 0.902689
38, 0, 149, 7.03423, 0.936714
39, 0, 149, 6.6192, 0.969867
40, 0, 149, 6.44927, 0.985607
41, 0, 148, 6.21708, 1.02609
42, 0, 147, 7.56524, 1.05634
43, 0, 146, 8.56524, 1.1005
44, 0, 146, 8.1502, 1.12686
45, 0, 146, 7.98028, 1.14497
46, 0, 145, 7.74808, 1.1992
47, 0, 144, 9.09624, 1.22992
48, 0, 143, 9.85944, 1.2635
49, 0, 143, 10.1745, 1.28595
50, 0, 142, 11.1745, 1.34246
51, 0, 141, 11.9377, 1.40696
52, 0, 140, 12.9377, 1.47771
53, 0, 140, 12.5226, 1.52401
54, 0, 140, 12.3527, 1.54634
55, 0, 139, 13.3527, 1.5615
56, 0, 139, 12.9377, 1.58791
57, 0, 139, 12.7677, 1.62434
58, 0, 138, 13.5309, 1.64182
59, 0, 138, 13.1159, 1.65039
60, 0, 138, 12.7424, 1.67581
61, 0, 137, 13.0951, 1.73269
62, 0, 137, 12.6102, 1.75676
63, 0, 137, 12.5171, 1.7785
64, 0, 136, 12.7584, 1.78742
65, 0, 136, 12.5539, 1.82742
66, 0, 136, 12.3493, 1.83752
67, 0, 136, 12.2388, 1.90342
68, 0, 135, 13.002, 1.92329
69, 0, 134, 13.7652, 1.93865
70, 0, 133, 14.5284, 1.9483
71, 0, 132, 15.5284, 1.96761
72, 0, 131, 16.5284, 1.98047
73, 0, 131, 16.1134, 2.01149
74, 0, 130, 16.8766, 2.02044
75, 0, 129, 17.8766, 2.03863
76, 0, 128, 18.6398, 2.04763
77, 0, 128, 18.4699, 2.06188
78, 0, 128, 18.0548, 2.12035
79, 0, 128, 17.6813, 2.12961
80, 0, 128, 17.3078, 2.16216
81, 0, 128, 17.1548, 2.19862
82, 0, 128, 16.7398, 2.25769
83, 0, 128, 16.5869, 2.31316
84, 0, 128, 16.4937, 2.35128
85, 0, 127, 16.6835, 2.39235
86, 0, 127, 16.573, 2.41613
87, 0, 127, 16.4031, 2.44765
88, 0, 126, 17.1663, 2.5059
89, 0, 125, 18.1663, 2.61109
90, 0, 125, 17.7512, 2.62027
91, 0, 125, 17.5813, 2.62897
92, 0, 124, 18.3445, 2.65329
93, 0, 123, 18.6973, 2.67883
94, 0, 123, 19.0123, 2.72196
95, 0, 123, 18.4342, 2.74964
96, 0, 123, 18.0607, 2.76332
97, 0, 123, 17.6872, 2.78987
98, 0, 123, 17.5172, 2.79919
99, 0, 122, 18.2804, 2.8945
100, 0, 121, 18.0482, 2.90373
101, 0, 120, 19.3964, 2.92353
102, 0, 120, 19.2435, 2.96361
103, 0, 120, 18.7585, 2.97577
104, 0, 120, 18.6747, 2.99208
105, 0, 119, 19.4379, 3.0194
106, 0, 119, 19.0644, 3.03846
107, 0, 119, 18.8009, 3.0595
108, 0, 118, 19.5641, 3.07526
109, 0, 117, 20.3273, 3.12829
110, 0, 117, 20.2743, 3.16156
111, 0, 117, 19.9008, 3.1707
112, 0, 116, 20.664, 3.2005
113, 0, 115, 21.4272, 3.22013
114, 0, 114, 22.4272, 3.25961
115, 0, 114, 22.0121, 3.34291
116, 0, 114, 21.8422, 3.35651
117, 0, 113, 22.6054, 3.37775
118, 0, 113, 22.2319, 3.42396
119, 0, 113, 21.8584, 3.43286
120, 0, 113, 21.7054, 3.44179
121, 0, 113, 21.5525, 3.47167
122, 0, 112, 22.5525, 3.48952
123, 0, 112, 22.1374, 3.52842
124, 0, 112, 21.9675, 3.55957
125, 0, 111, 22.9675, 3.61906
126, 0, 111, 22.5525, 3.65279
127, 0, 111, 22.3826, 3.70517
128, 0, 110, 23.1458, 3.73119
129, 0, 110, 22.7722, 3.74141
130, 0, 110, 22.3987, 3.75081
131, 0, 110, 22.2458, 3.77092
132, 0, 110, 22.0928, 3.80657
133, 0, 109, 23.0928, 3.83855
134, 0, 109, 22.6778, 3.87035
135, 0, 109, 22.5079, 3.87954
136, 0, 109, 22.4241, 3.88879
137, 0, 108, 22.6138, 3.94342
138, 0, 108, 22.5033, 4.01347
139, 0, 107, 23.2665, 4.04384
140, 0, 106, 24.0297, 4.11223
141, 0, 105, 25.0297, 4.12154
142, 0, 105, 24.6147, 4.1346
143, 0, 105, 24.4447, 4.16687
144, 0, 105, 24.3609, 4.20033
145, 0, 104, 24.7137, 4.20965
146, 0, 104, 24.2287, 4.23747
147, 0, 104, 23.8552, 4.2686
148, 0, 104, 24.1702, 4.32484
149, 0, 104, 23.5922, 4.34618
150, 0, 104, 23.4222, 4.36334
151, 0, 104, 23.3634, 4.37257
152, 0, 104, 22.7853, 4.4107
153, 0, 104, 22.4117, 4.44535
154, 0, 104, 22.6163, 4.48378
155, 0, 104, 22.3122, 4.5378
156, 0, 104, 22.1593, 4.57587
157, 0, 104, 22.0662, 4.60834
158, 0, 104, 21.8853, 4.62741
159, 0, 103, 22.6485, 4.64278
160, 0, 102, 23.4117, 4.66429
161, 0, 102, 23.0381, 4.73174
162, 0, 101, 24.0381, 4.74122
163, 0, 101, 23.6231, 4.80435
164, 0, 101, 23.2496, 4.83312
165, 0, 101, 23.0966, 4.88449
166, 0, 101, 22.9267, 4.90575
167, 0, 101, 22.8336, 4.96348
168, 0, 101, 22.6807, 5.00237
169, 0, 101, 22.5969, 5.01964
170, 0, 101, 22.538, 5.08509
171, 0, 101, 22.4542, 5.12818
172, 0, 100, 23.2174, 5.14592
173, 0, 99, 23.9806, 5.17179
174, 0, 99, 23.8875, 5.18684
175, 0, 99, 23.7944, 5.20238
176, 0, 99, 23.7012, 5.22844
177, 0, 99, 23.4378, 5.25039
178, 0, 99, 23.3972, 5.2834
179, 0, 99, 23.3298, 5.32001
180, 0, 99, 23.2193, 5.32955
181, 0, 99, 23.0995, 5.35666
182, 0, 98, 23.4523, 5.3717
183, 0, 98, 22.9673, 5.3983
184, 0, 98, 22.5938, 5.44101
185, 0, 98, 22.5349, 5.47476
186, 0, 98, 22.476, 5.49024
187, 0, 98, 22.4171, 5.53863
188, 0, 98, 22.266, 5.58155
189, 0, 98, 22.1812, 5.64696
190, 0, 98, 21.9767, 5.66277
191, 0, 97, 22.9767, 5.69701
192, 0, 97, 22.5617, 5.71845
193, 0, 97, 22.3917, 5.76861
194, 0, 96, 23.3917, 5.8384
195, 0, 96, 22.9767, 5.85415
196, 0, 96, 22.8068, 5.88384
197, 0, 95, 23.57, 5.89361
198, 0, 94, 24.3332, 5.91354
199, 0, 93, 25.0964, 5.94003
200, 0, 93, 25.0033, 5.9783
201, 0, 93, 24.9444, 5.98799
202, 0, 93, 24.8513, 6.00711
203, 0, 93, 24.7001, 6.0475
204, 0, 93, 24.3266, 6.07387
205, 0, 93, 23.9531, 6.09502
206, 0, 93, 23.8001, 6.12006
207, 0, 93, 23.6472, 6.13768
208, 0, 93, 23.6106, 6.15367
209, 0, 92, 24.6106, 6.17277
210, 0, 92, 24.1956, 6.18625
211, 0, 92, 24.0256, 6.21278
212, 0, 92, 23.8727, 6.23307
213, 0, 92, 23.4992, 6.26682
214, 0, 92, 23.4154, 6.27967
215, 0, 92, 23.3565, 6.32432
216, 0, 92, 23.2891, 6.34068
217, 0, 92, 22.9156, 6.35989
218, 0, 92, 22.7627, 6.40182
219, 0, 92, 22.8968, 6.44307
220, 0, 92, 22.777, 6.4726
221, 0, 91, 23.5402, 6.50385
222, 0, 91, 23.4555, 6.53785
223, 0, 91, 23.082, 6.5561
224, 0, 91, 23.0193, 6.6078
225, 1, 90, 24.0193, 6.64243
226, 2, 90, 23.6043, 6.65965
227, 3, 90, 23.4343, 6.70825
228, 3, 90, 23.4076, 6.75632
229, 3, 90, 23.3145, 6.77704
230, 3, 90, 23.1099, 6.81433
231, 4, 90, 23.0168, 6.84139
232, 5, 90, 22.9579, 6.87777
233, 6, 90, 22.9173, 6.90438
234, 7, 90, 22.8875, 6.91485
235, 8, 90, 22.8648, 6.92571
236, 9, 90, 22.8469, 6.96404
237, 10, 90, 22.8324, 6.98438
238, 11, 90, 22.8204, 6.99816
239, 11, 90, 22.7366, 7.02723
240, 11, 89, 22.9264, 7.037
241, 11, 89, 22.8159, 7.06504
242, 11, 89, 22.7628, 7.09564
243, 11, 88, 23.526, 7.14047
244, 11, 88, 23.1525, 7.15027
245, 11, 88, 23.2365, 7.18453
246, 11, 88, 23.1776, 7.21221
247, 11, 88, 23.137, 7.24319
248, 11, 88, 23.1073, 7.2528
249, 11, 88, 23.0399, 7.2843
250, 11, 88, 22.9773, 7.3024
251, 11, 87, 23.33, 7.31249
252, 11, 87, 22.8451, 7.32258
253, 11, 86, 23.8451, 7.3432
254, 11, 86, 23.43, 7.37028
255, 11, 86, 23.2601, 7.40256
256, 11, 85, 24.0233, 7.41646
257, 11, 85, 23.9703, 7.42828
258, 11, 85, 23.9297, 7.48188
259, 11, 84, 24.6929, 7.49192
260, 11, 83, 25.4561, 7.50654
261, 11, 82, 25.8088, 7.52253
262, 11, 82, 25.3239, 7.53277
263, 11, 82, 25.1193, 7.54803
264, 11, 82, 24.7458, 7.58001
265, 11, 82, 24.6353, 7.60539
266, 11, 81, 25.6353, 7.62381
267, 11, 81, 25.2203, 7.63888
268, 11, 81, 25.0503, 7.65304
269, 11, 81, 24.9572, 7.68108
270, 11, 81, 24.8641, 7.6909
271, 11, 81, 24.7112, 7.7553
272, 11, 81, 24.6007, 7.77867
273, 11, 81, 24.5076, 7.79256
274, 11, 81, 24.4145, 7.80311
275, 11, 81, 24.2099, 7.83491
276, 11, 81, 24.1426, 7.85755
277, 11, 81, 24.0837, 7.89553
278, 11, 81, 24.0248, 7.92923
279, 11, 81, 23.8719, 7.95417
280, 11, 81, 23.814, 7.99047
281, 12, 81, 23.8039, 8.01313
282, 12, 81, 23.7673, 8.03618
283, 12, 81, 23.3938, 8.05931
284, 12, 81, 23.31, 8.09692
285, 12, 81, 23.2734, 8.12135
286, 12, 81, 22.8999, 8.17631
287, 12, 80, 23.8999, 8.2064
288, 12, 80, 23.4848, 8.23436
289, 12, 80, 23.3149, 8.25412
290, 12, 79, 23.6677, 8.28432
291, 12, 79, 23.1827, 8.29428
292, 12, 79, 23.1238, 8.32712
293, 12, 79, 23.0649, 8.35023
294, 12, 79, 22.9544, 8.41929
295, 12, 79, 22.9277, 8.47128
296, 12, 79, 22.7747, 8.49847
297, 12, 79, 22.6816, 8.50845
298, 12, 78, 23.4448, 8.54076
299, 12, 77, 24.208, 8.57834
300, 12, 76, 24.9712, 8.61485
301, 12, 75, 25.7344, 8.62755
302, 12, 75, 25.3609, 8.64873
303, 12, 75, 24.9873, 8.69071
304, 12, 74, 25.7505, 8.72475
305, 12, 74, 25.377, 8.7669
306, 12, 74, 25.0035, 8.83692
307, 12, 74, 24.8505, 8.85618
308, 12, 74, 24.6976, 8.87175
309, 12, 73, 25.6976, 8.9024
310, 12, 73, 25.2826, 8.92684
311, 12, 73, 25.1126, 8.9367
312, 12, 72, 26.1126, 8.96196
313, 12, 72, 25.6976, 8.97176
314, 12, 72, 25.5277, 8.9896
315, 12, 71, 26.2909, 9.00614
316, 12, 71, 25.9173, 9.02079
317, 12, 71, 25.5438, 9.03585
318, 12, 71, 25.3909, 9.0978
319, 12, 71, 25.2379, 9.11963
320, 12, 70, 26.0011, 9.13125
321, 12, 69, 26.7643, 9.2163
322, 12, 68, 27.5275, 9.22663
323, 12, 68, 27.4745, 9.24244
324, 12, 68, 27.4541, 9.28196
325, 12, 68, 27.0806, 9.30857
326, 12, 68, 26.707, 9.32405
327, 12, 68, 26.6704, 9.39063
328, 12, 68, 26.6543, 9.45783
329, 12, 67, 26.844, 9.46916
330, 12, 67, 26.7335, 9.51503
331, 12, 67, 26.36, 9.52661
332, 12, 67, 26.307, 9.54546
333, 12, 67, 26.2232, 9.5883
334, 12, 67, 26.1754, 9.60099
335, 12, 67, 26.1623, 9.64065
336, 12, 67, 26.2847, 9.69621
337, 12, 67, 26.1876, 9.70664
338, 12, 67, 26.1038, 9.71674
339, 12, 67, 26.0107, 9.74202
340, 12, 67, 25.9269, 9.77647
341, 12, 66, 26.9269, 9.79692
342, 12, 66, 26.5119, 9.82238
343, 12, 66, 26.3419, 9.84634
344, 12, 65, 27.1051, 9.88453
345, 12, 65, 27.0378, 9.89627
346, 12, 65, 26.9705, 9.90781
347, 12, 65, 26.8175, 9.9201
348, 12, 65, 26.7204, 9.95168
349, 12, 65, 26.6615, 9.96147
350, 12, 65, 26.6175, 10.0169
351, 12, 65, 26.5714, 10.0639
352, 12, 65, 26.5447, 10.1015
353, 12, 64, 26.3125, 10.1124
354, 12, 63, 27.6606, 10.1677
355, 12, 62, 28.4238, 10.1858
356, 12, 62, 27.9389, 10.1976
357, 12, 62, 27.5653, 10.2327
358, 12, 62, 27.3608, 10.2495
359, 12, 62, 27.2079, 10.2595
360, 12, 61, 28.2079, 10.2744
361, 12, 61, 27.7928, 10.2843
362, 12, 61, 27.6229, 10.3382
363, 12, 61, 27.5298, 10.3515
364, 12, 61, 27.4193, 10.3662
365, 12, 60, 28.4193, 10.3964
366, 12, 60, 28.0043, 10.4069
367, 12, 60, 27.8343, 10.4548
368, 12, 59, 27.6021, 10.4838
369, 12, 58, 28.9503, 10.5036
370, 12, 57, 29.9503, 10.5495
371, 12, 57, 29.5353, 10.5666
372, 12, 57, 29.3653, 10.5898
373, 12, 56, 30.1285, 10.6206
374, 12, 56, 29.9756, 10.6447
375, 12, 56, 29.6021, 10.6544
376, 12, 56, 29.5183, 10.6644
377, 12, 56, 29.3653, 10.6912
378, 12, 56, 29.3386, 10.74
379, 12, 56, 29.2945, 10.7722
380, 12, 56, 29.2538, 10.7837
381, 12, 56, 29.17, 10.8087
382, 12, 56, 29.1328, 10.8443
383, 12, 56, 29.1123, 10.8632
384, 12, 56, 29.045, 10.8827
385, 12, 56, 29.36, 10.9027
386, 12, 55, 30.36, 10.9217
387, 12, 55, 29.945, 10.9751
388, 12, 55, 29.775, 10.9968
389, 12, 55, 29.197, 11.0259
390, 12, 54, 29.9602, 11.0356
391, 12, 54, 29.8671, 11.0456
392, 12, 54, 29.774, 11.0757
393, 12, 54, 29.6902, 11.0944
394, 12, 54, 29.6461, 11.1438
395, 12, 54, 29.5931, 11.2057
396, 12, 54, 29.5342, 11.2475
397, 12, 54, 29.4668, 11.2668
398, 13, 54, 29.4583, 11.2974
399, 13, 54, 29.3053, 11.3075
400, 13, 54, 29.2747, 11.3452
401, 13, 54, 29.2542, 11.388
402, 13, 54, 29.1437, 11.4037
403, 13, 54, 29.1276, 11.4255
404, 13, 54, 28.9747, 11.4482
405, 13, 54, 28.8816, 11.4767
406, 13, 54, 28.7885, 11.5264
407, 13, 54, 28.7355, 11.5646
408, 13, 54, 28.6424, 11.5745
409, 13, 54, 28.5586, 11.5971
410, 13, 54, 28.4997, 11.607
411, 13, 54, 28.4408, 11.636
412, 13, 54, 28.4042, 11.6605
413, 13, 54, 28.3368, 11.685
414, 13, 54, 27.9633, 11.7174
415, 13, 54, 27.5898, 11.7896
416, 13, 54, 27.5368, 11.7999
417, 13, 54, 27.3322, 11.8146
418, 13, 54, 27.1793, 11.825
419, 13, 54, 27.1125, 11.8642
420, 13, 54, 27.0827, 11.8863
421, 13, 54, 27.0453, 11.9336
422, 13, 54, 26.9923, 11.9727
423, 13, 54, 26.9516, 11.9828
424, 13, 54, 26.9289, 12.0066
425, 13, 54, 26.8987, 12.0337
426, 13, 54, 26.8732, 12.0739
427, 13, 54, 26.8601, 12.0841
428, 13, 54, 26.7928, 12.0941
429, 14, 54, 26.7854, 12.1063
430, 14, 54, 26.7693, 12.1644
431, 14, 54, 26.7391, 12.1838
432, 14, 54, 26.4756, 12.2646
433, 14, 54, 26.1021, 12.3453
434, 14, 54, 25.9509, 12.3858
435, 14, 54, 25.8578, 12.4047
436, 14, 53, 26.0992, 12.4327
437, 14, 53, 25.8946, 12.4571
438, 14, 53, 25.7975, 12.4842
439, 14, 53, 25.6446, 12.509
440, 14, 53, 25.5916, 12.5517
441, 14, 53, 25.5327, 12.5633
442, 14, 53, 25.4489, 12.594
443, 14, 53, 25.4192, 12.6176
444, 14, 53, 25.5306, 12.6398
445, 14, 53, 25.494, 12.6706
446, 14, 53, 25.4499, 12.694
447, 14, 53, 25.3661, 12.7706
448, 14, 53, 25.3255, 12.8083
449, 14, 53, 25.2849, 12.8496
450, 14, 53, 25.2367, 12.8879
451, 14, 53, 25.207, 12.9022
452, 14, 53, 25.1856, 12.9128
453, 14, 53, 25.1415, 12.9554
454, 14, 53, 25.1116, 12.986
455, 14, 53, 25.0814, 12.9965
456, 14, 53, 25.0407, 13.0156
457, 14, 53, 24.9967, 13.0449
458, 14, 53, 24.9859, 13.0648
459, 14, 53, 24.9632, 13.0772
460, 14, 53, 25.0737, 13.0973
461, 14, 53, 24.9744, 13.1077
462, 14, 53, 24.8215, 13.1485
463, 14, 53, 24.7469, 13.161
464, 14, 53, 24.688, 13.1712
465, 14, 53, 24.635, 13.1913
466, 14, 53, 24.5512, 13.2412
467, 14, 53, 24.5146, 13.2513
468, 14, 53, 24.4215, 13.2715
469, 14, 53, 24.3685, 13.3042
470, 14, 53, 23.995, 13.3351
471, 14, 53, 23.9543, 13.3933
472, 14, 53, 23.9013, 13.4493
473, 14, 53, 23.8716, 13.473
474, 14, 53, 23.8309, 13.4965
475, 14, 53, 23.8012, 13.5229
476, 14, 53, 23.7784, 13.5368
477, 14, 53, 23.7487, 13.5468
478, 14, 53, 23.7128, 13.5961
479, 14, 53, 23.6949, 13.6065
480, 14, 53, 23.6795, 13.6504
481, 14, 53, 23.658, 13.6821
482, 14, 53, 23.5742, 13.7181
483, 14, 53, 23.5336, 13.7468
484, 14, 53, 23.5108, 13.7649
485, 14, 53, 23.4926, 13.7944
486, 15, 53, 23.4862, 13.815
487, 15, 53, 23.4754, 13.8606
488, 15, 53, 23.4224, 13.886
489, 15, 53, 23.3783, 13.9005
490, 15, 52, 24.1415, 13.9241
491, 15, 52, 23.9886, 13.9399
492, 15, 51, 24.7518, 13.9555
493, 15, 50, 25.515, 13.9705
494, 15, 50, 25.1415, 14.0124
495, 15, 49, 25.4942, 14.023
496, 15, 49, 25.0093, 14.0465
497, 15, 49, 24.8563, 14.0837
498, 15, 49, 24.6518, 14.1152
499, 15, 49, 24.568, 14.1593
500, 15, 49, 24.4749, 14.1824
501, 15, 49, 24.3911, 14.2081
502, 15, 49, 24.347, 14.2493
503, 15, 49, 24.294, 14.2593
504, 15, 49, 24.2009, 14.2933
505, 15, 49, 24.1707, 14.3199
506, 15, 49, 24.0869, 14.3518
507, 15, 49, 23.7133, 14.3968
508, 15, 49, 23.6544, 14.4114
509, 15, 49, 23.6014, 14.4215
510, 15, 49, 23.5083, 14.4876
511, 15, 48, 23.7497, 14.498
512, 15, 48, 23.5451, 14.5539
513, 15, 47, 24.3083, 14.5868
514, 15, 46, 24.5497, 14.6191
515, 15, 46, 24.3451, 14.7412
516, 15, 45, 25.1083, 14.7573
517, 15, 45, 24.9978, 14.8092
518, 15, 45, 24.6243, 14.8309
519, 15, 45, 24.5138, 14.8503
520, 15, 45, 24.4772, 14.8817
521, 15, 45, 24.4099, 14.9386
522, 15, 45, 24.3168, 14.9556
523, 15, 45, 24.2236, 14.995
524, 15, 45, 24.1969, 15.0375
525, 15, 45, 24.0864, 15.064
526, 15, 45, 24.0026, 15.1009
527, 15, 45, 23.9799, 15.1348
528, 15, 45, 23.9619, 15.1755
529, 15, 45, 23.9392, 15.1905
530, 15, 45, 23.9118, 15.2093
531, 15, 45, 23.9005, 15.2197
532, 15, 45, 23.885, 15.2687
533, 15, 45, 23.8759, 15.2863
534, 15, 45, 23.8393, 15.31
535, 15, 45, 23.7462, 15.3382
536, 15, 45, 23.5933, 15.3695
537, 15, 45, 23.5344, 15.3988
538, 15, 45, 23.4506, 15.4128
539, 15, 44, 23.5918, 15.4779
540, 15, 44, 23.5616, 15.4975
541, 15, 44, 23.5027, 15.5334
542, 15, 44, 23.4813, 15.583
543, 15, 43, 23.63, 15.6389
544, 15, 43, 23.5859, 15.7048
545, 15, 43, 23.527, 15.7354
546, 15, 43, 23.4597, 15.7654
547, 15, 42, 23.5974, 15.7904
548, 15, 42, 23.5385, 15.8085
549, 15, 42, 23.4796, 15.8442
550, 15, 42, 23.4582, 15.862
551, 15, 42, 23.3909, 15.8951
552, 15, 42, 23.0174, 15.9189
553, 15, 42, 22.9733, 15.9294
554, 15, 41, 23.7365, 15.9655
555, 15, 41, 23.6776, 15.9848
556, 15, 41, 23.6246, 16.0046
557, 15, 41, 23.5408, 16.0152
558, 15, 41, 23.5274, 16.0445
559, 15, 40, 23.6721, 16.0715
560, 15, 40, 23.6677, 16.097
561, 15, 40, 23.641, 16.1225
562, 15, 40, 23.7109, 16.1745
563, 15, 40, 23.6702, 16.1919
564, 15, 40, 23.6113, 16.2233
565, 15, 40, 23.5632, 16.2401
566, 15, 39, 23.8045, 16.251
567, 15, 39, 23.6, 16.2917
568, 15, 39, 23.5594, 16.3159
569, 15, 39, 23.5187, 16.3271
570, 15, 39, 23.5707, 16.3715
571, 15, 39, 23.541, 16.3815
572, 15, 39, 23.5112, 16.3918
573, 15, 39, 23.4753, 16.4517
574, 15, 39, 23.4347, 16.4761
575, 15, 39, 23.4722, 16.5018
576, 15, 39, 23.4316, 16.5276
577, 15, 39, 23.395, 16.5438
578, 15, 39, 23.3676, 16.5729
579, 15, 39, 23.3378, 16.5831
580, 15, 39, 23.3111, 16.6332
581, 15, 39, 23.2581, 16.6437
582, 15, 39, 23.2465, 16.6953
583, 15, 39, 23.2433, 16.7261
584, 15, 39, 23.2229, 16.7541
585, 15, 39, 23.187, 16.7717
586, 15, 38, 23.3768, 16.8132
587, 15, 38, 23.5398, 16.8243
588, 15, 38, 23.4467, 16.8344
589, 15, 38, 23.2955, 16.9095
590, 15, 38, 23.2681, 16.9202
591, 15, 38, 23.2151, 16.9304
592, 15, 38, 23.1849, 16.9484
593, 15, 38, 23.1408, 16.9859
594, 15, 38, 23.1783, 17.0125
595, 15, 38, 23.0254, 17.0246
596, 15, 38, 22.9952, 17.0557
597, 15, 38, 22.9678, 17.1123
598, 15, 38, 22.7869, 17.1228
599, 15, 37, 23.7869, 17.1615
600, 15, 37, 23.3718, 17.182
601, 15, 37, 23.2019, 17.2309
602, 15, 36, 23.9651, 17.2615
603, 15, 36, 23.9438, 17.2925
604, 15, 36, 23.9196, 17.323
605, 15, 36, 23.9105, 17.3409
606, 15, 36, 23.8526, 17.3516
607, 15, 36, 23.812, 17.3698
608, 15, 36, 23.7852, 17.4088
609, 15, 35, 23.9482, 17.4714
610, 15, 35, 23.9117, 17.4833
611, 15, 35, 23.8185, 17.514
612, 15, 35, 23.7597, 17.5243
613, 15, 35, 23.6067, 17.5817
614, 15, 35, 23.5136, 17.5955
615, 15, 35, 23.3607, 17.6119
616, 15, 35, 23.2769, 17.653
617, 15, 35, 23.2501, 17.7004
618, 15, 35, 23.1663, 17.7418
619, 15, 35, 23.0825, 17.7841
620, 15, 35, 22.9894, 17.8161
621, 15, 35, 22.8696, 17.8639
622, 15, 35, 22.8107, 17.8968
623, 15, 35, 22.7577, 17.9591
624, 15, 35, 22.7136, 17.9773
625, 15, 35, 22.7706, 17.9982
626, 15, 35, 22.7299, 18.0313
627, 15, 35, 22.6893, 18.0445
628, 15, 35, 22.6594, 18.0756
629, 15, 35, 22.6005, 18.0904
630, 15, 35, 22.5703, 18.1165
631, 15, 35, 22.1968, 18.135
632, 15, 35, 22.1694, 18.1514
633, 15, 35, 22.0589, 18.1977
634, 15, 35, 21.9484, 18.2133
635, 15, 35, 21.9118, 18.2401
636, 15, 35, 21.9017, 18.2839
637, 16, 35, 21.8961, 18.3318
638, 16, 34, 22.0336, 18.3649
639, 16, 34, 22.0314, 18.4067
640, 16, 34, 21.9908, 18.4178
641, 16, 34, 21.9747, 18.4538
642, 16, 34, 21.9449, 18.4688
643, 16, 34, 21.8611, 18.5218
644, 16, 34, 21.817, 18.5722
645, 16, 34, 21.8058, 18.5976
646, 16, 34, 21.7844, 18.6458
647, 16, 34, 21.7255, 18.7093
648, 16, 34, 21.6666, 18.7274
649, 16, 34, 21.5998, 18.7588
650, 16, 34, 21.516, 18.7819
651, 16, 34, 21.463, 18.8256
652, 16, 34, 21.4542, 18.8848
653, 16, 34, 21.4459, 18.9003
654, 16, 34, 21.4018, 18.9339
655, 16, 34, 21.3958, 18.985
656, 16, 34, 21.2428, 19.0093
657, 16, 34, 21.2022, 19.0331
658, 16, 33, 21.3399, 19.0475
659, 16, 33, 21.3185, 19.0717
660, 16, 33, 21.2883, 19.0958
661, 16, 33, 21.2586, 19.1064
662, 16, 33, 21.2288, 19.117
663, 16, 33, 21.2134, 19.1332
664, 16, 33, 21.192, 19.1998
665, 16, 33, 21.1623, 19.2104
666, 16, 33, 21.1325, 19.2211
667, 16, 33, 21.0959, 19.2396
668, 16, 33, 21.0791, 19.2521
669, 16, 33, 21.0564, 19.288
670, 16, 33, 21.0719, 19.3046
671, 16, 33, 21.0574, 19.3687
672, 16, 33, 21.0375, 19.4324
673, 16, 33, 21.0009, 19.4884
674, 16, 33, 20.9844, 19.5218
675, 16, 33, 20.9577, 19.5389
676, 16, 33, 20.9398, 19.5496
677, 16, 33, 20.926, 19.5725
678, 16, 33, 20.9635, 19.598
679, 16, 33, 20.9558, 19.6127
680, 16, 33, 20.9192, 19.6248
681, 16, 33, 20.8786, 19.6692
682, 16, 33, 20.8256, 19.7009
683, 16, 33, 20.7795, 19.7365
684, 16, 33, 20.7591, 19.7684
685, 16, 33, 20.7002, 19.8241
686, 16, 33, 20.6329, 19.8684
687, 16, 33, 20.4283, 19.9144
688, 16, 33, 20.3981, 19.9361
689, 16, 33, 20.3915, 19.9623
690, 16, 33, 20.4588, 19.9811
691, 16, 33, 20.4409, 19.9916
692, 16, 33, 20.4141, 20.0273
693, 16, 33, 20.3611, 20.0448
694, 16, 33, 20.3384, 20.0767
695, 16, 33, 20.3157, 20.1006
696, 16, 33, 20.2791, 20.1286
697, 16, 33, 20.2493, 20.1588
698, 16, 33, 20.2314, 20.171
699, 16, 33, 20.2237, 20.2276
700, 17, 33, 20.2187, 20.241
701, 17, 33, 20.2143, 20.2618
702, 17, 33, 20.1989, 20.2908
703, 17, 33, 20.1623, 20.3383
704, 17, 33, 20.1217, 20.3551
705, 17, 33, 20.0379, 20.3859
706, 17, 33, 20.0266, 20.4004
707, 17, 33, 20.0208, 20.4635
708, 17, 33, 20.0004, 20.4867
709, 17, 33, 19.9706, 20.4974
710, 17, 33, 19.8601, 20.5261
711, 17, 33, 19.8195, 20.5364
712, 17, 33, 19.7788, 20.5502
713, 17, 33, 19.7307, 20.5647
714, 17, 33, 19.708, 20.6064
715, 17, 33, 19.6406, 20.623
716, 17, 33, 19.6109, 20.6381
717, 17, 33, 19.5811, 20.6638
718, 17, 33, 19.5584, 20.6864
719, 17, 33, 19.5316, 20.6971
720, 17, 33, 19.5204, 20.708
721, 17, 33, 19.4845, 20.7189
722, 17, 32, 19.6332, 20.7503
723, 17, 32, 19.6153, 20.7607
724, 17, 32, 19.7079, 20.7982
725, 17, 32, 19.6411, 20.8096
726, 17, 32, 19.6184, 20.834
727, 17, 32, 19.5979, 20.8446
728, 17, 32, 19.5682, 20.8551
729, 17, 32, 19.5379, 20.8686
730, 17, 32, 19.5366, 20.9547
731, 17, 32, 19.4836, 20.9994
732, 17, 32, 19.4609, 21.0236
733, 17, 32, 19.5179, 21.0521
734, 17, 32, 19.4951, 21.0628
735, 17, 32, 19.4684, 21.0894
736, 17, 32, 19.4616, 21.13
737, 17, 32, 19.4585, 21.1413
738, 17, 32, 19.4371, 21.1523
739, 17, 32, 19.3841, 21.1731
740, 17, 32, 19.3539, 21.1969
741, 17, 32, 19.337, 21.2139
742, 17, 32, 19.3311, 21.2316
743, 18, 32, 19.3266, 21.2603
744, 18, 32, 19.3259, 21.2709
745, 18, 32, 19.3129, 21.2972
746, 18, 32, 19.2915, 21.3207
747, 18, 32, 19.2326, 21.3451
748, 18, 32, 19.1356, 21.3836
749, 18, 32, 19.1187, 21.3965
750, 18, 32, 19.0781, 21.4349
751, 18, 32, 19.0415, 21.4469
752, 18, 32, 19.0049, 21.479
753, 18, 32, 18.9836, 21.4919
754, 18, 32, 18.943, 21.5111
755, 18, 32, 18.9216, 21.5277
756, 18, 32, 18.8809, 21.5622
757, 18, 32, 18.728, 21.5729
758, 18, 32, 18.7126, 21.6012
759, 18, 32, 18.6912, 21.6118
760, 18, 32, 18.667, 21.6225
761, 18, 32, 18.6456, 21.6415
762, 18, 32, 18.4927, 21.6577
763, 18, 32, 18.452, 21.6817
764, 18, 32, 18.4366, 21.711
765, 18, 32, 18.2837, 21.7758
766, 18, 32, 18.2539, 21.793
767, 18, 32, 18.2385, 21.8298
768, 18, 32, 18.2186, 21.8533
769, 18, 32, 18.2073, 21.9025
770, 18, 32, 18.1236, 21.9132
771, 18, 32, 18.0388, 21.9789
772, 18, 32, 17.6653, 22.0127
773, 18, 32, 17.6474, 22.0411
774, 18, 32, 17.6329, 22.0532
775, 18, 32, 17.6194, 22.0785
776, 18, 32, 17.6078, 22.0973
777, 18, 31, 17.7631, 22.1115
778, 18, 31, 17.7618, 22.1328
779, 18, 31, 17.7456, 22.1446
780, 18, 31, 17.7016, 22.182
781, 18, 31, 17.6579, 22.2066
782, 18, 31, 17.6417, 22.2171
783, 18, 31, 17.5828, 22.2388
784, 18, 31, 17.5422, 22.2609
785, 18, 31, 17.5218, 22.2887
786, 18, 31, 17.4811, 22.3311
787, 18, 31, 17.4281, 22.3455
788, 18, 31, 17.3443, 22.3698
789, 18, 31, 17.2913, 22.3863
790, 18, 31, 17.2507, 22.4105
791, 18, 31, 17.2345, 22.4426
792, 18, 31, 17.2048, 22.463
793, 18, 31, 17.1682, 22.4738
794, 18, 31, 17.1316, 22.5262
795, 18, 31, 17.1014, 22.5475
796, 18, 31, 17.0176, 22.5693
797, 18, 31, 17.0063, 22.6041
798, 18, 31, 16.9766, 22.6227
799, 18, 31, 16.9601, 22.6334
800, 18, 31, 16.9304, 22.6438
801, 18, 31, 16.8677, 22.6609
802, 18, 31, 16.8271, 22.7014
803, 18, 31, 16.7741, 22.7174
804, 18, 31, 16.6211, 22.7304
805, 18, 31, 16.5984, 22.7516
806, 18, 31, 16.5757, 22.7665
807, 18, 31, 16.5543, 22.7773
808, 18, 31, 16.5536, 22.8289
809, 18, 31, 16.5173, 22.8783
810, 18, 31, 16.4876, 22.8889
811, 18, 31, 16.4038, 22.9218
812, 18, 31, 16.3733, 22.9373
813, 18, 31, 16.3602, 22.9514
814, 18, 31, 16.3161, 22.9628
815, 18, 31, 16.2934, 22.994
816, 18, 31, 16.2826, 23.0233
817, 18, 31, 16.2529, 23.0354
818, 18, 30, 16.3904, 23.065
819, 18, 30, 16.3606, 23.1048
820, 18, 30, 16.3494, 23.1421
821, 18, 30, 16.3226, 23.1542
822, 18, 30, 16.2928, 23.1659
823, 18, 30, 16.2661, 23.1808
824, 18, 30, 16.2578, 23.2002
825, 18, 30, 16.1049, 23.2393
826, 18, 30, 16.088, 23.2501
827, 18, 30, 16.0613, 23.3047
828, 18, 30, 16.0315, 23.3152
829, 18, 30, 16.0088, 23.3392
830, 18, 30, 15.9953, 23.3586
831, 18, 30, 15.9841, 23.4162
832, 18, 30, 15.8736, 23.427
833, 18, 30, 15.8206, 23.4872
834, 18, 30, 15.7727, 23.4981
835, 18, 30, 15.7361, 23.5086
836, 18, 30, 15.6996, 23.5314
837, 18, 30, 15.6768, 23.5589
838, 18, 30, 15.6466, 23.6057
839, 18, 30, 15.6376, 23.6166
840, 18, 30, 15.6293, 23.6322
841, 18, 30, 15.6066, 23.6516
842, 18, 30, 15.5861, 23.6802
843, 18, 30, 15.5634, 23.7026
844, 18, 30, 15.543, 23.7328
845, 18, 30, 15.5202, 23.7834
846, 18, 30, 15.4989, 23.8241
847, 18, 30, 15.4691, 23.8349
848, 18, 30, 15.4161, 23.8766
849, 18, 30, 15.4078, 23.9354
850, 18, 30, 15.3941, 23.9464
851, 18, 30, 15.388, 23.962
852, 18, 30, 15.3042, 23.984
853, 18, 30, 15.2369, 23.9963
854, 18, 30, 15.2003, 24.0158
855, 18, 30, 15.1849, 24.0487
856, 18, 30, 15.1621, 24.0603
857, 18, 30, 15.1394, 24.0709
858, 18, 30, 15.1028, 24.0947
859, 18, 30, 15.0801, 24.1257
860, 18, 30, 15.0741, 24.1448
861, 18, 30, 15.0561, 24.1565
862, 18, 30, 15.0446, 24.2151
863, 18, 30, 15.0266, 24.2255
864, 18, 30, 14.9892, 24.2478
865, 18, 30, 14.9731, 24.2582
866, 18, 30, 14.9687, 24.2967
867, 18, 30, 14.8849, 24.3353
868, 18, 30, 14.8621, 24.3782
869, 18, 30, 14.8513, 24.3892
870, 18, 30, 14.843, 24.4273
871, 18, 30, 14.7592, 24.4548
872, 18, 30, 14.7295, 24.4751
873, 18, 30, 14.709, 24.4858
874, 18, 30, 14.6886, 24.5299
875, 18, 30, 14.6707, 24.5495
876, 18, 30, 14.6408, 24.5856
877, 18, 30, 14.6698, 24.6006
878, 18, 30, 14.6518, 24.6232
879, 18, 30, 14.6339, 24.6338
880, 18, 30, 14.6202, 24.6735
881, 18, 30, 14.5974, 24.684
882, 18, 30, 14.5301, 24.6968
883, 18, 30, 14.5033, 24.7307
884, 18, 30, 14.4973, 24.7478
885, 18, 30, 14.4793, 24.7586
886, 18, 30, 14.4352, 24.7866
887, 18, 30, 14.3822, 24.8177
888, 18, 30, 14.3643, 24.8442
889, 18, 30, 14.3498, 24.8736
890, 18, 30, 14.3378, 24.9101
891, 18, 30, 14.3725, 24.9419
892, 18, 30, 14.358, 24.9784
893, 18, 30, 14.346, 25.0206
894, 18, 30, 14.334, 25.0347
895, 18, 30, 14.324, 25.0489
896, 18, 30, 14.3075, 25.0685
897, 18, 30, 14.34, 25.1172
898, 18, 30, 14.328, 25.1455
899, 18, 30, 14.3146, 25.1888
900, 18, 30, 14.2919, 25.2515
901, 18, 30, 14.2866, 25.2625
902, 18, 30, 14.2864, 25.2744
903, 18, 30, 14.2566, 25.3192
904, 18, 30, 14.2459, 25.3581
905, 18, 30, 14.2052, 25.4403
906, 18, 30, 14.1825, 25.4512
907, 18, 30, 14.1691, 25.4749
908, 18, 30, 14.1393, 25.5017
909, 18, 30, 14.0725, 25.5401
910, 18, 30, 14.0428, 25.5564
911, 18, 30, 13.9898, 25.592
912, 18, 30, 13.9595, 25.6199
913, 19, 30, 13.9555, 25.6499
914, 19, 30, 13.9557, 25.6646
915, 19, 30, 13.9467, 25.7222
916, 19, 30, 13.9287, 25.7333
917, 19, 30, 13.906, 25.7602
918, 19, 30, 13.8952, 25.791
919, 19, 30, 13.8725, 25.8031
920, 19, 30, 13.8243, 25.8273
921, 19, 30, 13.7878, 25.8847
922, 19, 30, 13.7512, 25.9066
923, 19, 30, 13.7307, 25.9259
924, 19, 30, 13.7162, 25.94
925, 19, 30, 13.7116, 25.9843
926, 20, 30, 13.708, 26.0247
927, 20, 30, 13.6714, 26.0671
928, 20, 30, 13.6535, 26.0822
929, 20, 30, 13.6494, 26.1191
930, 20, 30, 13.6499, 26.1301
931, 20, 30, 13.6272, 26.1419
932, 20, 30, 13.6195, 26.1647
933, 20, 30, 13.605, 26.215
934, 20, 30, 13.5871, 26.226
935, 20, 30, 13.5783, 26.2621
936, 20, 30, 13.5579, 26.2946
937, 20, 30, 13.5138, 26.3163
938, 20, 30, 13.4464, 26.3583
939, 20, 30, 13.4285, 26.4384
940, 20, 30, 13.4124, 26.4727
941, 20, 30, 13.391, 26.4987
942, 20, 30, 13.3765, 26.5422
943, 20, 30, 13.3657, 26.5624
944, 20, 30, 13.3512, 26.5825
945, 20, 30, 13.3357, 26.5944
946, 20, 30, 13.3223, 26.6588
947, 20, 30, 13.3221, 26.6966
948, 20, 30, 13.2953, 26.7252
949, 20, 30, 13.2955, 26.7365
950, 20, 30, 13.281, 26.7472
951, 20, 30, 13.2551, 26.7713
952, 20, 30, 13.2021, 26.79
953, 20, 30, 13.1901, 26.8421
954, 20, 30, 13.1679, 26.8987
955, 20, 30, 13.15, 26.9295
956, 20, 30, 13.0395, 26.9502
957, 20, 30, 13.0216, 26.9895
958, 20, 30, 13.0036, 27.0186
959, 20, 30, 12.9882, 27.0474
960, 20, 30, 12.9668, 27.0721
961, 20, 30, 12.9586, 27.1099
962, 20, 30, 12.9591, 27.1205
963, 20, 30, 12.946, 27.1435
964, 20, 30, 12.9158, 27.1543
965, 20, 30, 12.8966, 27.1907
966, 20, 30, 12.8889, 27.2068
967, 20, 30, 12.871, 27.2246
968, 20, 30, 12.8483, 27.2387
969, 20, 30, 12.8422, 27.2674
970, 20, 30, 12.8243, 27.2944
971, 20, 30, 12.7975, 27.3084
972, 20, 30, 12.7761, 27.3432
973, 20, 30, 12.7616, 27.379
974, 20, 30, 12.725, 27.4077
975, 20, 30, 12.7143, 27.4248
976, 20, 30, 12.6777, 27.4692
977, 20, 30, 12.6598, 27.5007
978, 20, 30, 12.633, 27.5215
979, 20, 30, 12.6294, 27.5618
980, 20, 30, 12.6273, 27.6128
981, 20, 30, 12.6045, 27.6433
982, 20, 30, 12.5891, 27.6966
983, 21, 30, 12.5858, 27.7206
984, 22, 30, 12.5828, 27.7345
985, 22, 30, 12.5836, 27.7516
986, 22, 30, 12.5623, 27.7817
987, 22, 30, 12.5609, 27.8027
988, 22, 30, 12.5526, 27.828
989, 22, 30, 12.5252, 27.8389
990, 22, 30, 12.5107, 27.8523
991, 22, 30, 12.4626, 27.8888
992, 22, 30, 12.4447, 27.9158
993, 22, 30, 12.4285, 27.9282
994, 22, 30, 12.3755, 27.9456
995, 22, 30, 12.3576, 28.012
996, 22, 30, 12.3431, 28.0428
997, 22, 30, 12.337, 28.0673
998, 22, 30, 12.3096, 28.1045
999, 22, 30, 12.2829, 28.1153
