Seed is: 95
Number of samples is: 1000
Simulation name is: Simulation_4TV.sim
TimeStep, Distraction Rate, Missed States, Model Accuracy, Time (ms)
0, 0, 112, 0, 6e-05
1, 0, 111, 0.763197, 0.006563
2, 0, 110, 1.7632, 0.012794
3, 0, 109, 2.52639, 0.019136
4, 0, 108, 2.2942, 0.024567
5, 0, 107, 3.0574, 0.030097
6, 0, 106, 3.8206, 0.035427
7, 0, 105, 4.8206, 0.040667
8, 0, 104, 5.58379, 0.045988
9, 0, 103, 6.34699, 0.053041
10, 0, 102, 7.11019, 0.05784
11, 1, 101, 8.11019, 0.06319
12, 1, 100, 8.87338, 0.06833
13, 1, 99, 9.63658, 0.07358
14, 1, 98, 10.3998, 0.07849
15, 2, 97, 11.3998, 0.083309
16, 2, 96, 12.163, 0.088298
17, 2, 95, 11.9308, 0.093528
18, 2, 94, 12.694, 0.098478
19, 2, 94, 12.3204, 0.103838
20, 2, 93, 13.0836, 0.108927
21, 2, 92, 14.0836, 0.113837
22, 2, 91, 14.8468, 0.118886
23, 2, 90, 15.61, 0.123886
24, 2, 89, 16.3732, 0.128815
25, 2, 89, 15.9582, 0.133915
26, 2, 89, 15.5847, 0.138945
27, 2, 88, 16.9328, 0.143924
28, 2, 87, 17.696, 0.148683
29, 2, 87, 17.2111, 0.154544
30, 2, 86, 17.9743, 0.159674
31, 2, 85, 18.7375, 0.164333
32, 2, 84, 19.5007, 0.169443
33, 2, 83, 20.2638, 0.174603
34, 2, 82, 21.027, 0.179332
35, 2, 81, 22.027, 0.184401
36, 2, 80, 22.7902, 0.189581
37, 2, 79, 22.558, 0.194671
38, 2, 79, 22.1845, 0.199841
39, 2, 79, 21.811, 0.205281
40, 2, 79, 21.4374, 0.210501
41, 2, 79, 21.0224, 0.21546
42, 2, 79, 20.6489, 0.22043
43, 2, 79, 20.2753, 0.225379
44, 2, 79, 19.9018, 0.230369
45, 3, 79, 19.4868, 0.235398
46, 4, 79, 19.3168, 0.240688
47, 4, 79, 18.9433, 0.246459
48, 4, 79, 18.5698, 0.251709
49, 4, 78, 19.333, 0.256929
50, 4, 77, 19.1008, 0.261929
51, 4, 76, 19.864, 0.266798
52, 4, 75, 20.6272, 0.271607
53, 4, 74, 21.3904, 0.276677
54, 4, 74, 21.0168, 0.282197
55, 4, 73, 21.78, 0.287558
56, 4, 72, 22.78, 0.292617
57, 4, 71, 23.5432, 0.300061
58, 4, 70, 24.5432, 0.305181
59, 4, 69, 25.8914, 0.310521
60, 4, 68, 26.6546, 0.315521
61, 5, 68, 26.2396, 0.320841
62, 6, 68, 26.0696, 0.326502
63, 6, 68, 25.6961, 0.332624
64, 6, 67, 27.0443, 0.338154
65, 6, 66, 27.8075, 0.343745
66, 6, 66, 27.3225, 0.349596
67, 6, 65, 28.0857, 0.354625
68, 6, 64, 28.8489, 0.359465
69, 6, 63, 29.6121, 0.364785
70, 6, 63, 29.2385, 0.370095
71, 7, 62, 30.2385, 0.374964
72, 7, 61, 31.0017, 0.380364
73, 7, 60, 32.0017, 0.385715
74, 7, 59, 33.0017, 0.391285
75, 7, 58, 33.7649, 0.396675
76, 7, 57, 34.5281, 0.401915
77, 7, 56, 35.5281, 0.406965
78, 7, 55, 36.2913, 0.412325
79, 7, 54, 36.6441, 0.418036
80, 7, 54, 36.1591, 0.423777
81, 7, 54, 35.7856, 0.429428
82, 7, 54, 35.4121, 0.434738
83, 7, 54, 35.0385, 0.439938
84, 7, 54, 34.6235, 0.445428
85, 7, 54, 34.25, 0.450949
86, 7, 53, 35.5981, 0.456189
87, 7, 52, 36.3613, 0.461759
88, 7, 51, 37.1245, 0.46715
89, 7, 50, 37.8877, 0.47231
90, 7, 49, 38.6509, 0.47756
91, 7, 49, 38.2774, 0.48297
92, 7, 49, 37.9039, 0.488571
93, 7, 49, 37.6993, 0.494071
94, 7, 49, 37.2144, 0.499842
95, 7, 49, 36.8408, 0.50933
96, 7, 48, 37.604, 0.534177
97, 7, 47, 38.604, 0.539297
98, 7, 46, 39.3672, 0.544577
99, 7, 45, 39.72, 0.550458
100, 7, 45, 39.235, 0.5564
101, 7, 45, 38.8615, 0.56172
102, 7, 45, 38.6569, 0.567481
103, 7, 45, 38.2834, 0.574164
104, 8, 44, 39.2834, 0.579393
105, 8, 44, 38.9099, 0.584994
106, 8, 44, 38.4249, 0.590945
107, 8, 43, 39.4249, 0.596185
108, 8, 43, 39.0099, 0.601886
109, 8, 43, 38.6363, 0.607487
110, 8, 43, 38.2628, 0.613518
111, 8, 43, 37.8893, 0.618799
112, 8, 42, 38.8893, 0.624039
113, 8, 42, 38.5157, 0.629439
114, 8, 42, 38.1422, 0.634699
115, 8, 42, 37.9893, 0.639929
116, 8, 42, 37.6157, 0.645519
117, 8, 42, 37.2422, 0.65101
118, 8, 42, 37.0377, 0.65652
119, 8, 42, 36.8847, 0.662041
120, 8, 42, 36.4697, 0.667942
121, 8, 42, 36.0962, 0.673403
122, 9, 42, 35.6811, 0.678993
123, 10, 42, 35.5112, 0.684844
124, 10, 42, 35.1377, 0.691477
125, 10, 42, 34.7226, 0.696757
126, 10, 42, 34.3076, 0.702027
127, 10, 42, 33.9341, 0.707277
128, 10, 42, 33.5605, 0.713379
129, 10, 42, 33.187, 0.71947
130, 10, 42, 32.772, 0.724971
131, 10, 42, 32.3984, 0.730461
132, 10, 42, 32.1939, 0.735912
133, 10, 42, 32.041, 0.741121
134, 10, 42, 31.888, 0.746612
135, 10, 42, 31.7351, 0.752022
136, 10, 42, 31.3616, 0.757252
137, 10, 42, 30.9465, 0.762422
138, 10, 42, 30.573, 0.767622
139, 10, 42, 30.1995, 0.772812
140, 10, 42, 29.8259, 0.780066
141, 10, 42, 29.656, 0.787119
142, 10, 42, 29.5031, 0.794032
143, 10, 41, 29.7444, 0.799783
144, 10, 41, 29.5399, 0.805935
145, 11, 41, 29.4468, 0.812167
146, 12, 41, 29.3879, 0.81901
147, 13, 41, 29.3472, 0.826444
148, 14, 41, 29.3175, 0.83491
149, 15, 41, 29.2948, 0.843877
150, 16, 41, 29.2768, 0.853966
151, 16, 41, 29.1239, 0.865699
152, 16, 41, 28.954, 0.871069
153, 16, 41, 28.801, 0.876339
154, 16, 41, 28.6481, 0.88719
155, 16, 41, 28.4952, 0.89283
156, 16, 40, 28.7365, 0.903982
157, 16, 40, 28.532, 0.915233
158, 16, 40, 28.379, 0.921194
159, 16, 40, 28.2261, 0.927116
160, 16, 40, 27.8526, 0.933478
161, 16, 40, 27.479, 0.938818
162, 17, 40, 27.3859, 0.944749
163, 18, 40, 27.327, 0.951352
164, 19, 40, 27.2864, 0.958526
165, 20, 40, 27.2567, 0.966791
166, 21, 40, 27.2339, 0.975929
167, 22, 40, 27.216, 0.985898
168, 22, 40, 27.0631, 0.996929
169, 22, 40, 26.9101, 1.00293
170, 22, 40, 26.7996, 1.00916
171, 22, 40, 26.6467, 1.01511
172, 23, 40, 26.5536, 1.02137
173, 24, 40, 26.4947, 1.02823
174, 25, 40, 26.4541, 1.0356
175, 26, 40, 26.4243, 1.04388
176, 26, 40, 26.2198, 1.05296
177, 26, 40, 26.0669, 1.0593
178, 26, 39, 26.3082, 1.06533
179, 26, 39, 26.1037, 1.0872
180, 26, 39, 25.9507, 1.09437
181, 26, 39, 25.7808, 1.10153
182, 26, 39, 25.6279, 1.10732
183, 26, 39, 25.5174, 1.11342
184, 26, 39, 25.3644, 1.11918
185, 27, 39, 24.9494, 1.12598
186, 28, 39, 24.7795, 1.13226
187, 29, 39, 24.6864, 1.13847
188, 30, 39, 24.6275, 1.1451
189, 31, 39, 24.5868, 1.15283
190, 32, 39, 24.5571, 1.16087
191, 33, 39, 24.5344, 1.1697
192, 34, 39, 24.5164, 1.17988
193, 34, 39, 24.3635, 1.19169
194, 34, 39, 23.9485, 1.19801
195, 34, 39, 23.7439, 1.20514
196, 34, 39, 23.3289, 1.21064
197, 34, 39, 23.159, 1.21603
198, 34, 39, 23.006, 1.22169
199, 34, 39, 22.8531, 1.22739
200, 34, 39, 22.7002, 1.23839
201, 34, 39, 22.2851, 1.24399
202, 34, 39, 22.1322, 1.24941
203, 34, 39, 21.9793, 1.26033
204, 34, 39, 21.8955, 1.26577
205, 34, 39, 21.7425, 1.27146
206, 34, 38, 21.9839, 1.27721
207, 34, 38, 21.7793, 1.2832
208, 34, 38, 21.9424, 1.28923
209, 34, 38, 21.8586, 1.29526
210, 34, 38, 21.7056, 1.30641
211, 34, 38, 21.5527, 1.31209
212, 34, 38, 21.3828, 1.3175
213, 34, 38, 21.2298, 1.32377
214, 34, 38, 21.0769, 1.32955
215, 34, 38, 20.924, 1.3409
216, 34, 37, 21.1653, 1.34667
217, 34, 37, 20.9608, 1.35278
218, 35, 37, 20.9463, 1.36422
219, 36, 37, 20.9343, 1.37676
220, 37, 37, 20.9243, 1.39157
221, 38, 37, 20.9157, 1.40788
222, 39, 37, 20.9083, 1.42628
223, 40, 37, 20.9019, 1.44702
224, 41, 37, 20.8962, 1.47028
225, 41, 36, 21.086, 1.49631
226, 41, 36, 20.9755, 1.52225
227, 41, 36, 20.8917, 1.52819
228, 41, 36, 20.7812, 1.53436
229, 42, 36, 20.7667, 1.54621
230, 43, 36, 20.7547, 1.55919
231, 44, 36, 20.7447, 1.57427
232, 44, 36, 20.6342, 1.59098
233, 44, 36, 20.5504, 1.59715
234, 44, 36, 20.4573, 1.60276
235, 44, 36, 20.3735, 1.60833
236, 44, 36, 20.2897, 1.61472
237, 44, 36, 20.2059, 1.62116
238, 44, 36, 20.0359, 1.62746
239, 44, 36, 19.9254, 1.63381
240, 44, 36, 19.7555, 1.63978
241, 44, 36, 19.645, 1.64583
242, 44, 36, 19.5612, 1.67182
243, 44, 36, 19.4774, 1.67761
244, 44, 36, 19.3843, 1.68341
245, 44, 35, 19.574, 1.70878
246, 44, 35, 19.4635, 1.7151
247, 45, 35, 19.455, 1.732
248, 46, 35, 19.4476, 1.75071
249, 47, 35, 19.4412, 1.77184
250, 48, 35, 19.4355, 1.79539
251, 48, 35, 19.3517, 1.82107
252, 48, 35, 19.2586, 1.82708
253, 48, 34, 19.4484, 1.83299
254, 48, 34, 19.3379, 1.83927
255, 48, 34, 19.2541, 1.84494
256, 48, 34, 19.1703, 1.87097
257, 48, 34, 19.0771, 1.87792
258, 48, 33, 19.2669, 1.88387
259, 48, 33, 19.1564, 1.89007
260, 48, 33, 19.0459, 1.89627
261, 48, 33, 18.8947, 1.9022
262, 48, 33, 18.8109, 1.90793
263, 48, 33, 18.641, 1.91386
264, 48, 33, 18.4881, 1.92005
265, 49, 33, 18.4654, 1.92983
266, 50, 33, 18.4474, 1.94026
267, 50, 33, 18.2945, 1.95186
268, 50, 33, 18.1246, 1.95757
269, 50, 33, 17.9547, 1.96325
270, 50, 33, 17.8017, 1.96917
271, 50, 33, 17.6488, 1.98096
272, 50, 33, 17.4959, 1.98689
273, 50, 33, 17.3259, 1.99249
274, 50, 33, 17.173, 1.9982
275, 50, 33, 17.0625, 2.00406
276, 50, 33, 16.9787, 2.00973
277, 50, 33, 16.8949, 2.01555
278, 50, 33, 16.8276, 2.02162
279, 50, 33, 16.7438, 2.02747
280, 51, 33, 16.7293, 2.03929
281, 52, 33, 16.7173, 2.05258
282, 53, 33, 16.7072, 2.06831
283, 53, 33, 16.5967, 2.08671
284, 53, 33, 16.5129, 2.09297
285, 53, 33, 16.4024, 2.09891
286, 53, 32, 16.5922, 2.10493
287, 53, 32, 16.4817, 2.11129
288, 53, 32, 16.3979, 2.11728
289, 53, 32, 16.3141, 2.14358
290, 53, 32, 16.221, 2.14997
291, 53, 31, 16.4107, 2.15636
292, 53, 31, 16.3002, 2.16313
293, 53, 31, 16.2329, 2.16914
294, 53, 31, 16.1491, 2.17492
295, 54, 31, 16.1346, 2.18644
296, 55, 31, 16.1226, 2.19939
297, 56, 31, 16.1125, 2.21426
298, 57, 31, 16.104, 2.23073
299, 58, 31, 16.0966, 2.24967
300, 59, 31, 16.0902, 2.27101
301, 60, 31, 16.0845, 2.29466
302, 60, 31, 16.0007, 2.32082
303, 60, 31, 15.9169, 2.32727
304, 60, 31, 15.8331, 2.35282
305, 60, 31, 15.6632, 2.35892
306, 60, 30, 15.8529, 2.36499
307, 60, 30, 15.7424, 2.37116
308, 60, 30, 15.6586, 2.39696
309, 60, 30, 15.6056, 2.40276
310, 60, 29, 15.7687, 2.40891
311, 60, 29, 15.7013, 2.4155
312, 61, 29, 15.6963, 2.44174
313, 62, 29, 15.6919, 2.47126
314, 62, 29, 15.6245, 2.5032
315, 62, 29, 15.5804, 2.50949
316, 63, 29, 15.5764, 2.5415
317, 64, 29, 15.5728, 2.5763
318, 65, 29, 15.5696, 2.6147
319, 66, 29, 15.5666, 2.6577
320, 67, 29, 15.5638, 2.7057
321, 68, 29, 15.5613, 2.7588
322, 68, 29, 15.5172, 2.8162
323, 68, 29, 15.4642, 2.82253
324, 68, 29, 15.5866, 2.82888
325, 68, 29, 15.5426, 2.83522
326, 68, 29, 15.4985, 2.84181
327, 68, 29, 15.4455, 2.84789
328, 68, 29, 15.3524, 2.85424
329, 68, 29, 15.2686, 2.8603
330, 69, 29, 15.26, 2.87752
331, 70, 29, 15.2526, 2.89664
332, 71, 29, 15.2462, 2.91805
333, 72, 29, 15.2405, 2.94178
334, 72, 28, 15.4303, 2.96825
335, 72, 28, 15.5933, 2.99481
336, 72, 28, 15.5095, 3.02137
337, 72, 28, 15.4257, 3.02776
338, 72, 28, 15.3326, 3.04907
339, 72, 28, 15.2488, 3.0556
340, 72, 28, 15.1815, 3.06197
341, 72, 28, 15.1285, 3.06783
342, 72, 28, 15.0755, 3.07393
343, 72, 28, 15.0224, 3.08015
344, 72, 28, 14.9636, 3.08598
345, 72, 28, 14.9105, 3.09181
346, 72, 28, 14.8575, 3.09808
347, 72, 28, 14.8045, 3.10452
348, 72, 28, 14.7114, 3.11075
349, 72, 28, 14.8338, 3.11698
350, 72, 28, 14.7665, 3.12322
351, 72, 28, 14.6694, 3.12951
352, 72, 28, 14.6164, 3.13532
353, 73, 28, 14.6114, 3.16151
354, 74, 28, 14.6069, 3.19041
355, 75, 28, 14.6029, 3.22191
356, 76, 28, 14.5993, 3.25668
357, 77, 28, 14.596, 3.29516
358, 78, 28, 14.5931, 3.33789
359, 79, 28, 14.5903, 3.38589
360, 80, 28, 14.5878, 3.43921
361, 81, 28, 14.5855, 3.49658
362, 81, 27, 14.7485, 3.55844
363, 81, 27, 14.6812, 3.62034
364, 81, 27, 14.6371, 3.62681
365, 81, 27, 14.6069, 3.63332
366, 82, 27, 14.6046, 3.69065
367, 82, 27, 14.5516, 3.75282
368, 82, 27, 14.4986, 3.7587
369, 82, 27, 14.4312, 3.76514
370, 83, 27, 14.4262, 3.7917
371, 84, 27, 14.4218, 3.82082
372, 84, 27, 14.3544, 3.85273
373, 84, 27, 14.2573, 3.85939
374, 85, 27, 14.2533, 3.89159
375, 86, 27, 14.2497, 3.9271
376, 87, 27, 14.2464, 3.96586
377, 88, 27, 14.2435, 4.00887
378, 89, 27, 14.2407, 4.05693
379, 90, 27, 14.2382, 4.10969
380, 90, 27, 14.3309, 4.16691
381, 91, 27, 14.3286, 4.22433
382, 91, 27, 14.2756, 4.2863
383, 91, 27, 14.3979, 4.29312
384, 91, 27, 14.3539, 4.29962
385, 91, 27, 14.3009, 4.36275
386, 91, 27, 14.2335, 4.36925
387, 91, 27, 14.1404, 4.37549
388, 91, 27, 14.0473, 4.38169
389, 91, 27, 13.9635, 4.38785
390, 92, 27, 13.9585, 4.4222
391, 93, 27, 13.954, 4.45184
392, 93, 27, 13.8867, 4.48439
393, 93, 27, 13.8337, 4.49261
394, 94, 27, 13.8297, 4.52504
395, 94, 27, 13.6785, 4.56043
396, 94, 27, 13.8009, 4.56687
397, 94, 27, 13.742, 4.57315
398, 94, 27, 13.6831, 4.5796
399, 94, 27, 13.6301, 4.58599
400, 95, 27, 13.6265, 4.622
401, 96, 27, 13.6233, 4.66328
402, 97, 27, 13.6203, 4.70689
403, 98, 27, 13.6175, 4.7556
404, 99, 27, 13.615, 4.80977
405, 99, 27, 13.571, 4.86824
406, 99, 27, 13.5179, 4.87452
407, 99, 27, 13.4506, 4.88088
408, 99, 27, 13.4204, 4.88703
409, 99, 27, 13.3838, 4.89315
410, 99, 27, 13.317, 4.89981
411, 99, 27, 13.2804, 4.90574
412, 99, 27, 13.2363, 4.91207
413, 99, 27, 13.1998, 4.91789
414, 99, 27, 13.1632, 4.92425
415, 99, 27, 13.1329, 4.93089
416, 99, 27, 13.0964, 4.93725
417, 100, 27, 13.0941, 4.99559
418, 100, 27, 13.0411, 5.05865
419, 100, 27, 12.9822, 5.06482
420, 100, 27, 12.9292, 5.07097
421, 101, 27, 12.927, 5.13383
422, 101, 27, 12.8299, 5.20196
423, 101, 27, 12.7328, 5.20809
424, 101, 27, 12.6888, 5.21448
425, 101, 27, 12.6219, 5.22086
426, 101, 27, 12.5779, 5.22746
427, 101, 27, 12.5413, 5.23351
428, 101, 27, 12.4883, 5.23989
429, 102, 27, 12.4861, 5.30256
430, 103, 27, 12.4842, 5.36995
431, 104, 27, 12.4823, 5.44288
432, 105, 27, 12.4806, 5.52788
433, 106, 27, 12.479, 5.6115
434, 107, 27, 12.4775, 5.70164
435, 108, 27, 12.4761, 5.79741
436, 109, 27, 12.4748, 5.89971
437, 110, 27, 12.4735, 6.00845
438, 110, 27, 12.4067, 6.12477
439, 110, 27, 12.5181, 6.13135
440, 110, 27, 12.4816, 6.13781
441, 110, 27, 12.4286, 6.14402
442, 110, 27, 12.3756, 6.20745
443, 110, 27, 12.2824, 6.21392
444, 110, 27, 12.2151, 6.22098
445, 110, 26, 12.3781, 6.22744
446, 110, 26, 12.3108, 6.23416
447, 110, 26, 12.2667, 6.29712
448, 110, 26, 12.2226, 6.30384
449, 110, 26, 12.1696, 6.36623
450, 110, 26, 12.0765, 6.37247
451, 110, 26, 12.0092, 6.37877
452, 110, 26, 11.9562, 6.44058
453, 110, 26, 11.9196, 6.44656
454, 111, 26, 11.9174, 6.50872
455, 112, 26, 11.9155, 6.57578
456, 113, 26, 11.9136, 6.64825
457, 114, 26, 11.9119, 6.72601
458, 115, 26, 11.9103, 6.80965
459, 116, 26, 11.9088, 6.89931
460, 117, 26, 11.9074, 6.99521
461, 117, 26, 11.8772, 7.09659
462, 117, 26, 11.8183, 7.10336
463, 117, 26, 11.7212, 7.11005
464, 117, 26, 11.6538, 7.11651
465, 118, 26, 11.6517, 7.17951
466, 119, 26, 11.6497, 7.2477
467, 120, 26, 11.6479, 7.32077
468, 121, 26, 11.6462, 7.39871
469, 122, 26, 11.6446, 7.4823
470, 123, 26, 11.6431, 7.57179
471, 124, 26, 11.6416, 7.66721
472, 124, 26, 11.6114, 7.78331
473, 124, 26, 11.5748, 7.79082
474, 124, 26, 11.5383, 7.79763
475, 124, 26, 11.5017, 7.80444
476, 124, 26, 11.4715, 7.81127
477, 125, 26, 11.4701, 7.91364
478, 126, 26, 11.4689, 8.02208
479, 127, 26, 11.4677, 8.13922
480, 127, 26, 11.4311, 8.26945
481, 127, 26, 11.387, 8.27591
482, 127, 26, 11.3505, 8.40577
483, 127, 26, 11.3237, 8.41172
484, 127, 26, 11.3023, 8.41823
485, 128, 26, 11.301, 8.52076
486, 129, 26, 11.2997, 8.6294
487, 130, 26, 11.2986, 8.74442
488, 130, 25, 11.4473, 8.87467
489, 130, 25, 11.4032, 9.0052
490, 130, 25, 11.3625, 9.01138
491, 130, 25, 11.326, 9.01772
492, 130, 25, 11.3046, 9.02437
493, 130, 25, 11.2832, 9.03091
494, 130, 25, 11.2564, 9.0406
495, 130, 25, 11.2034, 9.05016
496, 130, 25, 11.1445, 9.05738
497, 130, 25, 11.0915, 9.06459
498, 130, 25, 11.0613, 9.0714
499, 130, 25, 11.0345, 9.07949
500, 130, 25, 11.0077, 9.08658
501, 130, 25, 10.923, 9.09531
502, 131, 25, 10.9218, 9.21176
503, 131, 25, 10.8853, 9.34005
504, 131, 25, 10.8264, 9.34691
505, 131, 25, 10.7675, 9.35356
506, 131, 25, 10.6704, 9.36024
507, 131, 25, 10.6338, 9.36641
508, 131, 25, 10.6036, 9.37303
509, 131, 25, 10.567, 9.50131
510, 131, 25, 10.5081, 9.50794
511, 131, 25, 10.4779, 9.51457
512, 131, 25, 10.4372, 9.52083
513, 131, 25, 10.3966, 9.52847
514, 131, 25, 10.36, 9.53478
515, 132, 25, 10.358, 9.60296
516, 133, 25, 10.3562, 9.67564
517, 134, 25, 10.3545, 9.75505
518, 135, 25, 10.3529, 9.83908
519, 136, 25, 10.3514, 9.92876
520, 137, 25, 10.35, 10.0251
521, 137, 25, 10.3197, 10.1276
522, 137, 25, 10.293, 10.1339
523, 138, 25, 10.2916, 10.237
524, 139, 25, 10.2904, 10.3473
525, 139, 25, 10.2236, 10.4641
526, 139, 25, 10.1754, 10.4704
527, 139, 25, 10.1452, 10.477
528, 139, 25, 10.1184, 10.4834
529, 139, 25, 10.0819, 10.49
530, 140, 25, 10.0807, 10.6187
531, 141, 25, 10.0797, 10.7551
532, 142, 25, 10.0787, 10.9001
533, 143, 25, 10.0777, 11.0534
534, 144, 25, 10.0768, 11.2265
535, 145, 25, 10.076, 11.3996
536, 146, 25, 10.0752, 11.5808
537, 147, 25, 10.0744, 11.7719
538, 147, 25, 10.0262, 11.9794
539, 147, 24, 10.1674, 11.9863
540, 147, 24, 10.1372, 11.9933
541, 147, 24, 10.1006, 11.9996
542, 147, 24, 10.0704, 12.1297
543, 147, 24, 10.0406, 12.1361
544, 147, 24, 10.0139, 12.1424
545, 147, 24, 9.99249, 12.1495
546, 147, 24, 9.96571, 12.1556
547, 147, 24, 9.89891, 12.1625
548, 147, 24, 9.87214, 12.1687
549, 147, 24, 9.83556, 12.2987
550, 147, 24, 9.79147, 12.3054
551, 147, 24, 9.76124, 12.3123
552, 147, 24, 9.71309, 12.3191
553, 147, 24, 9.68632, 12.3254
554, 148, 24, 9.68521, 12.4544
555, 149, 24, 9.68415, 12.5919
556, 150, 24, 9.68315, 12.7372
557, 151, 24, 9.6822, 12.8909
558, 152, 24, 9.6813, 13.0551
559, 152, 24, 9.65993, 13.2267
560, 152, 24, 9.59312, 13.2337
561, 152, 24, 9.54903, 13.2404
562, 153, 24, 9.54792, 13.3701
563, 154, 24, 9.54687, 13.5081
564, 155, 24, 9.54587, 13.6536
565, 156, 24, 9.54492, 13.8078
566, 157, 24, 9.54402, 13.9716
567, 157, 24, 9.52264, 14.1436
568, 157, 24, 9.49587, 14.1503
569, 157, 23, 9.63705, 14.1573
570, 157, 23, 9.60682, 14.1649
571, 157, 22, 9.74801, 14.1717
572, 157, 22, 9.71778, 14.1787
573, 157, 22, 9.67714, 14.1856
574, 157, 22, 9.72915, 14.1928
575, 157, 22, 9.78115, 14.1996
576, 157, 22, 9.733, 14.2067
577, 157, 22, 9.67411, 14.2135
578, 157, 22, 9.61521, 14.2201
579, 157, 22, 9.68514, 14.2266
580, 157, 22, 9.75506, 14.2331
581, 157, 22, 9.71442, 14.2396
582, 157, 22, 9.67378, 14.246
583, 157, 22, 9.62563, 14.2526
584, 157, 22, 9.59588, 14.2593
585, 157, 22, 9.56, 14.2659
586, 157, 22, 9.51185, 14.2724
587, 157, 22, 9.49048, 14.4588
588, 157, 22, 9.46776, 14.4649
589, 157, 22, 9.44731, 14.4711
590, 157, 22, 9.42593, 14.4781
591, 157, 22, 9.40455, 14.485
592, 157, 22, 9.36868, 14.4918
593, 158, 22, 9.36782, 14.6636
594, 159, 22, 9.367, 14.8449
595, 160, 22, 9.36622, 15.0358
596, 161, 22, 9.36547, 15.2364
597, 162, 22, 9.36476, 15.4468
598, 163, 22, 9.36408, 15.668
599, 164, 22, 9.36342, 15.9122
600, 164, 21, 9.50461, 16.1695
601, 164, 21, 9.47438, 16.4283
602, 164, 21, 9.41549, 16.4349
603, 164, 21, 9.38526, 16.4413
604, 164, 21, 9.36389, 16.6999
605, 164, 21, 9.32324, 16.7064
606, 164, 21, 9.28667, 16.7129
607, 164, 21, 9.24602, 16.7196
608, 164, 21, 9.20945, 16.7263
609, 165, 21, 9.20827, 16.8436
610, 165, 20, 9.35696, 16.9732
611, 165, 20, 9.31288, 17.1037
612, 165, 20, 9.2763, 17.1103
613, 165, 20, 9.23566, 17.1171
614, 165, 20, 9.21428, 17.1236
615, 165, 20, 9.18751, 17.3796
616, 165, 20, 9.16706, 17.386
617, 165, 20, 9.15163, 17.393
618, 166, 20, 9.15077, 17.5656
619, 167, 20, 9.14995, 17.7598
620, 168, 20, 9.14917, 17.9518
621, 169, 20, 9.14843, 18.1535
622, 170, 20, 9.14772, 18.3645
623, 171, 20, 9.14703, 18.5861
624, 172, 20, 9.14638, 18.83
625, 172, 20, 9.11961, 19.0853
626, 172, 20, 9.08986, 19.0923
627, 172, 20, 9.06011, 19.0991
628, 172, 20, 9.13912, 19.1058
629, 172, 20, 9.10324, 19.1126
630, 173, 20, 9.10262, 19.369
631, 174, 20, 9.10202, 19.6352
632, 174, 20, 9.08659, 19.9127
633, 174, 20, 9.07116, 19.92
634, 174, 20, 9.03528, 19.927
635, 174, 20, 8.9994, 19.934
636, 174, 20, 8.97896, 19.9407
637, 174, 20, 8.95758, 19.9474
638, 174, 20, 8.93713, 19.9554
639, 174, 20, 8.9217, 19.9622
640, 174, 20, 8.90125, 19.9688
641, 175, 20, 8.90063, 20.2248
642, 176, 20, 8.90003, 20.4907
643, 176, 20, 8.8846, 20.7697
644, 176, 20, 8.86188, 20.7771
645, 176, 20, 8.83448, 20.7844
646, 176, 20, 8.81176, 20.7912
647, 176, 20, 8.78904, 20.7981
648, 176, 20, 8.76163, 20.8049
649, 176, 20, 8.7462, 21.0965
650, 176, 20, 8.72576, 21.1028
651, 176, 20, 8.68511, 21.1095
652, 176, 20, 8.64447, 21.1161
653, 176, 20, 8.62309, 21.1231
654, 177, 20, 8.62235, 21.3236
655, 178, 20, 8.62164, 21.5422
656, 179, 20, 8.62095, 21.7666
657, 180, 20, 8.6203, 22.011
658, 180, 20, 8.59353, 22.2671
659, 180, 20, 8.54538, 22.274
660, 180, 20, 8.52493, 22.2803
661, 181, 20, 8.52435, 22.5561
662, 182, 20, 8.5238, 22.8446
663, 183, 20, 8.52327, 23.1452
664, 184, 20, 8.52275, 23.4598
665, 185, 20, 8.52226, 23.787
666, 186, 20, 8.52178, 24.1272
667, 187, 20, 8.52132, 24.5092
668, 188, 20, 8.52088, 24.879
669, 189, 20, 8.52045, 25.281
670, 190, 20, 8.52003, 25.6988
671, 190, 20, 8.54556, 26.1363
672, 190, 20, 8.53429, 26.5756
673, 190, 20, 8.51637, 26.5819
674, 190, 20, 8.50024, 26.5881
675, 190, 20, 8.48481, 26.5952
676, 190, 20, 8.46868, 26.6033
677, 190, 20, 8.43893, 26.6105
678, 190, 20, 8.40919, 26.6177
679, 190, 20, 8.39376, 26.6246
680, 190, 20, 8.36698, 26.8804
681, 190, 20, 8.32634, 26.8873
682, 190, 20, 8.30497, 26.8941
683, 190, 20, 8.27522, 26.9008
684, 190, 20, 8.24547, 26.9073
685, 190, 20, 8.2187, 26.9141
686, 190, 20, 8.28862, 27.043
687, 191, 20, 8.28751, 27.1722
688, 192, 20, 8.28645, 27.3112
689, 193, 20, 8.28546, 27.4564
690, 194, 20, 8.28451, 27.6101
691, 195, 20, 8.2836, 27.7826
692, 195, 20, 8.26223, 27.9541
693, 195, 20, 8.28776, 27.961
694, 195, 20, 8.26731, 27.9678
695, 195, 20, 8.25188, 27.9749
696, 195, 20, 8.23143, 27.9815
697, 196, 20, 8.23057, 28.1543
698, 197, 20, 8.22976, 28.3351
699, 198, 20, 8.22898, 28.5253
700, 198, 20, 8.18083, 28.7296
701, 198, 20, 8.14495, 28.7361
702, 198, 20, 8.12357, 28.7428
703, 198, 20, 8.10312, 28.7494
704, 198, 20, 8.07635, 28.7561
705, 199, 20, 8.07572, 29.0122
706, 200, 20, 8.07512, 29.2777
707, 201, 20, 8.07455, 29.5553
708, 202, 20, 8.07399, 29.8451
709, 203, 20, 8.07346, 30.1472
710, 203, 20, 8.03758, 30.4604
711, 203, 20, 8.02215, 30.4676
712, 203, 20, 8.01088, 30.4746
713, 204, 20, 8.01048, 30.9128
714, 204, 20, 7.99003, 31.378
715, 204, 20, 7.94218, 31.385
716, 204, 20, 7.91478, 31.3919
717, 204, 20, 7.89935, 31.6682
718, 204, 20, 7.8696, 31.6748
719, 204, 20, 7.84283, 31.6813
720, 204, 20, 7.81308, 31.6879
721, 204, 19, 7.95427, 31.6945
722, 204, 19, 7.92404, 31.7013
723, 204, 19, 7.87589, 31.9009
724, 204, 19, 7.85452, 31.9078
725, 205, 19, 7.85377, 32.1071
726, 206, 19, 7.85306, 32.3204
727, 207, 19, 7.85238, 32.5423
728, 208, 19, 7.85172, 32.7855
729, 209, 19, 7.8511, 33.0428
730, 210, 19, 7.85049, 33.3102
731, 210, 19, 7.83507, 33.5962
732, 210, 19, 7.81894, 33.6029
733, 210, 19, 7.75629, 33.6103
734, 211, 19, 7.75577, 33.9289
735, 212, 19, 7.75528, 34.2587
736, 213, 19, 7.7548, 34.617
737, 214, 19, 7.75434, 34.9999
738, 215, 19, 7.7539, 35.401
739, 216, 19, 7.75347, 35.816
740, 217, 19, 7.75305, 36.2421
741, 218, 19, 7.75265, 36.6806
742, 218, 19, 7.7322, 37.1366
743, 218, 19, 7.69633, 37.1435
744, 218, 19, 7.6802, 37.1499
745, 219, 19, 7.67981, 37.6098
746, 220, 19, 7.67943, 38.0991
747, 221, 19, 7.67907, 38.5894
748, 222, 19, 7.67872, 39.094
749, 223, 19, 7.67838, 39.6132
750, 224, 19, 7.67805, 40.1488
751, 225, 19, 7.67772, 40.7248
752, 226, 19, 7.67741, 41.3322
753, 227, 19, 7.67711, 41.9444
754, 228, 19, 7.67682, 42.5773
755, 228, 19, 7.66854, 43.2285
756, 228, 19, 7.65404, 43.2347
757, 228, 19, 7.64099, 43.241
758, 228, 19, 7.62972, 43.2483
759, 228, 19, 7.61667, 43.2546
760, 228, 19, 7.6054, 43.2614
761, 228, 19, 7.58495, 43.708
762, 228, 19, 7.5552, 43.7148
763, 228, 19, 7.5927, 43.7215
764, 228, 19, 7.57728, 43.7283
765, 228, 19, 7.56115, 43.7349
766, 229, 19, 7.56057, 44.0102
767, 230, 19, 7.56001, 44.2976
768, 231, 19, 7.55948, 44.609
769, 231, 19, 7.63849, 44.9233
770, 231, 19, 7.60261, 45.2377
771, 231, 19, 7.57584, 45.2453
772, 231, 19, 7.54609, 45.2521
773, 231, 19, 7.58359, 45.2594
774, 231, 19, 7.56087, 45.2675
775, 231, 19, 7.54043, 45.2744
776, 231, 19, 7.525, 45.2812
777, 231, 19, 7.50887, 45.2875
778, 231, 19, 7.4976, 45.2952
779, 231, 19, 7.47019, 45.3025
780, 231, 19, 7.44975, 45.3098
781, 231, 19, 7.43847, 45.3172
782, 231, 19, 7.42234, 45.3236
783, 231, 19, 7.41107, 45.3304
784, 231, 19, 7.38975, 45.3369
785, 231, 18, 7.52655, 45.3432
786, 231, 18, 7.51112, 45.3499
787, 231, 18, 7.49569, 45.3568
788, 232, 18, 7.49518, 45.6732
789, 233, 18, 7.49468, 46.002
790, 234, 18, 7.49421, 46.3447
791, 235, 18, 7.49375, 46.7149
792, 236, 18, 7.4933, 47.0861
793, 237, 18, 7.49287, 47.4905
794, 238, 18, 7.49246, 47.9241
795, 238, 18, 7.48119, 48.3593
796, 238, 18, 7.46435, 48.366
797, 238, 18, 7.45308, 48.3728
798, 238, 18, 7.4418, 48.3798
799, 238, 18, 7.45728, 48.3863
800, 238, 18, 7.44115, 48.3929
801, 238, 17, 7.57866, 48.3996
802, 238, 17, 7.56738, 48.4065
803, 238, 17, 7.55611, 48.4137
804, 238, 17, 7.52871, 48.4208
805, 238, 17, 7.51258, 48.4273
806, 239, 17, 7.512, 48.7063
807, 240, 17, 7.51145, 48.9973
808, 241, 17, 7.51091, 49.3034
809, 242, 17, 7.5104, 49.6228
810, 243, 17, 7.50991, 49.9558
811, 244, 17, 7.50943, 50.3039
812, 245, 17, 7.50897, 50.679
813, 246, 17, 7.50853, 51.0561
814, 247, 17, 7.5081, 51.4725
815, 248, 17, 7.50768, 51.894
816, 248, 17, 7.49641, 52.3342
817, 248, 17, 7.47849, 52.3416
818, 248, 17, 7.45716, 52.3491
819, 248, 17, 7.43924, 52.3561
820, 248, 17, 7.42132, 52.363
821, 248, 17, 7.39999, 52.3699
822, 249, 17, 7.39971, 53.0399
823, 250, 17, 7.39943, 53.7335
824, 251, 17, 7.39916, 54.4557
825, 252, 17, 7.39889, 55.1954
826, 253, 17, 7.39864, 55.9525
827, 253, 16, 7.53544, 56.7304
828, 253, 16, 7.52001, 57.5057
829, 253, 16, 7.48256, 57.513
830, 253, 16, 7.46123, 57.5205
831, 253, 16, 7.44996, 57.9652
832, 253, 16, 7.42724, 57.972
833, 253, 16, 7.39984, 57.9788
834, 254, 16, 7.39944, 58.4167
835, 254, 16, 7.37899, 58.8604
836, 254, 16, 7.36215, 58.867
837, 254, 16, 7.35088, 58.8738
838, 255, 16, 7.35048, 59.3062
839, 256, 16, 7.35009, 59.7656
840, 257, 16, 7.34971, 60.2293
841, 258, 16, 7.34935, 60.7111
842, 258, 16, 7.32195, 61.2186
843, 258, 16, 7.29923, 61.2255
844, 258, 16, 7.27878, 61.2323
845, 258, 16, 7.26086, 61.2388
846, 258, 16, 7.24473, 61.2453
847, 258, 16, 7.23645, 61.2524
848, 258, 16, 7.2234, 61.2595
849, 258, 16, 7.21513, 61.2669
850, 258, 16, 7.20386, 62.0373
851, 258, 16, 7.18702, 62.0443
852, 258, 16, 7.17874, 62.8178
853, 258, 16, 7.14885, 62.8248
854, 258, 16, 7.12753, 62.832
855, 258, 16, 7.14301, 62.8391
856, 258, 16, 7.12688, 62.8461
857, 258, 16, 7.2109, 62.8535
858, 258, 16, 7.20263, 62.8608
859, 258, 16, 7.18958, 62.8672
860, 258, 16, 7.16825, 63.6449
861, 258, 16, 7.14693, 63.6523
862, 258, 16, 7.13388, 63.6594
863, 258, 16, 7.1256, 63.6665
864, 258, 16, 7.11733, 63.6742
865, 258, 16, 7.11126, 63.6815
866, 258, 16, 7.10299, 63.6892
867, 258, 16, 7.09692, 63.6978
868, 259, 16, 7.09667, 64.4863
869, 260, 16, 7.09643, 65.2875
870, 261, 16, 7.09619, 66.1582
871, 262, 16, 7.09596, 67.0565
872, 263, 16, 7.09574, 67.973
873, 264, 16, 7.09552, 68.9071
874, 264, 16, 7.08945, 69.8613
875, 264, 16, 7.07748, 69.8681
876, 264, 15, 7.21676, 69.8746
877, 264, 15, 7.20849, 69.8815
878, 264, 15, 7.15058, 69.8889
879, 265, 15, 7.1502, 70.3443
880, 266, 15, 7.14982, 70.8115
881, 267, 15, 7.14946, 71.3052
882, 267, 15, 7.12206, 71.8045
883, 267, 15, 7.11599, 71.8119
884, 267, 15, 7.10993, 71.8185
885, 267, 15, 7.10387, 71.826
886, 267, 15, 7.09082, 71.833
887, 268, 15, 7.09047, 72.3328
888, 269, 15, 7.09012, 72.8562
889, 269, 15, 7.04227, 73.3943
890, 269, 15, 7.01955, 73.4011
891, 269, 15, 6.99683, 73.4077
892, 269, 15, 6.97639, 73.4146
893, 270, 15, 6.97606, 73.9509
894, 271, 15, 6.97573, 74.5164
895, 272, 15, 6.97542, 75.1108
896, 273, 15, 6.97512, 75.7267
897, 274, 15, 6.97482, 76.3664
898, 274, 15, 6.96655, 77.0302
899, 274, 15, 6.9535, 77.0375
900, 274, 15, 6.93305, 77.0445
901, 275, 15, 6.9327, 77.5587
902, 276, 15, 6.93236, 78.0974
903, 277, 15, 6.93203, 78.6437
904, 278, 15, 6.9317, 79.2104
905, 279, 15, 6.93139, 79.8078
906, 280, 15, 6.93109, 80.4249
907, 281, 15, 6.93079, 81.0627
908, 282, 15, 6.93051, 81.738
909, 283, 15, 6.93023, 82.4304
910, 284, 15, 6.92996, 83.1285
911, 285, 15, 6.9297, 83.8463
912, 286, 15, 6.92944, 84.5984
913, 286, 15, 6.91331, 85.3725
914, 286, 15, 6.89059, 85.3802
915, 286, 15, 6.86787, 85.389
916, 286, 15, 6.84047, 85.3964
917, 286, 15, 6.83607, 85.4208
918, 286, 15, 6.83001, 85.4287
919, 286, 15, 6.81317, 85.4443
920, 286, 15, 6.80012, 85.4511
921, 287, 15, 6.79974, 85.8991
922, 288, 15, 6.79936, 86.3666
923, 289, 15, 6.799, 86.8524
924, 290, 15, 6.79865, 87.3564
925, 291, 15, 6.7983, 87.9088
926, 292, 15, 6.79797, 88.4664
927, 293, 15, 6.79765, 89.0272
928, 294, 15, 6.79734, 89.6218
929, 295, 15, 6.79704, 90.2412
930, 296, 15, 6.79674, 90.8777
931, 296, 15, 6.78847, 91.5485
932, 296, 15, 6.77163, 91.5571
933, 296, 15, 6.75713, 91.5645
934, 296, 15, 6.74263, 91.5718
935, 296, 15, 6.72919, 91.5787
936, 296, 15, 6.72312, 92.5226
937, 296, 15, 6.69891, 92.5297
938, 296, 15, 6.74733, 92.5371
939, 296, 15, 6.73049, 92.5445
940, 296, 15, 6.71365, 92.5518
941, 296, 15, 6.69915, 92.5593
942, 296, 15, 6.74019, 92.5664
943, 296, 15, 6.72675, 92.5737
944, 296, 15, 6.7137, 92.5809
945, 296, 15, 6.66768, 92.5885
946, 296, 15, 6.65155, 93.3594
947, 296, 15, 6.62883, 93.3666
948, 296, 15, 6.60143, 93.3737
949, 296, 15, 6.57403, 93.3807
950, 296, 15, 6.56575, 93.3878
951, 296, 15, 6.56529, 93.3953
952, 296, 15, 6.55184, 93.4027
953, 296, 15, 6.59288, 93.4097
954, 296, 15, 6.58211, 93.4167
955, 296, 15, 6.57771, 93.4239
956, 297, 15, 6.5775, 94.3724
957, 298, 15, 6.57729, 95.3714
958, 299, 15, 6.57709, 96.3738
959, 300, 15, 6.57689, 97.3974
960, 301, 15, 6.57669, 98.4616
961, 302, 15, 6.5765, 99.5447
962, 302, 15, 6.55966, 101.226
963, 302, 15, 6.54622, 101.233
964, 302, 14, 6.6855, 101.24
965, 302, 14, 6.70098, 101.248
966, 302, 14, 6.68414, 101.255
967, 302, 14, 6.67337, 101.262
968, 303, 14, 6.67308, 101.924
969, 304, 14, 6.6728, 102.613
970, 305, 14, 6.67253, 103.315
971, 306, 14, 6.67227, 104.049
972, 307, 14, 6.67201, 104.814
973, 307, 14, 6.65069, 105.598
974, 307, 14, 6.64241, 105.605
975, 308, 14, 6.64216, 106.377
976, 309, 14, 6.64192, 107.168
977, 309, 14, 6.60446, 108.046
978, 309, 14, 6.58654, 108.053
979, 309, 14, 6.56862, 108.061
980, 309, 14, 6.55249, 108.067
981, 310, 14, 6.55225, 108.93
982, 311, 14, 6.55202, 109.818
983, 312, 14, 6.55179, 110.723
984, 313, 14, 6.55157, 111.654
985, 313, 14, 6.54551, 112.61
986, 313, 14, 6.53474, 112.617
987, 313, 14, 6.51861, 112.624
988, 313, 14, 6.57559, 113.388
989, 314, 14, 6.57534, 114.155
990, 315, 14, 6.57509, 114.954
991, 316, 14, 6.57486, 115.808
992, 317, 14, 6.57463, 116.686
993, 318, 14, 6.5744, 117.576
994, 319, 14, 6.57418, 118.506
995, 320, 14, 6.57397, 119.465
996, 321, 14, 6.57376, 120.444
997, 322, 14, 6.57355, 121.458
998, 323, 14, 6.57335, 122.491
999, 324, 14, 6.57316, 123.547
