Seed is: 96
Number of samples is: 1000
Simulation name is: Simulation_4TV.sim
TimeStep, Distraction Rate, Missed States, Model Accuracy, Time (ms)
0, 0, 112, 0, 7e-05
1, 0, 111, 0.763197, 0.006843
2, 0, 110, 1.7632, 0.013215
3, 0, 109, 2.52639, 0.019327
4, 0, 108, 2.2942, 0.024877
5, 0, 107, 3.0574, 0.030538
6, 0, 106, 3.8206, 0.035708
7, 0, 105, 4.8206, 0.040878
8, 0, 104, 5.58379, 0.045927
9, 0, 103, 6.34699, 0.051318
10, 0, 102, 7.11019, 0.056177
11, 1, 101, 8.11019, 0.061146
12, 1, 100, 8.87338, 0.066386
13, 1, 99, 9.63658, 0.071536
14, 1, 98, 10.3998, 0.076435
15, 2, 97, 11.3998, 0.081295
16, 2, 96, 12.163, 0.086274
17, 2, 95, 12.9262, 0.091554
18, 2, 94, 13.6894, 0.096353
19, 2, 93, 14.4526, 0.101413
20, 2, 93, 14.079, 0.106613
21, 2, 92, 14.8422, 0.111602
22, 2, 91, 15.8422, 0.116692
23, 2, 90, 16.6054, 0.121862
24, 2, 89, 17.3686, 0.127062
25, 2, 88, 18.1318, 0.132081
26, 2, 88, 17.7168, 0.137251
27, 2, 88, 17.3433, 0.142391
28, 2, 88, 17.3017, 0.147501
29, 2, 88, 16.9282, 0.15251
30, 2, 88, 16.5547, 0.15747
31, 2, 88, 16.1396, 0.162389
32, 2, 88, 15.7661, 0.167258
33, 2, 87, 16.1189, 0.172578
34, 2, 87, 15.6339, 0.178029
35, 2, 86, 16.3971, 0.182888
36, 2, 85, 17.1603, 0.187577
37, 2, 84, 18.1603, 0.192526
38, 2, 83, 18.9235, 0.197626
39, 2, 82, 19.6867, 0.202475
40, 2, 82, 19.3132, 0.207715
41, 2, 81, 20.0764, 0.212815
42, 2, 80, 20.8396, 0.217724
43, 2, 79, 21.8396, 0.222554
44, 2, 78, 22.6028, 0.227623
45, 2, 77, 23.366, 0.232843
46, 2, 76, 24.1292, 0.237843
47, 2, 75, 24.8924, 0.242952
48, 2, 75, 24.5188, 0.248202
49, 2, 74, 25.282, 0.253252
50, 2, 73, 26.0452, 0.258242
51, 3, 73, 25.6302, 0.263542
52, 4, 73, 25.4603, 0.269223
53, 4, 73, 25.0867, 0.275134
54, 4, 73, 24.7132, 0.280254
55, 4, 72, 25.4764, 0.285103
56, 4, 71, 26.2396, 0.289952
57, 4, 70, 27.0028, 0.294921
58, 4, 69, 27.766, 0.299851
59, 4, 68, 28.5292, 0.3047
60, 4, 67, 29.2924, 0.30977
61, 4, 67, 28.9188, 0.31506
62, 5, 67, 28.5038, 0.32063
63, 6, 67, 28.3339, 0.326472
64, 6, 67, 27.9603, 0.332663
65, 6, 67, 27.8074, 0.338064
66, 6, 66, 28.1602, 0.343254
67, 6, 66, 27.6752, 0.348724
68, 6, 66, 27.2602, 0.353834
69, 6, 66, 26.8866, 0.359024
70, 6, 66, 26.5131, 0.364414
71, 6, 66, 26.1396, 0.370425
72, 6, 66, 26.3615, 0.37792
73, 6, 66, 26.1916, 0.38333
74, 6, 66, 26.0386, 0.388981
75, 6, 65, 27.7433, 0.39415
76, 6, 64, 28.5065, 0.399501
77, 6, 63, 29.2697, 0.404731
78, 6, 62, 30.0329, 0.410031
79, 6, 61, 30.7961, 0.415922
80, 6, 60, 31.5593, 0.421483
81, 6, 60, 31.1858, 0.427113
82, 6, 60, 30.8123, 0.433866
83, 6, 60, 30.2342, 0.439757
84, 6, 60, 29.8607, 0.445208
85, 6, 60, 29.7077, 0.450889
86, 7, 60, 29.6146, 0.45707
87, 8, 60, 29.5557, 0.464034
88, 9, 60, 29.5151, 0.471428
89, 10, 60, 29.4853, 0.479864
90, 10, 60, 29.2808, 0.489151
91, 10, 60, 28.9073, 0.494401
92, 10, 59, 29.9073, 0.499371
93, 10, 58, 30.9073, 0.504611
94, 10, 57, 31.6705, 0.509931
95, 11, 56, 32.6705, 0.515271
96, 11, 55, 33.4337, 0.520882
97, 11, 55, 33.0601, 0.526563
98, 11, 55, 32.6451, 0.532243
99, 11, 55, 32.2716, 0.537614
100, 11, 55, 31.898, 0.542934
101, 11, 54, 32.6612, 0.548464
102, 11, 53, 33.6612, 0.553594
103, 11, 52, 34.4244, 0.558854
104, 11, 52, 34.0509, 0.564264
105, 11, 52, 33.6773, 0.569665
106, 11, 51, 33.9187, 0.575065
107, 11, 51, 33.7141, 0.580816
108, 12, 51, 33.6914, 0.590334
109, 13, 51, 33.6735, 0.601044
110, 13, 51, 33.5206, 0.613017
111, 13, 51, 33.3506, 0.618408
112, 13, 51, 33.1977, 0.623748
113, 13, 51, 33.0448, 0.63561
114, 13, 51, 32.8919, 0.641281
115, 13, 51, 32.5183, 0.646651
116, 13, 50, 33.5183, 0.651911
117, 13, 50, 33.1448, 0.657262
118, 13, 49, 34.1448, 0.662502
119, 13, 49, 33.7297, 0.667872
120, 13, 49, 33.3562, 0.673262
121, 13, 49, 32.9827, 0.678612
122, 14, 48, 33.9827, 0.683952
123, 14, 48, 33.6091, 0.689463
124, 14, 48, 33.2356, 0.696136
125, 14, 48, 33.0827, 0.701556
126, 14, 48, 32.7091, 0.708068
127, 14, 48, 32.3356, 0.713699
128, 15, 48, 32.2425, 0.720292
129, 16, 48, 32.1836, 0.727485
130, 17, 48, 32.143, 0.73498
131, 18, 48, 32.1132, 0.744448
132, 19, 48, 32.0905, 0.754537
133, 20, 48, 32.0726, 0.765257
134, 20, 48, 31.9196, 0.781248
135, 20, 48, 31.7667, 0.788692
136, 20, 48, 31.3932, 0.794252
137, 20, 47, 31.161, 0.799482
138, 20, 47, 30.7875, 0.805113
139, 20, 47, 30.4139, 0.810634
140, 20, 46, 30.7667, 0.817326
141, 20, 46, 30.2817, 0.823348
142, 20, 46, 29.9082, 0.828969
143, 20, 46, 29.5347, 0.835862
144, 20, 45, 30.5347, 0.841012
145, 20, 44, 31.2979, 0.846602
146, 20, 44, 30.8828, 0.868865
147, 20, 44, 30.5093, 0.874636
148, 21, 44, 30.0942, 0.880076
149, 22, 44, 29.9243, 0.885997
150, 22, 44, 29.5508, 0.892279
151, 22, 44, 29.1357, 0.89775
152, 22, 44, 28.7207, 0.90331
153, 22, 44, 28.3472, 0.90872
154, 22, 44, 27.9736, 0.914922
155, 22, 43, 29.3218, 0.920433
156, 22, 42, 30.3218, 0.926234
157, 22, 42, 29.9483, 0.933317
158, 22, 42, 29.5747, 0.939078
159, 22, 41, 29.8161, 0.944889
160, 22, 41, 29.6115, 0.950961
161, 22, 41, 29.4586, 0.957012
162, 22, 41, 29.1952, 0.964176
163, 22, 41, 28.9906, 0.969917
164, 22, 41, 28.8377, 0.975718
165, 22, 41, 28.3527, 0.981689
166, 22, 41, 27.9377, 0.98713
167, 22, 41, 27.5642, 0.99254
168, 22, 41, 27.3596, 0.998341
169, 22, 41, 26.9446, 1.00379
170, 22, 41, 26.7917, 1.00925
171, 23, 41, 26.3766, 1.01477
172, 24, 41, 26.2067, 1.02063
173, 25, 41, 26.1136, 1.02685
174, 26, 41, 26.0547, 1.03356
175, 27, 41, 26.0141, 1.04081
176, 28, 41, 25.9843, 1.04898
177, 29, 41, 25.9616, 1.05804
178, 30, 41, 25.9437, 1.06812
179, 30, 41, 25.7907, 1.0796
180, 30, 41, 25.3757, 1.08511
181, 30, 41, 25.2228, 1.09055
182, 30, 41, 24.8077, 1.09598
183, 30, 41, 24.6378, 1.10143
184, 30, 41, 24.4849, 1.10683
185, 30, 41, 24.3319, 1.11225
186, 30, 41, 24.179, 1.1234
187, 30, 41, 24.0091, 1.12886
188, 30, 41, 23.8561, 1.13437
189, 30, 41, 23.7032, 1.14009
190, 30, 41, 23.5503, 1.14581
191, 30, 41, 23.3973, 1.15149
192, 30, 41, 23.3135, 1.15719
193, 30, 41, 23.1606, 1.16315
194, 30, 41, 23.0077, 1.17489
195, 30, 41, 22.7443, 1.18077
196, 30, 41, 22.5743, 1.18748
197, 30, 41, 22.4214, 1.19285
198, 30, 41, 22.3283, 1.19844
199, 30, 41, 22.2445, 1.20408
200, 30, 41, 22.1607, 1.20978
201, 31, 41, 22.1462, 1.2215
202, 32, 41, 22.1342, 1.23471
203, 33, 41, 22.1242, 1.24954
204, 33, 41, 22.0137, 1.26578
205, 33, 40, 22.255, 1.2717
206, 33, 40, 22.0505, 1.27775
207, 33, 39, 22.2918, 1.28327
208, 33, 39, 22.0873, 1.28897
209, 33, 39, 21.9173, 1.29493
210, 33, 39, 21.7644, 1.30088
211, 33, 39, 21.6115, 1.30659
212, 34, 39, 21.5184, 1.31287
213, 35, 39, 21.4595, 1.31955
214, 36, 39, 21.4188, 1.32685
215, 37, 39, 21.3891, 1.33505
216, 38, 39, 21.3664, 1.34418
217, 39, 39, 21.3484, 1.3545
218, 39, 39, 21.1955, 1.3661
219, 39, 39, 21.0426, 1.37187
220, 39, 39, 20.9321, 1.37782
221, 40, 39, 20.9235, 1.39413
222, 41, 39, 20.9161, 1.41324
223, 42, 39, 20.9097, 1.43398
224, 43, 39, 20.9041, 1.45653
225, 43, 39, 20.8203, 1.49639
226, 43, 39, 20.7272, 1.50219
227, 43, 38, 20.9169, 1.50812
228, 43, 38, 20.8064, 1.51395
229, 43, 38, 20.7226, 1.55365
230, 43, 38, 20.6388, 1.55951
231, 43, 38, 20.4859, 1.56506
232, 43, 38, 20.3329, 1.57061
233, 43, 38, 20.2491, 1.57628
234, 43, 38, 20.0962, 1.58782
235, 43, 38, 19.9433, 1.59332
236, 44, 38, 19.9288, 1.60478
237, 45, 38, 19.9168, 1.61769
238, 46, 38, 19.9067, 1.63216
239, 47, 38, 19.8982, 1.64822
240, 48, 38, 19.8908, 1.66704
241, 49, 38, 19.8844, 1.68715
242, 50, 38, 19.8787, 1.70928
243, 50, 38, 19.7949, 1.74969
244, 50, 38, 19.7111, 1.75525
245, 50, 38, 19.5582, 1.76135
246, 50, 38, 19.4053, 1.77293
247, 50, 38, 19.2948, 1.77866
248, 50, 38, 19.211, 1.78416
249, 50, 38, 19.0598, 1.78985
250, 50, 38, 18.9493, 1.79557
251, 50, 38, 18.8655, 1.8013
252, 50, 38, 18.6956, 1.80703
253, 50, 38, 18.5427, 1.81269
254, 50, 38, 18.3897, 1.82412
255, 50, 38, 18.2198, 1.82984
256, 50, 38, 18.0499, 1.8355
257, 50, 38, 17.897, 1.84215
258, 50, 38, 17.744, 1.85342
259, 50, 38, 17.6335, 1.85918
260, 50, 38, 17.4636, 1.86468
261, 50, 38, 17.3798, 1.87016
262, 51, 38, 17.3653, 1.88142
263, 52, 38, 17.3533, 1.8946
264, 53, 38, 17.3433, 1.90953
265, 54, 38, 17.3347, 1.92572
266, 55, 38, 17.3273, 1.94383
267, 56, 38, 17.3209, 1.96405
268, 57, 38, 17.3153, 1.9867
269, 57, 38, 17.2315, 2.02546
270, 57, 38, 17.0615, 2.03096
271, 57, 38, 16.9777, 2.03649
272, 57, 38, 16.8078, 2.04199
273, 57, 38, 16.7147, 2.04744
274, 57, 38, 16.6309, 2.05299
275, 57, 38, 16.5471, 2.05876
276, 57, 38, 16.4633, 2.09794
277, 57, 38, 16.3702, 2.10351
278, 57, 38, 16.2864, 2.10905
279, 57, 38, 16.2026, 2.11485
280, 57, 38, 16.1188, 2.12082
281, 57, 38, 16.035, 2.12661
282, 57, 38, 15.982, 2.13238
283, 57, 37, 16.1717, 2.13819
284, 57, 37, 16.0612, 2.14427
285, 57, 37, 15.9774, 2.18274
286, 57, 37, 15.9101, 2.18882
287, 57, 37, 15.8263, 2.22685
288, 57, 36, 16.016, 2.23249
289, 57, 36, 15.9055, 2.23841
290, 58, 36, 15.9005, 2.27668
291, 59, 36, 15.8961, 2.30442
292, 60, 36, 15.8921, 2.33497
293, 61, 36, 15.8885, 2.36872
294, 62, 36, 15.8852, 2.40518
295, 63, 36, 15.8822, 2.44489
296, 64, 36, 15.8795, 2.49222
297, 65, 36, 15.877, 2.5431
298, 66, 36, 15.8747, 2.59825
299, 66, 36, 15.8217, 2.66134
300, 66, 36, 15.7379, 2.667
301, 66, 36, 15.6541, 2.67264
302, 66, 36, 15.601, 2.67846
303, 66, 36, 15.548, 2.74133
304, 66, 36, 15.3969, 2.74914
305, 66, 36, 15.3038, 2.75554
306, 66, 36, 15.22, 2.76138
307, 66, 36, 15.1759, 2.76743
308, 66, 36, 15.1229, 2.82985
309, 66, 36, 15.0298, 2.83569
310, 66, 36, 14.9625, 2.8415
311, 67, 36, 14.9603, 2.90413
312, 68, 36, 14.9583, 2.97174
313, 69, 36, 14.9565, 3.04476
314, 70, 36, 14.9548, 3.12264
315, 71, 36, 14.9532, 3.2201
316, 72, 36, 14.9517, 3.30937
317, 73, 36, 14.9503, 3.40485
318, 74, 36, 14.9489, 3.50714
319, 75, 36, 14.9477, 3.61601
320, 76, 36, 14.9465, 3.73171
321, 76, 36, 14.9099, 3.86107
322, 76, 36, 14.8569, 3.86663
323, 76, 36, 14.7731, 3.87263
324, 76, 36, 14.6893, 3.89749
325, 76, 36, 14.622, 3.90332
326, 76, 36, 14.569, 3.90877
327, 76, 36, 14.516, 3.91459
328, 77, 36, 14.511, 3.93959
329, 78, 36, 14.5065, 3.96729
330, 78, 36, 14.4392, 3.99774
331, 78, 36, 14.3287, 4.00383
332, 78, 36, 14.2182, 4.00966
333, 78, 36, 14.1251, 4.01569
334, 78, 36, 14.0413, 4.02167
335, 78, 36, 13.9575, 4.02748
336, 79, 36, 13.943, 4.039
337, 80, 36, 13.931, 4.0527
338, 81, 36, 13.9209, 4.06731
339, 82, 36, 13.9124, 4.08333
340, 83, 36, 13.905, 4.10171
341, 84, 36, 13.8986, 4.12164
342, 85, 36, 13.8929, 4.14401
343, 85, 36, 13.8091, 4.16867
344, 85, 36, 13.7253, 4.17464
345, 85, 36, 13.658, 4.18083
346, 86, 36, 13.654, 4.21118
347, 87, 36, 13.6504, 4.24467
348, 88, 36, 13.6471, 4.28088
349, 89, 36, 13.6441, 4.32053
350, 90, 36, 13.6414, 4.36762
351, 91, 36, 13.6389, 4.41797
352, 91, 36, 13.5948, 4.47273
353, 91, 36, 13.5275, 4.48013
354, 91, 36, 13.4343, 4.48724
355, 91, 36, 13.3412, 4.49331
356, 91, 36, 13.2574, 4.49942
357, 91, 36, 13.1736, 4.5244
358, 91, 36, 13.1063, 4.53024
359, 91, 36, 13.0622, 4.53631
360, 92, 36, 13.0599, 4.59105
361, 92, 36, 13.0069, 4.65378
362, 92, 36, 12.9396, 4.6598
363, 92, 36, 12.8865, 4.72233
364, 92, 36, 12.8335, 4.7287
365, 92, 36, 12.7805, 4.73428
366, 92, 36, 12.6874, 4.73987
367, 92, 36, 12.6344, 4.74544
368, 92, 36, 12.5903, 4.75129
369, 92, 36, 12.5538, 4.87932
370, 92, 36, 12.4949, 4.88551
371, 92, 36, 12.4419, 4.8916
372, 92, 36, 12.3448, 4.89744
373, 92, 36, 12.4672, 4.90336
374, 92, 36, 12.4142, 4.90921
375, 92, 36, 12.3474, 4.91512
376, 92, 36, 12.2944, 4.92093
377, 92, 36, 12.2106, 4.94558
378, 92, 36, 12.1174, 4.95143
379, 92, 36, 12.0336, 4.9573
380, 93, 36, 12.0286, 4.98192
381, 94, 36, 12.0242, 5.00958
382, 95, 36, 12.0202, 5.04009
383, 96, 36, 12.0166, 5.07344
384, 97, 36, 12.0133, 5.12569
385, 98, 36, 12.0103, 5.16545
386, 99, 36, 12.0076, 5.22668
387, 100, 36, 12.0051, 5.27799
388, 101, 36, 12.0028, 5.33237
389, 101, 36, 11.9498, 5.3948
390, 101, 36, 11.8968, 5.40072
391, 101, 36, 11.8527, 5.4068
392, 101, 36, 11.8086, 5.41261
393, 101, 36, 11.7497, 5.41863
394, 101, 36, 11.6967, 5.42499
395, 101, 36, 11.5996, 5.43083
396, 101, 36, 11.5555, 5.43671
397, 101, 36, 11.5189, 5.44231
398, 101, 36, 11.4824, 5.57075
399, 101, 36, 11.4235, 5.57661
400, 101, 36, 11.3705, 5.58243
401, 101, 36, 11.3175, 5.58804
402, 102, 36, 11.3125, 5.61267
403, 103, 36, 11.308, 5.64022
404, 104, 36, 11.304, 5.67053
405, 105, 36, 11.3004, 5.7036
406, 106, 36, 11.2971, 5.73968
407, 107, 36, 11.2941, 5.77912
408, 108, 36, 11.2914, 5.82521
409, 109, 36, 11.2889, 5.87503
410, 110, 36, 11.2866, 5.92904
411, 110, 36, 11.2336, 5.99116
412, 110, 36, 11.1806, 5.99681
413, 110, 36, 11.144, 6.00236
414, 110, 36, 11.091, 6.00825
415, 110, 36, 11.0236, 6.01411
416, 110, 36, 10.9305, 6.02114
417, 110, 35, 11.0936, 6.02678
418, 110, 35, 11.0262, 6.03301
419, 110, 35, 10.9732, 6.09537
420, 110, 35, 10.9291, 6.10159
421, 110, 35, 10.8761, 6.16363
422, 110, 35, 10.8231, 6.16973
423, 110, 35, 10.7563, 6.17558
424, 110, 35, 10.7033, 6.18147
425, 111, 35, 10.7012, 6.244
426, 112, 35, 10.6992, 6.31151
427, 113, 35, 10.6974, 6.38387
428, 114, 35, 10.6956, 6.46179
429, 115, 35, 10.694, 6.55544
430, 116, 35, 10.6925, 6.64489
431, 117, 35, 10.6911, 6.74164
432, 118, 35, 10.6898, 6.84412
433, 119, 35, 10.6886, 6.95272
434, 120, 35, 10.6874, 7.06855
435, 120, 35, 10.6508, 7.19722
436, 120, 35, 10.5919, 7.20298
437, 120, 34, 10.7406, 7.2088
438, 120, 34, 10.6965, 7.2149
439, 120, 34, 10.6376, 7.22103
440, 120, 34, 10.6074, 7.22708
441, 121, 34, 10.6063, 7.35522
442, 122, 34, 10.6052, 7.49116
443, 123, 34, 10.6042, 7.63665
444, 124, 34, 10.6033, 7.79212
445, 125, 34, 10.6024, 7.954
446, 126, 34, 10.6015, 8.12579
447, 127, 34, 10.6007, 8.307
448, 128, 34, 10.5999, 8.49798
449, 129, 34, 10.5992, 8.69879
450, 130, 34, 10.5985, 8.91262
451, 131, 34, 10.5978, 9.13635
452, 132, 34, 10.5971, 9.38164
453, 132, 34, 10.5703, 9.63796
454, 132, 34, 10.5338, 9.64409
455, 132, 34, 10.4972, 9.65045
456, 132, 34, 10.4001, 9.65804
457, 132, 34, 10.356, 9.68179
458, 133, 34, 10.3539, 9.74631
459, 134, 34, 10.3519, 9.81574
460, 135, 34, 10.3501, 9.91446
461, 136, 34, 10.3483, 9.99538
462, 137, 34, 10.3467, 10.081
463, 138, 34, 10.3452, 10.1728
464, 139, 34, 10.3438, 10.2706
465, 139, 34, 10.3136, 10.375
466, 139, 34, 10.2834, 10.3816
467, 140, 34, 10.282, 10.486
468, 141, 34, 10.2808, 10.5973
469, 142, 34, 10.2796, 10.7154
470, 142, 34, 10.243, 10.8531
471, 142, 34, 10.1841, 10.8595
472, 142, 34, 10.1253, 10.8658
473, 142, 34, 10.0723, 10.8719
474, 142, 34, 10.042, 10.8784
475, 142, 33, 10.1832, 11.1322
476, 142, 33, 10.2531, 11.3865
477, 142, 33, 10.205, 11.6414
478, 142, 33, 10.1382, 11.6478
479, 142, 33, 10.108, 11.6541
480, 142, 33, 10.0714, 11.7855
481, 142, 33, 10.0348, 11.7917
482, 143, 33, 10.0337, 11.9227
483, 144, 33, 10.0326, 12.0617
484, 145, 33, 10.0316, 12.2101
485, 146, 33, 10.0307, 12.3661
486, 147, 33, 10.0298, 12.5308
487, 147, 33, 10.0084, 12.7049
488, 147, 33, 9.97817, 12.7118
489, 147, 33, 9.91928, 12.7181
490, 147, 33, 9.86038, 12.7243
491, 147, 33, 9.80738, 12.7306
492, 147, 33, 9.75438, 12.7947
493, 147, 33, 9.72415, 12.801
494, 147, 33, 9.68351, 12.8075
495, 147, 33, 9.64693, 12.8139
496, 147, 33, 9.61035, 12.8201
497, 147, 33, 9.57377, 12.8262
498, 147, 33, 9.53719, 12.8321
499, 147, 33, 9.50697, 12.8383
500, 147, 33, 9.46632, 12.8445
501, 147, 33, 9.42975, 12.8507
502, 147, 33, 9.39317, 12.8584
503, 147, 32, 9.54186, 12.9894
504, 147, 32, 9.49778, 13.1206
505, 147, 32, 9.43888, 13.1269
506, 147, 32, 9.38588, 13.1333
507, 147, 32, 9.34179, 13.1395
508, 147, 32, 9.2829, 13.1458
509, 147, 32, 9.25267, 13.152
510, 147, 32, 9.22244, 13.2921
511, 147, 32, 9.1818, 13.2984
512, 147, 32, 9.14522, 13.3046
513, 147, 32, 9.09222, 13.3123
514, 147, 32, 9.06199, 13.3185
515, 147, 32, 9.03522, 13.3244
516, 147, 32, 9.00845, 13.5795
517, 147, 32, 8.9678, 13.586
518, 147, 32, 8.94643, 13.5924
519, 148, 32, 8.9458, 13.848
520, 149, 32, 8.9452, 14.1149
521, 150, 32, 8.94462, 14.3936
522, 151, 32, 8.94407, 14.686
523, 152, 32, 8.94353, 14.9929
524, 152, 32, 8.90766, 15.3074
525, 152, 32, 8.86702, 15.3141
526, 152, 32, 8.83044, 15.3207
527, 152, 32, 8.78229, 15.327
528, 152, 32, 8.74571, 15.3332
529, 152, 32, 8.69271, 15.3969
530, 152, 32, 8.63381, 15.4031
531, 152, 32, 8.58081, 15.4094
532, 153, 32, 8.57867, 15.473
533, 154, 32, 8.57669, 15.5418
534, 155, 32, 8.57485, 15.6151
535, 156, 32, 8.57313, 15.6939
536, 157, 32, 8.57153, 15.7791
537, 158, 32, 8.57003, 15.871
538, 159, 32, 8.56862, 15.967
539, 160, 32, 8.56729, 16.0698
540, 161, 32, 8.56604, 16.1788
541, 162, 32, 8.56487, 16.295
542, 162, 32, 8.52829, 16.4245
543, 162, 32, 8.49171, 16.4309
544, 162, 32, 8.47033, 16.4463
545, 163, 32, 8.46947, 16.6292
546, 164, 32, 8.46866, 16.8101
547, 165, 32, 8.46788, 17.0009
548, 166, 32, 8.46713, 17.2015
549, 167, 32, 8.46642, 17.4121
550, 168, 32, 8.46574, 17.6354
551, 169, 32, 8.46508, 17.8783
552, 169, 32, 8.43831, 18.1298
553, 169, 32, 8.39767, 18.1361
554, 169, 32, 8.35703, 18.1425
555, 169, 31, 8.50572, 18.149
556, 169, 31, 8.46164, 18.1558
557, 169, 31, 8.44026, 18.1627
558, 170, 31, 8.43974, 18.475
559, 171, 31, 8.43925, 18.8052
560, 172, 31, 8.43877, 19.15
561, 173, 31, 8.43831, 19.5048
562, 174, 31, 8.43787, 19.8845
563, 175, 31, 8.43744, 20.2893
564, 176, 31, 8.43703, 20.7094
565, 177, 31, 8.43662, 21.1524
566, 177, 31, 8.41618, 21.6049
567, 177, 31, 8.3894, 21.6109
568, 177, 31, 8.35283, 21.6176
569, 177, 31, 8.3226, 21.6241
570, 177, 31, 8.28196, 21.6304
571, 177, 31, 8.26058, 21.6367
572, 177, 31, 8.224, 21.7668
573, 177, 31, 8.18742, 21.7828
574, 177, 31, 8.13927, 21.7894
575, 177, 31, 8.1027, 21.7959
576, 178, 31, 8.10158, 21.926
577, 179, 31, 8.10053, 22.0641
578, 180, 31, 8.09953, 22.2126
579, 181, 31, 8.09858, 22.3672
580, 182, 31, 8.09768, 22.5471
581, 182, 31, 8.0763, 22.73
582, 182, 31, 8.04655, 22.7366
583, 182, 31, 8.01978, 22.7432
584, 182, 31, 7.9832, 22.7498
585, 182, 31, 7.96182, 22.7567
586, 182, 31, 7.93505, 22.7632
587, 182, 31, 7.90828, 22.7697
588, 182, 31, 7.86013, 22.7765
589, 182, 31, 7.8299, 22.784
590, 182, 31, 7.80015, 22.791
591, 182, 31, 7.77338, 22.7978
592, 182, 31, 7.74661, 22.8045
593, 182, 31, 7.71984, 23.0594
594, 182, 31, 7.69306, 23.0661
595, 182, 31, 7.66629, 23.0727
596, 182, 31, 7.62971, 23.0796
597, 182, 31, 7.60926, 23.093
598, 182, 31, 7.58882, 23.5547
599, 182, 31, 7.55907, 23.5614
600, 182, 31, 7.5323, 23.5682
601, 182, 31, 7.49165, 23.5748
602, 182, 31, 7.47028, 23.5814
603, 182, 31, 7.44053, 23.5882
604, 182, 31, 7.4251, 23.5947
605, 183, 31, 7.42471, 24.0478
606, 184, 31, 7.42434, 24.5183
607, 185, 31, 7.42397, 25.0136
608, 185, 31, 7.39657, 25.526
609, 185, 31, 7.38114, 25.5325
610, 186, 31, 7.38079, 26.0384
611, 187, 31, 7.38045, 26.5622
612, 188, 31, 7.38012, 27.109
613, 189, 31, 7.3798, 27.6712
614, 190, 31, 7.37949, 28.2857
615, 191, 31, 7.37918, 28.8964
616, 192, 31, 7.37889, 29.5301
617, 193, 31, 7.3786, 30.2049
618, 194, 31, 7.37832, 30.8797
619, 195, 31, 7.37805, 31.6281
620, 196, 31, 7.37779, 32.3534
621, 197, 31, 7.37753, 33.1026
622, 197, 31, 7.3614, 33.8864
623, 197, 30, 7.49913, 33.8945
624, 197, 30, 7.47776, 33.9032
625, 197, 30, 7.45098, 33.9097
626, 197, 30, 7.41034, 33.9165
627, 197, 30, 7.37376, 33.9232
628, 197, 30, 7.33719, 34.0536
629, 197, 30, 7.29655, 34.0606
630, 197, 30, 7.2559, 34.0673
631, 197, 30, 7.21933, 34.0739
632, 197, 30, 7.18275, 34.204
633, 197, 30, 7.16137, 34.2103
634, 197, 30, 7.13162, 34.2168
635, 197, 30, 7.11619, 34.2231
636, 198, 30, 7.11534, 34.3984
637, 199, 30, 7.11452, 34.5819
638, 200, 30, 7.11374, 34.7755
639, 201, 30, 7.11299, 34.9783
640, 202, 30, 7.11228, 35.191
641, 203, 30, 7.1116, 35.4138
642, 204, 30, 7.11094, 35.6574
643, 204, 30, 7.08417, 35.9095
644, 204, 30, 7.0574, 35.9162
645, 204, 30, 7.03063, 36.1679
646, 204, 30, 7.00385, 36.1743
647, 204, 30, 6.97708, 36.1814
648, 204, 30, 6.9412, 36.1879
649, 204, 30, 6.91443, 36.1944
650, 205, 30, 6.91332, 36.3247
651, 206, 30, 6.91226, 36.4635
652, 207, 30, 6.91126, 36.6198
653, 208, 30, 6.91031, 36.7743
654, 209, 30, 6.90941, 36.9383
655, 210, 30, 6.90855, 37.1116
656, 211, 30, 6.90774, 37.2909
657, 212, 30, 6.90696, 37.4798
658, 213, 30, 6.90621, 37.6805
659, 214, 30, 6.9055, 37.892
660, 215, 30, 6.90482, 38.1146
661, 216, 30, 6.90416, 38.3566
662, 216, 30, 6.87739, 38.6087
663, 216, 30, 6.85062, 38.6152
664, 216, 30, 6.82924, 38.6219
665, 216, 30, 6.80786, 38.6283
666, 216, 30, 6.77811, 38.6351
667, 216, 30, 6.75134, 38.6421
668, 216, 30, 6.71547, 38.6489
669, 216, 30, 6.68869, 38.6553
670, 217, 30, 6.68807, 38.9115
671, 218, 30, 6.68747, 39.1787
672, 218, 30, 6.67204, 39.4573
673, 218, 30, 6.66076, 39.464
674, 219, 30, 6.66019, 39.7419
675, 220, 30, 6.65963, 40.0474
676, 221, 30, 6.6591, 40.351
677, 222, 30, 6.65859, 40.6661
678, 223, 30, 6.65809, 40.998
679, 224, 30, 6.65761, 41.348
680, 225, 30, 6.65715, 41.7037
681, 226, 30, 6.65671, 42.0737
682, 227, 30, 6.65628, 42.4768
683, 228, 30, 6.65587, 42.8994
684, 228, 30, 6.64459, 43.3386
685, 228, 30, 6.62187, 43.345
686, 228, 30, 6.60143, 43.3514
687, 228, 30, 6.57465, 43.3576
688, 228, 30, 6.55922, 43.3642
689, 228, 30, 6.5438, 43.3705
690, 228, 30, 6.53252, 43.3772
691, 228, 30, 6.52125, 43.3838
692, 228, 30, 6.5008, 43.3904
693, 228, 30, 6.47106, 43.3971
694, 228, 30, 6.44428, 43.4034
695, 228, 30, 6.41751, 43.6556
696, 228, 30, 6.38776, 43.6626
697, 228, 30, 6.35802, 43.671
698, 228, 30, 6.33124, 43.6783
699, 228, 30, 6.30447, 43.9322
700, 228, 30, 6.28904, 43.9391
701, 228, 30, 6.26632, 43.946
702, 228, 30, 6.25805, 43.9683
703, 229, 30, 6.25764, 44.4028
704, 229, 30, 6.2372, 44.8519
705, 229, 30, 6.21042, 44.8592
706, 229, 30, 6.18998, 44.8661
707, 229, 30, 6.16953, 44.8727
708, 229, 30, 6.13365, 44.8795
709, 229, 30, 6.11227, 44.8861
710, 230, 30, 6.11165, 45.1566
711, 231, 30, 6.11105, 45.4242
712, 231, 30, 6.09562, 45.7001
713, 231, 30, 6.08019, 45.7065
714, 232, 30, 6.07961, 45.9863
715, 233, 30, 6.07906, 46.3031
716, 234, 30, 6.07852, 46.6179
717, 235, 30, 6.07801, 46.9343
718, 236, 30, 6.07751, 47.2627
719, 237, 30, 6.07704, 47.6056
720, 238, 30, 6.07658, 47.9629
721, 239, 30, 6.07613, 48.3349
722, 240, 30, 6.0757, 48.7401
723, 241, 30, 6.07529, 49.168
724, 241, 30, 6.06402, 49.6082
725, 241, 30, 6.04859, 49.6152
726, 241, 30, 6.03316, 49.6217
727, 241, 30, 6.02189, 49.6283
728, 242, 30, 6.02149, 50.0858
729, 242, 30, 6.00104, 50.54
730, 242, 30, 6.05304, 50.5466
731, 242, 30, 6.02329, 50.5532
732, 242, 30, 5.99355, 50.5598
733, 242, 30, 5.97812, 50.5667
734, 242, 30, 5.95767, 51.0219
735, 242, 30, 5.93722, 51.0285
736, 243, 30, 5.93683, 51.4888
737, 244, 30, 5.93646, 51.9619
738, 245, 30, 5.9361, 52.4497
739, 246, 30, 5.93574, 52.9609
740, 247, 30, 5.9354, 53.4893
741, 248, 30, 5.93507, 54.0378
742, 249, 30, 5.93475, 54.5997
743, 250, 30, 5.93444, 55.2003
744, 251, 30, 5.93413, 55.8306
745, 252, 30, 5.93384, 56.4766
746, 252, 30, 5.92556, 57.149
747, 252, 30, 5.91429, 57.1558
748, 252, 30, 5.90302, 57.1621
749, 252, 30, 5.8803, 57.1686
750, 252, 30, 5.85985, 57.1752
751, 252, 30, 5.8394, 57.1814
752, 252, 30, 5.81896, 57.188
753, 252, 29, 5.95669, 57.1945
754, 252, 29, 5.93531, 57.2013
755, 252, 29, 5.90556, 57.208
756, 252, 29, 5.89013, 57.2145
757, 252, 29, 5.87886, 57.2212
758, 252, 29, 5.86273, 57.9938
759, 252, 29, 5.84001, 58.0005
760, 252, 29, 5.81956, 58.0072
761, 252, 29, 5.80829, 58.0137
762, 252, 29, 5.78557, 58.0202
763, 252, 29, 5.7773, 58.0268
764, 252, 29, 5.83428, 58.7925
765, 253, 29, 5.83403, 59.5614
766, 254, 29, 5.83378, 60.364
767, 255, 29, 5.83355, 61.2025
768, 256, 29, 5.83332, 62.0613
769, 257, 29, 5.83309, 62.9481
770, 258, 29, 5.83287, 63.8692
771, 259, 29, 5.83266, 64.8107
772, 260, 29, 5.83245, 65.7798
773, 261, 29, 5.83224, 66.7909
774, 262, 29, 5.83204, 67.8352
775, 263, 29, 5.83185, 68.8847
776, 264, 29, 5.83166, 69.9682
777, 265, 29, 5.83147, 71.5446
778, 266, 29, 5.83129, 73.1924
779, 266, 29, 5.8014, 74.8778
780, 266, 29, 5.79013, 74.8847
781, 267, 29, 5.78995, 76.5686
782, 268, 29, 5.78978, 78.2961
783, 268, 29, 5.77673, 80.0807
784, 268, 29, 5.7613, 80.0879
785, 268, 29, 5.74085, 80.0953
786, 268, 29, 5.7204, 80.5568
787, 268, 29, 5.69995, 80.565
788, 268, 29, 5.67951, 80.5717
789, 269, 29, 5.67888, 80.8238
790, 270, 29, 5.67828, 81.0873
791, 271, 29, 5.6777, 81.3827
792, 272, 29, 5.67715, 81.6861
793, 273, 29, 5.67661, 81.993
794, 274, 29, 5.6761, 82.306
795, 275, 29, 5.6756, 82.6324
796, 276, 29, 5.67513, 82.9732
797, 277, 29, 5.67467, 83.3387
798, 278, 29, 5.67422, 83.7117
799, 279, 29, 5.67379, 84.1131
800, 280, 29, 5.67338, 84.5304
801, 281, 29, 5.67298, 84.965
802, 281, 29, 5.65253, 85.4094
803, 281, 29, 5.63208, 85.4159
804, 281, 29, 5.62381, 85.4225
805, 282, 29, 5.62352, 86.0786
806, 283, 29, 5.62324, 86.7669
807, 284, 29, 5.62297, 87.4773
808, 285, 29, 5.62271, 88.1927
809, 286, 29, 5.62245, 88.9275
810, 286, 29, 5.60632, 89.6905
811, 286, 29, 5.57044, 89.6974
812, 286, 29, 5.54772, 89.7041
813, 286, 29, 5.52728, 89.711
814, 286, 29, 5.49987, 89.7176
815, 286, 29, 5.56691, 89.724
816, 286, 29, 5.55078, 89.7305
817, 286, 29, 5.53465, 89.737
818, 286, 29, 5.60168, 89.7439
819, 286, 29, 5.59341, 89.7505
820, 286, 28, 5.73091, 91.5677
821, 286, 28, 5.71964, 93.3663
822, 286, 28, 5.70172, 93.3731
823, 286, 28, 5.68559, 93.3797
824, 286, 28, 5.66514, 93.3862
825, 286, 28, 5.65387, 93.3931
826, 286, 28, 5.63115, 93.3996
827, 286, 28, 5.62287, 93.4063
828, 286, 28, 5.60495, 93.4127
829, 286, 28, 5.59889, 93.4192
830, 286, 28, 5.59061, 95.2057
831, 286, 28, 5.57611, 95.2124
832, 286, 28, 5.56306, 95.2191
833, 286, 28, 5.54693, 95.2261
834, 287, 28, 5.54655, 95.6715
835, 288, 28, 5.54617, 96.1362
836, 289, 28, 5.54581, 96.6255
837, 290, 28, 5.54545, 97.1228
838, 291, 28, 5.54511, 97.636
839, 292, 28, 5.54478, 98.1693
840, 293, 28, 5.54446, 98.7202
841, 294, 28, 5.54415, 99.3104
842, 295, 28, 5.54384, 99.9358
843, 296, 28, 5.54355, 100.567
844, 296, 28, 5.53527, 101.222
845, 296, 28, 5.51735, 101.229
846, 296, 28, 5.50122, 101.235
847, 296, 28, 5.48995, 101.242
848, 296, 28, 5.47203, 101.249
849, 296, 28, 5.46597, 101.255
850, 297, 28, 5.46568, 101.916
851, 298, 28, 5.4654, 102.593
852, 299, 28, 5.46513, 103.315
853, 300, 28, 5.46487, 104.036
854, 301, 28, 5.46461, 104.78
855, 301, 28, 5.44848, 105.567
856, 301, 28, 5.43235, 105.574
857, 301, 28, 5.42408, 105.581
858, 301, 28, 5.40363, 105.588
859, 301, 28, 5.3875, 106.354
860, 301, 28, 5.37922, 106.361
861, 301, 28, 5.37095, 106.368
862, 301, 28, 5.35302, 106.375
863, 301, 28, 5.35994, 106.382
864, 301, 28, 5.34689, 106.389
865, 302, 28, 5.34664, 107.163
866, 303, 28, 5.3464, 107.941
867, 304, 28, 5.34616, 108.776
868, 305, 28, 5.34593, 109.632
869, 306, 28, 5.3457, 110.529
870, 307, 28, 5.34548, 111.44
871, 307, 28, 5.33942, 112.377
872, 307, 28, 5.32492, 112.384
873, 307, 28, 5.31187, 112.39
874, 307, 28, 5.29142, 112.397
875, 307, 28, 5.27529, 112.404
876, 307, 28, 5.25257, 112.41
877, 307, 27, 5.39031, 112.43
878, 307, 27, 5.36893, 112.437
879, 307, 27, 5.34848, 112.88
880, 307, 27, 5.32576, 112.888
881, 307, 27, 5.30304, 112.895
882, 307, 27, 5.28259, 112.902
883, 307, 27, 5.26214, 113.351
884, 307, 27, 5.24671, 113.357
885, 308, 27, 5.24633, 113.8
886, 309, 27, 5.24595, 114.262
887, 310, 27, 5.24559, 114.741
888, 311, 27, 5.24524, 115.235
889, 312, 27, 5.24489, 115.747
890, 313, 27, 5.24456, 116.28
891, 314, 27, 5.24424, 116.836
892, 315, 27, 5.24393, 117.433
893, 316, 27, 5.24363, 118.044
894, 317, 27, 5.24333, 118.678
895, 318, 27, 5.24305, 119.341
896, 319, 27, 5.24277, 120.029
897, 320, 27, 5.2425, 120.741
898, 321, 27, 5.24223, 121.464
899, 322, 27, 5.24198, 122.21
900, 322, 27, 5.22585, 122.997
901, 322, 27, 5.20972, 123.005
902, 322, 27, 5.19359, 123.799
903, 322, 27, 5.18531, 123.806
904, 322, 27, 5.17704, 123.814
905, 322, 27, 5.15911, 123.821
906, 322, 27, 5.14119, 123.828
907, 322, 27, 5.12506, 123.835
908, 322, 27, 5.10893, 124.6
909, 322, 27, 5.09766, 124.607
910, 323, 27, 5.09741, 125.377
911, 324, 27, 5.09717, 126.167
912, 325, 27, 5.09693, 127.011
913, 326, 27, 5.0967, 127.879
914, 327, 27, 5.09647, 128.776
915, 328, 27, 5.09625, 129.697
916, 329, 27, 5.09604, 130.657
917, 330, 27, 5.09583, 131.642
918, 331, 27, 5.09563, 132.668
919, 332, 27, 5.09543, 133.702
920, 333, 27, 5.09523, 134.756
921, 334, 27, 5.09504, 135.836
922, 335, 27, 5.09485, 137.444
923, 336, 27, 5.09467, 139.098
924, 337, 27, 5.09449, 140.816
925, 338, 27, 5.09432, 142.562
926, 338, 27, 5.08127, 144.374
927, 338, 27, 5.06514, 144.38
928, 338, 27, 5.04722, 144.388
929, 338, 27, 5.03109, 144.395
930, 338, 27, 4.99363, 144.402
931, 338, 27, 4.9775, 144.408
932, 338, 27, 4.94762, 144.415
933, 338, 27, 4.93149, 144.422
934, 339, 27, 4.93127, 145.373
935, 340, 27, 4.93106, 146.352
936, 341, 27, 4.93086, 147.361
937, 342, 27, 4.93066, 148.389
938, 343, 27, 4.93046, 149.446
939, 344, 27, 4.93027, 150.552
940, 345, 27, 4.93009, 152.167
941, 346, 27, 4.9299, 153.819
942, 347, 27, 4.92973, 155.556
943, 348, 27, 4.92955, 157.341
944, 348, 27, 4.9165, 159.148
945, 348, 27, 4.90345, 159.155
946, 348, 27, 4.88732, 159.163
947, 348, 27, 4.88126, 160.988
948, 348, 27, 4.86676, 160.995
949, 348, 27, 4.86237, 161.002
950, 349, 27, 4.8622, 162.807
951, 350, 27, 4.86203, 164.654
952, 351, 27, 4.86187, 166.53
953, 351, 27, 4.85747, 168.514
954, 351, 27, 4.85436, 168.522
955, 352, 27, 4.8542, 170.514
956, 353, 27, 4.85404, 172.492
957, 354, 27, 4.85389, 174.33
958, 355, 27, 4.85374, 176.216
959, 356, 27, 4.85359, 178.205
960, 357, 27, 4.85345, 180.251
961, 358, 27, 4.8533, 182.366
962, 359, 27, 4.85317, 184.512
963, 360, 27, 4.85303, 186.711
964, 360, 27, 4.82881, 188.999
965, 360, 27, 4.81089, 189.007
966, 360, 27, 4.79476, 189.014
967, 360, 27, 4.77863, 189.021
968, 360, 27, 4.7625, 189.793
969, 360, 27, 4.74637, 189.8
970, 360, 26, 4.88317, 189.81
971, 360, 26, 4.92068, 189.818
972, 360, 26, 4.89328, 189.826
973, 360, 26, 4.87195, 189.856
974, 360, 26, 4.8589, 189.863
975, 360, 26, 4.90732, 189.87
976, 360, 26, 4.89427, 189.877
977, 360, 26, 4.85682, 189.884
978, 360, 26, 4.84554, 189.892
979, 361, 26, 4.84529, 190.661
980, 362, 26, 4.84505, 191.447
981, 363, 26, 4.84481, 192.284
982, 364, 26, 4.84458, 193.147
983, 365, 26, 4.84436, 194.05
984, 366, 26, 4.84414, 194.96
985, 366, 26, 4.83807, 195.903
986, 366, 26, 4.83201, 195.912
987, 367, 26, 4.8318, 196.857
988, 368, 26, 4.83159, 197.826
989, 369, 26, 4.83138, 198.829
990, 370, 26, 4.83118, 199.858
991, 371, 26, 4.83099, 200.915
992, 372, 26, 4.8308, 202.028
993, 373, 26, 4.83061, 203.631
994, 374, 26, 4.83043, 205.275
995, 375, 26, 4.83025, 207.089
996, 376, 26, 4.83008, 208.866
997, 376, 25, 4.96758, 210.7
998, 376, 25, 4.95631, 212.52
999, 376, 25, 4.93359, 212.528
