Seed is: 37
Number of samples is: 1000
Simulation name is: Simulation_4TV.sim
TimeStep, Distraction Rate, Missed States, Model Accuracy, Time (ms)
0, 0, 112, 0, 5e-05
1, 0, 111, 0.763197, 0.009858
2, 0, 110, 1.7632, 0.018996
3, 0, 109, 1.531, 0.028263
4, 0, 108, 1.29881, 0.03715
5, 0, 107, 2.06201, 0.046218
6, 1, 106, 3.06201, 0.054574
7, 1, 105, 3.82521, 0.062779
8, 1, 104, 3.59301, 0.071045
9, 1, 103, 4.35621, 0.079561
10, 1, 102, 5.11941, 0.087516
11, 1, 101, 5.8826, 0.095692
12, 1, 100, 6.6458, 0.103727
13, 1, 99, 7.409, 0.111853
14, 1, 98, 8.1722, 0.121301
15, 1, 97, 8.93539, 0.129236
16, 1, 96, 9.93539, 0.137261
17, 1, 95, 10.6986, 0.145587
18, 1, 94, 11.4618, 0.154804
19, 1, 93, 11.2296, 0.163812
20, 1, 92, 11.9928, 0.17345
21, 1, 91, 12.756, 0.181105
22, 1, 90, 13.756, 0.190873
23, 1, 89, 14.5192, 0.19969
24, 1, 88, 15.2824, 0.207405
25, 1, 87, 16.0456, 0.216813
26, 1, 86, 16.8088, 0.225148
27, 1, 85, 18.1569, 0.233474
28, 2, 84, 19.1569, 0.245417
29, 2, 83, 19.9201, 0.253973
30, 2, 82, 20.6833, 0.262149
31, 2, 81, 21.4465, 0.270635
32, 2, 80, 22.2097, 0.27851
33, 2, 79, 23.2097, 0.286806
34, 2, 78, 23.9729, 0.294571
35, 2, 77, 24.7361, 0.302626
36, 2, 76, 25.4993, 0.310531
37, 2, 75, 26.2625, 0.318917
38, 2, 74, 27.6107, 0.327563
39, 2, 73, 28.3739, 0.335639
40, 2, 73, 27.9588, 0.344496
41, 2, 72, 29.307, 0.353353
42, 2, 72, 28.9335, 0.361919
43, 2, 72, 28.4485, 0.371146
44, 2, 72, 28.075, 0.379623
45, 2, 71, 28.8382, 0.387828
46, 2, 70, 28.606, 0.397046
47, 2, 69, 29.3692, 0.405312
48, 2, 69, 28.9956, 0.413507
49, 2, 69, 28.6221, 0.421903
50, 2, 69, 28.2486, 0.43055
51, 2, 68, 29.2486, 0.438535
52, 2, 67, 30.0118, 0.446861
53, 2, 66, 31.3599, 0.455968
54, 2, 66, 30.9449, 0.464254
55, 2, 66, 30.5714, 0.47282
56, 2, 66, 30.1978, 0.481487
57, 2, 66, 30.5129, 0.490093
58, 2, 66, 30.1393, 0.498709
59, 2, 65, 31.1393, 0.506524
60, 2, 64, 32.1393, 0.515171
61, 2, 63, 32.9025, 0.523937
62, 3, 62, 33.9025, 0.532033
63, 3, 61, 34.6657, 0.540539
64, 3, 61, 34.2922, 0.549226
65, 3, 61, 33.8771, 0.559104
66, 3, 61, 33.5036, 0.569214
67, 3, 61, 33.1301, 0.57797
68, 3, 60, 33.8933, 0.588911
69, 3, 59, 33.6611, 0.597107
70, 3, 58, 34.6611, 0.605463
71, 3, 57, 35.4243, 0.615211
72, 3, 57, 35.0507, 0.623868
73, 3, 57, 34.6772, 0.634388
74, 3, 57, 34.0991, 0.643605
75, 4, 57, 33.6841, 0.652352
76, 5, 57, 33.5142, 0.66167
77, 5, 57, 33.1406, 0.672731
78, 5, 57, 32.7671, 0.681688
79, 5, 57, 32.2821, 0.691066
80, 5, 56, 33.0453, 0.699572
81, 5, 55, 33.8085, 0.708279
82, 6, 55, 33.3935, 0.719099
83, 7, 55, 33.2236, 0.728307
84, 7, 55, 32.85, 0.740269
85, 7, 55, 32.4765, 0.749507
86, 7, 54, 33.2397, 0.758324
87, 7, 53, 34.0029, 0.772691
88, 7, 52, 34.7661, 0.781137
89, 7, 51, 34.5339, 0.789804
90, 8, 50, 35.5339, 0.799232
91, 8, 50, 35.1604, 0.808359
92, 8, 49, 36.1604, 0.817246
93, 8, 49, 35.7868, 0.826383
94, 8, 48, 36.7868, 0.83518
95, 8, 48, 36.3718, 0.844338
96, 8, 48, 35.9983, 0.853044
97, 8, 48, 35.6247, 0.861641
98, 8, 48, 35.2512, 0.870938
99, 8, 47, 36.2512, 0.879455
100, 8, 46, 36.019, 0.888331
101, 8, 45, 37.019, 0.896948
102, 8, 45, 36.6455, 0.907268
103, 8, 44, 37.9936, 0.916435
104, 8, 44, 37.6201, 0.925633
105, 8, 44, 37.2466, 0.935181
106, 8, 44, 37.0936, 0.95568
107, 8, 44, 37.4087, 0.965498
108, 8, 44, 37.0351, 0.975077
109, 8, 44, 36.6616, 0.985036
110, 8, 44, 36.4571, 0.994914
111, 8, 44, 36.3041, 1.00413
112, 8, 44, 35.9306, 1.01419
113, 8, 43, 37.2788, 1.02474
114, 8, 42, 38.042, 1.03408
115, 8, 42, 37.6269, 1.04342
116, 8, 41, 38.9751, 1.05416
117, 8, 40, 40.3232, 1.06332
118, 8, 40, 39.8383, 1.07263
119, 8, 40, 39.3533, 1.08219
120, 8, 40, 38.9798, 1.09183
121, 8, 40, 38.8269, 1.10096
122, 8, 40, 38.6739, 1.11174
123, 9, 40, 38.5808, 1.1219
124, 10, 40, 38.5219, 1.13281
125, 11, 40, 38.4813, 1.14517
126, 12, 40, 38.4515, 1.15861
127, 13, 40, 38.4288, 1.17287
128, 14, 40, 38.4109, 1.19042
129, 14, 40, 38.258, 1.20873
130, 14, 40, 37.8429, 1.229
131, 14, 39, 38.1957, 1.23812
132, 14, 39, 37.7107, 1.24773
133, 14, 39, 37.1326, 1.25751
134, 14, 39, 36.9281, 1.26676
135, 14, 39, 36.7582, 1.27656
136, 14, 38, 36.9995, 1.28651
137, 14, 38, 36.795, 1.29643
138, 14, 37, 37.1478, 1.30695
139, 14, 37, 36.6628, 1.31736
140, 14, 37, 36.2893, 1.32633
141, 15, 37, 36.1962, 1.33689
142, 16, 37, 36.1373, 1.34848
143, 17, 37, 36.0966, 1.36098
144, 18, 37, 36.0669, 1.38224
145, 18, 37, 35.8623, 1.39672
146, 18, 37, 35.4473, 1.40576
147, 18, 37, 35.2774, 1.41484
148, 18, 37, 35.1244, 1.42425
149, 18, 37, 34.7509, 1.43331
150, 18, 37, 34.3774, 1.44293
151, 18, 37, 33.9623, 1.45223
152, 18, 37, 33.8094, 1.46139
153, 18, 37, 33.6565, 1.47065
154, 19, 37, 33.6337, 1.48486
155, 20, 37, 33.6158, 1.50104
156, 20, 37, 33.4629, 1.51869
157, 20, 37, 33.2584, 1.52771
158, 20, 37, 33.1054, 1.54501
159, 20, 37, 32.9949, 1.55511
160, 20, 37, 32.842, 1.5645
161, 20, 37, 32.6891, 1.57407
162, 20, 37, 32.3155, 1.58353
163, 20, 37, 31.8306, 1.59293
164, 20, 37, 31.626, 1.6023
165, 20, 37, 31.211, 1.61232
166, 20, 37, 30.8375, 1.62199
167, 21, 37, 30.4224, 1.6314
168, 22, 37, 30.2525, 1.64114
169, 22, 37, 29.879, 1.65113
170, 22, 37, 29.4639, 1.66702
171, 22, 37, 29.0489, 1.67637
172, 22, 37, 28.6753, 1.68594
173, 22, 36, 29.0281, 1.69639
174, 22, 36, 28.5432, 1.707
175, 22, 36, 28.1696, 1.71645
176, 22, 36, 27.6847, 1.72617
177, 22, 36, 27.4801, 1.7359
178, 22, 35, 27.7215, 1.74546
179, 22, 35, 27.5169, 1.75595
180, 22, 35, 27.364, 1.76556
181, 22, 35, 27.2802, 1.77508
182, 22, 35, 27.1697, 1.80681
183, 23, 35, 27.1552, 1.82506
184, 24, 35, 27.1432, 1.8449
185, 25, 35, 27.1332, 1.86715
186, 25, 35, 27.0227, 1.89235
187, 25, 35, 26.8527, 1.90211
188, 25, 35, 26.7596, 1.9115
189, 25, 35, 26.6758, 1.92074
190, 25, 35, 26.5229, 1.92989
191, 26, 35, 26.1079, 1.94134
192, 27, 35, 25.9379, 1.95168
193, 28, 35, 25.8448, 1.96261
194, 29, 35, 25.7859, 1.97377
195, 30, 35, 25.7453, 1.98612
196, 31, 35, 25.7155, 2.00167
197, 31, 35, 25.511, 2.01649
198, 31, 35, 25.3581, 2.02642
199, 31, 35, 25.2051, 2.03556
200, 32, 35, 25.112, 2.04612
201, 33, 35, 25.0531, 2.0575
202, 34, 35, 25.0125, 2.06983
203, 35, 35, 24.9827, 2.0836
204, 35, 35, 24.7782, 2.09809
205, 35, 35, 24.6083, 2.10765
206, 35, 35, 24.4554, 2.11731
207, 36, 35, 24.4326, 2.13223
208, 37, 35, 24.4147, 2.14891
209, 37, 35, 24.2618, 2.16752
210, 37, 35, 24.1088, 2.17734
211, 37, 35, 23.9559, 2.18721
212, 37, 35, 23.803, 2.19703
213, 37, 35, 23.6331, 2.20657
214, 37, 35, 23.4801, 2.21604
215, 37, 34, 23.7215, 2.22555
216, 37, 34, 23.5169, 2.23509
217, 37, 33, 23.7583, 2.2452
218, 37, 33, 23.5537, 2.25592
219, 38, 33, 23.531, 2.27212
220, 39, 33, 23.5131, 2.3083
221, 39, 33, 23.3602, 2.32683
222, 39, 33, 23.2072, 2.33641
223, 39, 33, 23.0543, 2.34751
224, 39, 33, 22.8844, 2.35682
225, 39, 33, 22.8006, 2.36661
226, 39, 33, 22.7168, 2.39322
227, 40, 33, 22.7082, 2.41846
228, 41, 33, 22.7008, 2.44652
229, 42, 33, 22.6944, 2.47739
230, 43, 33, 22.6888, 2.51323
231, 43, 32, 22.8785, 2.55065
232, 43, 32, 23.0415, 2.58899
233, 43, 32, 22.9577, 2.62697
234, 43, 32, 22.6943, 2.63759
235, 43, 32, 22.5244, 2.64731
236, 43, 32, 22.3714, 2.65717
237, 43, 32, 22.2185, 2.67485
238, 43, 32, 21.9551, 2.68443
239, 43, 32, 21.8021, 2.70225
240, 43, 31, 21.9919, 2.7121
241, 43, 31, 21.8814, 2.72205
242, 43, 31, 21.7709, 2.73166
243, 43, 31, 21.6604, 2.74209
244, 43, 31, 21.5499, 2.75222
245, 44, 31, 21.5449, 2.79027
246, 45, 31, 21.5404, 2.83893
247, 45, 31, 21.4731, 2.88433
248, 45, 31, 21.38, 2.89392
249, 45, 31, 21.3211, 2.90338
250, 45, 31, 21.2681, 2.91269
251, 45, 31, 21.1843, 2.92387
252, 45, 31, 21.0313, 2.94237
253, 45, 31, 20.6163, 2.95251
254, 45, 31, 20.4118, 2.96261
255, 45, 31, 20.2588, 2.97255
256, 45, 31, 20.1059, 2.98214
257, 46, 31, 20.0914, 3.02032
258, 47, 31, 20.0794, 3.0407
259, 48, 31, 20.0694, 3.06354
260, 48, 31, 19.9589, 3.08879
261, 48, 31, 19.8484, 3.10039
262, 48, 31, 19.7379, 3.11049
263, 48, 31, 19.6274, 3.12305
264, 49, 31, 19.6188, 3.14834
265, 50, 31, 19.6114, 3.17635
266, 51, 31, 19.605, 3.20706
267, 52, 31, 19.5994, 3.2404
268, 52, 31, 19.5156, 3.27795
269, 52, 31, 19.4318, 3.28774
270, 52, 31, 19.348, 3.29745
271, 52, 31, 19.2642, 3.30786
272, 52, 31, 19.1804, 3.31801
273, 52, 31, 19.0966, 3.3279
274, 53, 31, 19.0821, 3.34579
275, 54, 31, 19.0701, 3.36538
276, 55, 31, 19.06, 3.38922
277, 56, 31, 19.0515, 3.431
278, 57, 31, 19.0441, 3.45857
279, 58, 31, 19.0377, 3.48902
280, 59, 31, 19.032, 3.5228
281, 59, 31, 18.9482, 3.55997
282, 59, 31, 18.7783, 3.56972
283, 59, 31, 18.6678, 3.57943
284, 59, 31, 18.5747, 3.59061
285, 59, 31, 18.5074, 3.60166
286, 59, 31, 18.4236, 3.61175
287, 59, 31, 18.3398, 3.62184
288, 59, 31, 18.2724, 3.6313
289, 59, 31, 18.1886, 3.64167
290, 59, 31, 18.0357, 3.6604
291, 59, 31, 17.8658, 3.66971
292, 59, 31, 17.6958, 3.67976
293, 59, 31, 17.5429, 3.68928
294, 60, 31, 17.5284, 3.70786
295, 61, 31, 17.5164, 3.72796
296, 62, 31, 17.5064, 3.7507
297, 62, 31, 17.3959, 3.77595
298, 62, 31, 17.3028, 3.786
299, 62, 30, 17.4925, 3.79593
300, 62, 30, 17.382, 3.80643
301, 63, 30, 17.3734, 3.83177
302, 64, 30, 17.3661, 3.86017
303, 65, 30, 17.3596, 3.8912
304, 66, 30, 17.354, 3.9259
305, 66, 30, 17.2702, 3.96413
306, 66, 29, 17.4599, 3.9742
307, 66, 29, 17.3494, 3.9846
308, 66, 29, 17.2656, 3.99462
309, 66, 29, 17.1818, 4.00416
310, 66, 29, 17.0887, 4.01408
311, 66, 29, 17.0049, 4.02438
312, 66, 29, 16.9376, 4.03478
313, 66, 29, 17.1015, 4.04489
314, 66, 29, 17.0485, 4.05537
315, 66, 29, 16.9554, 4.06515
316, 66, 29, 16.8622, 4.07485
317, 66, 29, 16.7784, 4.08461
318, 66, 29, 16.6947, 4.12168
319, 66, 29, 16.6416, 4.13183
320, 66, 29, 16.5828, 4.14192
321, 66, 29, 16.5297, 4.1524
322, 66, 29, 16.4624, 4.1627
323, 66, 29, 16.3951, 4.17379
324, 66, 29, 16.3113, 4.18361
325, 66, 29, 16.2182, 4.19316
326, 66, 29, 16.1652, 4.20263
327, 66, 29, 16.1121, 4.21212
328, 67, 29, 16.1081, 4.25833
329, 67, 29, 15.957, 4.3189
330, 67, 29, 15.8897, 4.3292
331, 68, 29, 15.886, 4.37951
332, 69, 29, 15.8828, 4.43361
333, 70, 29, 15.8798, 4.49442
334, 71, 29, 15.8771, 4.56373
335, 72, 29, 15.8746, 4.6455
336, 72, 29, 15.8305, 4.73331
337, 72, 29, 15.7716, 4.74351
338, 72, 29, 15.7309, 4.75334
339, 72, 28, 15.8796, 4.76294
340, 72, 28, 15.8355, 4.77297
341, 72, 28, 15.7825, 4.78242
342, 72, 28, 15.6987, 4.81998
343, 72, 28, 15.5288, 4.83055
344, 72, 28, 15.3589, 4.84037
345, 72, 28, 15.2484, 4.85049
346, 72, 28, 15.1646, 4.86129
347, 72, 27, 15.3543, 4.8715
348, 72, 27, 15.2438, 4.88344
349, 73, 27, 15.2388, 4.92134
350, 74, 27, 15.2344, 4.96344
351, 74, 27, 15.167, 5.00952
352, 74, 27, 15.0997, 5.0205
353, 74, 27, 15.0323, 5.03079
354, 74, 27, 15.1547, 5.04191
355, 74, 27, 15.1106, 5.05248
356, 74, 27, 15.0666, 5.0624
357, 75, 27, 15.0642, 5.14917
358, 75, 27, 15.0112, 5.24429
359, 75, 27, 14.9439, 5.25488
360, 76, 27, 14.9418, 5.35018
361, 76, 27, 15.0759, 5.45202
362, 77, 27, 15.0739, 5.55627
363, 78, 27, 15.0721, 5.6672
364, 79, 27, 15.0704, 5.78569
365, 80, 27, 15.0688, 5.91305
366, 81, 27, 15.0673, 6.04919
367, 82, 27, 15.0659, 6.1944
368, 82, 27, 15.0356, 6.34903
369, 82, 27, 15.0054, 6.35935
370, 82, 27, 14.9524, 6.36898
371, 82, 26, 15.1154, 6.37889
372, 82, 26, 15.0481, 6.38928
373, 82, 26, 15.004, 6.40071
374, 82, 26, 14.9367, 6.41096
375, 83, 26, 14.9317, 6.44925
376, 84, 26, 14.9272, 6.49127
377, 84, 26, 14.8599, 6.53705
378, 84, 26, 14.8158, 6.54729
379, 84, 26, 14.7628, 6.55783
380, 84, 26, 14.7187, 6.56829
381, 84, 26, 14.5378, 6.57866
382, 84, 26, 14.454, 6.61622
383, 84, 26, 14.3342, 6.62599
384, 84, 26, 14.2504, 6.66335
385, 84, 26, 14.2063, 6.67369
386, 84, 26, 14.1622, 6.68422
387, 84, 26, 14.0651, 6.69476
388, 85, 26, 14.0611, 6.7402
389, 86, 26, 14.0575, 6.79048
390, 87, 26, 14.0542, 6.84504
391, 88, 26, 14.0513, 6.90443
392, 89, 26, 14.0485, 6.97169
393, 90, 26, 14.046, 7.05286
394, 90, 26, 14.0019, 7.14086
395, 90, 26, 13.9717, 7.15196
396, 90, 26, 13.9276, 7.16263
397, 90, 26, 13.9975, 7.17324
398, 90, 26, 13.9307, 7.18462
399, 91, 26, 13.9284, 7.27215
400, 91, 26, 13.8754, 7.36703
401, 91, 26, 13.8165, 7.37679
402, 91, 26, 13.78, 7.38636
403, 91, 25, 13.9286, 7.39636
404, 91, 25, 13.8846, 7.40878
405, 92, 25, 13.8832, 7.56276
406, 93, 25, 13.882, 7.73821
407, 94, 25, 13.8808, 7.92272
408, 94, 25, 13.761, 8.11874
409, 94, 25, 13.708, 8.12962
410, 94, 25, 13.655, 8.14017
411, 94, 25, 13.5038, 8.15116
412, 94, 25, 13.4107, 8.1614
413, 94, 25, 13.3269, 8.17181
414, 95, 25, 13.3219, 8.21058
415, 96, 25, 13.3175, 8.25231
416, 97, 25, 13.3135, 8.29772
417, 98, 25, 13.3099, 8.34726
418, 99, 25, 13.3066, 8.40188
419, 100, 25, 13.3036, 8.46129
420, 101, 25, 13.3009, 8.52878
421, 102, 25, 13.2984, 8.61036
422, 103, 25, 13.2961, 8.69841
423, 103, 25, 13.2431, 8.79411
424, 103, 25, 13.1499, 8.80456
425, 103, 25, 13.0826, 8.8148
426, 103, 25, 13.0385, 8.82559
427, 103, 25, 12.9855, 8.83552
428, 103, 25, 12.9325, 8.93071
429, 103, 25, 12.8959, 8.94093
430, 103, 25, 12.837, 8.95079
431, 103, 25, 12.7781, 8.96042
432, 103, 25, 12.7251, 8.97006
433, 104, 25, 12.7211, 9.01654
434, 105, 25, 12.7175, 9.06713
435, 106, 25, 12.7143, 9.12241
436, 107, 25, 12.7113, 9.18194
437, 108, 25, 12.7085, 9.24973
438, 109, 25, 12.706, 9.33121
439, 109, 25, 12.6619, 9.41987
440, 109, 25, 12.6179, 9.43029
441, 110, 25, 12.6155, 9.51838
442, 110, 25, 12.5625, 9.61483
443, 110, 25, 12.5095, 9.62576
444, 110, 25, 12.4565, 9.6361
445, 110, 25, 12.4035, 9.64691
446, 110, 24, 12.5522, 9.65702
447, 110, 24, 12.5081, 9.6672
448, 110, 24, 12.4551, 9.76238
449, 110, 24, 12.362, 9.77317
450, 110, 24, 12.2689, 9.78389
451, 110, 24, 12.2016, 9.7943
452, 111, 24, 12.1994, 9.88984
453, 112, 24, 12.1975, 9.99296
454, 113, 24, 12.1956, 10.1032
455, 114, 24, 12.1939, 10.2219
456, 115, 24, 12.1923, 10.3491
457, 116, 24, 12.1908, 10.4841
458, 117, 24, 12.1894, 10.6294
459, 117, 24, 12.1592, 10.7825
460, 117, 24, 12.1226, 10.7945
461, 117, 23, 12.2856, 10.8059
462, 117, 23, 12.2183, 10.817
463, 117, 23, 12.1653, 10.9123
464, 117, 22, 12.314, 10.9223
465, 117, 22, 12.4066, 10.9327
466, 117, 22, 12.3398, 10.9431
467, 117, 22, 12.2992, 10.9628
468, 117, 22, 12.2626, 10.973
469, 117, 22, 12.2185, 10.9838
470, 118, 22, 12.2164, 11.0793
471, 119, 22, 12.2144, 11.1818
472, 120, 22, 12.2125, 11.2926
473, 121, 22, 12.2108, 11.4109
474, 122, 22, 12.2092, 11.5383
475, 123, 22, 12.2077, 11.6749
476, 124, 22, 12.2063, 11.82
477, 124, 22, 12.1761, 11.9745
478, 124, 22, 12.1172, 11.9852
479, 124, 22, 12.0642, 11.9958
480, 124, 22, 11.9968, 12.0063
481, 124, 22, 11.9666, 12.0175
482, 124, 22, 11.9452, 12.0301
483, 124, 22, 12.0152, 12.041
484, 124, 22, 11.9849, 12.052
485, 124, 22, 12.0784, 12.0633
486, 124, 22, 12.0303, 12.0745
487, 125, 22, 12.029, 12.2276
488, 126, 22, 12.0277, 12.3921
489, 127, 22, 12.0265, 12.5735
490, 127, 22, 11.99, 12.7666
491, 127, 22, 11.9597, 12.7769
492, 127, 22, 11.9232, 12.9851
493, 127, 22, 11.8791, 12.9957
494, 128, 22, 11.878, 13.1887
495, 129, 22, 11.8769, 13.3926
496, 130, 22, 11.8759, 13.6095
497, 131, 22, 11.8749, 13.8391
498, 132, 22, 11.874, 14.0811
499, 132, 22, 11.9261, 14.3454
500, 133, 22, 11.9252, 14.5994
501, 134, 22, 11.9244, 14.8694
502, 135, 22, 11.9236, 15.1532
503, 136, 22, 11.9228, 15.4519
504, 137, 22, 11.9221, 15.7624
505, 138, 22, 11.9215, 16.1052
506, 139, 22, 11.9208, 16.4641
507, 139, 22, 11.894, 16.8406
508, 139, 22, 11.8574, 16.8511
509, 139, 22, 11.8209, 16.8622
510, 139, 22, 11.7906, 16.8724
511, 139, 22, 11.8606, 16.8834
512, 139, 22, 11.8303, 16.8943
513, 139, 22, 11.7456, 16.9061
514, 139, 22, 11.6926, 17.0007
515, 139, 22, 11.656, 17.0106
516, 139, 22, 11.6119, 17.0213
517, 139, 22, 11.5754, 17.2148
518, 139, 22, 11.5165, 17.2259
519, 139, 22, 11.4194, 17.237
520, 139, 22, 11.3753, 17.2472
521, 139, 22, 11.3451, 17.2581
522, 139, 22, 11.3085, 17.2681
523, 140, 22, 11.3064, 17.3632
524, 141, 22, 11.3044, 17.4656
525, 142, 22, 11.3025, 17.5756
526, 143, 22, 11.3008, 17.7
527, 144, 22, 11.2992, 17.8271
528, 145, 22, 11.2977, 17.9621
529, 146, 22, 11.2963, 18.1065
530, 147, 22, 11.295, 18.2601
531, 148, 22, 11.2937, 18.4234
532, 149, 22, 11.2925, 18.6057
533, 149, 22, 11.256, 18.7983
534, 149, 22, 11.1971, 18.8087
535, 149, 22, 11.1441, 18.8189
536, 149, 22, 11.1075, 19.011
537, 149, 22, 11.0807, 19.0212
538, 149, 22, 11.0401, 19.0315
539, 149, 22, 10.9994, 19.0428
540, 149, 22, 10.9629, 19.0529
541, 150, 22, 10.9615, 19.207
542, 151, 22, 10.9603, 19.3718
543, 152, 22, 10.9591, 19.5514
544, 152, 22, 10.9225, 19.7444
545, 152, 22, 10.8923, 19.7556
546, 152, 22, 10.8655, 19.7664
547, 152, 22, 10.829, 19.7774
548, 152, 22, 10.7924, 19.7875
549, 152, 22, 10.7558, 19.7982
550, 152, 22, 10.7152, 19.8085
551, 152, 22, 10.6938, 19.8186
552, 152, 22, 10.667, 20.194
553, 152, 22, 10.6229, 20.2051
554, 152, 22, 10.5927, 20.2162
555, 152, 22, 10.5561, 20.4095
556, 152, 22, 10.508, 20.4204
557, 152, 22, 10.4782, 20.4312
558, 152, 22, 10.4514, 20.4409
559, 152, 22, 10.5034, 20.4528
560, 152, 22, 10.4821, 20.4641
561, 152, 22, 10.4666, 20.5075
562, 152, 22, 10.4453, 20.5186
563, 152, 22, 10.4094, 20.5298
564, 153, 22, 10.4088, 20.9061
565, 154, 22, 10.4082, 21.3057
566, 155, 22, 10.4076, 21.7218
567, 156, 22, 10.407, 22.1541
568, 157, 22, 10.4065, 22.604
569, 157, 22, 10.3706, 23.0726
570, 157, 22, 10.308, 23.0843
571, 157, 22, 10.2673, 23.0956
572, 157, 22, 10.2307, 23.1065
573, 157, 22, 10.1719, 23.1176
574, 157, 22, 10.113, 23.1284
575, 157, 22, 10.0827, 23.1395
576, 158, 22, 10.0822, 23.6064
577, 159, 22, 10.0817, 24.0944
578, 160, 22, 10.0812, 24.6141
579, 161, 22, 10.0808, 25.1444
580, 162, 22, 10.0803, 25.6944
581, 163, 22, 10.0799, 26.2962
582, 164, 22, 10.0795, 26.9218
583, 165, 22, 10.0791, 27.5736
584, 165, 22, 10.0586, 28.2574
585, 165, 22, 10.0319, 28.2691
586, 165, 22, 10.0016, 28.2799
587, 166, 22, 10.0005, 28.4738
588, 167, 22, 9.99948, 28.6776
589, 168, 22, 9.99848, 28.8951
590, 169, 22, 9.99753, 29.1241
591, 170, 22, 9.99663, 29.3663
592, 170, 22, 9.97525, 29.6194
593, 170, 22, 9.93461, 29.63
594, 170, 22, 9.91323, 29.6406
595, 170, 22, 9.88646, 29.6511
596, 170, 22, 9.83831, 29.662
597, 171, 22, 9.83745, 29.9161
598, 172, 22, 9.83663, 30.186
599, 173, 22, 9.83585, 30.47
600, 174, 22, 9.83511, 30.7688
601, 174, 22, 9.75038, 31.0888
602, 174, 22, 9.72361, 31.1017
603, 174, 22, 9.70223, 31.1123
604, 174, 22, 9.65408, 31.1236
605, 175, 22, 9.65297, 31.3177
606, 176, 22, 9.65191, 31.5222
607, 177, 22, 9.65091, 31.7399
608, 178, 22, 9.64996, 31.9691
609, 179, 22, 9.64906, 32.2107
610, 179, 22, 9.62768, 32.4658
611, 179, 22, 9.67969, 32.4767
612, 179, 22, 9.65831, 32.4876
613, 180, 22, 9.65745, 32.7427
614, 181, 22, 9.65663, 33.0124
615, 182, 22, 9.65585, 33.2955
616, 183, 22, 9.65511, 33.5944
617, 184, 22, 9.65439, 33.9069
618, 185, 22, 9.65371, 34.2506
619, 186, 22, 9.65306, 34.6224
620, 186, 22, 9.62629, 35.0007
621, 186, 22, 9.59951, 35.0123
622, 186, 22, 9.57274, 35.0229
623, 186, 22, 9.54251, 35.034
624, 187, 22, 9.5418, 35.3473
625, 188, 22, 9.54112, 35.6909
626, 189, 22, 9.54047, 36.05
627, 189, 22, 9.51369, 36.427
628, 189, 22, 9.44689, 36.4383
629, 189, 22, 9.38799, 36.4486
630, 189, 22, 9.35777, 36.4591
631, 189, 22, 9.31712, 36.4703
632, 189, 22, 9.29575, 36.481
633, 189, 22, 9.26897, 36.4914
634, 189, 22, 9.2324, 36.6849
635, 189, 22, 9.20562, 36.6963
636, 189, 22, 9.17885, 36.7074
637, 189, 22, 9.1491, 36.7177
638, 189, 22, 9.13367, 36.728
639, 189, 22, 9.11323, 37.4023
640, 189, 22, 9.083, 37.4136
641, 189, 22, 9.05325, 37.4241
642, 189, 22, 9.02648, 37.4349
643, 189, 22, 8.98584, 37.4683
644, 189, 22, 8.94519, 37.4791
645, 189, 22, 8.92382, 37.4898
646, 190, 22, 8.92343, 38.1729
647, 191, 22, 8.92305, 38.8733
648, 192, 22, 8.92269, 39.6003
649, 192, 22, 8.89529, 40.3526
650, 192, 22, 8.88402, 40.3645
651, 192, 22, 8.86859, 40.3757
652, 192, 22, 8.84814, 40.387
653, 192, 22, 8.83271, 40.3986
654, 192, 22, 8.80531, 40.41
655, 193, 22, 8.80496, 41.1849
656, 194, 22, 8.80461, 41.9693
657, 195, 22, 8.80428, 42.7917
658, 196, 22, 8.80396, 43.6759
659, 197, 22, 8.80365, 44.601
660, 198, 22, 8.80335, 45.5537
661, 199, 22, 8.80305, 46.5381
662, 200, 22, 8.80277, 47.5555
663, 201, 22, 8.80249, 48.6352
664, 202, 22, 8.80222, 49.754
665, 203, 22, 8.80195, 50.8734
666, 204, 22, 8.8017, 52.0381
667, 204, 22, 8.78557, 53.241
668, 204, 22, 8.7743, 53.2522
669, 204, 22, 8.75817, 54.4416
670, 204, 22, 8.73679, 54.4535
671, 204, 22, 8.72136, 54.4653
672, 204, 22, 8.69459, 54.8411
673, 204, 22, 8.66484, 54.852
674, 204, 22, 8.63509, 54.8629
675, 204, 22, 8.60832, 54.8736
676, 205, 22, 8.60769, 55.2467
677, 206, 22, 8.60709, 55.6341
678, 206, 22, 8.6446, 56.0517
679, 207, 22, 8.64402, 56.4646
680, 208, 22, 8.64346, 56.8948
681, 209, 22, 8.64293, 57.3445
682, 210, 22, 8.64242, 57.8225
683, 211, 22, 8.64192, 58.3121
684, 212, 22, 8.64144, 58.823
685, 213, 22, 8.64098, 59.3548
686, 214, 22, 8.64054, 59.9058
687, 215, 22, 8.64011, 60.5002
688, 216, 22, 8.6397, 61.13
689, 217, 22, 8.6393, 61.7746
690, 217, 22, 8.61885, 62.4345
691, 217, 22, 8.58297, 62.4465
692, 217, 22, 8.56252, 63.1325
693, 217, 22, 8.52665, 63.1436
694, 217, 22, 8.62265, 63.1544
695, 217, 22, 8.6022, 63.1651
696, 217, 22, 8.57948, 63.1759
697, 217, 22, 8.55676, 63.1867
698, 217, 22, 8.53631, 63.1976
699, 218, 22, 8.53592, 63.8648
700, 219, 22, 8.53555, 64.5667
701, 220, 22, 8.53518, 65.2869
702, 220, 22, 8.50778, 66.031
703, 220, 22, 8.4719, 66.0422
704, 220, 22, 8.42405, 66.0536
705, 220, 22, 8.41278, 66.0644
706, 221, 22, 8.41243, 66.811
707, 222, 22, 8.41209, 67.5752
708, 223, 22, 8.41176, 68.1834
709, 224, 22, 8.41144, 68.7596
710, 225, 22, 8.41112, 69.3552
711, 226, 22, 8.41082, 69.9651
712, 227, 22, 8.41053, 70.5998
713, 228, 22, 8.41024, 71.2651
714, 229, 22, 8.40996, 71.9382
715, 230, 22, 8.40969, 72.6509
716, 231, 22, 8.40943, 73.3696
717, 232, 22, 8.40917, 74.113
718, 232, 22, 8.39304, 74.894
719, 232, 22, 8.35716, 74.9016
720, 232, 22, 8.33444, 74.9086
721, 232, 22, 8.314, 74.9156
722, 232, 22, 8.30272, 74.9229
723, 232, 22, 8.29445, 74.9301
724, 232, 22, 8.25857, 74.9387
725, 233, 22, 8.25794, 75.1908
726, 234, 22, 8.25734, 75.4541
727, 234, 22, 8.24191, 75.7284
728, 234, 22, 8.22054, 75.7355
729, 235, 22, 8.21996, 76.0103
730, 236, 22, 8.21941, 76.2971
731, 237, 22, 8.21887, 76.5967
732, 238, 22, 8.21836, 76.9096
733, 239, 22, 8.21786, 77.2341
734, 239, 22, 8.15521, 77.5731
735, 239, 22, 8.14394, 77.5799
736, 239, 22, 8.12781, 77.5871
737, 239, 22, 8.10736, 77.594
738, 239, 22, 8.09193, 77.6005
739, 239, 22, 8.06453, 77.6073
740, 239, 22, 8.0484, 78.6093
741, 239, 22, 8.021, 78.6166
742, 239, 22, 7.94638, 78.6233
743, 240, 22, 7.94527, 78.7499
744, 241, 22, 7.94421, 78.8846
745, 242, 22, 7.94321, 79.0269
746, 243, 22, 7.94226, 79.1775
747, 244, 22, 7.94136, 79.3377
748, 245, 22, 7.9405, 79.5058
749, 246, 22, 7.93968, 79.6828
750, 247, 22, 7.9389, 79.869
751, 248, 22, 7.93816, 80.0661
752, 249, 22, 7.93745, 80.3031
753, 250, 22, 7.93676, 80.5329
754, 251, 22, 7.93611, 80.7683
755, 251, 22, 7.90934, 81.0253
756, 251, 22, 7.8687, 81.0318
757, 251, 22, 7.83212, 81.0382
758, 251, 22, 7.80535, 81.2831
759, 251, 22, 7.78922, 81.2897
760, 251, 22, 7.77129, 81.2964
761, 251, 22, 7.75337, 81.3029
762, 251, 22, 7.73724, 81.3093
763, 251, 22, 7.79422, 82.0677
764, 252, 22, 7.79397, 82.8262
765, 253, 22, 7.79373, 83.6005
766, 254, 22, 7.79349, 84.436
767, 255, 22, 7.79326, 85.2903
768, 256, 22, 7.79304, 86.1672
769, 257, 22, 7.79282, 87.0615
770, 258, 22, 7.7926, 87.9994
771, 259, 22, 7.79239, 88.9529
772, 260, 22, 7.79219, 89.937
773, 261, 22, 7.79199, 90.9554
774, 262, 22, 7.79179, 92.0047
775, 263, 22, 7.7916, 93.0706
776, 264, 22, 7.79142, 94.7322
777, 265, 22, 7.79123, 96.6402
778, 265, 22, 7.76135, 98.3878
779, 265, 22, 7.73863, 98.395
780, 265, 22, 7.71818, 98.4021
781, 265, 22, 7.68843, 98.4092
782, 265, 22, 7.65868, 98.416
783, 265, 22, 7.64326, 98.4231
784, 265, 22, 7.62193, 99.1754
785, 265, 22, 7.67891, 99.1827
786, 265, 22, 7.64146, 99.1899
787, 265, 22, 7.61405, 99.1967
788, 265, 22, 7.60799, 99.2042
789, 265, 22, 7.58754, 99.2109
790, 265, 22, 7.61307, 99.2171
791, 265, 22, 7.59263, 99.2234
792, 265, 22, 7.57125, 99.2304
793, 266, 22, 7.57077, 99.5688
794, 267, 22, 7.57031, 99.9204
795, 268, 22, 7.56987, 100.287
796, 269, 22, 7.56944, 100.683
797, 270, 22, 7.56902, 101.105
798, 270, 22, 7.59455, 101.536
799, 271, 22, 7.59415, 101.962
800, 271, 22, 7.57371, 102.401
801, 271, 22, 7.52556, 102.412
802, 271, 22, 7.48491, 102.422
803, 271, 22, 7.46354, 102.432
804, 271, 22, 7.43379, 102.445
805, 271, 22, 7.41836, 102.456
806, 271, 22, 7.39791, 102.465
807, 271, 22, 7.37114, 102.714
808, 271, 22, 7.35069, 102.721
809, 271, 22, 7.33024, 102.728
810, 271, 22, 7.3098, 102.734
811, 271, 22, 7.28005, 102.741
812, 271, 22, 7.2503, 102.748
813, 271, 22, 7.23487, 102.755
814, 271, 22, 7.21442, 102.761
815, 271, 22, 7.28146, 102.768
816, 271, 22, 7.27318, 102.774
817, 271, 22, 7.24329, 102.781
818, 271, 22, 7.23502, 102.788
819, 272, 22, 7.23484, 104.519
820, 273, 22, 7.23467, 106.326
821, 273, 22, 7.22162, 108.193
822, 273, 22, 7.19422, 108.201
823, 273, 22, 7.17629, 108.207
824, 273, 22, 7.16016, 108.214
825, 273, 22, 7.15189, 108.221
826, 273, 22, 7.122, 108.228
827, 274, 22, 7.12175, 109.005
828, 275, 22, 7.12151, 109.802
829, 276, 22, 7.12127, 110.652
830, 277, 22, 7.12104, 111.535
831, 278, 22, 7.12081, 112.528
832, 279, 22, 7.12059, 113.497
833, 280, 22, 7.12038, 114.455
834, 281, 22, 7.12017, 115.424
835, 282, 22, 7.11996, 116.42
836, 283, 22, 7.11976, 117.43
837, 284, 22, 7.11957, 118.49
838, 285, 22, 7.11938, 119.567
839, 285, 22, 7.10254, 121.237
840, 285, 22, 7.08949, 121.245
841, 285, 22, 7.07336, 121.252
842, 285, 22, 7.05723, 121.258
843, 285, 22, 7.0418, 121.265
844, 286, 22, 7.04142, 121.75
845, 287, 22, 7.04104, 122.22
846, 288, 22, 7.04068, 122.709
847, 289, 22, 7.04032, 123.214
848, 290, 22, 7.03998, 123.734
849, 290, 22, 6.99213, 124.276
850, 290, 22, 6.976, 124.291
851, 290, 22, 6.95987, 124.298
852, 291, 22, 6.95925, 124.552
853, 292, 22, 6.95865, 124.817
854, 293, 22, 6.95807, 125.095
855, 294, 22, 6.95751, 125.387
856, 295, 22, 6.95698, 125.692
857, 296, 22, 6.95647, 126.01
858, 297, 22, 6.95597, 126.342
859, 298, 22, 6.9555, 126.685
860, 299, 22, 6.95504, 127.043
861, 300, 22, 6.95459, 127.417
862, 301, 22, 6.95416, 127.834
863, 302, 22, 6.95375, 128.253
864, 303, 22, 6.95335, 128.783
865, 303, 22, 6.9329, 129.231
866, 303, 22, 6.90315, 129.237
867, 303, 22, 6.87638, 129.244
868, 303, 21, 7.01411, 129.693
869, 303, 21, 6.99273, 130.141
870, 303, 21, 6.93483, 130.147
871, 303, 21, 6.9194, 130.628
872, 303, 21, 6.87338, 130.635
873, 303, 21, 6.86211, 131.11
874, 303, 21, 6.84906, 131.117
875, 303, 21, 6.82774, 131.124
876, 303, 21, 6.81324, 131.131
877, 303, 21, 6.80019, 131.138
878, 303, 21, 6.77886, 131.145
879, 303, 21, 6.76581, 133.003
880, 303, 21, 6.74897, 133.01
881, 303, 21, 6.71171, 133.016
882, 303, 21, 6.69126, 133.461
883, 303, 21, 6.67513, 133.468
884, 303, 21, 6.659, 133.475
885, 303, 21, 6.63628, 133.481
886, 303, 21, 6.628, 133.488
887, 304, 21, 6.62782, 135.164
888, 305, 21, 6.62764, 136.876
889, 306, 21, 6.62746, 138.634
890, 307, 21, 6.62728, 140.419
891, 307, 21, 6.61423, 142.259
892, 307, 21, 6.5981, 142.266
893, 307, 21, 6.58267, 142.273
894, 308, 21, 6.58234, 142.837
895, 309, 21, 6.58202, 143.414
896, 310, 21, 6.58171, 144.006
897, 311, 21, 6.58141, 144.622
898, 312, 21, 6.58111, 145.338
899, 313, 21, 6.58083, 145.984
900, 314, 21, 6.58055, 146.655
901, 315, 21, 6.58028, 147.388
902, 316, 21, 6.58001, 148.115
903, 317, 21, 6.57976, 148.854
904, 317, 21, 6.56363, 149.633
905, 317, 21, 6.52775, 149.641
906, 317, 21, 6.498, 149.648
907, 317, 21, 6.48257, 149.655
908, 317, 21, 6.4713, 149.662
909, 317, 21, 6.44998, 149.67
910, 317, 21, 6.42865, 149.678
911, 317, 21, 6.41788, 149.684
912, 317, 21, 6.40338, 149.691
913, 317, 21, 6.38888, 149.698
914, 317, 21, 6.37583, 149.705
915, 318, 21, 6.37566, 151.542
916, 319, 21, 6.37549, 153.434
917, 320, 21, 6.37533, 155.357
918, 321, 21, 6.37517, 157.34
919, 322, 21, 6.37501, 159.373
920, 323, 21, 6.37486, 161.455
921, 324, 21, 6.37471, 163.648
922, 325, 21, 6.37456, 165.856
923, 326, 21, 6.37441, 168.069
924, 327, 21, 6.37427, 170.359
925, 328, 21, 6.37413, 172.719
926, 329, 21, 6.374, 175.139
927, 329, 21, 6.43203, 177.607
928, 330, 21, 6.4319, 180.19
929, 331, 21, 6.43177, 182.688
930, 332, 21, 6.43164, 185.219
931, 333, 21, 6.43151, 187.818
932, 334, 21, 6.43139, 190.497
933, 335, 21, 6.43127, 193.233
934, 335, 21, 6.42049, 196.231
935, 335, 21, 6.41443, 196.256
936, 335, 21, 6.41004, 196.263
937, 335, 21, 6.37258, 196.271
938, 335, 21, 6.35125, 197.06
939, 335, 21, 6.37679, 197.067
940, 335, 21, 6.36551, 197.074
941, 336, 21, 6.36526, 197.844
942, 337, 21, 6.36502, 198.626
943, 337, 21, 6.32756, 199.46
944, 337, 21, 6.3215, 199.468
945, 337, 21, 6.29728, 199.475
946, 337, 21, 6.27936, 199.482
947, 337, 21, 6.26323, 199.489
948, 337, 21, 6.2478, 199.496
949, 337, 21, 6.22648, 199.506
950, 337, 21, 6.20226, 199.514
951, 337, 21, 6.18921, 201.333
952, 337, 21, 6.17794, 201.349
953, 338, 21, 6.17777, 203.215
954, 339, 21, 6.1776, 205.046
955, 340, 21, 6.17744, 206.957
956, 341, 21, 6.17728, 208.949
957, 342, 21, 6.17712, 210.968
958, 343, 21, 6.17697, 213.108
959, 344, 21, 6.17682, 215.251
960, 345, 21, 6.17667, 217.401
961, 346, 21, 6.17653, 219.629
962, 347, 21, 6.17639, 221.921
963, 347, 21, 6.16294, 224.209
964, 347, 21, 6.15983, 224.216
965, 347, 21, 6.12994, 224.223
966, 348, 21, 6.1297, 225.069
967, 349, 21, 6.12947, 225.931
968, 350, 21, 6.12925, 226.818
969, 351, 21, 6.12903, 227.733
970, 352, 21, 6.12881, 228.757
971, 353, 21, 6.1286, 229.733
972, 354, 21, 6.1284, 230.745
973, 355, 21, 6.1282, 231.781
974, 356, 21, 6.12801, 232.83
975, 357, 21, 6.12781, 233.903
976, 357, 21, 6.11098, 235.583
977, 357, 21, 6.08826, 235.59
978, 357, 21, 6.06554, 235.597
979, 357, 21, 6.05726, 235.604
980, 358, 21, 6.05707, 237.255
981, 359, 21, 6.05689, 238.941
982, 359, 21, 6.027, 240.662
983, 359, 21, 6.01395, 240.671
984, 359, 21, 5.99712, 240.678
985, 359, 21, 5.98028, 240.685
986, 359, 20, 6.11956, 243.623
987, 359, 20, 6.13504, 246.696
988, 359, 20, 6.18346, 249.567
989, 359, 20, 6.15924, 252.441
990, 359, 20, 6.1458, 252.448
991, 359, 20, 6.13382, 252.456
992, 359, 20, 6.12305, 252.463
993, 359, 20, 6.10621, 252.488
994, 359, 20, 6.07557, 252.498
995, 360, 20, 6.07518, 252.949
996, 361, 20, 6.0748, 253.41
997, 362, 20, 6.07444, 253.891
998, 363, 20, 6.07409, 254.395
999, 364, 20, 6.07375, 254.906
