Seed is: 85
Number of samples is: 1000
Simulation name is: Simulation_4TV.sim
TimeStep, Distraction Rate, Missed States, Model Accuracy, Time (ms)
0, 0, 112, 0, 6e-05
1, 0, 111, 0.763197, 0.006853
2, 0, 110, 1.7632, 0.013075
3, 0, 109, 2.52639, 0.019137
4, 0, 108, 3.28959, 0.024647
5, 0, 107, 4.05279, 0.029967
6, 0, 106, 4.81599, 0.035618
7, 0, 105, 5.57918, 0.040698
8, 0, 104, 6.57918, 0.045858
9, 0, 103, 7.34238, 0.052671
10, 0, 102, 7.11019, 0.059183
11, 1, 101, 8.11019, 0.064142
12, 1, 100, 8.87338, 0.069633
13, 1, 99, 9.63658, 0.075825
14, 1, 98, 10.3998, 0.080864
15, 2, 97, 11.3998, 0.085894
16, 2, 96, 12.163, 0.091004
17, 2, 95, 12.9262, 0.096193
18, 2, 94, 13.6894, 0.100902
19, 2, 93, 14.4526, 0.105732
20, 2, 93, 14.079, 0.111122
21, 2, 92, 14.8422, 0.116131
22, 2, 91, 15.8422, 0.121331
23, 2, 90, 16.6054, 0.126391
24, 2, 89, 17.3686, 0.131601
25, 2, 88, 18.1318, 0.13648
26, 2, 88, 17.7168, 0.14181
27, 2, 88, 17.3433, 0.14675
28, 2, 88, 16.9697, 0.15212
29, 2, 87, 17.7329, 0.156819
30, 2, 86, 18.4961, 0.161698
31, 2, 85, 18.2639, 0.166858
32, 2, 84, 19.0271, 0.172168
33, 2, 83, 19.7903, 0.177629
34, 2, 82, 20.5535, 0.182708
35, 2, 81, 21.3167, 0.187628
36, 2, 81, 20.9432, 0.192747
37, 2, 81, 20.5696, 0.197747
38, 2, 81, 20.1961, 0.202676
39, 2, 81, 19.7811, 0.207485
40, 2, 81, 19.4075, 0.212625
41, 2, 80, 20.7557, 0.217555
42, 2, 79, 21.5189, 0.222805
43, 2, 79, 21.0339, 0.228095
44, 2, 78, 21.7971, 0.232824
45, 2, 77, 22.5603, 0.237483
46, 2, 76, 23.5603, 0.242562
47, 2, 75, 23.3281, 0.247582
48, 2, 75, 22.9546, 0.252972
49, 3, 75, 22.5396, 0.258443
50, 4, 75, 22.3696, 0.264434
51, 4, 75, 21.9961, 0.270576
52, 4, 75, 21.6226, 0.275665
53, 4, 74, 22.3858, 0.280645
54, 4, 73, 23.149, 0.285294
55, 4, 72, 24.149, 0.289922
56, 4, 71, 24.9122, 0.294792
57, 4, 70, 24.68, 0.299641
58, 4, 69, 25.4432, 0.304911
59, 4, 69, 25.0696, 0.310341
60, 4, 68, 24.8374, 0.315311
61, 5, 68, 24.4224, 0.320451
62, 6, 68, 24.2525, 0.325971
63, 6, 68, 23.8789, 0.331832
64, 6, 68, 23.5054, 0.337062
65, 6, 67, 24.2686, 0.342292
66, 6, 66, 25.0318, 0.346981
67, 6, 65, 26.0318, 0.352011
68, 6, 65, 25.6583, 0.357501
69, 6, 64, 26.4215, 0.362891
70, 6, 64, 26.0479, 0.368813
71, 6, 64, 25.6744, 0.373872
72, 6, 64, 25.2594, 0.378882
73, 6, 64, 24.8858, 0.383901
74, 6, 64, 24.5123, 0.388931
75, 6, 63, 25.8605, 0.394622
76, 6, 62, 26.8605, 0.399692
77, 6, 62, 26.4454, 0.405092
78, 6, 62, 26.0719, 0.410432
79, 6, 61, 27.42, 0.415872
80, 6, 60, 28.1832, 0.420852
81, 6, 59, 28.9464, 0.425711
82, 6, 58, 29.7096, 0.431081
83, 6, 58, 29.3361, 0.436422
84, 6, 58, 28.9626, 0.441601
85, 6, 58, 28.8096, 0.446831
86, 6, 58, 28.6397, 0.451901
87, 6, 58, 28.4868, 0.457041
88, 6, 57, 28.7281, 0.462181
89, 6, 57, 28.5236, 0.467922
90, 6, 57, 28.15, 0.473402
91, 7, 56, 29.15, 0.478281
92, 7, 55, 29.9132, 0.483351
93, 7, 54, 30.9132, 0.48836
94, 7, 53, 31.9132, 0.493931
95, 7, 52, 31.681, 0.511184
96, 7, 51, 32.0338, 0.518889
97, 7, 51, 31.5489, 0.52486
98, 7, 51, 31.1753, 0.53007
99, 7, 51, 30.7603, 0.535861
100, 7, 51, 30.3452, 0.541311
101, 7, 50, 31.6934, 0.547172
102, 7, 49, 32.4566, 0.552442
103, 7, 48, 33.4566, 0.557703
104, 7, 47, 34.2198, 0.563043
105, 7, 47, 33.8463, 0.568734
106, 7, 46, 35.1944, 0.57718
107, 7, 46, 34.7794, 0.58288
108, 7, 45, 36.1276, 0.588631
109, 7, 45, 35.6426, 0.594723
110, 7, 45, 35.1576, 0.600714
111, 7, 45, 34.7841, 0.606676
112, 7, 45, 34.4106, 0.612417
113, 7, 44, 35.1738, 0.617957
114, 7, 43, 36.1738, 0.623448
115, 7, 42, 36.937, 0.629599
116, 7, 42, 36.5634, 0.636402
117, 7, 42, 36.1899, 0.641943
118, 7, 42, 36.4118, 0.647884
119, 7, 42, 36.2589, 0.653455
120, 7, 42, 36.1059, 0.659025
121, 8, 42, 36.0128, 0.665358
122, 9, 42, 35.9539, 0.672311
123, 10, 42, 35.9133, 0.679965
124, 11, 42, 35.8836, 0.688812
125, 11, 42, 35.679, 0.69838
126, 11, 42, 35.4745, 0.704111
127, 11, 42, 35.3215, 0.709852
128, 12, 42, 34.9065, 0.715233
129, 13, 42, 34.7366, 0.721685
130, 13, 41, 35.0894, 0.727957
131, 13, 41, 34.6044, 0.734389
132, 13, 41, 34.9194, 0.74038
133, 13, 41, 34.7149, 0.747734
134, 13, 41, 34.562, 0.753415
135, 14, 41, 34.5392, 0.763304
136, 15, 41, 34.5213, 0.774315
137, 15, 41, 34.3684, 0.786228
138, 15, 41, 34.1985, 0.791668
139, 15, 41, 34.0455, 0.797058
140, 15, 41, 33.8926, 0.808751
141, 15, 40, 34.1339, 0.814431
142, 15, 40, 33.9294, 0.820483
143, 15, 40, 33.5559, 0.825963
144, 15, 40, 33.0709, 0.831664
145, 16, 39, 34.0709, 0.837055
146, 16, 39, 33.6974, 0.842505
147, 16, 38, 34.0501, 0.848256
148, 16, 38, 33.5652, 0.854267
149, 16, 38, 33.4122, 0.86112
150, 16, 38, 32.9273, 0.868254
151, 16, 38, 32.5537, 0.873975
152, 17, 38, 32.4606, 0.881499
153, 18, 38, 32.4017, 0.888753
154, 19, 38, 32.3611, 0.896688
155, 20, 38, 32.3314, 0.905295
156, 20, 38, 32.1268, 0.914722
157, 20, 38, 31.7118, 0.920213
158, 20, 38, 31.5419, 0.925954
159, 20, 38, 31.3889, 0.933027
160, 20, 38, 30.9739, 0.938999
161, 20, 38, 30.7693, 0.945441
162, 20, 38, 30.3958, 0.950891
163, 20, 37, 31.3958, 0.956562
164, 20, 37, 31.0223, 0.962273
165, 20, 37, 30.6487, 0.967954
166, 20, 36, 31.0015, 0.974075
167, 20, 36, 30.5165, 0.979867
168, 21, 36, 30.1015, 0.985638
169, 22, 36, 29.9316, 0.991459
170, 23, 36, 29.8385, 0.99764
171, 24, 36, 29.7796, 1.00428
172, 25, 36, 29.7389, 1.01158
173, 26, 36, 29.7092, 1.01998
174, 27, 36, 29.6865, 1.02927
175, 28, 36, 29.6686, 1.03975
176, 28, 36, 29.5156, 1.05207
177, 28, 36, 29.3111, 1.0584
178, 28, 36, 29.1581, 1.06422
179, 28, 36, 28.9536, 1.07026
180, 28, 36, 28.8007, 1.08205
181, 28, 36, 28.3856, 1.08784
182, 28, 36, 28.0121, 1.09332
183, 28, 36, 27.5971, 1.09879
184, 28, 36, 27.2235, 1.10453
185, 28, 36, 26.85, 1.11132
186, 28, 36, 26.4765, 1.11678
187, 28, 36, 26.0614, 1.12217
188, 28, 35, 26.3028, 1.12771
189, 28, 35, 26.0982, 1.13355
190, 28, 35, 25.9453, 1.14485
191, 28, 35, 25.7924, 1.15064
192, 28, 35, 25.6394, 1.15614
193, 28, 35, 25.5289, 1.16224
194, 28, 35, 25.376, 1.16804
195, 28, 35, 25.2231, 1.1739
196, 28, 35, 25.0701, 1.17937
197, 28, 35, 24.9172, 1.18542
198, 28, 35, 24.6538, 1.19117
199, 28, 35, 24.5008, 1.19726
200, 28, 35, 23.9228, 1.20331
201, 29, 35, 23.8297, 1.20999
202, 30, 35, 23.7708, 1.21762
203, 31, 35, 23.7301, 1.22526
204, 32, 35, 23.7004, 1.23414
205, 32, 35, 23.4958, 1.24377
206, 32, 35, 23.3259, 1.25164
207, 32, 35, 23.156, 1.26051
208, 32, 35, 23.0455, 1.26654
209, 32, 35, 22.8756, 1.27256
210, 32, 35, 23.0386, 1.27826
211, 32, 35, 22.9548, 1.28397
212, 33, 35, 22.9403, 1.29568
213, 34, 35, 22.9283, 1.30945
214, 35, 35, 22.9183, 1.32498
215, 35, 35, 22.8078, 1.34186
216, 35, 35, 22.724, 1.34781
217, 35, 35, 22.4605, 1.35402
218, 36, 35, 22.4378, 1.36368
219, 37, 35, 22.4199, 1.37445
220, 37, 35, 22.267, 1.38653
221, 37, 35, 22.1832, 1.39256
222, 37, 35, 22.0727, 1.3986
223, 37, 35, 21.9197, 1.40441
224, 37, 35, 21.7668, 1.41046
225, 37, 35, 21.6139, 1.41637
226, 38, 35, 21.5912, 1.42623
227, 39, 35, 21.5732, 1.43647
228, 39, 35, 21.4203, 1.44821
229, 39, 35, 21.3365, 1.45402
230, 39, 35, 21.1836, 1.46572
231, 39, 35, 21.0306, 1.47119
232, 39, 35, 20.8607, 1.47692
233, 39, 35, 20.7078, 1.48281
234, 39, 35, 20.5548, 1.48829
235, 40, 35, 20.5403, 1.49986
236, 41, 35, 20.5284, 1.51342
237, 42, 35, 20.5183, 1.52852
238, 42, 35, 20.4078, 1.54497
239, 42, 35, 20.2379, 1.55054
240, 42, 35, 20.1448, 1.55606
241, 42, 35, 20.061, 1.56187
242, 42, 35, 19.8911, 1.56815
243, 42, 35, 19.7806, 1.57417
244, 43, 35, 19.7661, 1.58573
245, 44, 35, 19.7541, 1.59865
246, 45, 35, 19.744, 1.6135
247, 46, 35, 19.7355, 1.63034
248, 47, 35, 19.7281, 1.65042
249, 48, 35, 19.7217, 1.6711
250, 49, 35, 19.716, 1.69358
251, 49, 35, 19.6322, 1.71932
252, 49, 35, 19.5217, 1.72537
253, 49, 35, 19.4379, 1.73106
254, 49, 35, 19.3274, 1.73716
255, 49, 35, 19.2436, 1.76275
256, 49, 35, 19.0737, 1.76856
257, 49, 35, 18.9208, 1.77552
258, 49, 35, 18.7508, 1.78142
259, 49, 35, 18.5979, 1.78697
260, 49, 35, 18.445, 1.79874
261, 49, 35, 18.2921, 1.80429
262, 49, 35, 18.1221, 1.8104
263, 49, 35, 18.0116, 1.8165
264, 49, 35, 17.9278, 1.8417
265, 49, 35, 17.844, 1.84757
266, 49, 35, 17.7602, 1.85308
267, 49, 35, 17.6764, 1.85912
268, 49, 35, 17.5833, 1.86458
269, 49, 35, 17.4995, 1.87034
270, 49, 35, 17.4157, 1.87665
271, 50, 35, 17.4072, 1.89329
272, 51, 35, 17.3998, 1.91204
273, 52, 35, 17.3934, 1.93266
274, 53, 35, 17.3877, 1.95615
275, 53, 35, 17.3039, 1.98155
276, 53, 35, 17.2108, 1.98714
277, 53, 35, 17.127, 1.99286
278, 53, 35, 17.0432, 2.0186
279, 53, 35, 16.9759, 2.02501
280, 53, 34, 17.1656, 2.03123
281, 53, 34, 17.0551, 2.03741
282, 54, 34, 17.0406, 2.04934
283, 55, 34, 17.0286, 2.06269
284, 56, 34, 17.0186, 2.07775
285, 56, 34, 17.1816, 2.09457
286, 57, 34, 17.173, 2.11152
287, 58, 34, 17.1657, 2.15098
288, 59, 34, 17.1592, 2.17373
289, 60, 34, 17.1536, 2.19713
290, 60, 34, 17.0698, 2.22322
291, 60, 34, 16.986, 2.22948
292, 60, 34, 16.9022, 2.23574
293, 60, 34, 16.8184, 2.24172
294, 60, 34, 16.7346, 2.2477
295, 60, 34, 16.6673, 2.25388
296, 60, 34, 16.5835, 2.27916
297, 60, 34, 16.4904, 2.28479
298, 60, 34, 16.4066, 2.29046
299, 61, 34, 16.4016, 2.3164
300, 62, 34, 16.3971, 2.34542
301, 63, 34, 16.3931, 2.37778
302, 63, 34, 16.242, 2.4133
303, 63, 34, 16.1488, 2.4198
304, 63, 34, 16.0557, 2.42601
305, 63, 34, 16.1781, 2.43225
306, 63, 34, 16.027, 2.43873
307, 64, 34, 16.0234, 2.47337
308, 65, 34, 16.0201, 2.51155
309, 66, 34, 16.0171, 2.5531
310, 67, 34, 16.0144, 2.60071
311, 68, 34, 16.0119, 2.65372
312, 69, 34, 16.0096, 2.71024
313, 69, 34, 15.9566, 2.77438
314, 69, 34, 15.8054, 2.7812
315, 69, 34, 15.7123, 2.78759
316, 69, 34, 15.5612, 2.7941
317, 69, 34, 15.5171, 2.80039
318, 69, 34, 15.4641, 2.86382
319, 69, 34, 15.3803, 2.86988
320, 69, 34, 15.2872, 2.8762
321, 69, 34, 15.2034, 2.88269
322, 69, 34, 15.1504, 2.88874
323, 69, 34, 15.083, 2.8947
324, 70, 34, 15.078, 2.92095
325, 71, 34, 15.0736, 2.94943
326, 72, 34, 15.0696, 2.98097
327, 73, 34, 15.066, 3.01654
328, 74, 34, 15.0627, 3.05444
329, 75, 34, 15.0597, 3.09621
330, 76, 34, 15.057, 3.14351
331, 77, 34, 15.0545, 3.19543
332, 78, 34, 15.0521, 3.25166
333, 78, 34, 14.9991, 3.31506
334, 78, 34, 14.9153, 3.32146
335, 78, 34, 14.8315, 3.32741
336, 79, 34, 14.823, 3.34459
337, 80, 34, 14.8156, 3.36408
338, 81, 34, 14.8092, 3.38566
339, 82, 34, 14.8035, 3.40904
340, 82, 34, 14.7197, 3.43507
341, 82, 34, 14.6359, 3.44126
342, 82, 34, 14.5428, 3.44761
343, 82, 34, 14.4755, 3.45396
344, 82, 34, 14.4225, 3.51739
345, 82, 34, 14.3294, 3.52378
346, 82, 34, 14.262, 3.53004
347, 82, 34, 14.209, 3.59339
348, 82, 34, 14.1649, 3.59976
349, 83, 34, 14.1628, 3.66453
350, 84, 34, 14.1608, 3.7334
351, 85, 34, 14.159, 3.80817
352, 86, 34, 14.1573, 3.89906
353, 87, 34, 14.1557, 3.98424
354, 88, 34, 14.1542, 4.07559
355, 89, 34, 14.1527, 4.17334
356, 90, 34, 14.1514, 4.27744
357, 91, 34, 14.1502, 4.40083
358, 92, 34, 14.149, 4.56344
359, 92, 34, 14.1124, 4.72523
360, 92, 34, 14.0451, 4.73524
361, 92, 34, 13.9921, 4.74795
362, 92, 34, 13.9083, 4.79085
363, 92, 34, 13.8245, 4.80085
364, 92, 34, 13.7314, 4.81098
365, 92, 33, 13.9211, 4.82002
366, 92, 33, 14.0841, 4.82909
367, 92, 33, 14.248, 4.83817
368, 92, 33, 14.1891, 4.84724
369, 92, 33, 14.1361, 4.85625
370, 93, 33, 14.1311, 4.89157
371, 94, 33, 14.1267, 4.92258
372, 94, 33, 14.0593, 4.9604
373, 94, 32, 14.2224, 4.96978
374, 94, 32, 14.155, 4.97964
375, 95, 32, 14.151, 5.02311
376, 96, 32, 14.1474, 5.06476
377, 97, 32, 14.1441, 5.10335
378, 98, 32, 14.1411, 5.14549
379, 99, 32, 14.1384, 5.19418
380, 100, 32, 14.1359, 5.24677
381, 100, 32, 14.0918, 5.30353
382, 100, 32, 14.0477, 5.30998
383, 101, 32, 14.0454, 5.36606
384, 101, 32, 13.9924, 5.4298
385, 101, 32, 13.9335, 5.43624
386, 101, 32, 13.7526, 5.44276
387, 101, 32, 13.6688, 5.44896
388, 102, 32, 13.6638, 5.47559
389, 103, 32, 13.6594, 5.50532
390, 103, 32, 13.592, 5.5378
391, 103, 32, 13.4989, 5.54387
392, 103, 32, 13.44, 5.55002
393, 103, 32, 13.387, 5.55595
394, 103, 32, 13.3429, 5.56237
395, 103, 32, 13.3064, 5.694
396, 103, 32, 13.2623, 5.70019
397, 103, 32, 13.2257, 5.83031
398, 103, 32, 13.1727, 5.83666
399, 103, 32, 13.1197, 5.8426
400, 103, 32, 13.0667, 5.84881
401, 103, 32, 13.0078, 5.85472
402, 103, 32, 12.9548, 5.86073
403, 104, 32, 12.9527, 5.92497
404, 104, 32, 12.8556, 5.99439
405, 104, 32, 12.7967, 6.00081
406, 104, 32, 12.7378, 6.00757
407, 104, 32, 12.8719, 6.01434
408, 104, 32, 12.7748, 6.02116
409, 105, 32, 12.7729, 6.09046
410, 106, 32, 12.771, 6.16491
411, 107, 32, 12.7693, 6.2451
412, 108, 32, 12.7677, 6.33058
413, 109, 32, 12.7662, 6.42181
414, 110, 32, 12.7648, 6.51906
415, 111, 32, 12.7635, 6.62333
416, 112, 32, 12.7622, 6.75495
417, 112, 32, 12.6954, 6.87857
418, 112, 32, 12.6286, 6.88544
419, 113, 32, 12.6274, 7.00911
420, 113, 32, 12.5908, 7.14034
421, 113, 32, 12.5378, 7.14877
422, 113, 32, 12.4705, 7.15662
423, 113, 31, 12.6335, 7.16297
424, 113, 31, 12.5662, 7.17615
425, 113, 31, 12.5221, 7.1843
426, 113, 31, 12.4691, 7.19119
427, 113, 31, 12.4161, 7.19773
428, 113, 31, 12.319, 7.20461
429, 113, 31, 12.266, 7.21135
430, 113, 31, 12.1462, 7.21792
431, 113, 31, 12.0873, 7.22461
432, 113, 31, 11.9902, 7.23176
433, 113, 31, 11.96, 7.2384
434, 113, 31, 11.9234, 7.36976
435, 113, 31, 11.8704, 7.38529
436, 113, 31, 11.8115, 7.39231
437, 113, 30, 11.9745, 7.39902
438, 113, 30, 11.9072, 7.40581
439, 113, 30, 11.8706, 7.41211
440, 113, 30, 11.8404, 7.42004
441, 114, 30, 11.8393, 7.55045
442, 115, 30, 11.8382, 7.68917
443, 116, 30, 11.8372, 7.83746
444, 117, 30, 11.8363, 7.99331
445, 118, 30, 11.8354, 8.1582
446, 119, 30, 11.8345, 8.333
447, 120, 30, 11.8337, 8.51599
448, 121, 30, 11.8329, 8.71667
449, 122, 30, 11.8322, 8.9225
450, 123, 30, 11.8315, 9.1429
451, 124, 30, 11.8308, 9.3773
452, 125, 30, 11.8301, 9.6229
453, 125, 30, 11.8033, 9.88
454, 125, 30, 11.7593, 9.88689
455, 125, 30, 11.7152, 9.89353
456, 125, 30, 11.6711, 9.90073
457, 125, 30, 11.6181, 9.90731
458, 125, 30, 11.5651, 9.9141
459, 125, 30, 11.5121, 9.92039
460, 126, 30, 11.5081, 9.95373
461, 127, 30, 11.5045, 9.99036
462, 128, 30, 11.5012, 10.03
463, 129, 30, 11.4982, 10.0733
464, 130, 30, 11.4955, 10.122
465, 131, 30, 11.493, 10.1747
466, 131, 30, 11.4489, 10.2324
467, 131, 30, 11.39, 10.2388
468, 131, 30, 11.3493, 10.2451
469, 131, 30, 11.3128, 10.2512
470, 131, 30, 11.2539, 10.2582
471, 131, 30, 11.2236, 10.2763
472, 131, 30, 11.1969, 10.5423
473, 131, 30, 11.2895, 10.5492
474, 131, 30, 11.2306, 10.5558
475, 131, 30, 11.2004, 10.5625
476, 131, 30, 11.1736, 10.8176
477, 131, 30, 11.137, 10.8243
478, 131, 30, 11.1068, 10.8312
479, 131, 29, 11.2699, 10.8378
480, 131, 29, 11.2025, 10.8448
481, 131, 29, 11.1436, 10.8509
482, 131, 29, 11.0906, 10.857
483, 131, 29, 11.0465, 10.8637
484, 131, 29, 10.9935, 10.8697
485, 131, 29, 10.8737, 10.8759
486, 131, 29, 10.8207, 10.8821
487, 132, 29, 10.8184, 10.9391
488, 132, 29, 10.7654, 11.0032
489, 132, 29, 10.7288, 11.0098
490, 132, 29, 10.6758, 11.0734
491, 132, 29, 10.6352, 11.0795
492, 132, 29, 10.5986, 11.0853
493, 132, 29, 10.5456, 11.092
494, 132, 29, 10.4926, 11.1558
495, 132, 29, 10.4624, 11.1624
496, 132, 29, 10.4258, 11.1683
497, 132, 29, 10.3851, 11.1748
498, 132, 29, 10.3486, 11.1809
499, 133, 29, 10.3464, 11.2445
500, 134, 29, 10.3444, 11.3134
501, 135, 29, 10.3426, 11.3877
502, 136, 29, 10.3409, 11.468
503, 137, 29, 10.3393, 11.5533
504, 138, 29, 10.3378, 11.6441
505, 139, 29, 10.3364, 11.7428
506, 139, 29, 10.3061, 11.8459
507, 139, 29, 10.2759, 11.8526
508, 140, 29, 10.2746, 11.9556
509, 141, 29, 10.2733, 12.0654
510, 142, 29, 10.2722, 12.1879
511, 142, 29, 10.2356, 12.3192
512, 142, 29, 10.1949, 12.3258
513, 142, 29, 10.1102, 12.3507
514, 142, 28, 10.2589, 12.3567
515, 142, 28, 10.2148, 12.363
516, 143, 28, 10.2127, 12.427
517, 144, 28, 10.2107, 12.4962
518, 145, 28, 10.2089, 12.57
519, 146, 28, 10.2071, 12.6648
520, 147, 28, 10.2055, 12.751
521, 148, 28, 10.204, 12.8409
522, 149, 28, 10.2026, 12.9373
523, 149, 28, 10.1724, 13.0393
524, 149, 28, 10.1358, 13.0452
525, 150, 28, 10.1345, 13.1481
526, 151, 28, 10.1332, 13.2575
527, 152, 28, 10.1321, 13.379
528, 152, 28, 10.0955, 13.5079
529, 152, 28, 10.0589, 13.5141
530, 152, 28, 10.0223, 13.5203
531, 152, 28, 9.9817, 13.5265
532, 152, 28, 9.94512, 13.5328
533, 153, 28, 9.944, 13.6619
534, 154, 28, 9.94295, 13.7988
535, 155, 28, 9.94195, 13.9523
536, 156, 28, 9.941, 14.1065
537, 157, 28, 9.9401, 14.2693
538, 158, 28, 9.93924, 14.4408
539, 159, 28, 9.93842, 14.6216
540, 160, 28, 9.93764, 14.8122
541, 160, 28, 9.88949, 15.0128
542, 160, 28, 9.84885, 15.0197
543, 160, 28, 9.80821, 15.0263
544, 160, 28, 9.90172, 15.0332
545, 160, 28, 9.81699, 15.0399
546, 160, 28, 9.92842, 15.0466
547, 160, 28, 9.89184, 15.0533
548, 160, 28, 9.86209, 15.0602
549, 160, 28, 9.83234, 15.0668
550, 160, 28, 9.76969, 15.0736
551, 160, 28, 9.72905, 15.0803
552, 160, 28, 9.70767, 15.0868
553, 160, 28, 9.6711, 15.2165
554, 160, 28, 9.64087, 15.2233
555, 160, 28, 9.57406, 15.2299
556, 160, 28, 9.48933, 15.2363
557, 160, 28, 9.45276, 15.2429
558, 160, 28, 9.52268, 15.2495
559, 160, 28, 9.4861, 15.2562
560, 161, 28, 9.48499, 15.3851
561, 162, 28, 9.48394, 15.5218
562, 163, 28, 9.48294, 15.6665
563, 164, 28, 9.48199, 15.8203
564, 165, 28, 9.48109, 15.9827
565, 165, 28, 9.45971, 16.1551
566, 165, 28, 9.43294, 16.1618
567, 165, 28, 9.37029, 16.1697
568, 166, 28, 9.36954, 16.4192
569, 167, 28, 9.36883, 16.6381
570, 168, 28, 9.36815, 16.8692
571, 169, 28, 9.36749, 17.1097
572, 169, 28, 9.34072, 17.3699
573, 169, 28, 9.30414, 17.3769
574, 169, 28, 9.26756, 17.3846
575, 169, 28, 9.24619, 17.3913
576, 169, 28, 9.21941, 17.6456
577, 169, 28, 9.18284, 17.6523
578, 169, 28, 9.11603, 17.6591
579, 169, 28, 9.08926, 17.6655
580, 169, 28, 9.06788, 17.672
581, 170, 28, 9.06725, 17.9259
582, 171, 28, 9.06665, 18.1909
583, 172, 28, 9.06608, 18.4684
584, 173, 28, 9.06552, 18.7583
585, 174, 28, 9.06499, 19.0609
586, 175, 28, 9.06447, 19.3786
587, 176, 28, 9.06398, 19.7079
588, 177, 28, 9.0635, 20.0518
589, 178, 28, 9.06304, 20.425
590, 179, 28, 9.0626, 20.8195
591, 180, 28, 9.06217, 21.2248
592, 181, 28, 9.06175, 21.6437
593, 182, 28, 9.06135, 22.078
594, 182, 28, 9.04091, 22.525
595, 182, 28, 9.01068, 22.5319
596, 182, 28, 8.9741, 22.5387
597, 182, 28, 8.93752, 22.5456
598, 182, 28, 8.89688, 22.5582
599, 182, 28, 8.86713, 22.5812
600, 182, 27, 9.00832, 22.5876
601, 182, 27, 8.97809, 22.5959
602, 182, 27, 8.93745, 22.6196
603, 182, 27, 8.91607, 22.6266
604, 182, 27, 8.89563, 23.0754
605, 182, 27, 8.85498, 23.0824
606, 182, 27, 8.81434, 23.0917
607, 182, 27, 8.79296, 23.1002
608, 182, 27, 8.77252, 23.546
609, 182, 27, 8.74574, 23.5527
610, 182, 27, 8.72437, 23.5594
611, 182, 27, 8.70299, 23.5669
612, 182, 27, 8.67276, 23.5738
613, 182, 27, 8.63618, 23.704
614, 182, 27, 8.6148, 23.7165
615, 183, 27, 8.61369, 23.8546
616, 184, 27, 8.61264, 23.9931
617, 185, 27, 8.61164, 24.1375
618, 186, 27, 8.61069, 24.3015
619, 187, 27, 8.60979, 24.4634
620, 187, 27, 8.58841, 24.6344
621, 187, 27, 8.56703, 24.6411
622, 187, 27, 8.54565, 24.648
623, 187, 26, 8.68684, 24.6546
624, 187, 26, 8.75677, 24.662
625, 187, 26, 8.70862, 24.6691
626, 188, 26, 8.70776, 24.8456
627, 189, 26, 8.70694, 25.0264
628, 190, 26, 8.70616, 25.2168
629, 191, 26, 8.70541, 25.4091
630, 192, 26, 8.7047, 25.6239
631, 193, 26, 8.70402, 25.8524
632, 194, 26, 8.70337, 26.0919
633, 194, 26, 8.67659, 26.3419
634, 194, 26, 8.64982, 26.3487
635, 194, 26, 8.62305, 26.3568
636, 194, 26, 8.5933, 26.3633
637, 194, 26, 8.56653, 26.3696
638, 195, 26, 8.5659, 26.6209
639, 196, 26, 8.5653, 26.8834
640, 197, 26, 8.56472, 27.1579
641, 198, 26, 8.56417, 27.4599
642, 199, 26, 8.56364, 27.7608
643, 199, 26, 8.52776, 28.0738
644, 199, 26, 8.50504, 28.0806
645, 199, 26, 8.48232, 28.0875
646, 199, 26, 8.43447, 28.0942
647, 199, 26, 8.40472, 28.1011
648, 199, 26, 8.38929, 28.1078
649, 200, 26, 8.38843, 28.2773
650, 201, 26, 8.38762, 28.4575
651, 202, 26, 8.38684, 28.6478
652, 203, 26, 8.38609, 28.8492
653, 204, 26, 8.38538, 29.0636
654, 205, 26, 8.3847, 29.2926
655, 206, 26, 8.38404, 29.5324
656, 206, 26, 8.35727, 29.7822
657, 206, 26, 8.32752, 29.7887
658, 206, 26, 8.30075, 29.7951
659, 206, 26, 8.27398, 30.0454
660, 206, 26, 8.2526, 30.0525
661, 206, 26, 8.20445, 30.0597
662, 206, 26, 8.1418, 30.0668
663, 206, 26, 8.11503, 30.0734
664, 206, 26, 8.06688, 30.0808
665, 206, 26, 8.0401, 30.0876
666, 206, 26, 8.01333, 30.0944
667, 206, 26, 7.98656, 30.1009
668, 206, 26, 7.95979, 30.3516
669, 206, 26, 7.93004, 30.3581
670, 206, 26, 7.90327, 30.365
671, 206, 26, 7.87649, 30.3725
672, 207, 26, 7.87587, 30.6322
673, 208, 26, 7.87527, 30.8952
674, 208, 26, 7.85984, 31.1693
675, 208, 26, 7.84857, 31.1765
676, 209, 26, 7.84799, 31.4513
677, 210, 26, 7.84743, 31.7376
678, 211, 26, 7.8469, 32.0382
679, 212, 26, 7.84639, 32.3521
680, 213, 26, 7.84589, 32.6783
681, 214, 26, 7.84541, 33.0175
682, 215, 26, 7.84495, 33.3905
683, 216, 26, 7.84451, 33.7727
684, 217, 26, 7.84408, 34.1815
685, 218, 26, 7.84367, 34.5981
686, 218, 26, 7.8324, 35.031
687, 218, 25, 7.97013, 35.0379
688, 218, 25, 7.94875, 35.0451
689, 218, 25, 7.9009, 35.0519
690, 219, 25, 7.90039, 35.3639
691, 220, 25, 7.89989, 35.6895
692, 221, 25, 7.89941, 36.0293
693, 222, 25, 7.89895, 36.4009
694, 223, 25, 7.89851, 36.7835
695, 224, 25, 7.89808, 37.1922
696, 225, 25, 7.89767, 37.6127
697, 226, 25, 7.89727, 38.0449
698, 226, 25, 7.87682, 38.4907
699, 226, 25, 7.85005, 38.4973
700, 226, 25, 7.82327, 38.5036
701, 226, 25, 7.80784, 38.5104
702, 226, 25, 7.7874, 38.9697
703, 226, 25, 7.76062, 38.9766
704, 226, 25, 7.71247, 38.9836
705, 226, 25, 7.69203, 38.9901
706, 226, 25, 7.6766, 38.9968
707, 227, 25, 7.67621, 39.4439
708, 228, 25, 7.67583, 39.9129
709, 229, 25, 7.67547, 40.3971
710, 230, 25, 7.67512, 40.9098
711, 231, 25, 7.67478, 41.4358
712, 232, 25, 7.67444, 41.9818
713, 233, 25, 7.67412, 42.5568
714, 234, 25, 7.67381, 43.1308
715, 235, 25, 7.67351, 43.7441
716, 236, 25, 7.67321, 44.3813
717, 237, 25, 7.67293, 45.0351
718, 238, 25, 7.67265, 45.7072
719, 239, 25, 7.67238, 46.3979
720, 240, 25, 7.67211, 47.1127
721, 241, 25, 7.67186, 47.8526
722, 241, 25, 7.65573, 48.6286
723, 241, 25, 7.62598, 48.6359
724, 241, 25, 7.61055, 48.6428
725, 241, 25, 7.59442, 49.4012
726, 241, 25, 7.56468, 49.4079
727, 241, 25, 7.53493, 49.4147
728, 241, 25, 7.5195, 49.4214
729, 241, 25, 7.50337, 50.1997
730, 241, 25, 7.4921, 50.2066
731, 242, 25, 7.49185, 50.9717
732, 243, 25, 7.4916, 51.7529
733, 244, 25, 7.49137, 52.5724
734, 245, 25, 7.49114, 53.4407
735, 246, 25, 7.49091, 54.3331
736, 247, 25, 7.49069, 55.2351
737, 248, 25, 7.49048, 56.1623
738, 249, 25, 7.49027, 57.1203
739, 250, 25, 7.49006, 58.1184
740, 251, 25, 7.48986, 59.1271
741, 252, 25, 7.48967, 60.1781
742, 253, 25, 7.48948, 61.2513
743, 254, 25, 7.48929, 63.0005
744, 255, 25, 7.48911, 64.7946
745, 256, 25, 7.48893, 66.6975
746, 257, 25, 7.48876, 68.6079
747, 257, 25, 7.47571, 70.5736
748, 257, 25, 7.46028, 70.5805
749, 257, 25, 7.44485, 70.5873
750, 257, 25, 7.42942, 70.5948
751, 257, 25, 7.40265, 70.6018
752, 257, 25, 7.3729, 70.6084
753, 257, 25, 7.31025, 70.6149
754, 257, 25, 7.29482, 70.6218
755, 258, 25, 7.29419, 70.8724
756, 259, 25, 7.29359, 71.1358
757, 259, 25, 7.3311, 71.409
758, 260, 25, 7.33052, 71.6823
759, 261, 25, 7.32996, 71.9682
760, 262, 25, 7.32943, 72.2661
761, 263, 25, 7.32892, 72.577
762, 264, 25, 7.32842, 72.9009
763, 265, 25, 7.32795, 73.2388
764, 266, 25, 7.32749, 73.6075
765, 267, 25, 7.32704, 73.9979
766, 268, 25, 7.32661, 74.3954
767, 269, 25, 7.3262, 74.8132
768, 270, 25, 7.3258, 75.2473
769, 270, 25, 7.30535, 75.6916
770, 270, 25, 7.26947, 75.6984
771, 270, 24, 7.4072, 76.1436
772, 270, 24, 7.38583, 76.5891
773, 270, 24, 7.37456, 76.5961
774, 270, 24, 7.35913, 77.0441
775, 270, 24, 7.33641, 77.0511
776, 270, 24, 7.31596, 77.0576
777, 270, 24, 7.30053, 77.0649
778, 270, 24, 7.26465, 77.0722
779, 270, 24, 7.24922, 77.0794
780, 270, 24, 7.2313, 77.0867
781, 270, 24, 7.21338, 77.0937
782, 270, 24, 7.17592, 77.102
783, 270, 24, 7.16465, 77.1096
784, 270, 24, 7.23863, 77.1268
785, 270, 24, 7.20874, 77.1338
786, 270, 24, 7.18602, 77.1412
787, 270, 24, 7.27004, 77.1486
788, 270, 24, 7.26177, 77.1561
789, 271, 24, 7.26137, 77.5934
790, 271, 24, 7.24092, 78.0556
791, 271, 24, 7.2182, 78.0625
792, 271, 24, 7.19775, 78.0694
793, 271, 24, 7.1773, 78.5143
794, 271, 24, 7.14143, 78.5216
795, 271, 24, 7.13015, 78.5285
796, 271, 24, 7.11888, 78.5359
797, 271, 23, 7.25662, 78.5441
798, 271, 23, 7.23524, 78.5512
799, 271, 23, 7.21252, 78.5579
800, 271, 23, 7.16467, 78.5646
801, 271, 23, 7.20217, 78.5732
802, 271, 23, 7.17477, 78.5818
803, 271, 23, 7.15685, 78.5885
804, 271, 23, 7.14072, 78.5954
805, 272, 23, 7.14033, 79.0405
806, 273, 23, 7.13996, 79.5044
807, 274, 23, 7.13959, 79.9887
808, 275, 23, 7.13924, 80.4863
809, 276, 23, 7.1389, 81.0067
810, 277, 23, 7.13857, 81.5398
811, 278, 23, 7.13825, 82.1142
812, 279, 23, 7.13793, 82.7058
813, 280, 23, 7.13763, 83.3209
814, 281, 23, 7.13734, 83.9636
815, 281, 23, 7.12906, 84.6219
816, 281, 23, 7.14454, 84.6304
817, 281, 23, 7.12661, 84.638
818, 281, 23, 7.06871, 84.6453
819, 281, 23, 7.05744, 84.6528
820, 282, 23, 7.05705, 85.1023
821, 283, 23, 7.05668, 85.5697
822, 284, 23, 7.05631, 86.0548
823, 284, 23, 7.02891, 86.5575
824, 284, 23, 6.98289, 86.5646
825, 285, 23, 6.98254, 87.0705
826, 286, 23, 6.9822, 87.6008
827, 287, 23, 6.98187, 88.1414
828, 288, 23, 6.98155, 88.7239
829, 289, 23, 6.98124, 89.3269
830, 290, 23, 6.98093, 89.9453
831, 291, 23, 6.98064, 90.5892
832, 292, 23, 6.98035, 91.2521
833, 293, 23, 6.98007, 91.9395
834, 294, 23, 6.9798, 92.6475
835, 295, 23, 6.97954, 93.3724
836, 296, 23, 6.97928, 94.1322
837, 296, 23, 6.96315, 94.8989
838, 296, 23, 6.94271, 94.9063
839, 296, 23, 6.93143, 94.9134
840, 296, 23, 6.91099, 94.9202
841, 296, 23, 6.89054, 94.9269
842, 296, 23, 6.87009, 94.9337
843, 296, 23, 6.84964, 94.9403
844, 296, 23, 6.82692, 94.9466
845, 296, 22, 6.96465, 94.9529
846, 296, 22, 6.94328, 94.9595
847, 296, 22, 6.92715, 95.724
848, 296, 22, 6.91172, 95.7309
849, 296, 22, 6.89039, 96.4982
850, 296, 22, 6.87589, 96.5053
851, 296, 22, 6.86139, 96.5122
852, 296, 22, 6.83717, 96.519
853, 296, 22, 6.83111, 96.5261
854, 297, 22, 6.83083, 97.1946
855, 298, 22, 6.83055, 97.8759
856, 299, 22, 6.83028, 98.5771
857, 300, 22, 6.83001, 99.3115
858, 301, 22, 6.82976, 100.061
859, 301, 22, 6.81363, 100.84
860, 301, 22, 6.79571, 100.846
861, 301, 22, 6.75825, 100.853
862, 301, 22, 6.74997, 100.86
863, 301, 22, 6.7387, 101.309
864, 301, 22, 6.72078, 101.316
865, 301, 22, 6.70465, 101.322
866, 301, 21, 6.84238, 101.33
867, 301, 21, 6.82101, 101.337
868, 301, 21, 6.80488, 102.109
869, 301, 21, 6.78945, 102.116
870, 302, 21, 6.7892, 102.889
871, 303, 21, 6.78895, 103.684
872, 304, 21, 6.78872, 104.53
873, 305, 21, 6.78848, 105.417
874, 306, 21, 6.78826, 106.314
875, 307, 21, 6.78804, 107.236
876, 307, 21, 6.78198, 108.185
877, 307, 21, 6.76514, 108.194
878, 307, 21, 6.72787, 108.202
879, 308, 21, 6.72762, 108.972
880, 309, 21, 6.72738, 109.763
881, 310, 21, 6.72714, 110.607
882, 311, 21, 6.72691, 111.49
883, 312, 21, 6.72668, 112.387
884, 313, 21, 6.72647, 113.303
885, 314, 21, 6.72625, 114.255
886, 315, 21, 6.72604, 115.237
887, 316, 21, 6.72584, 116.241
888, 317, 21, 6.72564, 117.313
889, 318, 21, 6.72544, 118.374
890, 319, 21, 6.72525, 119.468
891, 319, 21, 6.70841, 121.27
892, 319, 21, 6.69644, 121.278
893, 319, 21, 6.68447, 121.285
894, 319, 21, 6.6646, 121.292
895, 319, 21, 6.61858, 121.3
896, 319, 21, 6.59118, 121.306
897, 319, 21, 6.57668, 121.314
898, 319, 21, 6.57229, 121.321
899, 320, 21, 6.57207, 122.277
900, 321, 21, 6.57186, 123.259
901, 322, 21, 6.57166, 124.471
902, 323, 21, 6.57146, 125.503
903, 324, 21, 6.57126, 126.573
904, 325, 21, 6.57107, 127.687
905, 326, 21, 6.57089, 129.444
906, 327, 21, 6.5707, 131.291
907, 328, 21, 6.57053, 133.163
908, 329, 21, 6.57035, 135.072
909, 329, 21, 6.5573, 137.03
910, 329, 21, 6.52742, 137.038
911, 329, 21, 6.50609, 137.046
912, 329, 21, 6.49159, 137.053
913, 329, 21, 6.47854, 137.06
914, 329, 21, 6.46549, 139.03
915, 329, 21, 6.45422, 139.038
916, 330, 21, 6.45405, 141.149
917, 331, 21, 6.45388, 143.183
918, 332, 21, 6.45372, 145.249
919, 332, 21, 6.44932, 147.361
920, 332, 21, 6.43588, 147.368
921, 332, 21, 6.40524, 147.376
922, 333, 21, 6.40505, 149.136
923, 334, 21, 6.40487, 150.944
924, 335, 21, 6.40469, 152.779
925, 336, 21, 6.40452, 154.676
926, 336, 21, 6.39147, 156.599
927, 336, 21, 6.38319, 156.606
928, 336, 21, 6.37014, 158.599
929, 336, 21, 6.35887, 158.607
930, 337, 21, 6.3587, 160.807
931, 338, 21, 6.35853, 162.799
932, 339, 21, 6.35837, 164.839
933, 340, 21, 6.35821, 166.939
934, 341, 21, 6.35805, 169.066
935, 342, 21, 6.3579, 171.252
936, 343, 21, 6.35775, 173.497
937, 344, 21, 6.3576, 175.848
938, 345, 21, 6.35746, 178.246
939, 346, 21, 6.35732, 180.69
940, 346, 21, 6.34388, 183.154
941, 346, 21, 6.33382, 183.162
942, 346, 21, 6.32377, 183.169
943, 346, 21, 6.3073, 183.177
944, 346, 21, 6.27003, 183.184
945, 346, 21, 6.2539, 183.192
946, 346, 21, 6.2265, 183.2
947, 346, 21, 6.20605, 183.207
948, 346, 21, 6.19478, 183.214
949, 346, 21, 6.18173, 185.161
950, 346, 21, 6.14586, 185.169
951, 346, 20, 6.28359, 185.176
952, 346, 20, 6.26221, 185.183
953, 346, 20, 6.28774, 185.191
954, 346, 20, 6.26502, 185.198
955, 346, 20, 6.2423, 185.206
956, 346, 20, 6.2149, 185.213
957, 346, 20, 6.19947, 185.22
958, 346, 20, 6.18155, 185.227
959, 346, 20, 6.16363, 185.235
960, 346, 20, 6.1423, 185.242
961, 346, 20, 6.12925, 187.156
962, 346, 20, 6.1088, 187.163
963, 346, 20, 6.09267, 187.179
964, 346, 20, 6.0844, 187.187
965, 347, 20, 6.08423, 189.12
966, 348, 20, 6.08406, 191.122
967, 349, 20, 6.0839, 193.329
968, 350, 20, 6.08374, 195.431
969, 351, 20, 6.08358, 197.595
970, 352, 20, 6.08343, 199.781
971, 353, 20, 6.08328, 202.04
972, 354, 20, 6.08313, 204.387
973, 355, 20, 6.08299, 206.775
974, 356, 20, 6.08284, 209.334
975, 357, 20, 6.08271, 211.839
976, 358, 20, 6.08257, 214.412
977, 359, 20, 6.08244, 217.003
978, 360, 20, 6.08231, 219.651
979, 361, 20, 6.08218, 222.338
980, 362, 20, 6.08205, 225.078
981, 363, 20, 6.08193, 227.889
982, 364, 20, 6.08181, 230.761
983, 364, 20, 6.07103, 233.724
984, 364, 20, 6.05976, 233.731
985, 364, 20, 6.03236, 233.739
986, 365, 20, 6.03197, 234.193
987, 366, 20, 6.03159, 234.662
988, 367, 20, 6.03123, 235.146
989, 367, 20, 6.00383, 235.652
990, 367, 20, 5.97408, 235.659
991, 367, 20, 5.95865, 235.666
992, 367, 20, 5.9382, 235.673
993, 367, 20, 5.92693, 235.68
994, 367, 20, 5.90421, 235.688
995, 367, 20, 5.89594, 235.695
996, 367, 20, 5.88516, 238.663
997, 367, 20, 5.86384, 238.671
998, 367, 20, 5.85256, 238.678
999, 367, 20, 5.83573, 238.686
