Seed is: 9
Number of samples is: 1000
Simulation name is: Simulation_4TV.sim
TimeStep, Distraction Rate, Missed States, Model Accuracy, Time (ms)
0, 0, 112, 0, 0.000131
1, 0, 111, -0.232193, 0.043924
2, 0, 110, 0.531004, 0.058682
3, 0, 109, 1.2942, 0.072138
4, 0, 108, 2.0574, 0.090984
5, 0, 107, 2.8206, 0.100983
6, 0, 106, 4.16876, 0.120259
7, 0, 105, 4.93195, 0.147631
8, 0, 104, 5.69515, 0.166237
9, 1, 103, 6.69515, 0.23635
10, 2, 103, 6.28011, 0.282078
11, 3, 103, 6.11019, 0.290944
12, 3, 102, 6.87338, 0.29925
13, 3, 101, 7.63658, 0.366428
14, 3, 100, 8.63658, 0.414109
15, 3, 99, 9.39978, 0.435189
16, 3, 98, 10.163, 0.444206
17, 3, 97, 10.9262, 0.464625
18, 3, 96, 11.6894, 0.478612
19, 3, 95, 12.4526, 0.492168
20, 3, 94, 12.2204, 0.515743
21, 3, 93, 13.5685, 0.55114
22, 3, 93, 13.195, 0.576188
23, 3, 92, 13.9582, 0.585676
24, 3, 92, 13.8053, 0.620202
25, 3, 92, 13.4317, 0.678643
26, 3, 91, 13.1995, 0.685676
27, 3, 90, 13.9627, 0.71921
28, 3, 89, 13.7305, 0.741112
29, 3, 89, 13.357, 0.763625
30, 3, 88, 14.1202, 0.776259
31, 3, 87, 14.8834, 0.799653
32, 3, 86, 15.6466, 0.81347
33, 3, 86, 15.2731, 0.848346
34, 3, 85, 15.6258, 0.85581
35, 3, 84, 16.389, 0.863405
36, 3, 84, 16.0155, 0.910244
37, 3, 83, 17.0155, 0.917588
38, 3, 82, 17.7787, 0.966712
39, 3, 81, 18.5419, 0.98158
40, 3, 81, 18.8569, 1.01612
41, 3, 81, 18.4834, 1.03717
42, 3, 81, 18.3305, 1.06552
43, 3, 81, 17.9569, 1.17253
44, 3, 80, 18.9569, 1.22578
45, 3, 79, 19.7201, 1.24606
46, 3, 79, 19.3051, 1.26377
47, 3, 78, 19.5464, 1.28893
48, 3, 78, 19.3765, 1.29979
49, 3, 78, 19.172, 1.31931
50, 3, 77, 20.172, 1.32653
51, 3, 77, 19.7569, 1.33403
52, 3, 77, 19.3834, 1.34095
53, 3, 76, 20.1466, 1.36331
54, 3, 75, 20.9098, 1.40767
55, 3, 75, 20.7993, 1.4152
56, 3, 75, 20.3843, 1.45728
57, 3, 75, 20.2143, 1.46475
58, 3, 75, 20.0614, 1.47136
59, 3, 75, 19.9941, 1.48303
60, 3, 75, 19.8241, 1.51324
61, 3, 75, 19.731, 1.52034
62, 3, 75, 19.3575, 1.53505
63, 3, 75, 19.2046, 1.54166
64, 3, 75, 19.0516, 1.54852
65, 4, 75, 18.9585, 1.56922
66, 4, 75, 18.3804, 1.59993
67, 4, 74, 19.7286, 1.62216
68, 4, 74, 19.6448, 1.62937
69, 4, 73, 20.408, 1.65675
70, 4, 73, 20.0345, 1.67894
71, 4, 73, 19.8815, 1.68602
72, 4, 73, 19.508, 1.69324
73, 4, 72, 20.2712, 1.70955
74, 4, 71, 21.0344, 1.73746
75, 4, 70, 21.7976, 1.75643
76, 4, 69, 22.5608, 1.81141
77, 4, 69, 22.1873, 1.81872
78, 4, 68, 23.1873, 1.82616
79, 4, 68, 22.8137, 1.84245
80, 4, 67, 23.5769, 1.87125
81, 4, 67, 23.1619, 1.88375
82, 4, 66, 24.1619, 1.90009
83, 4, 66, 23.7468, 1.90766
84, 4, 66, 23.5769, 1.91483
85, 4, 66, 23.2034, 1.97032
86, 4, 65, 23.5562, 2.01603
87, 4, 64, 24.5562, 2.02691
88, 4, 64, 24.0712, 2.03422
89, 4, 63, 23.839, 2.05054
90, 4, 63, 23.786, 2.05791
91, 4, 62, 23.9757, 2.09141
92, 4, 62, 23.8652, 2.10325
93, 4, 62, 23.8211, 2.11091
94, 4, 62, 23.6682, 2.11809
95, 5, 62, 23.6093, 2.14466
96, 5, 61, 24.9575, 2.15208
97, 5, 61, 24.8737, 2.1598
98, 5, 61, 24.8435, 2.17598
99, 5, 61, 24.7846, 2.18347
100, 5, 60, 24.9743, 2.20817
101, 5, 60, 24.8638, 2.22515
102, 5, 60, 24.8272, 2.25089
103, 5, 60, 24.4537, 2.26987
104, 5, 60, 24.3699, 2.32514
105, 5, 60, 24.217, 2.35648
106, 5, 59, 25.5651, 2.36372
107, 5, 59, 25.0801, 2.38494
108, 5, 59, 24.9272, 2.42046
109, 5, 59, 24.7227, 2.44837
110, 6, 59, 24.682, 2.47486
111, 6, 59, 24.6553, 2.48563
112, 6, 58, 25.008, 2.52204
113, 6, 57, 25.1978, 2.53023
114, 6, 57, 25.3608, 2.53799
115, 6, 57, 24.8758, 2.54569
116, 6, 56, 25.639, 2.57041
117, 6, 55, 26.639, 2.58717
118, 6, 55, 26.224, 2.60786
119, 6, 54, 26.9872, 2.62635
120, 6, 54, 26.6137, 2.634
121, 6, 53, 27.3769, 2.65036
122, 6, 52, 28.3769, 2.67965
123, 6, 51, 29.3769, 2.69817
124, 6, 51, 28.9618, 2.71287
125, 6, 50, 29.725, 2.72085
126, 6, 49, 30.4882, 2.73868
127, 6, 49, 30.1147, 2.75517
128, 6, 49, 29.7412, 2.77643
129, 6, 49, 29.3676, 2.82454
130, 6, 49, 28.8827, 2.83183
131, 6, 49, 28.7297, 2.84965
132, 6, 49, 28.5768, 2.88344
133, 6, 49, 28.4239, 2.92631
134, 7, 48, 29.4239, 2.93956
135, 7, 48, 29.3401, 2.94725
136, 7, 48, 29.1871, 2.99025
137, 7, 48, 29.036, 3.01987
138, 8, 48, 29.0062, 3.05773
139, 9, 48, 28.9835, 3.0867
140, 9, 48, 28.9631, 3.09933
141, 9, 48, 28.8957, 3.10686
142, 9, 48, 28.8026, 3.11408
143, 9, 48, 28.4291, 3.14711
144, 9, 48, 28.5217, 3.19558
145, 9, 48, 28.3172, 3.20825
146, 9, 47, 28.5069, 3.23903
147, 9, 47, 28.1334, 3.25566
148, 9, 47, 28.0229, 3.29115
149, 9, 47, 27.9124, 3.30655
150, 9, 47, 27.7079, 3.31421
151, 9, 47, 27.5549, 3.3217
152, 9, 47, 27.402, 3.34456
153, 9, 46, 27.5917, 3.37056
154, 9, 46, 27.5079, 3.37817
155, 9, 46, 27.4108, 3.42661
156, 10, 46, 27.3929, 3.43462
157, 10, 46, 27.708, 3.45047
158, 10, 46, 27.1299, 3.47043
159, 10, 46, 27.0625, 3.49515
160, 10, 46, 26.7991, 3.52776
161, 10, 46, 26.7461, 3.55316
162, 10, 46, 26.6872, 3.58337
163, 10, 46, 26.5343, 3.60304
164, 10, 46, 26.4505, 3.64446
165, 10, 46, 25.9655, 3.66328
166, 10, 46, 25.855, 3.68193
167, 10, 46, 25.7021, 3.7122
168, 10, 46, 25.3285, 3.75652
169, 10, 45, 26.0917, 3.77505
170, 11, 44, 27.0917, 3.8024
171, 11, 43, 27.8549, 3.8397
172, 11, 42, 28.6181, 3.84784
173, 11, 41, 29.3813, 3.86033
174, 11, 41, 29.0078, 3.86817
175, 11, 41, 28.924, 3.87593
176, 11, 40, 29.1137, 3.88533
177, 11, 39, 29.3551, 3.91072
178, 11, 39, 29.1505, 3.96037
179, 11, 39, 29.0975, 4.01354
180, 11, 39, 28.987, 4.0216
181, 11, 39, 28.9197, 4.04364
182, 11, 39, 28.8359, 4.05914
183, 11, 39, 28.7829, 4.07794
184, 11, 39, 28.7299, 4.14596
185, 11, 39, 28.3564, 4.1698
186, 11, 38, 29.1196, 4.19254
187, 11, 38, 28.9666, 4.22228
188, 11, 38, 28.7967, 4.23391
189, 11, 38, 28.7036, 4.29099
190, 11, 38, 28.6105, 4.30978
191, 11, 38, 28.4575, 4.33253
192, 11, 38, 28.0425, 4.36306
193, 11, 38, 27.932, 4.37096
194, 11, 38, 27.6686, 4.379
195, 11, 38, 27.1836, 4.38803
196, 11, 38, 27.1247, 4.39546
197, 11, 38, 27.0841, 4.42991
198, 11, 38, 27.0543, 4.45342
199, 11, 38, 26.9705, 4.4627
200, 11, 38, 26.8867, 4.47046
201, 11, 38, 26.8337, 4.4828
202, 11, 37, 26.9824, 4.49184
203, 11, 37, 26.9151, 4.53355
204, 11, 37, 26.5415, 4.54166
205, 11, 37, 26.168, 4.56635
206, 11, 37, 26.0842, 4.5856
207, 11, 37, 26.0174, 4.60678
208, 12, 37, 26.0029, 4.62687
209, 13, 37, 25.9909, 4.64033
210, 13, 37, 25.8398, 4.64801
211, 13, 37, 25.7868, 4.67734
212, 13, 37, 25.7502, 4.71164
213, 13, 37, 25.7021, 4.7195
214, 14, 37, 25.692, 4.74317
215, 15, 37, 25.6834, 4.7725
216, 15, 37, 25.5323, 4.7805
217, 15, 37, 25.4917, 4.79904
218, 15, 37, 25.4551, 4.80652
219, 15, 37, 25.0816, 4.83577
220, 15, 37, 24.9286, 4.87276
221, 15, 37, 24.9072, 4.88098
222, 15, 37, 24.8141, 4.88886
223, 15, 37, 24.7844, 4.9017
224, 15, 37, 24.7576, 4.94818
225, 15, 37, 24.6047, 4.96153
226, 15, 37, 24.2311, 4.98269
227, 15, 37, 23.8576, 4.99527
228, 15, 37, 23.7738, 5.02832
229, 15, 37, 23.7332, 5.0735
230, 15, 37, 23.7177, 5.08155
231, 15, 37, 23.6737, 5.10125
232, 15, 37, 23.5766, 5.31642
233, 15, 37, 23.5538, 5.34173
234, 15, 37, 23.5359, 5.3599
235, 15, 37, 23.5155, 5.39455
236, 15, 37, 23.4317, 5.40602
237, 16, 37, 23.0166, 5.49843
238, 16, 37, 22.8637, 5.52022
239, 16, 37, 22.6938, 5.53284
240, 16, 37, 22.2787, 5.57327
241, 16, 37, 22.1258, 5.58578
242, 16, 37, 21.7523, 5.59806
243, 16, 37, 21.6993, 5.61056
244, 16, 37, 21.6552, 5.62968
245, 16, 36, 21.8965, 5.64294
246, 16, 36, 21.692, 5.65516
247, 16, 36, 21.5391, 5.69229
248, 16, 36, 21.4717, 5.75036
249, 16, 36, 21.0982, 5.76333
250, 16, 35, 21.8614, 5.78053
251, 16, 35, 21.7084, 5.82209
252, 16, 35, 21.6247, 5.83405
253, 16, 35, 21.5409, 5.85751
254, 16, 35, 21.5043, 5.8781
255, 16, 35, 21.4684, 5.89787
256, 17, 35, 21.461, 5.94613
257, 17, 35, 21.3942, 5.99519
258, 17, 35, 21.3353, 6.042
259, 17, 35, 21.3208, 6.06931
260, 17, 35, 21.2802, 6.08722
261, 17, 35, 21.2682, 6.12376
262, 17, 35, 21.238, 6.14151
263, 18, 35, 21.2316, 6.15966
264, 18, 35, 21.1345, 6.1872
265, 18, 35, 21.0671, 6.21025
266, 18, 35, 21.0003, 6.22224
267, 18, 35, 20.9637, 6.2524
268, 18, 35, 20.8532, 6.26435
269, 18, 35, 20.8091, 6.28794
270, 19, 35, 20.8035, 6.3088
271, 19, 35, 20.7554, 6.32119
272, 19, 35, 20.7251, 6.34693
273, 20, 35, 20.7201, 6.3732
274, 20, 35, 20.672, 6.39345
275, 20, 35, 20.6506, 6.41421
276, 20, 35, 20.6345, 6.43873
277, 20, 35, 20.7271, 6.46005
278, 20, 35, 20.6603, 6.48026
279, 20, 35, 20.649, 6.50739
280, 20, 35, 20.639, 6.53517
281, 20, 35, 20.6092, 6.55458
282, 20, 35, 20.5931, 6.57178
283, 20, 35, 20.5401, 6.59918
284, 20, 35, 20.4563, 6.61457
285, 20, 34, 20.646, 6.62741
286, 20, 34, 20.5529, 6.64985
287, 20, 34, 20.4424, 6.66218
288, 21, 34, 20.2725, 6.68543
289, 21, 34, 20.2195, 6.70746
290, 21, 34, 20.1522, 6.72189
291, 21, 34, 20.1156, 6.78003
292, 21, 34, 19.742, 6.80301
293, 21, 34, 19.3685, 6.8276
294, 21, 34, 19.2156, 6.83982
295, 21, 34, 19.1626, 6.86457
296, 21, 33, 19.3256, 6.90091
297, 21, 33, 19.2583, 6.93351
298, 21, 33, 19.0883, 6.95972
299, 21, 33, 19.0518, 6.98519
300, 21, 33, 19.0077, 6.99804
301, 21, 33, 18.9636, 7.01872
302, 21, 33, 18.8531, 7.03712
303, 21, 33, 18.8001, 7.07503
304, 21, 33, 18.7635, 7.09761
305, 21, 33, 18.7367, 7.14642
306, 21, 33, 18.5668, 7.17469
307, 21, 33, 18.483, 7.18725
308, 21, 33, 18.4562, 7.22988
309, 21, 33, 18.426, 7.25036
310, 21, 33, 18.2731, 7.26995
311, 21, 32, 18.6258, 7.28235
312, 21, 32, 18.2523, 7.29951
313, 21, 32, 18.2319, 7.31212
314, 21, 32, 18.2105, 7.3286
315, 21, 32, 18.0059, 7.3695
316, 21, 32, 17.9792, 7.38251
317, 21, 32, 17.931, 7.3987
318, 21, 32, 17.878, 7.41693
319, 21, 32, 17.8112, 7.44079
320, 21, 32, 17.7746, 7.45287
321, 21, 32, 17.7216, 7.47891
322, 21, 32, 17.6543, 7.49107
323, 21, 32, 17.6275, 7.51198
324, 21, 32, 17.5834, 7.52446
325, 21, 32, 17.563, 7.54968
326, 21, 32, 17.3584, 7.5884
327, 21, 32, 17.2746, 7.60119
328, 22, 31, 18.2746, 7.62451
329, 22, 31, 17.7897, 7.67685
330, 22, 30, 18.7897, 7.69977
331, 22, 29, 19.5529, 7.75904
332, 22, 29, 19.1378, 7.77136
333, 22, 29, 18.9679, 7.82102
334, 22, 29, 18.8574, 7.83446
335, 22, 29, 18.7736, 7.85111
336, 22, 28, 19.1264, 7.87978
337, 22, 28, 19.0734, 7.91874
338, 22, 28, 18.9035, 7.93598
339, 22, 28, 18.8821, 7.95427
340, 22, 28, 18.8462, 8.00504
341, 22, 28, 18.8376, 8.01816
342, 22, 28, 18.8222, 8.03102
343, 23, 28, 18.8178, 8.05761
344, 23, 28, 18.7904, 8.08212
345, 23, 28, 18.7791, 8.15597
346, 23, 28, 18.7432, 8.16984
347, 23, 28, 18.5387, 8.18407
348, 23, 28, 18.4798, 8.20465
349, 23, 28, 18.4571, 8.21818
350, 23, 28, 18.4164, 8.26017
351, 23, 28, 18.3867, 8.2734
352, 23, 28, 18.3501, 8.29432
353, 23, 28, 18.257, 8.30724
354, 23, 28, 18.2416, 8.31932
355, 23, 28, 18.3086, 8.33198
356, 23, 28, 18.2711, 8.36261
357, 23, 28, 18.2122, 8.38678
358, 23, 28, 18.1961, 8.41157
359, 23, 28, 18.1659, 8.4344
360, 23, 28, 18.0554, 8.44669
361, 23, 28, 18.0375, 8.48549
362, 23, 28, 18.0107, 8.49899
363, 23, 28, 18.1331, 8.546
364, 23, 28, 18.12, 8.57168
365, 23, 28, 18.0095, 8.60555
366, 23, 28, 17.899, 8.6204
367, 23, 28, 17.8723, 8.64267
368, 24, 28, 17.4572, 8.65626
369, 24, 28, 17.3043, 8.67044
370, 24, 28, 17.2112, 8.68307
371, 24, 28, 17.1438, 8.70966
372, 24, 28, 17.1136, 8.73442
373, 24, 28, 17.0868, 8.82284
374, 24, 28, 17.0387, 8.83635
375, 24, 28, 17.0173, 8.89735
376, 24, 28, 17.006, 8.91002
377, 24, 28, 16.993, 8.93136
378, 24, 28, 16.9571, 8.97414
379, 24, 28, 16.9367, 9.03072
380, 24, 28, 16.9001, 9.04415
381, 24, 28, 16.8847, 9.0822
382, 24, 28, 16.8739, 9.1208
383, 24, 28, 16.8065, 9.13478
384, 24, 28, 16.7535, 9.18293
385, 25, 28, 16.3385, 9.20329
386, 25, 28, 16.1856, 9.22548
387, 25, 28, 16.0924, 9.23847
388, 25, 28, 16.0336, 9.27855
389, 25, 28, 15.8806, 9.30712
390, 25, 28, 15.8365, 9.32542
391, 25, 27, 15.9743, 9.36159
392, 25, 27, 15.9377, 9.37509
393, 25, 27, 15.9011, 9.38906
394, 25, 27, 15.8652, 9.42435
395, 25, 26, 16.0064, 9.44743
396, 25, 26, 15.9981, 9.46639
397, 25, 26, 15.9754, 9.48661
398, 25, 26, 15.9624, 9.49967
399, 25, 26, 16.0323, 9.51241
400, 25, 26, 16.0055, 9.52441
401, 25, 26, 15.9781, 9.57723
402, 25, 26, 15.9482, 9.59026
403, 25, 26, 15.9392, 9.61977
404, 25, 26, 15.9231, 9.63272
405, 25, 26, 15.8393, 9.65491
406, 25, 25, 16.6025, 9.67328
407, 25, 25, 16.1874, 9.68957
408, 25, 25, 16.0175, 9.74349
409, 25, 24, 17.0175, 9.7702
410, 25, 23, 17.3703, 9.81287
411, 25, 23, 17.2772, 9.83539
412, 25, 23, 16.8621, 9.86319
413, 25, 23, 16.8032, 9.8761
414, 25, 23, 16.4297, 9.89342
415, 25, 23, 16.3624, 9.93709
416, 25, 23, 16.3093, 9.94952
417, 25, 23, 16.2653, 9.96235
418, 25, 23, 16.2287, 9.97576
419, 25, 23, 16.1846, 10.0003
420, 25, 23, 16.148, 10.0489
421, 26, 23, 15.9781, 10.0777
422, 26, 23, 15.8252, 10.0903
423, 26, 23, 15.8038, 10.1129
424, 26, 23, 15.7364, 10.1262
425, 26, 23, 15.6526, 10.1584
426, 26, 23, 15.6086, 10.1714
427, 26, 23, 15.5248, 10.1993
428, 26, 23, 15.4317, 10.2226
429, 26, 23, 15.3728, 10.2492
430, 26, 23, 15.3321, 10.262
431, 26, 23, 15.3024, 10.2806
432, 26, 23, 15.2796, 10.2936
433, 26, 23, 15.2617, 10.317
434, 26, 23, 15.2315, 10.3602
435, 26, 23, 15.2101, 10.4048
436, 26, 23, 15.1887, 10.4275
437, 26, 23, 15.162, 10.454
438, 26, 23, 15.1559, 10.4924
439, 26, 23, 15.138, 10.5192
440, 26, 23, 15.1235, 10.5562
441, 26, 23, 15.1161, 10.6009
442, 26, 23, 15.1078, 10.614
443, 26, 23, 15.0971, 10.6626
444, 26, 23, 15.0668, 10.676
445, 26, 23, 15.0464, 10.704
446, 26, 23, 15.019, 10.7273
447, 26, 23, 14.9892, 10.7446
448, 26, 23, 14.9688, 10.7694
449, 26, 23, 14.9475, 10.786
450, 26, 23, 14.9431, 10.7983
451, 26, 23, 14.9366, 10.8126
452, 26, 23, 14.9247, 10.835
453, 26, 23, 14.9139, 10.8679
454, 26, 23, 14.8978, 10.891
455, 26, 23, 14.8764, 10.9134
456, 26, 23, 14.8323, 10.9269
457, 26, 23, 14.7793, 10.9401
458, 26, 23, 14.7632, 10.9689
459, 26, 23, 14.7477, 11.0184
460, 26, 23, 14.7175, 11.0325
461, 26, 23, 14.6971, 11.1085
462, 26, 23, 14.684, 11.133
463, 26, 23, 14.6727, 11.1456
464, 26, 23, 14.6425, 11.1587
465, 26, 22, 14.9953, 11.1717
466, 26, 22, 14.9791, 11.1844
467, 26, 22, 14.9637, 11.2191
468, 26, 22, 14.9483, 11.2565
469, 26, 22, 14.9352, 11.2949
470, 26, 22, 14.9837, 11.3399
471, 26, 22, 14.9563, 11.3852
472, 26, 22, 14.9358, 11.4087
473, 26, 22, 14.9928, 11.4582
474, 26, 22, 14.9686, 11.5706
475, 26, 22, 14.9204, 11.6258
476, 26, 22, 14.905, 11.6854
477, 26, 22, 14.8896, 11.7093
478, 27, 22, 14.7965, 11.7235
479, 27, 22, 14.7852, 11.8484
480, 27, 22, 14.7322, 11.8657
481, 27, 22, 15.0472, 11.8879
482, 27, 21, 15.2103, 11.9345
483, 27, 21, 14.6322, 11.9554
484, 27, 21, 14.4276, 11.9688
485, 27, 21, 13.9427, 12.0102
486, 28, 21, 13.8496, 12.0318
487, 28, 21, 13.7391, 12.0627
488, 28, 21, 13.5345, 12.0906
489, 28, 21, 13.4672, 12.1032
490, 28, 21, 13.4265, 12.1588
491, 28, 21, 13.2566, 12.1897
492, 28, 21, 13.1635, 12.2298
493, 28, 21, 13.1046, 12.2709
494, 28, 21, 12.9517, 12.2938
495, 28, 21, 12.9215, 12.3247
496, 28, 21, 12.8947, 12.3578
497, 28, 21, 12.8506, 12.3712
498, 28, 21, 12.81, 12.3843
499, 28, 21, 12.7802, 12.4377
500, 28, 21, 12.7575, 12.4509
501, 28, 21, 12.6737, 12.4802
502, 28, 21, 12.6523, 12.4945
503, 28, 21, 12.6778, 12.5078
504, 28, 21, 12.6413, 12.5218
505, 28, 21, 12.5824, 12.5622
506, 28, 21, 12.5521, 12.5842
507, 28, 21, 12.4991, 12.6149
508, 28, 21, 12.4787, 12.6284
509, 28, 21, 12.438, 12.6804
510, 28, 21, 12.4298, 12.6936
511, 28, 21, 12.4207, 12.725
512, 28, 21, 12.4124, 12.7651
513, 28, 21, 12.3911, 12.8042
514, 28, 21, 12.3749, 12.8197
515, 28, 21, 12.3522, 12.8329
516, 28, 21, 12.3414, 12.8473
517, 28, 21, 12.3116, 12.8602
518, 28, 21, 12.2902, 12.8844
519, 28, 21, 12.2842, 12.9069
520, 28, 21, 12.2673, 12.9461
521, 28, 21, 12.2583, 12.9722
522, 28, 21, 12.2404, 12.9856
523, 28, 21, 12.2372, 12.999
524, 28, 21, 12.2295, 13.0303
525, 28, 21, 12.215, 13.0558
526, 28, 21, 12.2031, 13.0751
527, 28, 21, 12.193, 13.0873
528, 28, 21, 12.1805, 13.1155
529, 28, 21, 12.1714, 13.136
530, 28, 21, 12.1516, 13.149
531, 28, 21, 12.1444, 13.2028
532, 28, 21, 12.14, 13.2243
533, 28, 21, 12.1266, 13.2677
534, 28, 21, 12.1166, 13.2836
535, 28, 21, 12.1109, 13.3173
536, 28, 21, 12.1043, 13.3382
537, 28, 21, 12.0957, 13.3513
538, 28, 21, 12.0883, 13.3763
539, 28, 21, 12.0825, 13.3947
540, 28, 21, 12.0767, 13.4096
541, 28, 21, 12.0703, 13.422
542, 28, 21, 12.0656, 13.4421
543, 28, 21, 12.057, 13.4549
544, 28, 21, 12.0497, 13.4817
545, 28, 21, 12.0446, 13.5034
546, 28, 21, 12.0087, 13.5233
547, 28, 21, 12.0004, 13.5424
548, 28, 21, 11.9415, 13.5556
549, 28, 21, 11.927, 13.5678
550, 28, 21, 11.9158, 13.5804
551, 28, 21, 11.9027, 13.6322
552, 28, 21, 11.8971, 13.662
553, 28, 21, 11.8921, 13.675
554, 28, 21, 11.904, 13.6925
555, 28, 21, 11.8969, 13.73
556, 28, 21, 11.8924, 13.7426
557, 28, 21, 11.8846, 13.7676
558, 28, 21, 11.8682, 13.8023
559, 28, 21, 11.8621, 13.8607
560, 28, 21, 11.859, 13.8864
561, 28, 21, 11.8348, 13.9202
562, 28, 21, 11.805, 13.9445
563, 28, 21, 11.8119, 13.9582
564, 28, 21, 11.7149, 13.9883
565, 28, 21, 11.7004, 14.0015
566, 28, 21, 11.6776, 14.0142
567, 28, 21, 11.1927, 14.0329
568, 28, 21, 11.1561, 14.046
569, 28, 20, 11.2929, 14.0601
570, 28, 20, 11.0884, 14.0926
571, 28, 20, 11.0616, 14.1148
572, 28, 20, 11.0437, 14.1272
573, 28, 20, 11.0292, 14.1395
574, 28, 20, 11.0137, 14.2195
575, 28, 20, 11.006, 14.2415
576, 28, 20, 10.9899, 14.3026
577, 28, 20, 10.9657, 14.3158
578, 28, 20, 10.9458, 14.3301
579, 28, 20, 10.879, 14.3563
580, 28, 20, 10.867, 14.3687
581, 28, 20, 10.7565, 14.3817
582, 28, 20, 10.7361, 14.3944
583, 28, 20, 10.726, 14.4195
584, 28, 20, 10.7141, 14.4333
585, 28, 20, 10.704, 14.4982
586, 28, 20, 10.6954, 14.5389
587, 28, 20, 10.6869, 14.5631
588, 28, 20, 10.6795, 14.5972
589, 28, 20, 10.6721, 14.6179
590, 28, 20, 10.6609, 14.6308
591, 28, 20, 10.6381, 14.653
592, 28, 20, 10.59, 14.6831
593, 28, 20, 10.5817, 14.7217
594, 28, 20, 10.5638, 14.7478
595, 28, 19, 10.7119, 14.7684
596, 28, 19, 10.676, 14.83
597, 28, 19, 10.6829, 14.8434
598, 28, 19, 10.6765, 14.8717
599, 28, 19, 10.6091, 14.898
600, 29, 19, 10.4392, 14.9138
601, 29, 19, 10.4124, 14.9605
602, 29, 19, 10.3684, 14.9854
603, 29, 18, 10.5095, 15.0128
604, 29, 18, 10.4882, 15.0592
605, 29, 18, 10.4728, 15.0937
606, 29, 18, 10.4667, 15.1258
607, 29, 18, 10.4261, 15.1503
608, 29, 18, 10.4141, 15.1675
609, 29, 18, 10.4041, 15.1814
610, 29, 18, 10.3675, 15.195
611, 29, 18, 10.3268, 15.2671
612, 29, 18, 10.2595, 15.2911
613, 29, 18, 10.2509, 15.3046
614, 29, 18, 10.2242, 15.3246
615, 29, 18, 10.2111, 15.3468
616, 29, 18, 10.1998, 15.3797
617, 29, 18, 10.1954, 15.4071
618, 29, 18, 10.1657, 15.475
619, 29, 18, 10.1452, 15.5427
620, 29, 18, 9.88181, 15.5851
621, 30, 18, 9.82292, 15.6493
622, 30, 18, 9.79269, 15.6866
623, 30, 18, 9.76294, 15.7425
624, 30, 18, 9.74022, 15.7664
625, 30, 18, 9.7223, 15.7914
626, 30, 18, 9.6118, 15.8284
627, 31, 18, 9.57116, 15.8714
628, 31, 18, 9.54978, 15.8972
629, 31, 18, 9.49678, 15.9177
630, 31, 18, 9.12325, 15.9335
631, 31, 18, 9.08667, 15.947
632, 31, 18, 8.93374, 15.9743
633, 31, 18, 8.91924, 15.9877
634, 31, 18, 8.90726, 16.0324
635, 31, 18, 8.88934, 16.0905
636, 31, 18, 8.87484, 16.1168
637, 31, 18, 8.86287, 16.1299
638, 31, 18, 8.85282, 16.1432
639, 31, 18, 8.84425, 16.172
640, 31, 18, 8.96665, 16.1857
641, 31, 18, 8.95927, 16.2219
642, 31, 18, 8.86218, 16.2416
643, 31, 18, 8.84675, 16.2592
644, 31, 18, 8.77994, 16.2725
645, 31, 18, 8.69614, 16.2877
646, 31, 18, 8.65206, 16.3036
647, 31, 18, 8.63593, 16.3256
648, 31, 18, 8.6057, 16.3781
649, 31, 18, 8.59832, 16.3951
650, 31, 18, 8.59004, 16.4294
651, 31, 18, 8.57927, 16.4791
652, 31, 18, 8.55187, 16.4993
653, 31, 18, 8.54875, 16.5382
654, 31, 18, 8.52603, 16.5513
655, 31, 18, 8.51997, 16.6343
656, 31, 18, 8.48339, 16.6603
657, 31, 18, 8.47262, 16.6966
658, 31, 18, 8.46655, 16.7237
659, 31, 18, 8.45828, 16.7932
660, 31, 18, 8.4315, 16.8388
661, 31, 18, 8.42544, 16.8642
662, 32, 18, 8.36655, 16.8786
663, 33, 18, 8.32591, 16.8927
664, 34, 18, 8.29616, 16.9065
665, 34, 18, 8.27571, 16.939
666, 34, 18, 8.27132, 16.9812
667, 34, 17, 8.4131, 17.0067
668, 34, 17, 8.39697, 17.0235
669, 34, 17, 8.37559, 17.0374
670, 34, 17, 8.22445, 17.0519
671, 34, 17, 8.14065, 17.0963
672, 34, 17, 8.11042, 17.1257
673, 34, 17, 8.02662, 17.1494
674, 34, 17, 8.0202, 17.2023
675, 34, 17, 8.01014, 17.2263
676, 34, 17, 7.98337, 17.2395
677, 34, 17, 7.96794, 17.2616
678, 34, 17, 7.94657, 17.2759
679, 34, 17, 7.90592, 17.324
680, 34, 17, 7.87618, 17.3491
681, 34, 17, 7.8649, 17.3836
682, 34, 17, 7.84807, 17.4054
683, 34, 17, 7.83902, 17.4304
684, 34, 17, 7.81769, 17.45
685, 34, 17, 7.80642, 17.4837
686, 34, 17, 7.79192, 17.4975
687, 34, 17, 7.77848, 17.512
688, 34, 17, 7.76766, 17.5328
689, 34, 17, 7.76123, 17.5782
690, 34, 17, 7.75911, 17.6028
691, 34, 17, 7.74265, 17.6196
692, 34, 17, 7.71524, 17.6425
693, 34, 17, 7.7096, 17.6559
694, 34, 17, 7.7046, 17.6689
695, 34, 17, 7.70014, 17.7085
696, 34, 17, 7.69371, 17.7502
697, 34, 17, 7.68971, 17.7755
698, 34, 17, 7.6861, 17.8062
699, 34, 17, 7.68045, 17.827
700, 34, 17, 7.67545, 17.8651
701, 34, 17, 7.67099, 17.8788
702, 34, 17, 7.66699, 17.9027
703, 34, 17, 7.65355, 17.925
704, 34, 17, 7.65043, 17.9697
705, 34, 17, 7.64216, 18.0149
706, 34, 17, 7.64004, 18.0288
707, 34, 17, 7.64695, 18.0431
708, 34, 16, 7.78446, 18.059
709, 34, 16, 7.77101, 18.0724
710, 34, 16, 7.76968, 18.0954
711, 34, 16, 7.75663, 18.1126
712, 34, 16, 7.73618, 18.1413
713, 34, 16, 7.70595, 18.158
714, 34, 16, 7.63861, 18.188
715, 34, 16, 7.62783, 18.2357
716, 34, 16, 7.6117, 18.2899
717, 34, 16, 7.60809, 18.3036
718, 34, 16, 7.60482, 18.3193
719, 34, 16, 7.60183, 18.354
720, 34, 16, 7.59101, 18.3675
721, 34, 16, 7.57904, 18.3811
722, 34, 16, 7.56899, 18.4108
723, 34, 16, 7.56043, 18.4242
724, 34, 16, 7.55971, 18.4375
725, 34, 16, 7.55066, 18.476
726, 34, 16, 7.52389, 18.4897
727, 34, 16, 7.50117, 18.5037
728, 34, 16, 7.48325, 18.5172
729, 34, 16, 7.46875, 18.5312
730, 34, 16, 7.44737, 18.5485
731, 35, 16, 7.35426, 18.5765
732, 36, 16, 7.29537, 18.6162
733, 36, 16, 7.28232, 18.6387
734, 36, 16, 7.23823, 18.6749
735, 36, 16, 7.21779, 18.6931
736, 36, 16, 7.16478, 18.7138
737, 36, 16, 7.14433, 18.7404
738, 36, 15, 7.29303, 18.768
739, 36, 15, 7.33053, 18.7925
740, 36, 15, 7.31856, 18.817
741, 36, 15, 7.31028, 18.8306
742, 36, 15, 7.2662, 18.8497
743, 36, 15, 7.25538, 18.8695
744, 36, 15, 7.24456, 18.8839
745, 36, 15, 7.23685, 18.9008
746, 36, 15, 7.21698, 18.9138
747, 36, 15, 7.20322, 18.9262
748, 36, 15, 7.19584, 18.9493
749, 36, 15, 7.18942, 18.9712
750, 36, 15, 7.18066, 19.0017
751, 37, 15, 7.17665, 19.0203
752, 37, 15, 7.16789, 19.0376
753, 37, 15, 7.16289, 19.0571
754, 37, 15, 7.15843, 19.0708
755, 37, 15, 7.15443, 19.0879
756, 37, 15, 7.15042, 19.1058
757, 37, 15, 7.14596, 19.1684
758, 37, 15, 7.13932, 19.1829
759, 37, 15, 7.12285, 19.196
760, 38, 15, 7.11924, 19.2097
761, 39, 15, 7.11596, 19.248
762, 39, 15, 7.10884, 19.291
763, 39, 15, 7.10523, 19.3182
764, 39, 15, 7.09958, 19.335
765, 39, 15, 7.09598, 19.3546
766, 39, 15, 7.09198, 19.3681
767, 39, 15, 7.08837, 19.3818
768, 39, 15, 7.08317, 19.3947
769, 39, 15, 7.07989, 19.4128
770, 39, 15, 7.07856, 19.4589
771, 40, 15, 7.07557, 19.4971
772, 41, 15, 7.07284, 19.541
773, 42, 15, 7.07034, 19.582
774, 42, 15, 7.05876, 19.5964
775, 42, 15, 7.05311, 19.6106
776, 42, 15, 7.04599, 19.633
777, 42, 15, 7.03935, 19.6466
778, 42, 15, 7.02559, 19.6603
779, 42, 15, 7.0198, 19.6982
780, 42, 15, 7.00823, 19.7119
781, 42, 15, 7.00243, 19.7369
782, 42, 15, 6.99945, 19.772
783, 42, 15, 6.99444, 19.8328
784, 42, 15, 6.99172, 19.847
785, 42, 15, 6.98921, 19.8701
786, 42, 15, 6.9869, 19.9058
787, 42, 15, 6.98618, 19.9199
788, 42, 15, 6.98147, 19.9744
789, 42, 15, 6.98125, 19.9922
790, 43, 15, 6.97894, 20.0194
791, 43, 15, 7.01144, 20.043
792, 43, 15, 7.00761, 20.0629
793, 43, 15, 7.00548, 20.0768
794, 43, 15, 7.0035, 20.0901
795, 43, 15, 7.00368, 20.1042
796, 43, 15, 6.9986, 20.1273
797, 43, 15, 6.9888, 20.1462
798, 43, 15, 6.98572, 20.2079
799, 43, 15, 6.98387, 20.243
800, 43, 15, 6.98062, 20.267
801, 43, 15, 6.9593, 20.2859
802, 43, 15, 6.94625, 20.3064
803, 43, 15, 6.93498, 20.3641
804, 43, 15, 6.91955, 20.3879
805, 43, 15, 6.89215, 20.4058
806, 43, 14, 7.02895, 20.4262
807, 43, 14, 7.01352, 20.4458
808, 43, 14, 7.00225, 20.4624
809, 43, 14, 7.04321, 20.5009
810, 43, 14, 7.03881, 20.5151
811, 43, 14, 7.02338, 20.5288
812, 43, 14, 6.92629, 20.5716
813, 43, 14, 6.87329, 20.6107
814, 43, 14, 6.85985, 20.6246
815, 43, 14, 6.85214, 20.6388
816, 43, 14, 6.84903, 20.6526
817, 43, 14, 6.83776, 20.6742
818, 43, 14, 6.77095, 20.7173
819, 44, 14, 6.7412, 20.7368
820, 44, 14, 6.70462, 20.7501
821, 44, 14, 6.6744, 20.7943
822, 44, 14, 6.66612, 20.8077
823, 44, 14, 6.64928, 20.837
824, 44, 14, 6.6562, 20.8804
825, 44, 14, 6.64276, 20.9071
826, 44, 14, 6.63443, 20.9209
827, 44, 13, 6.79344, 21.0079
828, 45, 13, 6.79131, 21.0296
829, 45, 13, 6.78884, 21.0431
830, 45, 13, 6.78935, 21.0651
831, 45, 13, 6.7874, 21.0915
832, 45, 13, 6.78445, 21.1257
833, 45, 13, 6.77867, 21.1395
834, 45, 13, 6.80428, 21.1558
835, 45, 13, 6.85009, 21.1689
836, 45, 13, 6.84797, 21.1825
837, 45, 13, 6.8397, 21.1961
838, 45, 13, 6.82888, 21.2099
839, 45, 13, 6.8206, 21.2234
840, 45, 13, 6.77245, 21.2868
841, 45, 13, 6.71944, 21.3006
842, 45, 13, 6.6897, 21.3154
843, 45, 13, 6.65382, 21.3425
844, 45, 13, 6.62705, 21.3745
845, 45, 13, 6.61829, 21.3932
846, 45, 13, 6.61222, 21.4076
847, 45, 13, 6.6051, 21.43
848, 45, 13, 6.60071, 21.4437
849, 45, 13, 6.58944, 21.4572
850, 45, 13, 6.54535, 21.4819
851, 45, 13, 6.4972, 21.5085
852, 45, 13, 6.48593, 21.5234
853, 45, 13, 6.4698, 21.5359
854, 45, 13, 6.44848, 21.5748
855, 45, 13, 6.4377, 21.5899
856, 45, 13, 6.43497, 21.6125
857, 45, 13, 6.42621, 21.637
858, 45, 13, 6.42121, 21.6562
859, 45, 13, 6.41675, 21.6723
860, 45, 13, 6.39542, 21.6859
861, 45, 13, 6.39292, 21.6995
862, 45, 13, 6.38964, 21.7281
863, 45, 13, 6.35941, 21.7487
864, 45, 13, 6.34814, 21.7734
865, 45, 13, 6.32676, 21.7937
866, 45, 13, 6.31849, 21.8073
867, 45, 13, 6.30165, 21.8204
868, 45, 13, 6.29337, 21.849
869, 45, 13, 6.28255, 21.8638
870, 45, 13, 6.33025, 21.8772
871, 45, 13, 6.32017, 21.8942
872, 46, 13, 6.31819, 21.9214
873, 47, 13, 6.31634, 21.9349
874, 48, 13, 6.31463, 21.9499
875, 48, 13, 6.31312, 21.9658
876, 48, 13, 6.27725, 21.9881
877, 48, 13, 6.27456, 22.0058
878, 48, 13, 6.27129, 22.0274
879, 48, 13, 6.25445, 22.0409
880, 48, 13, 6.24839, 22.064
881, 48, 13, 6.2454, 22.0775
882, 48, 13, 6.24095, 22.099
883, 48, 13, 6.23849, 22.1256
884, 48, 13, 6.23467, 22.1387
885, 48, 13, 6.23021, 22.1568
886, 48, 13, 6.22849, 22.173
887, 48, 13, 6.22449, 22.1864
888, 48, 13, 6.22289, 22.2128
889, 48, 13, 6.22139, 22.2339
890, 48, 13, 6.21913, 22.2525
891, 48, 13, 6.20569, 22.2735
892, 49, 13, 6.18297, 22.2872
893, 49, 13, 6.17857, 22.3011
894, 49, 13, 6.17349, 22.3209
895, 49, 13, 6.16469, 22.3414
896, 49, 13, 6.15128, 22.3551
897, 49, 13, 6.15107, 22.3733
898, 49, 13, 6.14231, 22.3895
899, 49, 13, 6.14097, 22.4068
900, 49, 13, 6.13786, 22.4198
901, 49, 13, 6.13474, 22.4353
902, 49, 13, 6.12392, 22.461
903, 49, 12, 6.2632, 22.4832
904, 50, 12, 6.24528, 22.498
905, 50, 12, 6.237, 22.5205
906, 50, 12, 6.23489, 22.534
907, 50, 12, 6.23277, 22.5498
908, 50, 12, 6.22827, 22.569
909, 50, 12, 6.22755, 22.583
910, 50, 12, 6.22444, 22.5964
911, 50, 12, 6.21864, 22.6383
912, 50, 12, 6.2173, 22.6522
913, 50, 12, 6.21124, 22.6664
914, 50, 12, 6.20518, 22.6799
915, 50, 12, 6.18246, 22.6935
916, 50, 12, 6.17168, 22.7099
917, 50, 12, 6.17097, 22.723
918, 50, 12, 6.16963, 22.7364
919, 50, 12, 6.16636, 22.7502
920, 50, 12, 6.16495, 22.7631
921, 50, 12, 6.16363, 22.7764
922, 50, 12, 6.16168, 22.7898
923, 50, 12, 6.15008, 22.8136
924, 50, 12, 6.13324, 22.8279
925, 50, 12, 6.12612, 22.8418
926, 50, 12, 6.12631, 22.8551
927, 50, 12, 6.11919, 22.869
928, 50, 12, 6.09335, 22.8847
929, 50, 12, 6.09056, 22.8983
930, 50, 12, 6.08931, 22.9113
931, 50, 12, 6.08723, 22.9299
932, 50, 12, 6.08322, 22.9435
933, 50, 12, 6.07551, 22.9629
934, 50, 12, 6.07438, 22.9766
935, 50, 12, 6.07077, 22.9899
936, 50, 12, 6.06749, 23.0168
937, 50, 12, 6.06598, 23.0306
938, 50, 12, 6.0559, 23.044
939, 50, 12, 6.04245, 23.0637
940, 50, 12, 6.02108, 23.0772
941, 50, 12, 6.01501, 23.0909
942, 50, 12, 6.00731, 23.1105
943, 50, 12, 5.99118, 23.1242
944, 50, 12, 5.98112, 23.1379
945, 50, 12, 5.96768, 23.1577
946, 50, 12, 5.95463, 23.1753
947, 50, 12, 5.94857, 23.1896
948, 50, 12, 5.92812, 23.2032
949, 50, 12, 5.91985, 23.2169
950, 50, 12, 5.88397, 23.2301
951, 50, 12, 5.86352, 23.2506
952, 50, 12, 5.8588, 23.2713
953, 50, 12, 5.85441, 23.2851
954, 50, 12, 5.83303, 23.2982
955, 50, 12, 5.82864, 23.322
956, 51, 12, 5.81414, 23.3361
957, 51, 12, 5.81202, 23.3496
958, 51, 12, 5.80891, 23.363
959, 51, 12, 5.80819, 23.3765
960, 51, 12, 5.80459, 23.3895
961, 51, 12, 5.80438, 23.4183
962, 51, 12, 5.79773, 23.4329
963, 51, 12, 5.78429, 23.446
964, 51, 12, 5.77553, 23.4643
965, 51, 12, 5.76471, 23.4782
966, 51, 12, 5.7624, 23.4919
967, 51, 12, 5.74697, 23.5072
968, 51, 12, 5.74258, 23.5346
969, 51, 12, 5.72715, 23.5482
970, 51, 12, 5.72332, 23.5857
971, 51, 12, 5.7212, 23.5993
972, 51, 12, 5.70507, 23.6134
973, 51, 12, 5.69901, 23.6284
974, 51, 12, 5.68596, 23.6421
975, 51, 12, 5.65573, 23.6858
976, 51, 12, 5.65009, 23.7078
977, 51, 12, 5.64152, 23.7224
978, 51, 12, 5.61412, 23.7359
979, 52, 12, 5.5914, 23.7502
980, 53, 12, 5.57348, 23.7664
981, 53, 12, 5.56909, 23.7811
982, 53, 12, 5.56409, 23.8011
983, 53, 12, 5.55963, 23.8152
984, 53, 12, 5.54885, 23.848
985, 53, 12, 5.53803, 23.8614
986, 53, 12, 5.53492, 23.8786
987, 53, 12, 5.52364, 23.9194
988, 53, 12, 5.50227, 23.9335
989, 53, 12, 5.49515, 23.9731
990, 53, 12, 5.48935, 24.0105
991, 53, 12, 5.48055, 24.0245
992, 53, 12, 5.47179, 24.0394
993, 53, 12, 5.46599, 24.0599
994, 53, 12, 5.46199, 24.0733
995, 53, 12, 5.45487, 24.1094
996, 53, 12, 5.45274, 24.1233
997, 53, 12, 5.45076, 24.1374
998, 53, 12, 5.44777, 24.1512
999, 53, 12, 5.44306, 24.1724
