Seed is: 70
Number of samples is: 1000
Simulation name is: Simulation_1TV.sim
TimeStep, Distraction Rate, Missed States, Model Accuracy, Time (ms)
0, 0, 165, 0, 5e-05
1, 0, 164, 0.763197, 0.017774
2, 0, 163, 1.7632, 0.027653
3, 0, 163, 1.34816, 0.039485
4, 0, 163, 1.17823, 0.079581
5, 0, 162, 1.94143, 0.088448
6, 0, 162, 1.5679, 0.11031
7, 0, 162, 1.19436, 0.118616
8, 0, 162, 1.04143, 0.13144
9, 0, 162, 0.888499, 0.144335
10, 0, 161, 1.6517, 0.152781
11, 0, 160, 2.41489, 0.16268
12, 0, 160, 2.04136, 0.182938
13, 0, 159, 2.39413, 0.191314
14, 0, 159, 1.90917, 0.206693
15, 0, 159, 1.75623, 0.216182
16, 0, 159, 1.5517, 0.224467
17, 0, 158, 2.5517, 0.232583
18, 0, 158, 2.13666, 0.240818
19, 0, 158, 1.96673, 0.248924
20, 0, 157, 2.72993, 0.25723
21, 0, 156, 3.49313, 0.265666
22, 0, 155, 4.49313, 0.273801
23, 0, 155, 4.07809, 0.282127
24, 0, 155, 3.90817, 0.290553
25, 0, 154, 4.67136, 0.299941
26, 0, 154, 4.29783, 0.308327
27, 0, 154, 3.9243, 0.316533
28, 0, 154, 3.77136, 0.338354
29, 0, 154, 3.61843, 0.352982
30, 0, 153, 4.38163, 0.379613
31, 0, 152, 5.38163, 0.38852
32, 0, 152, 4.96659, 0.408949
33, 0, 152, 4.79667, 0.417786
34, 0, 151, 5.79667, 0.426723
35, 0, 151, 5.38163, 0.441561
36, 0, 151, 5.2117, 0.450097
37, 0, 150, 6.2117, 0.464234
38, 0, 150, 5.79667, 0.472339
39, 0, 150, 5.62674, 0.482769
40, 0, 149, 6.38994, 0.491265
41, 0, 148, 7.38994, 0.499712
42, 0, 148, 6.9749, 0.508088
43, 0, 148, 6.80498, 0.520631
44, 0, 147, 7.56817, 0.529057
45, 0, 146, 8.33137, 0.537504
46, 0, 146, 7.95784, 0.54598
47, 0, 146, 7.5843, 0.556189
48, 0, 145, 7.82564, 0.581968
49, 0, 145, 7.6211, 0.590625
50, 0, 145, 7.46817, 0.599472
51, 0, 144, 8.46817, 0.609691
52, 0, 144, 8.05313, 0.618177
53, 0, 144, 7.88321, 0.626373
54, 0, 143, 8.64641, 0.638776
55, 0, 142, 9.64641, 0.648966
56, 0, 142, 9.23137, 0.657682
57, 0, 142, 9.06144, 0.668393
58, 0, 141, 10.0614, 0.676939
59, 0, 141, 9.64641, 0.687038
60, 0, 141, 9.47648, 0.69829
61, 0, 140, 10.2397, 0.706846
62, 0, 139, 10.5924, 0.729269
63, 0, 139, 10.1075, 0.744327
64, 0, 139, 9.73395, 0.76156
65, 0, 139, 9.95588, 0.770567
66, 0, 139, 9.69245, 0.779244
67, 0, 139, 9.53952, 0.805354
68, 0, 139, 9.42902, 0.815994
69, 0, 138, 10.1922, 0.82453
70, 0, 137, 10.9554, 0.834018
71, 0, 137, 10.5819, 0.842815
72, 0, 137, 10.2083, 0.851261
73, 0, 137, 10.0554, 0.870017
74, 0, 137, 9.90248, 0.891898
75, 0, 136, 10.6657, 0.900725
76, 0, 135, 11.4289, 0.911175
77, 0, 135, 11.0553, 0.927837
78, 0, 135, 10.9042, 0.938507
79, 0, 134, 11.6674, 0.947234
80, 0, 133, 12.4306, 0.95594
81, 0, 132, 13.1938, 0.964687
82, 0, 131, 14.1938, 0.973223
83, 0, 131, 13.7788, 0.98218
84, 0, 131, 13.6088, 1.00525
85, 0, 130, 13.3766, 1.01495
86, 0, 129, 14.7248, 1.02381
87, 0, 129, 14.3513, 1.03892
88, 0, 129, 13.8663, 1.04777
89, 0, 128, 14.1076, 1.05676
90, 0, 128, 13.9031, 1.06826
91, 0, 128, 13.6986, 1.09163
92, 0, 127, 14.4618, 1.10127
93, 0, 127, 14.0882, 1.1101
94, 0, 127, 13.7147, 1.12843
95, 0, 127, 13.5618, 1.1373
96, 0, 127, 13.4088, 1.14683
97, 0, 126, 14.172, 1.15565
98, 0, 125, 14.9352, 1.16448
99, 0, 125, 14.5617, 1.1748
100, 0, 125, 14.1882, 1.18818
101, 0, 125, 14.0352, 1.19704
102, 0, 125, 13.8823, 1.21884
103, 0, 124, 14.6455, 1.23357
104, 0, 124, 14.272, 1.25567
105, 0, 124, 13.8984, 1.26449
106, 0, 124, 13.7455, 1.27357
107, 0, 123, 13.9868, 1.28262
108, 0, 123, 13.7823, 1.29874
109, 0, 123, 13.6985, 1.30753
110, 1, 122, 14.6985, 1.31642
111, 2, 122, 14.2835, 1.3257
112, 3, 122, 14.1135, 1.35285
113, 4, 122, 14.0204, 1.36908
114, 5, 122, 13.9615, 1.3788
115, 6, 122, 13.9209, 1.38934
116, 7, 122, 13.8911, 1.39933
117, 8, 122, 13.8684, 1.40979
118, 9, 122, 13.8505, 1.42088
119, 10, 122, 13.836, 1.43064
120, 11, 122, 13.824, 1.44364
121, 11, 122, 13.7402, 1.45456
122, 11, 121, 14.5034, 1.47522
123, 11, 120, 15.5034, 1.49237
124, 11, 120, 15.0884, 1.50177
125, 11, 120, 14.9185, 1.52571
126, 11, 119, 15.6817, 1.53502
127, 11, 119, 15.5885, 1.54405
128, 11, 119, 15.4954, 1.55435
129, 11, 119, 15.4424, 1.5653
130, 11, 119, 15.3586, 1.57409
131, 11, 118, 16.1218, 1.58326
132, 11, 117, 16.885, 1.59215
133, 11, 117, 16.5115, 1.60437
134, 11, 117, 16.138, 1.61344
135, 11, 117, 15.985, 1.62402
136, 11, 117, 15.8321, 1.63967
137, 11, 116, 16.5953, 1.64863
138, 11, 115, 17.3585, 1.65996
139, 11, 115, 17.2747, 1.67331
140, 11, 115, 17.1816, 1.68216
141, 11, 115, 17.0885, 1.69093
142, 11, 115, 17.2109, 1.69998
143, 11, 115, 17.1138, 1.70903
144, 11, 115, 17.0772, 1.71837
145, 12, 115, 17.0671, 1.72905
146, 12, 115, 17.0141, 1.73816
147, 12, 115, 16.6406, 1.74724
148, 12, 115, 16.2671, 1.75744
149, 12, 115, 16.2082, 1.77022
150, 12, 115, 16.1493, 1.7793
151, 12, 115, 16.0963, 1.78822
152, 12, 115, 16.0374, 1.7972
153, 12, 115, 15.9785, 1.80953
154, 12, 115, 15.8814, 1.82597
155, 12, 115, 15.5079, 1.835
156, 12, 115, 15.1343, 1.84559
157, 12, 115, 15.0412, 1.86086
158, 12, 115, 14.9481, 1.88999
159, 12, 115, 14.855, 1.89882
160, 12, 115, 14.7021, 1.90756
161, 12, 115, 14.6353, 1.91744
162, 12, 115, 14.4823, 1.92622
163, 12, 114, 15.4823, 1.93583
164, 12, 114, 15.0673, 1.9451
165, 12, 114, 14.8974, 1.9541
166, 12, 113, 15.8974, 1.97612
167, 12, 113, 15.4823, 1.98587
168, 12, 113, 15.3124, 1.99467
169, 12, 112, 16.0756, 2.00445
170, 12, 111, 15.8434, 2.01391
171, 12, 110, 17.1916, 2.0242
172, 12, 110, 16.818, 2.03346
173, 12, 110, 16.7913, 2.05295
174, 12, 110, 16.7547, 2.06865
175, 12, 110, 16.6018, 2.07776
176, 12, 109, 17.365, 2.08679
177, 12, 108, 18.1282, 2.0963
178, 12, 107, 19.1282, 2.10578
179, 12, 107, 18.7131, 2.11523
180, 12, 107, 18.5432, 2.12455
181, 12, 106, 18.311, 2.13422
182, 12, 106, 18.2695, 2.15687
183, 12, 105, 19.9742, 2.16668
184, 12, 105, 19.6007, 2.17981
185, 12, 105, 19.8641, 2.1896
186, 12, 105, 19.2271, 2.19912
187, 12, 105, 19.0742, 2.20845
188, 12, 104, 19.8374, 2.22505
189, 12, 103, 19.6052, 2.23471
190, 12, 102, 20.9534, 2.25011
191, 12, 101, 21.9534, 2.26208
192, 12, 101, 21.5383, 2.27153
193, 12, 101, 21.3684, 2.28061
194, 12, 100, 22.1316, 2.29005
195, 12, 100, 21.6466, 2.30007
196, 12, 100, 21.2731, 2.30933
197, 12, 100, 21.0686, 2.31859
198, 12, 100, 20.9156, 2.32789
199, 12, 99, 21.6788, 2.34019
200, 12, 98, 22.0316, 2.34983
201, 12, 98, 21.5466, 2.36108
202, 12, 98, 21.1731, 2.3897
203, 12, 98, 20.9686, 2.40331
204, 12, 98, 20.8156, 2.41616
205, 12, 97, 20.5834, 2.42574
206, 12, 96, 21.9316, 2.43585
207, 12, 95, 22.9316, 2.44533
208, 12, 95, 22.5166, 2.45653
209, 12, 95, 22.3466, 2.46572
210, 12, 94, 23.1098, 2.47528
211, 12, 94, 22.7363, 2.48495
212, 12, 93, 23.7363, 2.49444
213, 12, 93, 23.3213, 2.51204
214, 12, 93, 23.1513, 2.52147
215, 12, 92, 24.1513, 2.53167
216, 12, 92, 23.7363, 2.54199
217, 12, 92, 23.5664, 2.55204
218, 12, 91, 24.3296, 2.57311
219, 12, 90, 25.3296, 2.58423
220, 12, 90, 24.9145, 2.59369
221, 12, 90, 24.7446, 2.6139
222, 12, 90, 24.6515, 2.62607
223, 12, 90, 24.5584, 2.63797
224, 12, 90, 24.4055, 2.6607
225, 12, 90, 24.0319, 2.67042
226, 12, 90, 23.9481, 2.6892
227, 12, 90, 23.855, 2.69966
228, 12, 90, 23.7619, 2.70927
229, 12, 90, 23.609, 2.71873
230, 12, 90, 23.556, 2.72982
231, 12, 90, 23.4722, 2.74623
232, 12, 90, 22.9872, 2.75678
233, 12, 90, 22.6137, 2.76713
234, 12, 90, 22.5548, 2.79249
235, 12, 90, 22.4959, 2.81614
236, 12, 90, 22.4593, 2.82536
237, 12, 90, 22.4063, 2.83461
238, 12, 90, 22.6282, 2.84523
239, 12, 90, 22.3648, 2.85471
240, 12, 89, 23.128, 2.86443
241, 12, 89, 23.0175, 2.87419
242, 12, 89, 22.9244, 2.88369
243, 12, 89, 22.8139, 2.89329
244, 12, 89, 22.7208, 2.90277
245, 12, 89, 22.6277, 2.91214
246, 12, 89, 22.5439, 2.92257
247, 12, 89, 22.1703, 2.93201
248, 12, 89, 21.7968, 2.94357
249, 12, 89, 21.713, 2.95504
250, 12, 89, 21.6649, 2.96473
251, 12, 89, 21.9799, 2.98819
252, 12, 89, 21.4018, 2.99769
253, 12, 88, 22.4018, 3.00705
254, 12, 88, 21.9868, 3.01652
255, 12, 88, 21.8169, 3.03616
256, 12, 87, 22.5801, 3.06022
257, 12, 87, 22.4963, 3.07074
258, 12, 86, 23.4963, 3.08097
259, 12, 86, 23.0812, 3.09504
260, 12, 86, 22.9113, 3.10487
261, 12, 85, 23.6745, 3.11623
262, 12, 84, 24.4377, 3.1257
263, 12, 84, 24.0642, 3.15583
264, 12, 84, 23.9804, 3.17309
265, 12, 84, 23.8872, 3.18721
266, 12, 84, 23.7941, 3.19721
267, 12, 84, 23.6412, 3.23634
268, 12, 84, 23.5882, 3.24599
269, 12, 84, 23.5523, 3.25584
270, 12, 84, 23.4685, 3.26518
271, 12, 84, 23.4411, 3.27487
272, 12, 84, 23.1777, 3.28432
273, 12, 84, 22.8042, 3.30627
274, 12, 84, 22.9681, 3.31602
275, 12, 84, 22.7872, 3.32559
276, 12, 83, 23.7872, 3.33527
277, 12, 83, 23.3721, 3.34495
278, 12, 83, 23.2022, 3.35607
279, 12, 83, 23.1091, 3.37385
280, 12, 83, 23.016, 3.38811
281, 12, 83, 22.863, 3.3977
282, 12, 83, 22.81, 3.40753
283, 12, 83, 22.4365, 3.41717
284, 12, 82, 22.7893, 3.44033
285, 12, 82, 23.1043, 3.45037
286, 12, 82, 22.5262, 3.46128
287, 12, 82, 22.4674, 3.47121
288, 12, 82, 22.4085, 3.48122
289, 12, 82, 22.2555, 3.49097
290, 12, 82, 22.2189, 3.50199
291, 12, 81, 22.4603, 3.51218
292, 12, 81, 22.2558, 3.52179
293, 12, 80, 23.2558, 3.5325
294, 12, 80, 22.8407, 3.5429
295, 12, 80, 22.6708, 3.55265
296, 12, 79, 23.434, 3.5646
297, 12, 78, 24.1972, 3.59005
298, 12, 77, 24.9604, 3.61088
299, 12, 76, 25.7236, 3.63333
300, 12, 76, 25.35, 3.64332
301, 12, 76, 24.9765, 3.65335
302, 12, 76, 24.8236, 3.66319
303, 12, 76, 24.6706, 3.67561
304, 12, 75, 25.4338, 3.68721
305, 12, 75, 25.0603, 3.69729
306, 12, 75, 24.6868, 3.72098
307, 12, 75, 24.5338, 3.73086
308, 12, 75, 24.3809, 3.74078
309, 12, 74, 25.3809, 3.75471
310, 12, 74, 24.9659, 3.77609
311, 12, 74, 24.7959, 3.78587
312, 12, 73, 25.7959, 3.79777
313, 12, 73, 25.3809, 3.80761
314, 12, 73, 25.211, 3.8175
315, 12, 72, 25.9742, 3.82739
316, 12, 72, 25.6006, 3.83726
317, 12, 72, 25.2271, 3.84714
318, 12, 72, 25.0742, 3.85691
319, 12, 72, 24.9213, 3.86676
320, 12, 71, 25.6844, 3.8766
321, 12, 70, 26.4476, 3.88689
322, 12, 69, 27.2108, 3.89684
323, 12, 69, 27.1519, 3.9218
324, 12, 69, 27.0931, 3.93487
325, 12, 69, 27.0093, 4.19689
326, 12, 69, 26.9825, 4.21157
327, 12, 69, 26.6089, 4.24583
328, 12, 69, 26.2354, 4.25565
329, 12, 69, 26.1824, 4.2673
330, 12, 69, 26.162, 4.28156
331, 12, 69, 26.009, 4.29158
332, 12, 68, 27.009, 4.30159
333, 12, 68, 26.594, 4.31146
334, 12, 68, 26.4241, 4.32136
335, 12, 67, 27.1873, 4.33124
336, 12, 67, 27.0942, 4.34106
337, 12, 67, 26.9837, 4.35297
338, 12, 67, 26.6101, 4.36966
339, 12, 67, 26.5428, 4.37965
340, 12, 66, 26.7325, 4.38966
341, 12, 66, 26.622, 4.39931
342, 12, 66, 26.5382, 4.40914
343, 12, 65, 27.5382, 4.41902
344, 12, 65, 27.1232, 4.4288
345, 12, 65, 26.9533, 4.44015
346, 12, 64, 27.7165, 4.46649
347, 12, 64, 27.6327, 4.48216
348, 12, 64, 27.5128, 4.49278
349, 12, 63, 27.6615, 4.51025
350, 12, 63, 27.6175, 4.52042
351, 12, 62, 27.7543, 4.53047
352, 12, 62, 27.7013, 4.54572
353, 12, 62, 27.6175, 4.5618
354, 12, 62, 27.5809, 4.57167
355, 12, 62, 27.5596, 4.5843
356, 12, 62, 27.5441, 4.59517
357, 12, 62, 27.4603, 4.60505
358, 12, 62, 27.3756, 4.61512
359, 12, 62, 27.3454, 4.62514
360, 12, 62, 27.3341, 4.63725
361, 12, 62, 27.2503, 4.64867
362, 12, 62, 26.8768, 4.65855
363, 12, 62, 26.8238, 4.66842
364, 12, 61, 27.587, 4.67851
365, 12, 60, 28.587, 4.68865
366, 12, 60, 28.1719, 4.69872
367, 12, 60, 28.002, 4.70832
368, 12, 59, 28.7652, 4.718
369, 12, 59, 28.3917, 4.72834
370, 12, 59, 28.0181, 4.73817
371, 12, 59, 27.8652, 4.74823
372, 12, 59, 27.7123, 4.7582
373, 12, 59, 27.6285, 4.7681
374, 12, 58, 28.6285, 4.77812
375, 12, 58, 28.2134, 4.80159
376, 12, 58, 28.0435, 4.81119
377, 12, 58, 27.9504, 4.82114
378, 12, 58, 27.8573, 4.83071
379, 12, 58, 27.7735, 4.84024
380, 12, 58, 27.3999, 4.85058
381, 12, 58, 27.247, 4.86042
382, 12, 58, 27.2266, 4.87028
383, 12, 58, 27.1998, 4.89522
384, 12, 57, 28.1998, 4.91578
385, 12, 57, 27.7848, 4.92596
386, 12, 57, 27.6148, 4.93591
387, 12, 57, 27.5217, 4.94597
388, 12, 57, 27.4112, 4.96687
389, 12, 56, 28.1744, 4.97654
390, 12, 56, 27.8009, 4.98758
391, 12, 56, 27.4968, 4.99859
392, 12, 56, 27.4602, 5.00923
393, 12, 56, 27.3671, 5.01919
394, 12, 56, 27.1862, 5.02925
395, 12, 56, 27.1595, 5.03948
396, 12, 56, 27.0083, 5.04963
397, 12, 55, 27.7715, 5.05986
398, 12, 55, 27.398, 5.06974
399, 12, 55, 27.0245, 5.07977
400, 12, 55, 26.8715, 5.0898
401, 12, 55, 26.7186, 5.10276
402, 12, 55, 26.6348, 5.1127
403, 12, 55, 26.551, 5.12237
404, 12, 54, 27.551, 5.13213
405, 12, 54, 27.136, 5.15499
406, 12, 54, 26.966, 5.16502
407, 12, 54, 26.8729, 5.17481
408, 12, 54, 26.7798, 5.18471
409, 12, 54, 26.6693, 5.21362
410, 12, 53, 26.859, 5.22394
411, 12, 53, 26.7485, 5.2342
412, 12, 53, 26.6955, 5.24427
413, 12, 52, 27.6955, 5.25612
414, 12, 52, 27.2805, 5.26625
415, 12, 52, 27.1106, 5.27603
416, 12, 52, 27.0268, 5.28576
417, 12, 52, 26.9738, 5.29555
418, 12, 52, 26.8807, 5.30555
419, 12, 52, 26.8277, 5.32167
420, 12, 52, 26.7439, 5.33612
421, 12, 52, 26.6508, 5.34618
422, 12, 52, 26.4978, 5.35622
423, 12, 52, 26.4612, 5.36633
424, 12, 52, 26.4082, 5.39714
425, 12, 51, 26.5569, 5.40903
426, 12, 51, 26.5128, 5.42318
427, 12, 51, 26.4291, 5.4386
428, 12, 51, 26.3186, 5.44874
429, 12, 50, 26.4554, 5.45893
430, 12, 50, 26.4399, 5.46922
431, 12, 50, 26.4195, 5.48433
432, 12, 49, 26.6092, 5.50192
433, 12, 49, 26.4987, 5.51238
434, 12, 49, 26.4719, 5.52247
435, 12, 49, 26.413, 5.53555
436, 12, 49, 26.3542, 5.54759
437, 12, 49, 26.3337, 5.55885
438, 12, 49, 26.2366, 5.56891
439, 12, 49, 26.1435, 5.57874
440, 12, 49, 26.0905, 5.58854
441, 12, 49, 26.0375, 5.59849
442, 12, 49, 25.8846, 5.6083
443, 12, 49, 25.8172, 5.6208
444, 12, 49, 25.7334, 5.63096
445, 12, 49, 25.6745, 5.64121
446, 12, 49, 25.6077, 5.65149
447, 12, 49, 25.5488, 5.66127
448, 12, 49, 25.3959, 5.67989
449, 12, 49, 25.243, 5.68984
450, 12, 49, 25.2317, 5.69997
451, 12, 49, 25.1951, 5.71052
452, 12, 49, 25.1362, 5.72074
453, 12, 49, 25.0832, 5.73128
454, 13, 49, 25.0747, 5.74362
455, 14, 49, 25.0673, 5.75533
456, 14, 49, 25.0511, 5.76512
457, 14, 49, 25.1735, 5.77508
458, 14, 49, 25.1146, 5.83082
459, 14, 49, 25.0473, 5.87842
460, 14, 48, 25.1848, 5.88876
461, 15, 48, 25.1784, 5.90107
462, 15, 48, 25.1516, 5.91142
463, 15, 48, 25.115, 5.9218
464, 15, 48, 25.0561, 5.93288
465, 15, 48, 24.9972, 5.94381
466, 15, 48, 24.9442, 5.95464
467, 15, 48, 24.8853, 5.96748
468, 15, 48, 24.7324, 5.97783
469, 15, 47, 24.9221, 5.98945
470, 15, 47, 24.8116, 5.9999
471, 15, 47, 24.8034, 6.01102
472, 15, 47, 24.8289, 6.02188
473, 15, 47, 24.7616, 6.03291
474, 15, 47, 24.7209, 6.06675
475, 15, 47, 24.6803, 6.08371
476, 15, 47, 24.6437, 6.10895
477, 15, 47, 24.5769, 6.1212
478, 15, 47, 24.5501, 6.13111
479, 15, 47, 24.5095, 6.14123
480, 15, 47, 24.4688, 6.15145
481, 15, 47, 24.452, 6.16181
482, 15, 47, 24.4437, 6.17215
483, 15, 47, 24.3996, 6.18459
484, 15, 47, 24.3065, 6.19483
485, 15, 47, 24.1536, 6.20535
486, 15, 47, 24.0947, 6.21963
487, 15, 47, 24.0645, 6.24857
488, 15, 47, 24.1869, 6.25895
489, 15, 47, 24.128, 6.28254
490, 15, 47, 23.8645, 6.29263
491, 15, 47, 23.8115, 6.30248
492, 15, 47, 23.7526, 6.31281
493, 15, 47, 23.6937, 6.32267
494, 15, 47, 23.6349, 6.33274
495, 15, 47, 23.5942, 6.34289
496, 15, 47, 23.5536, 6.35335
497, 15, 47, 23.5129, 6.37929
498, 15, 47, 23.4862, 6.39041
499, 15, 47, 23.4727, 6.40072
500, 15, 47, 23.4666, 6.41852
501, 15, 47, 23.4399, 6.42865
502, 15, 47, 23.3561, 6.43883
503, 15, 47, 23.4081, 6.45088
504, 15, 47, 23.3674, 6.46084
505, 15, 47, 23.3144, 6.50043
506, 15, 46, 23.4775, 6.51252
507, 15, 46, 23.5999, 6.52478
508, 15, 46, 23.5633, 6.53567
509, 15, 46, 23.5103, 6.54578
510, 15, 46, 23.5059, 6.55625
511, 15, 46, 23.4854, 6.56693
512, 15, 46, 23.4489, 6.57723
513, 15, 46, 23.4186, 6.5894
514, 15, 46, 23.3821, 6.61262
515, 16, 46, 23.3764, 6.6371
516, 16, 46, 23.356, 6.64752
517, 16, 46, 23.3153, 6.66931
518, 16, 46, 23.2885, 6.67938
519, 16, 46, 23.2479, 6.68998
520, 16, 46, 23.2073, 6.7007
521, 16, 46, 23.1707, 6.71078
522, 16, 46, 23.13, 6.73302
523, 16, 46, 23.0462, 6.74359
524, 16, 46, 23.0056, 6.76659
525, 16, 46, 22.965, 6.77675
526, 16, 46, 22.9436, 6.79042
527, 16, 46, 23.0396, 6.80368
528, 16, 46, 23.0128, 6.81394
529, 16, 46, 22.9722, 6.82463
530, 16, 46, 22.9315, 6.83471
531, 16, 46, 22.8949, 6.84463
532, 16, 46, 22.8652, 6.85589
533, 16, 46, 22.8355, 6.87504
534, 16, 46, 22.8057, 6.88722
535, 16, 46, 22.7853, 6.89825
536, 16, 46, 22.7744, 6.90841
537, 16, 46, 22.6773, 6.91856
538, 16, 46, 22.6476, 6.92903
539, 16, 46, 22.6179, 6.9396
540, 16, 46, 22.7114, 6.94978
541, 16, 46, 22.6886, 6.96007
542, 16, 46, 22.6659, 6.97164
543, 16, 46, 22.6572, 6.98185
544, 16, 46, 22.6367, 6.99219
545, 16, 46, 22.607, 7.00598
546, 16, 46, 22.5772, 7.01889
547, 16, 46, 22.5406, 7.03847
548, 16, 46, 22.5375, 7.04896
549, 16, 46, 22.5016, 7.06093
550, 16, 46, 22.4046, 7.07515
551, 16, 46, 22.3114, 7.09023
552, 16, 46, 22.2183, 7.10099
553, 16, 46, 22.1345, 7.12513
554, 16, 46, 22.0677, 7.15137
555, 16, 46, 22.0147, 7.16976
556, 16, 46, 21.6412, 7.18015
557, 16, 46, 21.6144, 7.19046
558, 16, 46, 21.5983, 7.2006
559, 16, 46, 21.5912, 7.2128
560, 16, 46, 21.5165, 7.22317
561, 16, 46, 21.4492, 7.23347
562, 16, 46, 21.4195, 7.24369
563, 16, 46, 21.3897, 7.2538
564, 16, 46, 21.3836, 7.26454
565, 17, 46, 21.3786, 7.27742
566, 17, 46, 21.3346, 7.28786
567, 17, 46, 21.3141, 7.29791
568, 17, 46, 21.2515, 7.30836
569, 17, 46, 21.2471, 7.31964
570, 17, 46, 21.2309, 7.33067
571, 17, 45, 21.4723, 7.35266
572, 17, 45, 21.2677, 7.36372
573, 17, 45, 21.238, 7.37946
574, 17, 45, 21.2082, 7.39175
575, 17, 45, 21.1928, 7.40206
576, 17, 45, 21.1349, 7.41329
577, 17, 45, 21.0908, 7.4239
578, 17, 45, 21.0681, 7.43399
579, 17, 45, 21.0454, 7.44436
580, 17, 45, 21.0423, 7.4563
581, 17, 45, 21.0993, 7.47223
582, 18, 45, 21.0948, 7.48563
583, 18, 45, 21.0817, 7.49712
584, 18, 45, 21.052, 7.51414
585, 18, 45, 21.0316, 7.52458
586, 18, 45, 21.0836, 7.54813
587, 18, 45, 21.0538, 7.55994
588, 18, 45, 21.0241, 7.57036
589, 18, 45, 20.9973, 7.5808
590, 18, 45, 20.9705, 7.59163
591, 18, 45, 20.9501, 7.60214
592, 18, 45, 20.8971, 7.61265
593, 18, 45, 20.8697, 7.6233
594, 18, 45, 20.8215, 7.63385
595, 18, 45, 20.7849, 7.64433
596, 18, 45, 20.7011, 7.6594
597, 18, 44, 21.7011, 7.66957
598, 18, 44, 21.2861, 7.67999
599, 18, 44, 21.1162, 7.69014
600, 18, 43, 21.8794, 7.70036
601, 18, 43, 21.8566, 7.71167
602, 18, 43, 21.8339, 7.72188
603, 18, 43, 21.8112, 7.74193
604, 18, 43, 21.7933, 7.75216
605, 18, 43, 21.7754, 7.76233
606, 18, 43, 21.7574, 7.77271
607, 18, 43, 21.7444, 7.78461
608, 18, 43, 21.7386, 7.79535
609, 18, 43, 21.7365, 7.80671
610, 18, 43, 21.7152, 7.8214
611, 18, 43, 21.6793, 7.83177
612, 18, 43, 21.6525, 7.84306
613, 18, 43, 21.5594, 7.85362
614, 18, 43, 21.4756, 7.87329
615, 18, 43, 21.4167, 7.884
616, 18, 43, 21.3578, 7.8945
617, 18, 43, 21.3374, 7.90496
618, 18, 43, 21.2844, 7.91512
619, 18, 43, 21.1912, 7.92547
620, 18, 43, 21.3543, 7.93612
621, 18, 43, 21.2705, 7.94639
622, 18, 43, 21.2116, 7.95723
623, 18, 43, 21.175, 7.9676
624, 18, 43, 20.8015, 7.97772
625, 18, 42, 20.9408, 7.98809
626, 18, 42, 20.9325, 8.00018
627, 18, 42, 20.9278, 8.01275
628, 18, 42, 20.9264, 8.02342
629, 18, 42, 20.9096, 8.03408
630, 18, 42, 20.8822, 8.04446
631, 18, 42, 20.8661, 8.05484
632, 18, 42, 20.8393, 8.06537
633, 18, 42, 20.7804, 8.0758
634, 18, 42, 20.6293, 8.08689
635, 18, 42, 20.4763, 8.09742
636, 18, 41, 21.2395, 8.10805
637, 18, 41, 21.1557, 8.11884
638, 18, 41, 21.0586, 8.13035
639, 18, 41, 20.9748, 8.14512
640, 18, 40, 21.1379, 8.15575
641, 18, 40, 21.0705, 8.16999
642, 18, 40, 20.9774, 8.18061
643, 18, 40, 20.9244, 8.19263
644, 18, 39, 21.1141, 8.21574
645, 18, 39, 21.0036, 8.2265
646, 18, 39, 20.9198, 8.2372
647, 18, 39, 20.5463, 8.24748
648, 18, 39, 20.4625, 8.25816
649, 18, 38, 21.2257, 8.26903
650, 18, 38, 21.2096, 8.27958
651, 18, 38, 21.1655, 8.29053
652, 18, 38, 21.1125, 8.3013
653, 18, 38, 20.739, 8.31196
654, 18, 38, 20.6552, 8.32265
655, 18, 37, 20.7929, 8.33341
656, 18, 37, 20.7522, 8.34819
657, 18, 37, 20.7116, 8.37107
658, 18, 37, 20.6902, 8.38199
659, 18, 37, 20.6496, 8.39251
660, 18, 37, 20.6089, 8.40307
661, 18, 37, 20.5959, 8.41376
662, 18, 37, 20.5657, 8.42518
663, 18, 36, 20.7144, 8.43582
664, 18, 36, 20.6703, 8.44636
665, 18, 36, 20.5865, 8.48175
666, 18, 36, 20.6564, 8.49246
667, 18, 36, 20.5975, 8.50288
668, 18, 36, 20.5302, 8.51633
669, 18, 36, 20.4861, 8.52697
670, 18, 36, 20.4331, 8.53733
671, 18, 36, 20.2801, 8.5477
672, 18, 36, 20.2656, 8.55807
673, 18, 36, 20.2511, 8.56914
674, 18, 36, 20.2366, 8.57954
675, 18, 36, 20.2306, 8.58999
676, 18, 36, 20.1827, 8.60078
677, 18, 36, 20.1806, 8.61121
678, 19, 36, 20.1766, 8.62467
679, 19, 36, 20.1658, 8.63534
680, 19, 36, 20.1391, 8.6465
681, 19, 36, 20.1088, 8.65738
682, 19, 36, 20.0909, 8.66806
683, 19, 36, 20.073, 8.6789
684, 19, 36, 20.0717, 8.68966
685, 19, 36, 20.0418, 8.70041
686, 19, 36, 19.9447, 8.71107
687, 19, 36, 19.8858, 8.72163
688, 19, 36, 19.8269, 8.73207
689, 19, 36, 19.7595, 8.74296
690, 19, 36, 19.6922, 8.75367
691, 19, 36, 19.6084, 8.76391
692, 19, 36, 19.6077, 8.77429
693, 19, 36, 19.5835, 8.78484
694, 19, 36, 19.5428, 8.79564
695, 19, 36, 19.476, 8.80593
696, 19, 36, 19.4395, 8.81608
697, 19, 36, 19.4029, 8.82631
698, 19, 36, 19.3622, 8.83689
699, 19, 36, 19.3216, 8.84778
700, 19, 36, 19.2948, 8.85802
701, 19, 36, 19.211, 8.86831
702, 19, 36, 19.263, 8.87882
703, 19, 36, 19.1432, 8.88946
704, 19, 36, 19.1324, 8.89985
705, 19, 36, 19.0918, 8.91007
706, 19, 36, 19.1853, 8.92055
707, 19, 36, 19.1494, 8.93087
708, 19, 36, 19.1013, 8.94139
709, 19, 36, 18.9483, 8.95294
710, 19, 36, 18.8894, 8.96318
711, 19, 36, 18.8364, 8.97548
712, 19, 36, 18.7696, 8.98606
713, 19, 36, 18.7331, 8.99647
714, 19, 36, 18.6742, 9.01988
715, 19, 36, 18.6153, 9.03255
716, 19, 36, 18.7377, 9.04756
717, 19, 36, 18.7074, 9.05791
718, 19, 36, 18.6709, 9.06835
719, 19, 35, 18.8339, 9.07872
720, 19, 35, 18.7665, 9.08945
721, 19, 35, 18.7135, 9.10064
722, 19, 35, 18.6729, 9.11103
723, 19, 35, 18.6323, 9.12255
724, 19, 35, 18.5793, 9.13285
725, 19, 35, 18.4955, 9.1431
726, 19, 35, 18.482, 9.15374
727, 19, 35, 18.4414, 9.16395
728, 19, 35, 18.6053, 9.17469
729, 19, 35, 18.5839, 9.18533
730, 19, 34, 18.7214, 9.20769
731, 19, 34, 18.6849, 9.21895
732, 19, 34, 18.6551, 9.23035
733, 19, 34, 18.4742, 9.24079
734, 19, 34, 18.4515, 9.25094
735, 19, 34, 18.4288, 9.2612
736, 19, 34, 18.402, 9.27143
737, 19, 34, 18.4013, 9.282
738, 19, 34, 18.3852, 9.3027
739, 19, 34, 18.3554, 9.31334
740, 19, 34, 18.3024, 9.32402
741, 19, 34, 18.2797, 9.33465
742, 19, 34, 18.257, 9.34548
743, 19, 34, 18.2457, 9.35605
744, 19, 34, 18.2455, 9.36685
745, 19, 34, 18.2158, 9.37758
746, 19, 34, 18.2049, 9.38873
747, 19, 33, 18.368, 9.4163
748, 19, 33, 18.3006, 9.42736
749, 19, 33, 18.264, 9.43816
750, 19, 33, 18.1972, 9.44905
751, 19, 33, 18.1793, 9.45947
752, 19, 33, 18.1614, 9.4699
753, 19, 33, 18.1576, 9.48061
754, 19, 33, 18.1414, 9.491
755, 19, 33, 18.121, 9.50145
756, 19, 33, 18.1212, 9.51225
757, 19, 33, 18.1081, 9.52279
758, 19, 33, 18.0716, 9.54795
759, 19, 33, 18.0488, 9.55885
760, 19, 33, 18.0401, 9.57376
761, 19, 33, 18.0232, 9.58464
762, 19, 33, 17.9935, 9.59538
763, 19, 33, 17.9637, 9.60603
764, 19, 33, 17.9525, 9.61718
765, 19, 33, 17.9118, 9.62768
766, 19, 33, 17.8914, 9.65222
767, 19, 33, 17.8507, 9.66265
768, 19, 33, 17.8026, 9.67342
769, 19, 33, 17.7619, 9.68402
770, 19, 33, 17.7352, 9.69434
771, 19, 33, 17.6945, 9.70481
772, 19, 33, 17.6539, 9.71542
773, 19, 33, 17.5568, 9.7263
774, 19, 33, 17.5127, 9.73713
775, 19, 33, 17.4913, 9.74783
776, 19, 33, 17.4548, 9.7602
777, 19, 32, 17.6178, 9.77263
778, 19, 32, 17.7402, 9.7858
779, 19, 32, 17.6564, 9.79623
780, 19, 32, 17.6296, 9.80663
781, 19, 32, 17.4767, 9.81731
782, 19, 32, 17.4676, 9.82776
783, 19, 32, 17.3829, 9.83833
784, 19, 32, 17.3299, 9.84885
785, 19, 32, 17.3001, 9.85951
786, 19, 32, 17.2704, 9.87018
787, 19, 32, 17.255, 9.88106
788, 19, 32, 17.2252, 9.89199
789, 19, 32, 17.1955, 9.90276
790, 19, 32, 17.1878, 9.91347
791, 19, 32, 17.1604, 9.92438
792, 19, 32, 17.1074, 9.94023
793, 19, 32, 17.0776, 9.95228
794, 19, 32, 17.015, 9.97605
795, 19, 32, 16.9743, 9.98711
796, 19, 32, 16.9213, 9.99766
797, 19, 32, 16.9, 10.0081
798, 19, 32, 16.8594, 10.0185
799, 19, 32, 16.8235, 10.0291
800, 19, 32, 16.9576, 10.0395
801, 19, 32, 16.8378, 10.0526
802, 19, 32, 16.8081, 10.0652
803, 19, 32, 16.7807, 10.0756
804, 19, 32, 16.7277, 10.086
805, 19, 32, 16.7009, 10.0964
806, 19, 32, 16.6568, 10.1142
807, 19, 32, 16.6202, 10.125
808, 19, 32, 16.612, 10.1411
809, 19, 32, 16.5822, 10.1521
810, 19, 32, 16.5661, 10.1627
811, 19, 32, 16.5363, 10.1731
812, 19, 32, 16.5004, 10.184
813, 19, 32, 16.4707, 10.1947
814, 19, 32, 16.4503, 10.2207
815, 19, 32, 16.3834, 10.2368
816, 19, 32, 16.3532, 10.2474
817, 19, 32, 16.3235, 10.258
818, 19, 32, 16.2937, 10.2816
819, 19, 32, 16.3312, 10.2922
820, 19, 32, 16.3085, 10.3025
821, 19, 32, 16.2858, 10.313
822, 19, 32, 16.2584, 10.3239
823, 19, 32, 16.2379, 10.3348
824, 19, 32, 16.1541, 10.3473
825, 19, 32, 16.1176, 10.3649
826, 19, 32, 16.0948, 10.3752
827, 19, 32, 16.0721, 10.3877
828, 19, 32, 16.0609, 10.3982
829, 19, 32, 16.0381, 10.4084
830, 19, 32, 16.0154, 10.4188
831, 19, 32, 16.0088, 10.429
832, 19, 32, 15.9609, 10.4481
833, 19, 32, 15.8771, 10.4589
834, 19, 32, 15.8592, 10.4696
835, 19, 32, 15.8413, 10.4802
836, 19, 32, 15.833, 10.4909
837, 19, 32, 15.8272, 10.5016
838, 19, 32, 15.8104, 10.5122
839, 19, 32, 15.7738, 10.5229
840, 19, 32, 15.7363, 10.5337
841, 19, 32, 15.7096, 10.5443
842, 19, 32, 15.6655, 10.5551
843, 19, 32, 15.6214, 10.5661
844, 19, 32, 15.6015, 10.5775
845, 19, 32, 15.5534, 10.5978
846, 19, 32, 15.5236, 10.6086
847, 19, 32, 15.4939, 10.619
848, 19, 32, 15.4734, 10.6297
849, 19, 32, 15.4437, 10.6401
850, 19, 32, 15.4232, 10.6503
851, 19, 32, 15.393, 10.6611
852, 19, 32, 15.3633, 10.6722
853, 19, 32, 15.3192, 10.698
854, 19, 32, 15.3131, 10.7102
855, 19, 32, 15.308, 10.7333
856, 19, 32, 15.2454, 10.7441
857, 19, 32, 15.2409, 10.7548
858, 19, 32, 15.2182, 10.7655
859, 19, 32, 15.1883, 10.7883
860, 19, 32, 15.1517, 10.7986
861, 19, 32, 15.1383, 10.8092
862, 19, 32, 15.1155, 10.8195
863, 19, 32, 15.0942, 10.8299
864, 19, 32, 15.0728, 10.8407
865, 19, 32, 15.0524, 10.8511
866, 19, 32, 15.0222, 10.8615
867, 19, 32, 14.9994, 10.8718
868, 19, 32, 14.9864, 10.8821
869, 19, 32, 14.9637, 10.8927
870, 19, 32, 14.9363, 10.9032
871, 19, 32, 14.9201, 10.9134
872, 19, 32, 14.872, 10.924
873, 19, 32, 14.8507, 10.9348
874, 19, 32, 14.8141, 10.9453
875, 19, 32, 14.7914, 10.9561
876, 19, 32, 14.7752, 10.9667
877, 19, 32, 14.8857, 10.9773
878, 19, 32, 14.8327, 10.988
879, 19, 32, 14.806, 10.9984
880, 19, 32, 14.8016, 11.009
881, 19, 32, 14.7836, 11.0195
882, 19, 32, 14.7657, 11.03
883, 19, 32, 14.7617, 11.0406
884, 19, 32, 14.7375, 11.0515
885, 19, 32, 14.7148, 11.0618
886, 19, 32, 14.6986, 11.0725
887, 19, 32, 14.6759, 11.0833
888, 19, 32, 14.6532, 11.094
889, 19, 32, 14.6371, 11.1047
890, 19, 32, 14.6191, 11.1154
891, 19, 32, 14.6061, 11.1263
892, 19, 32, 14.6581, 11.1371
893, 19, 32, 14.6402, 11.1477
894, 19, 32, 14.6223, 11.1649
895, 19, 32, 14.5864, 11.1756
896, 19, 32, 14.5505, 11.1864
897, 19, 32, 14.5231, 11.1986
898, 19, 32, 14.5004, 11.2093
899, 19, 32, 14.5703, 11.2201
900, 19, 32, 14.5524, 11.2309
901, 19, 32, 14.5042, 11.2417
902, 19, 32, 14.4878, 11.2527
903, 19, 32, 14.4519, 11.2637
904, 19, 32, 14.4428, 11.2744
905, 19, 32, 14.4267, 11.285
906, 19, 32, 14.3908, 11.2958
907, 19, 32, 14.2803, 11.3063
908, 19, 32, 14.3503, 11.3178
909, 19, 32, 14.3323, 11.3283
910, 19, 32, 14.3144, 11.3387
911, 19, 32, 14.3061, 11.3494
912, 19, 32, 14.2601, 11.3601
913, 19, 32, 14.2541, 11.3708
914, 19, 32, 14.2546, 11.3817
915, 19, 32, 14.2438, 11.3923
916, 19, 32, 14.2211, 11.4163
917, 19, 32, 14.2006, 11.4269
918, 19, 32, 14.1845, 11.4375
919, 19, 32, 14.1479, 11.4481
920, 19, 32, 14.0998, 11.4605
921, 19, 32, 14.0996, 11.4715
922, 20, 32, 14.0959, 11.4856
923, 20, 32, 14.0882, 11.4961
924, 20, 32, 14.0655, 11.5069
925, 20, 32, 14.0525, 11.5176
926, 20, 32, 14.0298, 11.5283
927, 20, 32, 14.007, 11.5395
928, 20, 32, 13.9796, 11.5505
929, 20, 32, 13.9592, 11.5609
930, 20, 31, 14.1073, 11.5732
931, 21, 31, 14.104, 11.587
932, 21, 31, 14.1009, 11.6064
933, 21, 31, 14.083, 11.6194
934, 21, 31, 14.0722, 11.6426
935, 21, 31, 14.0543, 11.6534
936, 21, 31, 14.0363, 11.6783
937, 21, 31, 14.0233, 11.6932
938, 21, 31, 14.0072, 11.7043
939, 21, 31, 13.9858, 11.717
940, 21, 31, 13.9185, 11.7279
941, 21, 31, 13.8826, 11.7528
942, 21, 31, 13.8828, 11.7638
943, 22, 31, 13.8798, 11.7782
944, 22, 31, 13.866, 11.7918
945, 22, 31, 13.8386, 11.8044
946, 22, 31, 13.8173, 11.8211
947, 22, 31, 13.8011, 11.8319
948, 22, 31, 13.7981, 11.8428
949, 22, 31, 13.785, 11.8687
950, 22, 31, 13.7646, 11.8803
951, 22, 31, 13.7641, 11.8946
952, 22, 31, 13.7521, 11.9055
953, 22, 31, 13.7401, 11.9159
954, 22, 31, 13.7282, 11.9278
955, 22, 31, 13.7174, 11.9386
956, 22, 31, 13.6799, 11.9492
957, 22, 31, 13.6654, 11.9596
958, 22, 31, 13.6509, 11.9705
959, 22, 31, 13.6378, 11.9813
960, 22, 31, 13.6233, 11.9917
961, 22, 31, 13.6088, 12.0022
962, 22, 31, 13.6064, 12.0263
963, 22, 31, 13.6072, 12.0375
964, 22, 31, 13.5804, 12.0482
965, 22, 31, 13.5322, 12.0588
966, 22, 31, 13.5023, 12.071
967, 22, 31, 13.5029, 12.0819
968, 22, 31, 13.5007, 12.0927
969, 22, 31, 13.4862, 12.1035
970, 22, 31, 13.4772, 12.1144
971, 22, 31, 13.4627, 12.1249
972, 22, 31, 13.4482, 12.1357
973, 22, 31, 13.4374, 12.1461
974, 22, 31, 13.4106, 12.1569
975, 22, 31, 13.4035, 12.1678
976, 22, 31, 13.3808, 12.1789
977, 22, 31, 13.3674, 12.1904
978, 22, 31, 13.3406, 12.2025
979, 22, 31, 13.2965, 12.2138
980, 22, 31, 13.2786, 12.2257
981, 22, 31, 13.2695, 12.2369
982, 22, 31, 13.2516, 12.2473
983, 22, 31, 13.2312, 12.2577
984, 22, 31, 13.2254, 12.2684
985, 22, 31, 13.1056, 12.279
986, 22, 31, 13.0876, 12.2894
987, 22, 31, 13.0697, 12.2998
988, 22, 31, 13.0536, 12.3109
989, 22, 31, 13.015, 12.3218
990, 22, 31, 13.0042, 12.3322
991, 22, 31, 12.9897, 12.3427
992, 22, 31, 12.9752, 12.3665
993, 22, 31, 12.9622, 12.3769
994, 22, 31, 12.9249, 12.391
995, 22, 31, 12.9104, 12.402
996, 22, 31, 12.8959, 12.4133
997, 22, 31, 12.8915, 12.4283
998, 22, 30, 13.0333, 12.4414
999, 22, 30, 13.0337, 12.4519
