Seed is: 13
Number of samples is: 1000
Simulation name is: Simulation_1TV.sim
TimeStep, Distraction Rate, Missed States, Model Accuracy, Time (ms)
0, 0, 165, 0, 4e-05
1, 0, 164, 0.763197, 0.010399
2, 0, 163, 1.7632, 0.019988
3, 0, 163, 1.34816, 0.029416
4, 0, 163, 1.17823, 0.038182
5, 0, 162, 1.94143, 0.066516
6, 0, 162, 1.5679, 0.074862
7, 0, 162, 1.19436, 0.083459
8, 0, 162, 1.04143, 0.091744
9, 0, 162, 0.888499, 0.106472
10, 0, 161, 1.6517, 0.114508
11, 0, 160, 2.41489, 0.122793
12, 0, 160, 2.04136, 0.137191
13, 0, 160, 1.66783, 0.145407
14, 0, 160, 1.51489, 0.154614
15, 0, 160, 1.36196, 0.16287
16, 0, 159, 2.36196, 0.171256
17, 0, 159, 1.94692, 0.179522
18, 0, 159, 1.777, 0.187477
19, 0, 158, 2.5402, 0.195712
20, 0, 157, 3.30339, 0.220169
21, 0, 156, 4.30339, 0.228395
22, 0, 156, 3.88836, 0.236881
23, 0, 156, 3.71843, 0.245447
24, 0, 155, 4.48163, 0.253462
25, 0, 155, 4.10809, 0.261748
26, 0, 155, 3.73456, 0.270084
27, 0, 155, 3.58163, 0.27868
28, 0, 155, 3.4287, 0.286936
29, 0, 154, 4.19189, 0.295001
30, 0, 153, 5.19189, 0.303397
31, 0, 153, 4.77686, 0.311613
32, 0, 153, 4.60693, 0.32046
33, 0, 152, 5.60693, 0.329217
34, 0, 152, 5.19189, 0.337422
35, 0, 152, 5.02197, 0.345608
36, 0, 151, 6.02197, 0.353823
37, 0, 151, 5.60693, 0.36229
38, 0, 151, 5.43701, 0.370836
39, 0, 150, 6.2002, 0.381496
40, 0, 149, 7.2002, 0.389802
41, 0, 149, 6.78516, 0.398068
42, 0, 149, 6.61524, 0.406313
43, 0, 148, 7.37844, 0.41475
44, 0, 147, 8.14163, 0.423276
45, 0, 147, 7.7681, 0.431642
46, 0, 147, 7.39457, 0.440198
47, 0, 147, 7.24163, 0.449315
48, 0, 147, 7.0887, 0.457651
49, 0, 146, 8.0887, 0.466007
50, 0, 146, 7.67366, 0.474834
51, 0, 146, 7.50374, 0.48318
52, 0, 145, 8.26694, 0.491866
53, 0, 144, 9.26694, 0.500513
54, 0, 144, 8.8519, 0.50939
55, 0, 144, 8.68197, 0.518247
56, 0, 143, 9.68197, 0.528526
57, 0, 143, 9.26694, 0.536852
58, 0, 143, 9.09701, 0.545198
59, 0, 142, 9.86021, 0.553594
60, 0, 142, 9.48668, 0.56192
61, 0, 142, 9.11314, 0.571097
62, 0, 142, 8.96021, 0.579483
63, 0, 142, 8.80728, 0.58804
64, 0, 142, 8.72348, 0.596456
65, 0, 141, 9.48668, 0.605533
66, 0, 140, 9.25448, 0.61464
67, 0, 139, 10.6026, 0.623477
68, 0, 139, 10.2291, 0.632925
69, 0, 139, 9.74415, 0.641932
70, 0, 139, 9.59121, 0.650809
71, 0, 139, 9.38668, 0.660077
72, 0, 138, 10.1499, 0.671108
73, 0, 137, 10.9131, 0.680115
74, 0, 137, 10.5395, 0.703279
75, 0, 137, 10.4557, 0.712066
76, 0, 136, 11.2189, 0.720842
77, 0, 135, 11.9821, 0.735991
78, 0, 134, 12.7453, 0.744578
79, 0, 133, 13.7453, 0.753595
80, 0, 133, 13.3303, 0.762562
81, 0, 133, 13.1604, 0.776569
82, 0, 132, 13.9236, 0.786708
83, 0, 132, 13.55, 0.795465
84, 0, 132, 13.1765, 0.804281
85, 0, 132, 13.0236, 0.813168
86, 0, 132, 12.8706, 0.822055
87, 0, 131, 13.6338, 0.830732
88, 0, 131, 13.2603, 0.839639
89, 0, 131, 12.8868, 0.849167
90, 0, 131, 12.7338, 0.858034
91, 0, 131, 12.5809, 0.867131
92, 0, 130, 13.3441, 0.876339
93, 0, 129, 14.1073, 0.885256
94, 0, 129, 13.7338, 0.894343
95, 0, 129, 13.3602, 0.909291
96, 0, 129, 13.2073, 0.91886
97, 0, 129, 13.0544, 0.92961
98, 0, 128, 12.8222, 0.938577
99, 0, 128, 12.7807, 0.947664
100, 0, 127, 14.4854, 0.956872
101, 0, 127, 14.1118, 0.966821
102, 0, 127, 13.5338, 0.981599
103, 0, 127, 13.3808, 1.00444
104, 1, 126, 14.3808, 1.01327
105, 2, 126, 13.9658, 1.02228
106, 3, 126, 13.7959, 1.03168
107, 4, 126, 13.7028, 1.04117
108, 5, 126, 13.6439, 1.05233
109, 6, 126, 13.6032, 1.06221
110, 7, 126, 13.5735, 1.07327
111, 8, 126, 13.5507, 1.08346
112, 9, 126, 13.5328, 1.09353
113, 10, 126, 13.5183, 1.10379
114, 11, 126, 13.5064, 1.11417
115, 11, 126, 13.4226, 1.12437
116, 11, 125, 14.1858, 1.13347
117, 11, 124, 15.1858, 1.14216
118, 11, 124, 14.7707, 1.15122
119, 11, 124, 14.6008, 1.16021
120, 11, 123, 15.364, 1.16929
121, 11, 123, 15.2709, 1.17849
122, 11, 123, 15.1778, 1.18733
123, 11, 123, 15.094, 1.19611
124, 11, 123, 15.0102, 1.20538
125, 11, 122, 15.7734, 1.21456
126, 11, 121, 16.5366, 1.22349
127, 11, 121, 16.163, 1.23271
128, 11, 121, 15.7895, 1.24186
129, 11, 121, 15.6366, 1.26408
130, 11, 121, 15.4836, 1.27397
131, 11, 120, 16.2468, 1.28311
132, 11, 119, 17.01, 1.29229
133, 11, 119, 16.9262, 1.30142
134, 11, 119, 16.8331, 1.31019
135, 11, 119, 16.74, 1.31909
136, 11, 119, 16.687, 1.32801
137, 11, 119, 16.3135, 1.33684
138, 11, 119, 15.9399, 1.34571
139, 11, 119, 15.8468, 1.35538
140, 11, 119, 15.7537, 1.36437
141, 11, 119, 15.6606, 1.37345
142, 11, 119, 15.5077, 1.38255
143, 11, 119, 15.4711, 1.39163
144, 11, 118, 15.7124, 1.40092
145, 11, 118, 15.5079, 1.41031
146, 11, 117, 16.5079, 1.41918
147, 11, 117, 16.0929, 1.42808
148, 11, 117, 15.9229, 1.43706
149, 11, 116, 16.9229, 1.44625
150, 11, 116, 16.5079, 1.45656
151, 11, 116, 16.338, 1.47151
152, 11, 115, 17.1012, 1.48055
153, 11, 114, 17.8644, 1.48986
154, 11, 114, 17.4908, 1.49898
155, 11, 114, 17.4378, 1.50802
156, 11, 114, 17.6424, 1.5182
157, 12, 114, 17.6323, 1.5313
158, 12, 114, 17.5793, 1.54782
159, 12, 114, 17.2058, 1.55719
160, 12, 114, 16.8322, 1.56647
161, 12, 114, 16.7957, 1.5755
162, 12, 114, 16.7591, 1.58473
163, 12, 114, 16.6062, 1.59383
164, 12, 113, 17.3694, 1.61329
165, 12, 112, 18.1326, 1.62248
166, 12, 111, 19.1326, 1.63175
167, 12, 111, 18.7175, 1.64183
168, 12, 111, 18.5476, 1.65121
169, 12, 110, 19.3108, 1.66062
170, 12, 109, 19.6636, 1.67036
171, 12, 109, 19.1786, 1.67978
172, 12, 108, 19.5314, 1.6892
173, 12, 108, 19.0464, 1.69891
174, 12, 108, 18.8419, 1.70829
175, 12, 108, 18.6373, 1.71759
176, 12, 107, 19.6373, 1.72672
177, 12, 107, 19.2223, 1.73682
178, 12, 107, 19.0524, 1.74619
179, 12, 106, 20.0524, 1.75568
180, 12, 106, 19.6373, 1.77692
181, 12, 106, 19.4674, 1.78638
182, 12, 105, 20.2306, 1.79594
183, 12, 105, 19.8571, 1.80544
184, 12, 105, 19.4835, 1.81657
185, 12, 104, 19.7249, 1.83832
186, 12, 104, 19.5203, 1.84797
187, 12, 103, 19.7617, 1.85783
188, 12, 103, 19.5571, 1.86774
189, 12, 102, 20.5571, 1.88321
190, 12, 102, 20.1421, 1.89272
191, 12, 102, 19.9722, 1.9022
192, 12, 102, 19.8617, 1.91192
193, 12, 102, 19.7512, 1.92121
194, 12, 101, 20.5144, 1.93036
195, 12, 100, 21.2776, 1.9397
196, 12, 99, 22.2776, 1.9493
197, 12, 99, 21.8625, 1.9589
198, 12, 99, 21.6926, 1.96858
199, 12, 98, 22.4558, 1.9783
200, 12, 98, 22.0823, 1.98912
201, 12, 98, 21.7087, 1.99833
202, 12, 98, 21.5558, 2.0075
203, 12, 98, 21.4029, 2.01728
204, 12, 97, 22.1661, 2.02796
205, 12, 97, 21.7925, 2.0378
206, 12, 97, 21.419, 2.04725
207, 12, 97, 21.2661, 2.06368
208, 12, 97, 21.1131, 2.07293
209, 12, 96, 21.8763, 2.08214
210, 12, 95, 22.8763, 2.09153
211, 12, 95, 22.4613, 2.10092
212, 12, 95, 22.2914, 2.11127
213, 12, 94, 22.0592, 2.1209
214, 12, 93, 23.4073, 2.13084
215, 12, 93, 23.3142, 2.14051
216, 12, 93, 23.2211, 2.15007
217, 12, 93, 23.1538, 2.161
218, 12, 93, 23.0607, 2.17041
219, 12, 93, 22.9676, 2.17961
220, 12, 93, 22.8571, 2.1892
221, 12, 93, 22.7982, 2.19847
222, 12, 93, 22.7393, 2.20763
223, 12, 93, 22.6952, 2.21703
224, 12, 93, 22.6278, 2.2318
225, 12, 93, 22.2543, 2.24171
226, 12, 93, 21.7693, 2.25139
227, 12, 93, 21.6164, 2.26231
228, 12, 92, 21.7576, 2.27176
229, 12, 92, 21.7274, 2.28139
230, 12, 92, 21.7006, 2.29062
231, 12, 91, 22.7006, 2.29991
232, 12, 91, 22.2856, 2.30928
233, 12, 91, 22.1156, 2.31989
234, 12, 91, 22.0318, 2.32957
235, 12, 90, 22.795, 2.3392
236, 12, 89, 22.5628, 2.34914
237, 12, 88, 23.911, 2.3591
238, 12, 88, 23.8272, 2.37163
239, 12, 88, 23.7434, 2.38105
240, 12, 88, 23.6503, 2.3909
241, 12, 88, 23.5572, 2.40196
242, 12, 88, 23.4734, 2.41131
243, 12, 88, 23.0999, 2.42091
244, 12, 88, 22.7263, 2.43041
245, 12, 88, 22.6425, 2.4398
246, 12, 88, 22.6158, 2.44924
247, 12, 88, 22.2422, 2.45885
248, 12, 87, 23.2422, 2.46876
249, 12, 87, 22.8272, 2.47868
250, 12, 87, 22.6573, 2.48853
251, 12, 86, 22.4251, 2.51129
252, 12, 86, 22.3836, 2.52105
253, 12, 85, 24.0883, 2.53158
254, 12, 85, 24.0045, 2.54168
255, 12, 84, 25.0045, 2.55178
256, 12, 84, 24.5894, 2.56158
257, 12, 84, 24.4195, 2.57241
258, 12, 83, 25.1827, 2.58232
259, 12, 82, 25.9459, 2.59239
260, 12, 82, 25.5724, 2.60245
261, 12, 81, 25.8137, 2.62004
262, 12, 81, 25.6092, 2.63037
263, 12, 80, 26.6092, 2.64042
264, 12, 80, 26.1941, 2.65041
265, 12, 80, 26.0242, 2.66412
266, 12, 80, 26.2876, 2.68738
267, 12, 80, 26.1945, 2.69775
268, 12, 80, 26.1014, 2.70771
269, 12, 80, 25.4644, 2.71774
270, 12, 80, 25.3539, 2.72775
271, 12, 80, 25.2608, 2.73772
272, 12, 80, 25.1677, 2.74794
273, 12, 80, 25.0148, 2.75785
274, 12, 80, 24.9618, 2.7691
275, 12, 80, 24.9413, 2.77908
276, 12, 80, 24.8575, 2.78872
277, 12, 79, 25.0206, 2.79865
278, 12, 79, 24.9532, 2.80859
279, 12, 79, 24.8943, 2.81836
280, 12, 79, 24.8355, 2.82805
281, 12, 79, 24.7824, 2.83799
282, 12, 79, 24.7236, 2.84816
283, 12, 79, 24.6647, 2.85819
284, 12, 79, 24.6485, 2.86819
285, 12, 79, 24.538, 2.87852
286, 12, 79, 24.4791, 2.88869
287, 12, 79, 24.4202, 2.899
288, 12, 79, 24.1162, 2.9091
289, 12, 79, 24.0632, 2.91923
290, 12, 79, 23.6896, 2.93103
291, 12, 79, 23.3161, 2.95293
292, 12, 79, 23.2572, 2.96307
293, 12, 79, 23.1983, 2.97323
294, 12, 79, 23.0454, 2.98317
295, 12, 79, 23.0088, 2.99313
296, 12, 79, 22.8559, 3.00315
297, 12, 78, 23.8559, 3.01333
298, 12, 78, 23.4408, 3.0234
299, 12, 78, 23.2709, 3.03508
300, 12, 77, 24.0341, 3.05738
301, 12, 76, 24.7973, 3.06761
302, 12, 75, 24.5651, 3.07862
303, 12, 74, 25.9133, 3.08991
304, 12, 73, 26.6765, 3.09994
305, 12, 73, 26.1915, 3.11117
306, 12, 73, 25.818, 3.1214
307, 12, 73, 25.6134, 3.13179
308, 12, 73, 25.4605, 3.14189
309, 12, 72, 25.2283, 3.15223
310, 12, 71, 26.5765, 3.16259
311, 12, 71, 26.2029, 3.17275
312, 12, 71, 25.718, 3.18308
313, 12, 71, 25.565, 3.19543
314, 12, 71, 25.3605, 3.2114
315, 12, 70, 26.3605, 3.22154
316, 12, 70, 25.9455, 3.23152
317, 12, 70, 25.7755, 3.24154
318, 12, 69, 26.7755, 3.25171
319, 12, 69, 26.3605, 3.26151
320, 12, 69, 26.1906, 3.27199
321, 12, 68, 26.9538, 3.28215
322, 12, 68, 26.5802, 3.29222
323, 12, 68, 26.2067, 3.30236
324, 12, 67, 26.448, 3.31271
325, 12, 67, 26.67, 3.32318
326, 12, 67, 26.4065, 3.33345
327, 12, 67, 26.2536, 3.34355
328, 12, 66, 27.0168, 3.35378
329, 12, 65, 27.78, 3.36403
330, 12, 64, 27.5478, 3.37591
331, 12, 63, 28.896, 3.38637
332, 12, 63, 28.743, 3.39664
333, 12, 63, 28.7217, 3.40666
334, 12, 62, 28.8847, 3.41676
335, 12, 62, 28.8173, 3.42698
336, 12, 62, 28.4438, 3.43695
337, 12, 62, 28.2629, 3.44726
338, 12, 61, 28.4041, 3.45756
339, 12, 61, 28.3739, 3.47476
340, 12, 60, 28.7267, 3.48576
341, 12, 60, 28.2417, 3.50201
342, 12, 59, 29.2417, 3.51204
343, 12, 59, 28.8267, 3.52231
344, 12, 59, 28.6567, 3.53223
345, 12, 58, 29.4199, 3.54257
346, 12, 58, 29.3268, 3.55258
347, 12, 58, 29.1223, 3.56305
348, 12, 58, 28.7487, 3.57335
349, 12, 58, 28.6382, 3.58341
350, 12, 57, 28.4061, 3.59376
351, 12, 56, 29.7542, 3.60453
352, 12, 55, 30.7542, 3.61539
353, 12, 55, 30.3392, 3.62532
354, 12, 55, 30.1693, 3.63552
355, 12, 54, 30.9324, 3.64579
356, 12, 54, 30.4475, 3.65593
357, 12, 54, 30.074, 3.66588
358, 12, 54, 29.8694, 3.67621
359, 12, 54, 29.7165, 3.68611
360, 12, 54, 29.6234, 3.69593
361, 12, 54, 29.1384, 3.70596
362, 12, 54, 29.0186, 3.71619
363, 12, 54, 28.9972, 3.72626
364, 12, 54, 28.9134, 3.73619
365, 12, 54, 28.5399, 3.7462
366, 12, 54, 28.4869, 3.75712
367, 12, 54, 28.3357, 3.77222
368, 12, 54, 28.2426, 3.78211
369, 12, 54, 28.1495, 3.79224
370, 12, 54, 28.0657, 3.80251
371, 12, 53, 29.0657, 3.81436
372, 12, 53, 28.6507, 3.83279
373, 12, 53, 28.4808, 3.8431
374, 12, 52, 28.2486, 3.85335
375, 12, 51, 29.5967, 3.86385
376, 12, 51, 29.5129, 3.87421
377, 12, 51, 29.4456, 3.88591
378, 12, 51, 29.3618, 3.89583
379, 12, 51, 29.3252, 3.90571
380, 12, 51, 29.3122, 3.91571
381, 12, 51, 29.2967, 3.92585
382, 12, 51, 29.1862, 3.93599
383, 12, 51, 29.1332, 3.94585
384, 12, 51, 29.0891, 3.95595
385, 12, 51, 29.0737, 3.96671
386, 12, 51, 29.0296, 3.97706
387, 12, 50, 30.0296, 3.98722
388, 12, 50, 29.6146, 4.01562
389, 12, 50, 29.4447, 4.02572
390, 12, 50, 29.3609, 4.03573
391, 12, 49, 30.3609, 4.04577
392, 12, 49, 29.9458, 4.05565
393, 12, 49, 29.7759, 4.06625
394, 12, 49, 29.6828, 4.07752
395, 12, 49, 29.5897, 4.08777
396, 12, 49, 29.5059, 4.09814
397, 12, 49, 29.4128, 4.10847
398, 12, 49, 29.329, 4.12024
399, 12, 49, 29.2988, 4.1331
400, 12, 49, 29.2457, 4.14309
401, 12, 49, 29.162, 4.15307
402, 12, 49, 29.0515, 4.16327
403, 12, 49, 28.9926, 4.17322
404, 12, 49, 28.9337, 4.18348
405, 12, 49, 28.8807, 4.19368
406, 12, 49, 28.8218, 4.2038
407, 12, 49, 28.7688, 4.21399
408, 12, 49, 28.7483, 4.22388
409, 12, 49, 28.6552, 4.23373
410, 12, 49, 28.5714, 4.24378
411, 13, 49, 28.5628, 4.25575
412, 13, 49, 28.2588, 4.26616
413, 13, 49, 28.2475, 4.27622
414, 13, 49, 28.2314, 4.2862
415, 13, 49, 28.1476, 4.29625
416, 13, 49, 28.0638, 4.30628
417, 13, 49, 28.0231, 4.31712
418, 13, 49, 27.9825, 4.32781
419, 13, 49, 27.9742, 4.33823
420, 14, 49, 27.9668, 4.35105
421, 14, 49, 27.7859, 4.36117
422, 14, 49, 27.7494, 4.3715
423, 14, 49, 27.7087, 4.38218
424, 14, 49, 27.6681, 4.39335
425, 14, 49, 27.6573, 4.40405
426, 14, 49, 27.646, 4.41447
427, 14, 49, 27.5787, 4.4256
428, 14, 49, 27.4258, 4.45377
429, 14, 49, 27.3892, 4.46384
430, 14, 49, 27.2961, 4.47393
431, 14, 49, 27.1431, 4.48395
432, 14, 49, 27.0842, 4.49404
433, 14, 49, 27.0575, 4.50407
434, 14, 49, 27.1916, 4.51428
435, 14, 49, 27.1327, 4.52436
436, 14, 48, 27.3741, 4.53454
437, 14, 48, 27.1695, 4.54471
438, 14, 48, 27.1165, 4.55584
439, 14, 48, 27.0576, 4.56622
440, 14, 48, 26.9987, 4.57655
441, 14, 48, 26.9398, 4.59868
442, 14, 48, 26.8992, 4.60922
443, 14, 48, 26.8586, 4.6208
444, 14, 48, 26.8179, 4.63187
445, 14, 48, 26.7911, 4.6433
446, 14, 48, 26.7821, 4.65432
447, 14, 48, 26.7738, 4.66496
448, 14, 48, 26.7297, 4.67561
449, 14, 48, 26.6708, 4.68591
450, 14, 48, 26.4663, 4.69663
451, 14, 48, 26.3816, 4.70709
452, 14, 48, 26.3142, 4.7176
453, 14, 48, 26.2736, 4.7295
454, 14, 48, 26.2329, 4.75344
455, 14, 48, 26.1492, 4.76402
456, 14, 48, 26.1431, 4.77449
457, 14, 48, 26.1217, 4.78491
458, 14, 48, 26.0851, 4.79536
459, 14, 48, 26.0721, 4.80574
460, 14, 48, 26.0191, 4.81617
461, 14, 48, 25.6455, 4.82658
462, 14, 48, 25.9606, 4.83706
463, 14, 47, 26.7238, 4.84744
464, 14, 46, 27.7238, 4.85818
465, 14, 46, 27.3087, 4.87003
466, 14, 46, 27.1388, 4.88049
467, 14, 46, 26.9859, 4.89084
468, 14, 46, 26.6124, 4.90126
469, 14, 46, 26.5286, 4.9116
470, 14, 46, 25.9505, 4.92199
471, 14, 46, 25.7975, 4.93211
472, 14, 46, 25.7044, 4.94227
473, 14, 46, 25.5515, 4.96106
474, 14, 46, 25.4584, 4.97193
475, 14, 46, 25.3653, 4.98233
476, 14, 46, 25.2815, 4.99281
477, 14, 45, 25.4302, 5.00493
478, 14, 45, 25.3861, 5.02919
479, 14, 45, 25.3331, 5.03969
480, 14, 45, 25.2742, 5.05029
481, 14, 45, 25.244, 5.06085
482, 14, 45, 25.191, 5.07122
483, 14, 45, 24.9275, 5.095
484, 14, 45, 24.8344, 5.10596
485, 14, 45, 24.7239, 5.11662
486, 14, 45, 24.6798, 5.12714
487, 14, 45, 24.6125, 5.13758
488, 14, 45, 24.5536, 5.14792
489, 14, 45, 24.4947, 5.17151
490, 14, 45, 24.4645, 5.18206
491, 14, 45, 24.4115, 5.19242
492, 14, 45, 24.3184, 5.20268
493, 14, 45, 24.2346, 5.21406
494, 14, 44, 24.9978, 5.2241
495, 14, 44, 24.8448, 5.23422
496, 14, 44, 24.4713, 5.24468
497, 14, 44, 24.3875, 5.25501
498, 14, 43, 25.1507, 5.26708
499, 14, 43, 25.1293, 5.2898
500, 14, 43, 25.0455, 5.30046
501, 14, 43, 24.9866, 5.3109
502, 14, 43, 24.9028, 5.32153
503, 14, 43, 24.8439, 5.3319
504, 14, 43, 24.785, 5.3422
505, 14, 43, 24.7485, 5.35255
506, 14, 43, 24.5973, 5.36301
507, 14, 43, 24.5384, 5.37334
508, 14, 43, 24.5019, 5.38509
509, 14, 43, 24.4181, 5.39694
510, 14, 43, 24.3913, 5.40736
511, 14, 42, 24.5543, 5.41894
512, 14, 42, 24.487, 5.43018
513, 14, 42, 24.1134, 5.4424
514, 14, 42, 24.0461, 5.4528
515, 14, 42, 24.0159, 5.46427
516, 14, 42, 23.9752, 5.47497
517, 14, 42, 23.9346, 5.48552
518, 14, 42, 23.9192, 5.49602
519, 14, 41, 24.0569, 5.50657
520, 14, 41, 24.0128, 5.51736
521, 14, 41, 24.1054, 5.52856
522, 14, 41, 24.0942, 5.5395
523, 14, 41, 24.0728, 5.55083
524, 14, 41, 24.0287, 5.56123
525, 14, 41, 23.8758, 5.5731
526, 14, 41, 23.792, 5.58402
527, 14, 41, 23.739, 5.60026
528, 14, 41, 23.6552, 5.61041
529, 14, 40, 24.6552, 5.62063
530, 14, 40, 24.2401, 5.63085
531, 14, 40, 24.0702, 5.64096
532, 14, 39, 24.8334, 5.6513
533, 14, 39, 24.8037, 5.66142
534, 14, 39, 24.7739, 5.67164
535, 14, 39, 24.7442, 5.68322
536, 14, 39, 24.7237, 5.69545
537, 14, 39, 24.6935, 5.70671
538, 14, 39, 24.6891, 5.71868
539, 14, 39, 24.6783, 5.72902
540, 14, 39, 24.6253, 5.73947
541, 15, 39, 24.6189, 5.7523
542, 16, 39, 24.6133, 5.76512
543, 16, 38, 24.755, 5.77548
544, 16, 38, 24.7396, 5.78588
545, 16, 38, 24.703, 5.79697
546, 16, 38, 24.65, 5.8079
547, 16, 38, 24.8131, 5.81851
548, 16, 38, 24.7293, 5.82888
549, 16, 38, 24.7088, 5.8398
550, 16, 38, 24.625, 5.85029
551, 16, 38, 24.5844, 5.86074
552, 16, 38, 24.5541, 5.87133
553, 16, 38, 24.4868, 5.88194
554, 16, 38, 24.4462, 5.89276
555, 16, 38, 24.4055, 5.90327
556, 16, 38, 24.3689, 5.91384
557, 16, 38, 24.3283, 5.92427
558, 16, 38, 24.1754, 5.9347
559, 16, 38, 24.2714, 5.94603
560, 16, 38, 24.2416, 5.95716
561, 16, 38, 24.2119, 5.96904
562, 16, 38, 24.1589, 5.9791
563, 16, 38, 24.1557, 5.9897
564, 17, 38, 24.1507, 6.00287
565, 17, 38, 24.0309, 6.01385
566, 17, 38, 24.0012, 6.0241
567, 17, 38, 23.9714, 6.03437
568, 17, 38, 23.9447, 6.04465
569, 17, 38, 23.937, 6.05488
570, 17, 38, 23.8929, 6.06533
571, 17, 38, 23.8399, 6.07547
572, 17, 38, 23.8338, 6.08586
573, 17, 38, 23.7665, 6.09625
574, 17, 38, 23.7299, 6.10651
575, 17, 38, 23.7001, 6.11662
576, 17, 38, 23.6704, 6.12673
577, 17, 38, 23.6638, 6.13678
578, 17, 38, 23.7564, 6.14719
579, 17, 38, 23.7262, 6.1575
580, 17, 38, 23.6896, 6.16804
581, 17, 38, 23.6735, 6.17852
582, 17, 38, 23.6521, 6.18886
583, 17, 38, 23.6316, 6.19907
584, 17, 38, 23.6089, 6.20928
585, 17, 38, 23.5862, 6.21934
586, 17, 38, 23.5804, 6.22957
587, 17, 38, 23.559, 6.23999
588, 17, 38, 23.5184, 6.25014
589, 17, 38, 23.4778, 6.26041
590, 17, 38, 23.448, 6.27067
591, 17, 38, 23.4183, 6.28166
592, 17, 38, 23.3817, 6.29217
593, 17, 38, 23.3663, 6.30265
594, 17, 38, 23.3435, 6.31287
595, 17, 38, 23.3208, 6.32305
596, 17, 38, 23.294, 6.33317
597, 17, 38, 23.2896, 6.34368
598, 17, 38, 23.2735, 6.35409
599, 17, 38, 23.163, 6.36459
600, 17, 37, 23.3007, 6.37507
601, 17, 37, 23.3528, 6.38545
602, 17, 37, 23.326, 6.39573
603, 17, 37, 23.3033, 6.40596
604, 17, 37, 23.2805, 6.41622
605, 17, 37, 23.2578, 6.42644
606, 17, 36, 23.3953, 6.43696
607, 17, 36, 23.384, 6.44751
608, 17, 36, 23.379, 6.45783
609, 17, 36, 23.3759, 6.46833
610, 17, 36, 23.3545, 6.47887
611, 17, 36, 23.3138, 6.48926
612, 17, 36, 23.1627, 6.49975
613, 17, 36, 23.0881, 6.51019
614, 17, 36, 23.0613, 6.52059
615, 17, 36, 23.0459, 6.53106
616, 17, 36, 23.0437, 6.54145
617, 17, 36, 23.0325, 6.55199
618, 17, 36, 23.0057, 6.56233
619, 17, 36, 22.9691, 6.57275
620, 17, 36, 22.9161, 6.58304
621, 17, 36, 22.8864, 6.59342
622, 17, 36, 22.8733, 6.60376
623, 17, 36, 22.7535, 6.61428
624, 17, 36, 22.6697, 6.6246
625, 17, 36, 22.585, 6.63501
626, 17, 36, 22.532, 6.64529
627, 17, 36, 22.047, 6.65571
628, 17, 36, 22.0291, 6.66592
629, 17, 36, 22.0112, 6.67617
630, 17, 36, 21.9907, 6.68635
631, 17, 36, 21.9728, 6.69665
632, 17, 36, 21.9549, 6.70686
633, 17, 36, 21.937, 6.71712
634, 17, 36, 21.9287, 6.72761
635, 17, 36, 21.9174, 6.73804
636, 17, 36, 21.8947, 6.74826
637, 17, 36, 21.872, 6.75855
638, 17, 36, 21.8706, 6.76899
639, 17, 36, 21.8646, 6.7794
640, 17, 36, 21.8432, 6.7897
641, 17, 35, 21.9919, 6.80846
642, 17, 35, 21.9478, 6.81894
643, 17, 35, 21.9072, 6.82943
644, 17, 35, 21.8542, 6.83981
645, 17, 35, 21.8135, 6.85075
646, 17, 35, 21.7729, 6.86109
647, 17, 35, 21.7199, 6.87142
648, 17, 35, 21.7192, 6.88178
649, 17, 35, 21.7148, 6.89219
650, 17, 35, 21.6782, 6.90255
651, 17, 35, 21.6699, 6.91311
652, 17, 35, 21.6431, 6.92355
653, 18, 35, 21.6387, 6.93694
654, 18, 35, 21.6326, 6.94779
655, 18, 35, 21.6029, 6.95825
656, 18, 35, 21.5824, 6.9687
657, 18, 35, 21.5527, 6.97911
658, 18, 35, 21.5229, 6.98953
659, 18, 35, 21.4962, 6.9999
660, 18, 35, 21.4124, 7.01042
661, 18, 35, 21.3758, 7.02078
662, 18, 35, 21.3756, 7.0313
663, 18, 35, 21.3725, 7.04194
664, 18, 35, 21.357, 7.05236
665, 18, 35, 21.3164, 7.06268
666, 18, 35, 21.2757, 7.07305
667, 18, 35, 21.249, 7.08341
668, 18, 35, 21.2083, 7.09386
669, 18, 35, 21.1553, 7.10422
670, 18, 35, 21.1251, 7.11472
671, 18, 35, 21.0953, 7.1251
672, 18, 35, 21.0588, 7.13553
673, 18, 35, 21.0374, 7.14603
674, 18, 35, 21.0076, 7.15643
675, 18, 35, 20.9779, 7.16689
676, 18, 35, 20.9696, 7.17736
677, 18, 35, 20.9542, 7.18785
678, 18, 35, 20.924, 7.19834
679, 18, 35, 20.8402, 7.20862
680, 18, 35, 20.8188, 7.21902
681, 18, 35, 20.735, 7.2296
682, 18, 35, 20.6419, 7.24014
683, 18, 35, 20.5889, 7.25043
684, 18, 35, 20.5051, 7.26082
685, 18, 35, 20.4521, 7.27129
686, 18, 35, 20.4155, 7.28152
687, 18, 35, 20.3625, 7.29172
688, 18, 34, 20.5255, 7.30222
689, 18, 34, 20.4582, 7.31275
690, 18, 34, 20.4052, 7.32323
691, 18, 34, 20.3121, 7.33367
692, 18, 34, 19.9385, 7.3441
693, 18, 34, 19.924, 7.35456
694, 18, 34, 19.9095, 7.36492
695, 18, 34, 19.895, 7.37521
696, 18, 34, 19.889, 7.38564
697, 18, 34, 19.8845, 7.39601
698, 18, 34, 19.8177, 7.4065
699, 18, 34, 19.7949, 7.41673
700, 18, 34, 19.7722, 7.42805
701, 18, 34, 19.7143, 7.43864
702, 18, 34, 19.7122, 7.44923
703, 18, 34, 19.7014, 7.45999
704, 18, 34, 19.6388, 7.47053
705, 18, 34, 19.6022, 7.48087
706, 18, 34, 19.5091, 7.49128
707, 18, 34, 19.3986, 7.50173
708, 18, 34, 19.3148, 7.51209
709, 18, 34, 19.2559, 7.52233
710, 18, 34, 19.2193, 7.5327
711, 18, 34, 19.1355, 7.54306
712, 18, 34, 19.025, 7.55352
713, 18, 34, 18.9661, 7.56393
714, 18, 34, 18.9072, 7.5743
715, 18, 33, 19.0484, 7.58484
716, 18, 33, 19.0182, 7.59544
717, 18, 33, 18.9593, 7.60582
718, 18, 33, 18.892, 7.61639
719, 18, 33, 18.8331, 7.62678
720, 18, 33, 18.7801, 7.63715
721, 18, 33, 18.7127, 7.64771
722, 18, 33, 18.6721, 7.6581
723, 18, 33, 18.6314, 7.66855
724, 18, 33, 18.6101, 7.67903
725, 18, 33, 18.5694, 7.68936
726, 18, 33, 18.5253, 7.69987
727, 18, 32, 18.6884, 7.7104
728, 18, 32, 18.621, 7.72107
729, 18, 32, 18.5844, 7.73151
730, 18, 32, 18.5255, 7.742
731, 18, 32, 18.4667, 7.75225
732, 18, 32, 18.4399, 7.76262
733, 18, 32, 18.4131, 7.77303
734, 18, 32, 18.3725, 7.78352
735, 18, 32, 18.3284, 7.79411
736, 18, 32, 18.2877, 7.80455
737, 18, 32, 18.2512, 7.8151
738, 18, 32, 18.0982, 7.82561
739, 18, 32, 18.0938, 7.83629
740, 18, 32, 18.0759, 7.84678
741, 18, 32, 18.058, 7.85726
742, 18, 32, 18.054, 7.86789
743, 18, 32, 18.0526, 7.87854
744, 18, 32, 18.0436, 7.89003
745, 18, 32, 17.9957, 7.91193
746, 18, 32, 17.9427, 7.92265
747, 18, 32, 17.9021, 7.93309
748, 18, 32, 17.8491, 7.9435
749, 18, 32, 17.8414, 7.95398
750, 18, 32, 17.8116, 7.96444
751, 18, 32, 17.7742, 7.97509
752, 18, 32, 17.7444, 7.9855
753, 18, 32, 17.7147, 7.99594
754, 18, 32, 17.7522, 8.00654
755, 18, 32, 17.7156, 8.0169
756, 18, 32, 17.679, 8.02743
757, 18, 32, 17.6636, 8.03795
758, 18, 32, 17.6195, 8.04853
759, 18, 32, 17.5927, 8.05895
760, 18, 32, 17.563, 8.0695
761, 18, 32, 17.5264, 8.07999
762, 18, 32, 17.4823, 8.09053
763, 18, 32, 17.4816, 8.10118
764, 18, 31, 17.6297, 8.11179
765, 18, 31, 17.607, 8.12242
766, 18, 31, 17.5957, 8.13311
767, 18, 31, 17.573, 8.14364
768, 18, 31, 17.4759, 8.15436
769, 18, 31, 17.458, 8.16486
770, 18, 31, 17.4401, 8.1754
771, 18, 31, 17.4133, 8.18579
772, 18, 31, 17.4135, 8.19643
773, 18, 31, 17.3287, 8.20703
774, 18, 31, 17.3126, 8.21749
775, 18, 31, 17.3043, 8.22818
776, 18, 31, 17.2864, 8.23876
777, 18, 31, 17.2685, 8.24928
778, 18, 31, 17.269, 8.25994
779, 19, 31, 17.265, 8.27315
780, 19, 31, 17.2629, 8.28378
781, 19, 31, 17.2516, 8.29438
782, 19, 31, 17.2219, 8.30498
783, 19, 31, 17.1921, 8.31547
784, 19, 31, 17.1717, 8.32585
785, 19, 31, 17.0746, 8.33668
786, 19, 31, 17.0633, 8.34835
787, 19, 31, 17.0044, 8.35886
788, 19, 31, 16.9678, 8.36955
789, 19, 31, 16.9148, 8.38029
790, 19, 31, 16.8994, 8.39153
791, 19, 31, 16.8553, 8.40237
792, 19, 31, 16.8285, 8.41413
793, 19, 31, 16.7879, 8.42492
794, 19, 31, 16.7473, 8.44155
795, 19, 31, 16.7268, 8.4524
796, 19, 31, 16.7, 8.46556
797, 19, 30, 16.8631, 8.47662
798, 19, 30, 16.7957, 8.488
799, 19, 30, 16.7551, 8.51857
800, 19, 30, 16.7021, 8.53078
801, 19, 30, 16.6491, 8.54166
802, 19, 30, 16.4445, 8.55263
803, 19, 30, 16.4148, 8.56345
804, 19, 30, 16.385, 8.57429
805, 19, 30, 16.3696, 8.5852
806, 19, 30, 16.3636, 8.59616
807, 19, 30, 16.3229, 8.60681
808, 19, 30, 16.3384, 8.6177
809, 19, 30, 16.3086, 8.62839
810, 19, 30, 16.2918, 8.63896
811, 19, 30, 16.2805, 8.64988
812, 19, 30, 16.1276, 8.67094
813, 19, 30, 16.1232, 8.68181
814, 19, 30, 16.0866, 8.69346
815, 19, 30, 16.0198, 8.70501
816, 19, 30, 15.9896, 8.71643
817, 19, 30, 15.9228, 8.72778
818, 19, 30, 15.9001, 8.73851
819, 19, 30, 15.8774, 8.74931
820, 19, 30, 15.8661, 8.76011
821, 19, 30, 15.8434, 8.77115
822, 19, 30, 15.8206, 8.7818
823, 19, 30, 15.8175, 8.79264
824, 19, 30, 15.8041, 8.8032
825, 19, 30, 15.7773, 8.81363
826, 19, 30, 15.7407, 8.82426
827, 19, 30, 15.711, 8.83506
828, 19, 30, 15.6744, 8.84581
829, 19, 30, 15.6476, 8.85619
830, 19, 30, 15.6179, 8.86691
831, 19, 30, 15.5813, 8.8775
832, 19, 30, 15.5652, 8.88791
833, 19, 30, 15.4547, 8.89867
834, 19, 30, 15.4368, 8.9251
835, 19, 30, 15.4188, 8.93601
836, 19, 30, 15.4106, 8.94784
837, 19, 30, 15.4084, 8.96026
838, 19, 30, 15.3976, 8.97214
839, 19, 30, 15.3893, 8.9829
840, 19, 30, 15.3453, 8.99365
841, 19, 30, 15.3248, 9.00422
842, 19, 30, 15.2951, 9.01461
843, 19, 30, 15.2653, 9.02519
844, 19, 30, 15.2492, 9.03584
845, 19, 30, 15.2287, 9.04656
846, 19, 30, 15.1985, 9.05748
847, 19, 30, 15.1781, 9.06822
848, 19, 30, 15.1415, 9.07917
849, 19, 30, 15.1113, 9.09001
850, 19, 30, 15.0815, 9.10093
851, 19, 30, 15.0513, 9.11176
852, 19, 30, 15.0215, 9.12215
853, 19, 30, 15.0011, 9.13446
854, 19, 30, 14.988, 9.14526
855, 19, 30, 14.9719, 9.15576
856, 19, 30, 14.9451, 9.16641
857, 19, 30, 14.901, 9.17732
858, 19, 30, 14.8783, 9.18778
859, 19, 30, 14.8556, 9.19834
860, 19, 30, 14.8282, 9.2097
861, 19, 30, 14.7985, 9.221
862, 19, 30, 14.7771, 9.23213
863, 19, 30, 14.7544, 9.24328
864, 19, 30, 14.733, 9.25436
865, 19, 29, 14.8698, 9.2653
866, 19, 29, 14.8471, 9.28403
867, 19, 29, 14.8316, 9.29485
868, 19, 29, 14.8836, 9.30717
869, 19, 29, 14.7998, 9.31819
870, 19, 29, 14.7517, 9.32908
871, 19, 28, 14.9004, 9.33991
872, 19, 28, 14.8563, 9.35136
873, 19, 28, 14.8204, 9.36231
874, 19, 28, 14.8059, 9.3731
875, 19, 28, 14.7914, 9.38353
876, 19, 28, 14.7784, 9.39434
877, 19, 27, 14.945, 9.40507
878, 19, 27, 14.9452, 9.41663
879, 19, 27, 14.9339, 9.42933
880, 19, 27, 14.898, 9.44032
881, 19, 27, 14.8978, 9.45103
882, 19, 27, 14.8947, 9.46187
883, 19, 27, 14.872, 9.47254
884, 19, 27, 14.8421, 9.48341
885, 19, 27, 14.8208, 9.49433
886, 19, 27, 14.798, 9.50508
887, 19, 27, 14.7678, 9.51622
888, 19, 27, 14.741, 9.52707
889, 19, 27, 14.7143, 9.53809
890, 19, 27, 14.6963, 9.54914
891, 19, 27, 14.6881, 9.56027
892, 19, 27, 14.758, 9.5714
893, 19, 27, 14.7312, 9.58231
894, 19, 27, 14.701, 9.60022
895, 19, 27, 14.6528, 9.61129
896, 19, 27, 14.6068, 9.62217
897, 19, 27, 14.607, 9.63306
898, 19, 27, 14.6049, 9.64408
899, 19, 27, 14.587, 9.66066
900, 19, 27, 14.5628, 9.67167
901, 19, 27, 14.5448, 9.68242
902, 19, 27, 14.5269, 9.69326
903, 19, 27, 14.5101, 9.70415
904, 19, 27, 14.4946, 9.71514
905, 19, 26, 14.6324, 9.7261
906, 19, 26, 14.611, 9.73696
907, 19, 26, 14.5931, 9.74775
908, 19, 26, 14.815, 9.75871
909, 19, 26, 14.8037, 9.77603
910, 19, 26, 14.7883, 9.78713
911, 19, 26, 14.7722, 9.79795
912, 19, 26, 14.7454, 9.8088
913, 19, 26, 14.7227, 9.81969
914, 19, 26, 14.7166, 9.83062
915, 19, 26, 14.6864, 9.84168
916, 19, 26, 14.6703, 9.85253
917, 19, 26, 14.6475, 9.86379
918, 19, 26, 14.6248, 9.88177
919, 19, 26, 14.614, 9.89274
920, 19, 26, 14.601, 9.90353
921, 19, 26, 14.5831, 9.91427
922, 19, 26, 14.5718, 9.92513
923, 19, 26, 14.5605, 9.93619
924, 19, 26, 14.5247, 9.94707
925, 19, 26, 14.5067, 9.95772
926, 19, 26, 14.4937, 9.96844
927, 19, 26, 14.4732, 9.97929
928, 19, 26, 14.4465, 9.98999
929, 19, 26, 14.4237, 10.001
930, 19, 25, 14.5615, 10.0121
931, 19, 25, 14.5401, 10.0232
932, 19, 25, 14.5174, 10.0339
933, 19, 25, 14.4906, 10.0447
934, 19, 25, 14.4692, 10.0556
935, 19, 25, 14.4425, 10.0796
936, 19, 25, 14.4364, 10.0906
937, 19, 25, 14.4185, 10.1019
938, 19, 25, 14.4005, 10.1128
939, 19, 25, 14.3992, 10.1237
940, 19, 25, 14.3778, 10.1411
941, 19, 25, 14.3771, 10.1524
942, 19, 25, 14.3684, 10.1636
943, 19, 25, 14.3504, 10.1746
944, 19, 25, 14.3374, 10.1853
945, 19, 25, 14.3195, 10.1961
946, 19, 25, 14.3015, 10.2069
947, 19, 25, 14.2854, 10.2178
948, 19, 25, 14.265, 10.2285
949, 19, 25, 14.247, 10.255
950, 19, 25, 14.2316, 10.2676
951, 19, 25, 14.1835, 10.279
952, 19, 25, 14.1722, 10.29
953, 19, 25, 14.1543, 10.3007
954, 19, 25, 14.1338, 10.3115
955, 19, 25, 14.1111, 10.3222
956, 19, 25, 14.0884, 10.3331
957, 19, 25, 14.0753, 10.3437
958, 19, 25, 14.0592, 10.3545
959, 19, 25, 14.0438, 10.3655
960, 19, 25, 14.0211, 10.3763
961, 19, 25, 14.0365, 10.3873
962, 19, 25, 14.0098, 10.3981
963, 19, 25, 14.0054, 10.4107
964, 19, 25, 13.9826, 10.4218
965, 19, 25, 13.9665, 10.4327
966, 19, 25, 13.9438, 10.4437
967, 19, 25, 13.9211, 10.4546
968, 19, 25, 13.9006, 10.4656
969, 19, 25, 13.8827, 10.4837
970, 19, 25, 13.8346, 10.4948
971, 19, 25, 13.8141, 10.5056
972, 19, 24, 13.9518, 10.5167
973, 19, 24, 14.0038, 10.5278
974, 19, 24, 13.9508, 10.5406
975, 19, 24, 13.9304, 10.5652
976, 19, 24, 13.9284, 10.5762
977, 19, 24, 13.9271, 10.5871
978, 19, 24, 13.9092, 10.5993
979, 19, 24, 13.8923, 10.6102
980, 19, 24, 13.8744, 10.6211
981, 19, 24, 13.8565, 10.6319
982, 19, 24, 13.8452, 10.6427
983, 19, 24, 13.8248, 10.6534
984, 20, 24, 13.8212, 10.6672
985, 20, 24, 13.8181, 10.6781
986, 20, 24, 13.8001, 10.6889
987, 20, 24, 13.7871, 10.6999
988, 20, 24, 13.7692, 10.7107
989, 20, 24, 13.7512, 10.7215
990, 20, 24, 13.7351, 10.7323
991, 20, 24, 13.6992, 10.7433
992, 21, 24, 13.696, 10.7571
993, 22, 24, 13.693, 10.7715
994, 22, 24, 13.6303, 10.7904
995, 22, 24, 13.6288, 10.8014
996, 22, 24, 13.6281, 10.8123
997, 22, 23, 13.7649, 10.8234
998, 22, 23, 13.7495, 10.8343
999, 22, 23, 13.7474, 10.8453
