Seed is: 76
Number of samples is: 1000
Simulation name is: NoTvSim.sim
TimeStep, Distraction Rate, Missed States, Model Accuracy, Time (ms)
0, 0, 256, 0, 6e-05
1, 0, 255, 1, 0.029566
2, 0, 255, 0.584963, 0.044905
3, 0, 255, 0.415037, 0.059674
4, 0, 254, 1.17823, 0.074933
5, 0, 253, 1.94143, 0.114899
6, 0, 253, 1.5679, 0.132132
7, 0, 253, 1.19436, 0.165014
8, 0, 253, 1.04143, 0.179552
9, 0, 253, 0.888499, 0.195713
10, 0, 252, 1.6517, 0.232342
11, 0, 251, 2.6517, 0.2468
12, 0, 251, 2.23666, 0.261338
13, 0, 251, 2.06673, 0.280715
14, 0, 250, 2.82993, 0.295352
15, 0, 249, 3.59313, 0.319358
16, 0, 249, 3.21959, 0.353203
17, 0, 248, 3.57236, 0.37274
18, 0, 248, 3.0874, 0.390223
19, 0, 248, 2.93447, 0.411995
20, 0, 248, 2.72993, 0.44126
21, 0, 247, 3.49313, 0.463924
22, 0, 246, 4.49313, 0.478672
23, 0, 246, 4.07809, 0.5144
24, 0, 246, 3.90817, 0.529368
25, 0, 245, 4.67136, 0.544377
26, 0, 244, 5.43456, 0.559205
27, 0, 244, 5.06103, 0.578662
28, 0, 244, 4.68749, 0.59342
29, 0, 244, 4.53456, 0.617887
30, 0, 244, 4.38163, 0.632324
31, 0, 243, 5.14483, 0.647884
32, 0, 242, 6.14483, 0.67206
33, 0, 242, 5.72979, 0.686898
34, 0, 242, 5.55986, 0.701807
35, 0, 241, 6.32306, 0.717086
36, 0, 240, 7.08626, 0.77178
37, 0, 239, 7.43903, 0.794563
38, 0, 239, 6.95406, 0.846703
39, 0, 239, 6.58053, 0.863444
40, 0, 239, 6.37599, 0.880507
41, 0, 239, 6.22306, 0.895956
42, 0, 238, 5.99087, 0.920693
43, 0, 237, 7.33903, 0.956031
44, 0, 236, 8.33903, 0.991659
45, 0, 236, 7.92399, 1.04477
46, 0, 236, 7.75406, 1.08916
47, 0, 235, 8.51726, 1.10503
48, 0, 234, 9.28046, 1.12432
49, 0, 234, 8.90693, 1.13954
50, 0, 234, 8.53339, 1.15983
51, 0, 234, 8.38046, 1.17511
52, 0, 234, 8.22753, 1.22545
53, 0, 233, 8.99072, 1.24079
54, 0, 232, 9.99072, 1.2559
55, 0, 232, 9.57569, 1.27077
56, 0, 232, 9.40576, 1.28695
57, 0, 231, 10.169, 1.32643
58, 0, 230, 10.9322, 1.3415
59, 0, 230, 10.5586, 1.38923
60, 0, 229, 10.9114, 1.40962
61, 0, 229, 11.2264, 1.45593
62, 0, 229, 10.6484, 1.48074
63, 0, 228, 10.8897, 1.51774
64, 0, 228, 10.6852, 1.53339
65, 0, 228, 10.4217, 1.57149
66, 0, 227, 11.4217, 1.5938
67, 0, 227, 11.0067, 1.6138
68, 0, 227, 10.8368, 1.64743
69, 0, 226, 11.6, 1.66976
70, 0, 226, 11.2264, 1.68523
71, 0, 226, 10.8529, 1.70105
72, 0, 225, 11.0942, 1.72098
73, 0, 225, 10.8897, 1.73632
74, 0, 225, 10.7368, 1.75167
75, 0, 224, 11.5, 1.76696
76, 0, 223, 12.2632, 1.79876
77, 0, 223, 11.8896, 1.81425
78, 0, 223, 11.5161, 1.82934
79, 0, 223, 11.3632, 1.85152
80, 0, 223, 11.2102, 1.86695
81, 0, 222, 10.978, 1.89087
82, 0, 221, 12.3262, 1.90878
83, 0, 221, 11.9527, 1.92482
84, 0, 221, 11.4677, 1.96625
85, 0, 220, 12.2309, 1.99694
86, 0, 220, 11.8574, 2.0259
87, 0, 220, 11.4838, 2.04123
88, 0, 220, 11.3309, 2.06672
89, 0, 220, 11.178, 2.10612
90, 0, 219, 12.178, 2.1216
91, 0, 219, 11.7629, 2.15062
92, 0, 219, 11.593, 2.16608
93, 0, 219, 11.5092, 2.19858
94, 0, 218, 12.2724, 2.21452
95, 0, 217, 13.0356, 2.23001
96, 0, 217, 12.6621, 2.2456
97, 0, 217, 12.2885, 2.26449
98, 0, 217, 12.1356, 2.28496
99, 0, 216, 12.3769, 2.30518
100, 0, 215, 12.1447, 2.34458
101, 0, 214, 13.4929, 2.36036
102, 0, 213, 14.2561, 2.38988
103, 0, 212, 15.0193, 2.40589
104, 0, 211, 15.7825, 2.42145
105, 0, 210, 16.5457, 2.44272
106, 0, 209, 16.8985, 2.45867
107, 0, 209, 16.4135, 2.47928
108, 0, 209, 16.04, 2.49539
109, 0, 209, 15.8354, 2.51254
110, 0, 209, 15.6825, 2.53155
111, 0, 208, 16.4457, 2.59159
112, 0, 207, 17.2089, 2.61403
113, 0, 207, 16.8354, 2.63001
114, 0, 207, 16.4618, 2.64608
115, 0, 206, 16.7032, 2.66217
116, 0, 206, 16.9251, 2.67818
117, 0, 205, 17.6883, 2.69659
118, 0, 204, 18.6883, 2.71991
119, 0, 204, 18.2733, 2.76482
120, 0, 204, 18.1033, 2.78132
121, 0, 203, 18.8665, 2.80762
122, 0, 202, 19.6297, 2.82797
123, 0, 202, 19.2562, 2.8665
124, 0, 202, 18.8827, 2.88616
125, 0, 202, 18.7297, 2.9099
126, 0, 202, 18.5768, 2.93398
127, 0, 201, 19.34, 2.95026
128, 0, 200, 20.1032, 2.98649
129, 0, 199, 20.8664, 3.01984
130, 0, 199, 20.4928, 3.03617
131, 0, 199, 20.1193, 3.05495
132, 0, 199, 19.9664, 3.07132
133, 0, 198, 20.2077, 3.0883
134, 0, 197, 20.9709, 3.12356
135, 0, 196, 21.7341, 3.13998
136, 0, 195, 22.4973, 3.17481
137, 0, 195, 22.1238, 3.21888
138, 0, 195, 21.7502, 3.25436
139, 0, 195, 21.5973, 3.27093
140, 0, 195, 21.4444, 3.28693
141, 0, 194, 22.2076, 3.30342
142, 0, 193, 22.9708, 3.32765
143, 0, 192, 22.7386, 3.36109
144, 0, 191, 24.0867, 3.37781
145, 0, 191, 23.7132, 3.42187
146, 0, 191, 23.2282, 3.45146
147, 0, 190, 24.2282, 3.48812
148, 0, 190, 23.8132, 3.52369
149, 0, 190, 23.6433, 3.54583
150, 0, 189, 24.4065, 3.56512
151, 0, 189, 24.0329, 3.5859
152, 0, 189, 23.6594, 3.61134
153, 0, 189, 23.5065, 3.62767
154, 0, 189, 23.3535, 3.64585
155, 0, 188, 24.3535, 3.68114
156, 0, 188, 23.9385, 3.73718
157, 0, 188, 23.7686, 3.75331
158, 0, 188, 23.6848, 3.77993
159, 0, 187, 24.448, 3.80741
160, 0, 186, 25.2112, 3.84559
161, 0, 186, 24.8376, 3.86354
162, 0, 186, 24.4641, 3.88005
163, 0, 186, 24.3112, 3.89677
164, 0, 186, 24.1582, 3.91334
165, 0, 185, 24.9214, 3.93037
166, 0, 184, 25.6846, 3.94703
167, 0, 183, 26.4478, 3.9637
168, 0, 183, 26.0743, 3.98049
169, 0, 183, 25.7008, 3.99715
170, 0, 183, 25.5478, 4.01669
171, 0, 183, 25.3949, 4.04417
172, 0, 182, 26.3949, 4.07629
173, 0, 182, 25.9799, 4.09686
174, 0, 182, 25.8099, 4.11359
175, 0, 181, 26.5731, 4.13008
176, 0, 181, 26.1996, 4.17326
177, 0, 181, 25.8261, 4.20452
178, 0, 181, 25.6731, 4.25841
179, 0, 181, 25.5202, 4.27538
180, 0, 180, 26.2834, 4.31268
181, 0, 179, 27.0466, 4.33323
182, 0, 178, 28.0466, 4.35365
183, 0, 178, 27.6316, 4.38873
184, 0, 178, 27.4616, 4.41006
185, 0, 177, 28.4616, 4.42668
186, 0, 177, 28.0466, 4.44344
187, 0, 177, 27.8767, 4.46052
188, 0, 176, 28.8767, 4.47994
189, 0, 176, 28.4616, 4.49679
190, 0, 176, 28.2917, 4.52414
191, 0, 175, 29.0549, 4.54097
192, 0, 174, 29.8181, 4.55813
193, 0, 173, 30.5813, 4.58097
194, 0, 173, 30.2078, 4.60335
195, 0, 173, 29.8342, 4.6295
196, 0, 173, 29.6813, 4.65096
197, 0, 173, 29.5284, 4.66775
198, 0, 172, 30.2916, 4.72979
199, 0, 172, 29.918, 4.75897
200, 0, 172, 29.5445, 4.7802
201, 0, 172, 29.3916, 4.81896
202, 0, 172, 29.2386, 4.83904
203, 0, 172, 29.1548, 4.87448
204, 0, 171, 29.918, 4.89699
205, 0, 171, 29.7651, 4.91595
206, 0, 171, 29.3916, 4.94934
207, 0, 171, 29.018, 4.98868
208, 0, 170, 29.3708, 5.01371
209, 0, 170, 28.8858, 5.03101
210, 0, 170, 28.7927, 5.07237
211, 0, 170, 28.6996, 5.09228
212, 0, 170, 28.6065, 5.14003
213, 0, 170, 28.5535, 5.16221
214, 0, 170, 28.18, 5.1857
215, 0, 169, 28.3697, 5.20274
216, 0, 168, 29.1329, 5.22809
217, 0, 167, 29.8961, 5.25433
218, 0, 167, 29.5226, 5.27162
219, 0, 167, 29.149, 5.28861
220, 0, 167, 28.9961, 5.32098
221, 0, 166, 29.2375, 5.34498
222, 0, 165, 30.0006, 5.36651
223, 0, 164, 30.7638, 5.4014
224, 0, 164, 30.3903, 5.41858
225, 0, 164, 30.0168, 5.44124
226, 0, 164, 29.8638, 5.46646
227, 0, 164, 29.7109, 5.49676
228, 0, 163, 30.4741, 5.5164
229, 0, 162, 31.2373, 5.56594
230, 0, 161, 32.0005, 5.61045
231, 0, 161, 31.627, 5.63384
232, 0, 161, 31.2534, 5.67121
233, 0, 160, 31.4948, 5.6885
234, 0, 160, 31.2902, 5.7063
235, 0, 160, 31.1373, 5.73033
236, 0, 159, 31.9005, 5.7482
237, 0, 158, 32.6637, 5.76522
238, 0, 158, 32.6271, 5.79624
239, 0, 158, 32.5433, 5.81832
240, 0, 158, 32.1698, 5.83911
241, 0, 158, 31.7963, 5.85745
242, 0, 158, 31.7695, 5.87461
243, 0, 158, 31.7165, 5.89198
244, 0, 158, 31.5635, 5.92397
245, 0, 157, 32.3267, 5.99023
246, 0, 156, 33.0899, 6.00964
247, 0, 156, 32.7164, 6.02716
248, 0, 156, 32.3429, 6.06788
249, 0, 156, 32.1899, 6.08579
250, 0, 156, 32.037, 6.10324
251, 0, 155, 32.8002, 6.13322
252, 0, 154, 33.5634, 6.15047
253, 0, 153, 34.3266, 6.16908
254, 0, 153, 33.9531, 6.19752
255, 0, 153, 33.5795, 6.22307
256, 0, 153, 33.4266, 6.25371
257, 0, 153, 33.2737, 6.29865
258, 0, 152, 34.2737, 6.3374
259, 0, 152, 33.8586, 6.36472
260, 0, 152, 33.6887, 6.38418
261, 0, 151, 34.6887, 6.40213
262, 0, 151, 34.2737, 6.43961
263, 0, 151, 34.1037, 6.48976
264, 0, 150, 34.8669, 6.52645
265, 0, 150, 34.4934, 6.54529
266, 0, 150, 34.1199, 6.56614
267, 0, 150, 33.9669, 6.59683
268, 0, 150, 33.814, 6.61931
269, 0, 149, 34.5772, 6.66096
270, 0, 148, 34.345, 6.68232
271, 0, 147, 35.6932, 6.70084
272, 0, 147, 35.3196, 6.71907
273, 0, 147, 34.8347, 6.74405
274, 0, 146, 35.5979, 6.77012
275, 0, 145, 36.3611, 6.79398
276, 0, 144, 36.7138, 6.8122
277, 0, 144, 36.2289, 6.82998
278, 0, 144, 35.8553, 6.84741
279, 0, 144, 35.7024, 6.86851
280, 0, 144, 35.5495, 6.88587
281, 0, 143, 36.3127, 6.90464
282, 0, 143, 35.9391, 6.92267
283, 0, 142, 36.2919, 6.94577
284, 0, 142, 35.807, 6.97417
285, 0, 142, 35.654, 7.00561
286, 0, 142, 35.4495, 7.02293
287, 0, 142, 35.3657, 7.0488
288, 0, 141, 36.1289, 7.08791
289, 0, 140, 36.8921, 7.10684
290, 0, 139, 37.6553, 7.13015
291, 0, 139, 37.2817, 7.14783
292, 0, 139, 36.9082, 7.16616
293, 0, 139, 36.7553, 7.1887
294, 0, 139, 36.6023, 7.20634
295, 0, 138, 37.6023, 7.24912
296, 0, 138, 37.1873, 7.26694
297, 0, 138, 37.0174, 7.28451
298, 0, 137, 37.7806, 7.31999
299, 0, 137, 37.407, 7.35603
300, 0, 136, 37.7598, 7.37392
301, 0, 136, 37.2748, 7.39624
302, 0, 136, 37.1219, 7.41398
303, 0, 136, 36.9174, 7.45005
304, 0, 135, 37.6806, 7.49226
305, 0, 134, 37.8183, 7.51098
306, 0, 134, 37.7594, 7.52848
307, 0, 134, 37.7005, 7.56596
308, 0, 134, 37.6416, 7.58482
309, 0, 134, 37.6202, 7.60562
310, 0, 134, 37.4673, 7.63546
311, 0, 133, 38.2305, 7.66969
312, 0, 133, 38.1939, 7.69407
313, 0, 133, 38.357, 7.75357
314, 0, 133, 38.1524, 7.7771
315, 0, 133, 37.7789, 7.81664
316, 0, 133, 37.4054, 7.8343
317, 0, 133, 37.2008, 7.85382
318, 0, 132, 38.2008, 7.89868
319, 0, 132, 37.7858, 7.91653
320, 0, 132, 37.6159, 7.93614
321, 0, 132, 37.1309, 7.96955
322, 0, 131, 37.8941, 8.00924
323, 0, 130, 38.6573, 8.04724
324, 0, 129, 39.4205, 8.08931
325, 0, 129, 39.047, 8.10742
326, 0, 129, 38.6734, 8.14476
327, 0, 129, 38.5205, 8.17397
328, 0, 129, 38.3676, 8.20654
329, 0, 128, 38.1354, 8.22657
330, 0, 127, 39.4835, 8.25094
331, 0, 127, 39.3306, 8.26852
332, 0, 127, 38.8456, 8.29543
333, 0, 126, 39.087, 8.31433
334, 0, 126, 39.0032, 8.34628
335, 0, 125, 40.0032, 8.36528
336, 0, 125, 39.5881, 8.40491
337, 0, 125, 39.4182, 8.42278
338, 0, 125, 39.2653, 8.45404
339, 0, 125, 38.8917, 8.47188
340, 0, 125, 38.8079, 8.51779
341, 0, 124, 39.5711, 8.55025
342, 0, 124, 39.1976, 8.63129
343, 0, 124, 39.1138, 8.66189
344, 0, 123, 40.1138, 8.68002
345, 0, 123, 39.6988, 8.70729
346, 0, 123, 39.5289, 8.73117
347, 0, 123, 39.4451, 8.7495
348, 0, 123, 39.3613, 8.76919
349, 0, 122, 40.1245, 8.81677
350, 0, 121, 40.4772, 8.83938
351, 0, 121, 39.9923, 8.87893
352, 0, 121, 39.6187, 8.9108
353, 0, 121, 39.4142, 8.93219
354, 0, 121, 39.2613, 8.96687
355, 0, 120, 40.2613, 8.98848
356, 0, 120, 39.8462, 9.02451
357, 0, 120, 39.6763, 9.04538
358, 0, 120, 39.5658, 9.06929
359, 0, 120, 39.482, 9.10107
360, 0, 120, 39.7039, 9.12205
361, 0, 119, 39.8937, 9.15549
362, 0, 119, 39.6891, 9.18311
363, 0, 119, 39.5786, 9.22025
364, 0, 119, 39.5256, 9.26925
365, 0, 119, 39.4418, 9.30822
366, 0, 118, 40.4418, 9.3264
367, 0, 118, 40.0268, 9.37377
368, 0, 118, 39.8569, 9.40995
369, 0, 117, 40.6201, 9.43087
370, 0, 116, 41.6201, 9.46382
371, 0, 116, 41.205, 9.50003
372, 0, 116, 41.0351, 9.51944
373, 0, 115, 41.7983, 9.53852
374, 0, 114, 42.7983, 9.5604
375, 0, 114, 42.3832, 9.57853
376, 0, 114, 42.2133, 9.62171
377, 0, 113, 41.9811, 9.67366
378, 0, 112, 43.3293, 9.69205
379, 0, 111, 44.3293, 9.71301
380, 0, 111, 43.9143, 9.77491
381, 0, 111, 43.7443, 9.81049
382, 0, 110, 43.5121, 9.86562
383, 0, 109, 44.8603, 9.88869
384, 0, 108, 45.6235, 9.90694
385, 0, 108, 45.5397, 9.92522
386, 0, 108, 45.1662, 9.9564
387, 0, 108, 45.1507, 9.98196
388, 0, 108, 45.0977, 10.0371
389, 0, 108, 45.0046, 10.0768
390, 0, 108, 44.9115, 10.095
391, 0, 108, 44.8277, 10.1262
392, 0, 107, 45.5909, 10.1774
393, 0, 107, 45.5379, 10.209
394, 0, 107, 45.1644, 10.2465
395, 0, 107, 45.1278, 10.2742
396, 0, 107, 45.044, 10.2941
397, 0, 107, 44.6705, 10.3287
398, 0, 107, 44.5867, 10.3527
399, 0, 107, 44.4337, 10.4001
400, 0, 107, 44.3499, 10.4349
401, 0, 107, 44.2661, 10.4536
402, 0, 106, 45.0293, 10.4719
403, 0, 105, 45.7925, 10.5166
404, 0, 105, 45.419, 10.5348
405, 0, 105, 45.0455, 10.5611
406, 0, 105, 44.8925, 10.5873
407, 0, 105, 44.7396, 10.6053
408, 0, 104, 45.7396, 10.6414
409, 0, 104, 45.3246, 10.6593
410, 0, 104, 45.1546, 10.6773
411, 0, 103, 44.9224, 10.6956
412, 0, 102, 46.2706, 10.761
413, 0, 102, 46.1775, 10.7928
414, 0, 102, 46.0844, 10.8222
415, 0, 102, 46.0314, 10.8418
416, 0, 102, 45.9476, 10.8755
417, 0, 102, 45.8545, 10.9162
418, 0, 102, 45.7707, 10.9351
419, 0, 102, 45.6776, 10.9718
420, 0, 102, 45.473, 11.0065
421, 0, 102, 45.3799, 11.026
422, 0, 102, 45.2961, 11.0736
423, 0, 102, 45.203, 11.1142
424, 0, 102, 45.1192, 11.1359
425, 0, 102, 44.7457, 11.165
426, 0, 102, 44.2607, 11.1884
427, 0, 102, 44.1769, 11.2095
428, 0, 101, 44.3399, 11.2414
429, 0, 101, 44.4623, 11.2594
430, 0, 100, 44.6254, 11.2906
431, 0, 100, 44.5724, 11.3089
432, 0, 100, 44.4212, 11.3337
433, 0, 100, 44.3281, 11.3793
434, 0, 100, 44.235, 11.3991
435, 0, 100, 44.1245, 11.4305
436, 0, 100, 44.0407, 11.4489
437, 0, 100, 43.9569, 11.4811
438, 0, 100, 43.8731, 11.5209
439, 0, 100, 43.8201, 11.5396
440, 0, 100, 43.7096, 11.5643
441, 0, 100, 43.6258, 11.6241
442, 0, 100, 43.542, 11.6432
443, 0, 100, 43.489, 11.6849
444, 0, 99, 44.2522, 11.7246
445, 0, 98, 45.0154, 11.7429
446, 0, 98, 44.9886, 11.7612
447, 0, 98, 44.9521, 11.7808
448, 0, 98, 44.5785, 11.8019
449, 0, 97, 45.3417, 11.8498
450, 0, 97, 45.1372, 11.87
451, 0, 97, 45.1104, 11.9095
452, 0, 96, 45.3517, 11.9522
453, 0, 96, 45.2679, 11.9884
454, 0, 96, 45.1748, 12.0208
455, 0, 96, 45.0643, 12.0687
456, 0, 96, 44.9538, 12.1002
457, 0, 96, 44.7493, 12.1194
458, 0, 96, 44.738, 12.1493
459, 0, 96, 44.685, 12.1712
460, 0, 96, 44.5745, 12.2067
461, 0, 95, 45.3377, 12.2256
462, 0, 95, 45.1332, 12.2485
463, 0, 94, 44.901, 12.2719
464, 0, 93, 46.2491, 12.2992
465, 0, 92, 46.017, 12.3176
466, 0, 91, 47.3651, 12.3362
467, 0, 91, 46.9916, 12.358
468, 0, 91, 46.8387, 12.3765
469, 0, 91, 46.7798, 12.3948
470, 0, 91, 46.9139, 12.4236
471, 0, 91, 46.8466, 12.4483
472, 0, 91, 46.7628, 12.4668
473, 0, 90, 46.9115, 12.4853
474, 0, 90, 46.8674, 12.523
475, 0, 90, 46.8144, 12.5418
476, 0, 90, 46.7306, 12.5825
477, 0, 90, 46.6468, 12.6155
478, 0, 90, 46.2732, 12.6346
479, 0, 90, 46.1894, 12.6697
480, 0, 90, 46.1056, 12.6884
481, 0, 89, 46.8688, 12.7072
482, 0, 88, 47.632, 12.7258
483, 0, 88, 47.2585, 12.7647
484, 0, 88, 46.885, 12.8019
485, 0, 88, 46.732, 12.853
486, 0, 88, 46.5791, 12.8716
487, 0, 87, 47.3423, 12.9203
488, 0, 87, 46.9688, 12.9505
489, 0, 86, 47.3215, 12.9882
490, 0, 86, 46.8366, 13.007
491, 0, 86, 46.6836, 13.0292
492, 0, 86, 46.4791, 13.0558
493, 0, 85, 47.4791, 13.0879
494, 0, 85, 47.0641, 13.1102
495, 0, 85, 46.8941, 13.1434
496, 0, 85, 46.801, 13.169
497, 0, 85, 46.7079, 13.1968
498, 0, 84, 46.8977, 13.2559
499, 0, 84, 46.8139, 13.2961
500, 0, 84, 46.7207, 13.3148
501, 0, 84, 46.5162, 13.3381
502, 0, 84, 46.6792, 13.3683
503, 0, 84, 46.4158, 13.3874
504, 0, 84, 46.332, 13.4188
505, 0, 84, 46.2389, 13.4388
506, 0, 84, 46.086, 13.4773
507, 0, 84, 46.033, 13.4984
508, 0, 84, 45.9225, 13.5211
509, 0, 84, 45.7695, 13.5656
510, 0, 84, 45.396, 13.5905
511, 0, 84, 45.3122, 13.6182
512, 0, 84, 45.0488, 13.6433
513, 0, 84, 44.9814, 13.6732
514, 0, 84, 44.8976, 13.6932
515, 0, 84, 44.8387, 13.7359
516, 0, 84, 44.7798, 13.7544
517, 0, 84, 44.7268, 13.7728
518, 0, 84, 44.643, 13.7928
519, 0, 84, 44.6348, 13.8197
520, 0, 84, 44.608, 13.843
521, 0, 84, 44.5242, 13.8876
522, 0, 84, 44.4876, 13.9062
523, 0, 84, 44.4672, 13.9247
524, 0, 84, 44.3567, 13.9466
525, 0, 84, 44.3037, 13.9792
526, 0, 84, 44.1507, 14.0207
527, 0, 84, 44.1142, 14.0468
528, 0, 84, 44.0776, 14.0652
529, 0, 84, 44.0246, 14.0889
530, 0, 84, 43.9141, 14.112
531, 0, 84, 43.8303, 14.1508
532, 0, 84, 43.3453, 14.1715
533, 0, 84, 42.9718, 14.2041
534, 0, 84, 42.7672, 14.2247
535, 0, 84, 42.2823, 14.2519
536, 0, 84, 41.9087, 14.2705
537, 0, 84, 41.8557, 14.2888
538, 0, 84, 41.7719, 14.3076
539, 0, 84, 41.7354, 14.3261
540, 0, 84, 41.6824, 14.3675
541, 0, 84, 41.4778, 14.3869
542, 0, 83, 42.4778, 14.4189
543, 0, 83, 42.0628, 14.4376
544, 0, 83, 41.8929, 14.4577
545, 0, 82, 42.6561, 14.4846
546, 0, 81, 43.6561, 14.5035
547, 0, 81, 43.241, 14.5221
548, 0, 81, 43.0711, 14.5599
549, 0, 80, 44.0711, 14.5964
550, 0, 80, 43.6561, 14.6205
551, 0, 80, 43.4861, 14.6546
552, 0, 79, 44.2493, 14.677
553, 0, 79, 43.8758, 14.7134
554, 0, 79, 43.5023, 14.7388
555, 0, 79, 43.3493, 14.7575
556, 0, 78, 43.5907, 14.7763
557, 0, 78, 43.3861, 14.795
558, 0, 77, 44.1493, 14.8137
559, 0, 77, 43.9964, 14.8435
560, 0, 77, 43.9033, 14.8619
561, 0, 76, 44.093, 14.8895
562, 0, 76, 44.0092, 14.9233
563, 0, 76, 43.9161, 14.9424
564, 0, 76, 43.8323, 14.967
565, 0, 76, 43.7957, 14.9898
566, 0, 76, 43.7427, 15.028
567, 0, 76, 43.6322, 15.0693
568, 0, 76, 43.7953, 15.1126
569, 0, 76, 43.7423, 15.1333
570, 0, 76, 43.6318, 15.1579
571, 0, 76, 43.5387, 15.1768
572, 0, 75, 43.7284, 15.2004
573, 0, 75, 43.6179, 15.2193
574, 0, 75, 43.2444, 15.2403
575, 0, 75, 43.177, 15.2635
576, 0, 75, 43.0932, 15.2839
577, 0, 75, 43.0001, 15.3127
578, 0, 75, 42.907, 15.3503
579, 0, 75, 42.8232, 15.3712
580, 0, 74, 43.0129, 15.3913
581, 0, 74, 42.9198, 15.4226
582, 0, 74, 43.2349, 15.4411
583, 0, 74, 43.1511, 15.4632
584, 0, 74, 43.0981, 15.4819
585, 0, 74, 42.9876, 15.5024
586, 0, 74, 42.8771, 15.5213
587, 0, 74, 42.784, 15.5474
588, 0, 74, 42.631, 15.5808
589, 0, 74, 42.5721, 15.602
590, 0, 74, 42.5132, 15.6529
591, 0, 74, 42.4767, 15.6765
592, 0, 74, 42.4236, 15.6953
593, 0, 74, 42.3648, 15.7199
594, 0, 74, 42.3118, 15.7634
595, 0, 74, 42.2587, 15.8028
596, 0, 74, 42.2222, 15.8214
597, 0, 74, 42.1692, 15.8612
598, 0, 74, 42.1326, 15.8802
599, 0, 74, 42.1121, 15.9123
600, 0, 74, 41.9076, 15.9652
601, 0, 73, 42.6708, 16.0006
602, 0, 73, 42.1858, 16.0382
603, 0, 73, 41.8123, 16.0903
604, 0, 73, 41.6078, 16.112
605, 0, 73, 41.2342, 16.1449
606, 0, 73, 41.2181, 16.1636
607, 0, 73, 41.1508, 16.1827
608, 0, 73, 41.0978, 16.2043
609, 0, 73, 40.9873, 16.2326
610, 0, 73, 40.9284, 16.2708
611, 0, 73, 40.8754, 16.2981
612, 0, 73, 40.9453, 16.3179
613, 0, 73, 40.9046, 16.3615
614, 0, 73, 40.7848, 16.3807
615, 0, 73, 40.6743, 16.4133
616, 0, 73, 40.5905, 16.4498
617, 0, 73, 40.4974, 16.4693
618, 0, 73, 40.3445, 16.5022
619, 0, 73, 40.2607, 16.5211
620, 0, 72, 40.4504, 16.5412
621, 0, 72, 40.3666, 16.5772
622, 0, 72, 40.1621, 16.5964
623, 0, 71, 40.3251, 16.6167
624, 0, 71, 40.2662, 16.6477
625, 0, 71, 40.1824, 16.6857
626, 0, 71, 40.1294, 16.7349
627, 0, 71, 40.0363, 16.7721
628, 0, 71, 40.2582, 16.8048
629, 0, 71, 40.1477, 16.8337
630, 0, 71, 39.9948, 16.8675
631, 0, 70, 40.758, 16.918
632, 0, 69, 41.758, 16.9447
633, 0, 69, 41.343, 16.9638
634, 0, 69, 41.173, 16.9847
635, 0, 69, 40.6881, 17.0035
636, 0, 69, 40.3146, 17.0324
637, 0, 69, 40.11, 17.0616
638, 0, 69, 39.9571, 17.0804
639, 0, 69, 39.8733, 17.1091
640, 0, 69, 39.7802, 17.1279
641, 0, 69, 39.5756, 17.1467
642, 0, 69, 39.5083, 17.1931
643, 0, 69, 39.6713, 17.2244
644, 0, 69, 39.6183, 17.2609
645, 0, 69, 39.5078, 17.3067
646, 0, 69, 39.424, 17.3256
647, 0, 69, 39.2711, 17.3502
648, 0, 69, 39.2122, 17.3734
649, 0, 69, 39.1756, 17.3993
650, 0, 69, 39.1083, 17.4182
651, 0, 69, 38.9978, 17.4727
652, 0, 69, 38.8448, 17.5196
653, 0, 69, 38.7775, 17.5407
654, 0, 69, 38.6937, 17.5595
655, 0, 69, 38.6348, 17.58
656, 0, 69, 38.3714, 17.6226
657, 0, 69, 38.2783, 17.6417
658, 0, 69, 38.1945, 17.6792
659, 0, 69, 38.084, 17.7028
660, 0, 69, 38.0002, 17.7383
661, 0, 69, 37.9328, 17.7785
662, 0, 69, 37.849, 17.8024
663, 0, 69, 37.7652, 17.8229
664, 0, 69, 37.7122, 17.8518
665, 0, 69, 37.6191, 17.8942
666, 0, 69, 37.526, 17.9429
667, 0, 69, 37.473, 17.9748
668, 0, 69, 37.3799, 18.0043
669, 0, 69, 37.2961, 18.0406
670, 0, 69, 37.2372, 18.0856
671, 0, 69, 37.1783, 18.1045
672, 0, 69, 37.1417, 18.1365
673, 0, 69, 37.0312, 18.1602
674, 0, 69, 36.9474, 18.2072
675, 0, 69, 36.8944, 18.2273
676, 0, 69, 36.7433, 18.2526
677, 0, 69, 36.6844, 18.2731
678, 0, 69, 36.6171, 18.3107
679, 0, 69, 36.564, 18.3417
680, 0, 69, 36.4129, 18.3623
681, 0, 68, 36.6542, 18.3887
682, 0, 68, 36.6012, 18.4078
683, 0, 68, 36.5339, 18.4285
684, 0, 68, 36.4898, 18.4642
685, 0, 68, 36.5825, 18.4964
686, 0, 68, 36.4987, 18.5204
687, 0, 68, 36.3882, 18.5482
688, 0, 68, 36.3293, 18.5735
689, 0, 68, 36.2455, 18.5945
690, 0, 68, 36.1866, 18.619
691, 0, 68, 36.15, 18.6674
692, 0, 68, 36.1059, 18.6865
693, 0, 68, 36.0653, 18.708
694, 0, 68, 35.9682, 18.7488
695, 0, 67, 36.1312, 18.7775
696, 0, 67, 36.0906, 18.7964
697, 0, 67, 36.054, 18.8184
698, 0, 67, 36.1764, 18.8373
699, 0, 67, 36.1496, 18.8837
700, 0, 67, 36.0966, 18.903
701, 0, 67, 36.056, 18.9241
702, 0, 67, 36.0153, 18.9597
703, 0, 67, 35.9886, 18.9818
704, 0, 67, 35.9681, 19.0006
705, 0, 67, 35.817, 19.0208
706, 0, 67, 35.7581, 19.0448
707, 0, 67, 35.7051, 19.0637
708, 0, 67, 35.6462, 19.0822
709, 0, 67, 35.495, 19.1089
710, 0, 67, 35.4361, 19.1275
711, 0, 67, 35.3772, 19.1531
712, 0, 67, 35.3242, 19.1721
713, 0, 67, 35.2137, 19.216
714, 0, 67, 35.1464, 19.2541
715, 0, 67, 35.1098, 19.2811
716, 0, 67, 35.0425, 19.3156
717, 0, 67, 34.9984, 19.3347
718, 0, 67, 34.8455, 19.3569
719, 0, 67, 34.7617, 19.3874
720, 0, 67, 34.6512, 19.4113
721, 0, 67, 34.5982, 19.4299
722, 0, 67, 34.5616, 19.4588
723, 0, 67, 34.5027, 19.4814
724, 0, 67, 34.3922, 19.5045
725, 0, 67, 34.2393, 19.5261
726, 0, 67, 34.1719, 19.5496
727, 0, 67, 34.0208, 19.5859
728, 0, 67, 33.8162, 19.6181
729, 0, 67, 33.7895, 19.6388
730, 0, 67, 33.7529, 19.6755
731, 0, 67, 33.6017, 19.6958
732, 0, 67, 33.5652, 19.7159
733, 0, 67, 33.4122, 19.7508
734, 0, 67, 33.3716, 19.7749
735, 0, 67, 33.3309, 19.7936
736, 0, 67, 33.2903, 19.8125
737, 0, 67, 33.2842, 19.8509
738, 0, 67, 33.2681, 19.906
739, 0, 67, 33.2151, 19.9251
740, 0, 67, 33.1883, 19.9439
741, 0, 67, 33.1679, 19.9629
742, 0, 67, 33.1149, 19.9825
743, 0, 67, 33.0851, 20.0019
744, 0, 67, 33.0554, 20.0333
745, 0, 67, 33.0256, 20.0527
746, 0, 67, 33.0212, 20.1027
747, 0, 67, 33.0008, 20.1588
748, 0, 66, 33.1495, 20.1794
749, 0, 66, 33.1193, 20.211
750, 0, 66, 33.0222, 20.2309
751, 0, 65, 33.1634, 20.2529
752, 0, 65, 33.0529, 20.2803
753, 0, 65, 33.0398, 20.3108
754, 0, 65, 32.9427, 20.3302
755, 0, 65, 32.8986, 20.3493
756, 0, 65, 32.8684, 20.3764
757, 0, 65, 32.8154, 20.3974
758, 0, 65, 32.7624, 20.4177
759, 0, 65, 32.7035, 20.4501
760, 0, 65, 32.9669, 20.4798
761, 0, 65, 32.9139, 20.5059
762, 0, 65, 32.8466, 20.5254
763, 0, 65, 32.7936, 20.5684
764, 0, 65, 32.7668, 20.6259
765, 0, 65, 32.7138, 20.6455
766, 0, 65, 32.6732, 20.6726
767, 0, 65, 32.6325, 20.6997
768, 0, 65, 32.6058, 20.737
769, 0, 65, 32.4528, 20.7789
770, 0, 65, 32.4459, 20.8017
771, 0, 65, 32.4232, 20.8232
772, 0, 65, 32.4005, 20.8576
773, 0, 65, 32.3778, 20.8873
774, 0, 65, 32.369, 20.9149
775, 0, 65, 32.3529, 20.9342
776, 0, 65, 32.3088, 20.959
777, 0, 65, 32.2682, 20.9782
778, 0, 65, 32.2151, 21.0174
779, 0, 65, 32.1786, 21.0366
780, 0, 65, 32.1112, 21.0615
781, 0, 65, 32.0582, 21.0808
782, 0, 65, 32.0315, 21.111
783, 0, 65, 31.9908, 21.1388
784, 0, 65, 31.9235, 21.1692
785, 0, 65, 31.8264, 21.2017
786, 0, 65, 31.805, 21.221
787, 0, 65, 31.9164, 21.2401
788, 0, 65, 31.8634, 21.2596
789, 0, 65, 31.7966, 21.297
790, 0, 65, 31.7525, 21.3312
791, 0, 65, 31.7084, 21.3553
792, 0, 65, 31.6496, 21.4017
793, 0, 65, 31.613, 21.4345
794, 0, 65, 31.56, 21.4536
795, 0, 65, 31.507, 21.4793
796, 0, 65, 31.6294, 21.5004
797, 0, 65, 31.5764, 21.5196
798, 0, 65, 31.5461, 21.5867
799, 0, 65, 31.5159, 21.6061
800, 0, 65, 31.4321, 21.6447
801, 0, 65, 31.281, 21.6745
802, 0, 65, 31.2403, 21.7137
803, 0, 65, 31.1873, 21.7511
804, 0, 65, 31.1432, 21.7719
805, 0, 65, 30.9903, 21.7943
806, 0, 65, 30.8798, 21.8199
807, 0, 65, 30.796, 21.8685
808, 0, 65, 30.743, 21.924
809, 0, 65, 30.6841, 21.9502
810, 0, 65, 30.6475, 21.9755
811, 0, 65, 30.5945, 22.004
812, 0, 65, 30.5272, 22.0262
813, 0, 65, 30.4598, 22.0625
814, 0, 65, 30.4437, 22.1206
815, 0, 65, 30.3599, 22.1616
816, 0, 65, 30.4704, 22.2042
817, 0, 65, 30.3712, 22.2257
818, 0, 65, 30.3038, 22.2518
819, 0, 65, 30.2449, 22.2722
820, 0, 65, 30.186, 22.2914
821, 0, 65, 30.133, 22.3136
822, 0, 65, 30.2554, 22.3476
823, 0, 65, 30.2024, 22.3692
824, 0, 65, 30.0919, 22.3922
825, 0, 65, 30.0513, 22.411
826, 0, 65, 30.0072, 22.4506
827, 0, 65, 29.9399, 22.4698
828, 0, 65, 29.8428, 22.489
829, 0, 65, 29.8021, 22.512
830, 0, 65, 29.7615, 22.531
831, 0, 65, 29.8541, 22.5497
832, 0, 65, 29.8175, 22.5723
833, 0, 65, 29.7205, 22.5913
834, 0, 65, 29.8131, 22.6201
835, 0, 65, 29.7385, 22.6393
836, 0, 65, 29.7019, 22.6602
837, 0, 65, 29.6613, 22.6877
838, 0, 65, 29.6345, 22.7222
839, 0, 65, 29.5938, 22.7511
840, 0, 65, 29.6638, 22.7751
841, 0, 65, 29.6272, 22.8097
842, 0, 65, 29.5831, 22.8462
843, 0, 65, 29.5465, 22.8702
844, 0, 65, 29.4792, 22.8894
845, 0, 65, 29.449, 22.9241
846, 0, 65, 29.4192, 22.943
847, 0, 65, 29.3895, 22.9636
848, 0, 65, 29.5009, 22.9827
849, 0, 65, 29.4741, 23.0016
850, 0, 65, 29.4444, 23.0402
851, 0, 65, 29.4176, 23.0678
852, 0, 65, 29.3879, 23.087
853, 0, 65, 29.3674, 23.1114
854, 0, 65, 29.2703, 23.1476
855, 0, 65, 29.2337, 23.1705
856, 0, 65, 29.1366, 23.2096
857, 0, 65, 29.0836, 23.2297
858, 0, 65, 29.0471, 23.2487
859, 0, 65, 29.0105, 23.2831
860, 0, 65, 28.9974, 23.3043
861, 0, 65, 28.8869, 23.3281
862, 0, 65, 28.8798, 23.3491
863, 0, 65, 28.869, 23.3836
864, 0, 65, 28.825, 23.4028
865, 0, 65, 28.7809, 23.448
866, 0, 65, 28.7402, 23.4708
867, 0, 65, 28.6431, 23.4995
868, 0, 65, 28.6025, 23.5232
869, 0, 65, 28.5619, 23.5511
870, 0, 65, 28.5253, 23.5701
871, 0, 65, 28.4985, 23.6023
872, 0, 65, 28.4544, 23.6214
873, 0, 65, 28.5243, 23.655
874, 0, 65, 28.4941, 23.7026
875, 0, 65, 28.6283, 23.737
876, 0, 65, 28.6078, 23.7625
877, 0, 65, 28.581, 23.7842
878, 0, 65, 28.537, 23.8239
879, 0, 65, 28.5102, 23.8427
880, 0, 65, 28.6326, 23.8632
881, 0, 65, 28.5919, 23.9017
882, 0, 65, 28.5554, 23.9302
883, 0, 65, 28.5188, 23.9509
884, 0, 65, 28.4886, 23.9755
885, 0, 65, 28.4681, 23.9976
886, 0, 65, 28.4379, 24.0223
887, 0, 65, 28.3705, 24.0433
888, 0, 65, 28.3438, 24.0656
889, 0, 65, 28.3031, 24.0915
890, 0, 65, 28.2817, 24.131
891, 0, 65, 28.2228, 24.1758
892, 0, 65, 28.139, 24.2009
893, 0, 65, 28.1186, 24.2307
894, 0, 65, 28.082, 24.2653
895, 0, 65, 28.0454, 24.2861
896, 0, 65, 27.9781, 24.3131
897, 0, 65, 27.9192, 24.332
898, 0, 65, 27.8603, 24.3586
899, 0, 65, 27.793, 24.3893
900, 0, 65, 27.7092, 24.4083
901, 0, 65, 27.6562, 24.4312
902, 0, 65, 27.5591, 24.4504
903, 0, 65, 27.5323, 24.4791
904, 0, 65, 27.4485, 24.4981
905, 0, 65, 27.3817, 24.5251
906, 0, 65, 27.3603, 24.5649
907, 0, 65, 27.3449, 24.6001
908, 0, 65, 27.3083, 24.6264
909, 0, 65, 27.2717, 24.6452
910, 0, 65, 27.2311, 24.6954
911, 0, 65, 27.3237, 24.7144
912, 0, 65, 26.6868, 24.7336
913, 0, 65, 26.6663, 24.7565
914, 0, 65, 26.5825, 24.7755
915, 0, 65, 26.5767, 24.7954
916, 0, 65, 26.5677, 24.8148
917, 0, 65, 26.5472, 24.834
918, 0, 65, 26.5107, 24.8584
919, 0, 65, 26.4809, 24.8774
920, 0, 65, 26.4512, 24.8966
921, 0, 65, 26.435, 24.9153
922, 0, 65, 26.3985, 24.9346
923, 0, 64, 26.536, 24.9554
924, 0, 64, 26.5198, 24.9986
925, 0, 64, 26.4994, 25.0207
926, 0, 64, 26.4553, 25.047
927, 0, 64, 26.4023, 25.0699
928, 0, 64, 26.3657, 25.0928
929, 0, 64, 26.3453, 25.113
930, 0, 64, 26.3155, 25.1491
931, 0, 64, 26.2858, 25.1858
932, 0, 64, 26.275, 25.2054
933, 0, 63, 26.4647, 25.2276
934, 0, 63, 26.4206, 25.2485
935, 0, 62, 26.5618, 25.2681
936, 0, 62, 26.5253, 25.2924
937, 0, 62, 26.4664, 25.3318
938, 0, 61, 26.6151, 25.3535
939, 0, 61, 26.5477, 25.3884
940, 0, 61, 26.4947, 25.4092
941, 0, 61, 26.4541, 25.4306
942, 0, 61, 26.4175, 25.4672
943, 0, 61, 26.3907, 25.4881
944, 0, 61, 26.3541, 25.5239
945, 0, 61, 26.3274, 25.5861
946, 0, 61, 26.2833, 25.6099
947, 0, 61, 26.2467, 25.6493
948, 0, 61, 26.2026, 25.6687
949, 0, 61, 26.162, 25.7055
950, 0, 61, 26.1254, 25.7325
951, 0, 61, 26.0773, 25.7714
952, 0, 61, 26.0242, 25.7987
953, 0, 61, 25.9945, 25.8242
954, 0, 61, 25.9277, 25.8513
955, 0, 61, 25.8609, 25.8705
956, 0, 61, 25.8382, 25.9031
957, 0, 61, 25.8154, 25.942
958, 0, 61, 25.7307, 25.9694
959, 0, 61, 25.6941, 26.0302
960, 0, 61, 25.6639, 26.0518
961, 0, 61, 25.6233, 26.0727
962, 0, 61, 25.5792, 26.1151
963, 0, 61, 25.5524, 26.1343
964, 0, 61, 25.5256, 26.176
965, 0, 61, 25.4891, 26.2073
966, 0, 61, 25.4593, 26.2305
967, 0, 61, 25.4389, 26.2512
968, 0, 61, 25.3721, 26.2728
969, 0, 61, 25.3314, 26.3086
970, 0, 61, 25.2908, 26.3279
971, 0, 61, 25.2467, 26.3533
972, 0, 61, 25.206, 26.3799
973, 0, 61, 25.1793, 26.3991
974, 0, 61, 25.1525, 26.4334
975, 0, 61, 25.1228, 26.4616
976, 0, 61, 25.0746, 26.4903
977, 0, 61, 25.0449, 26.5117
978, 0, 61, 25.0151, 26.5376
979, 0, 61, 24.9849, 26.56
980, 0, 61, 24.9551, 26.5795
981, 0, 61, 24.9021, 26.6032
982, 0, 61, 24.8909, 26.6225
983, 0, 61, 24.8379, 26.6446
984, 0, 61, 24.8151, 26.664
985, 0, 61, 24.7924, 26.6917
986, 0, 61, 24.7794, 26.7313
987, 0, 61, 24.7632, 26.7647
988, 0, 61, 24.7335, 26.7973
989, 0, 61, 24.6969, 26.8261
990, 0, 61, 24.6672, 26.8455
991, 0, 61, 24.6517, 26.8649
992, 0, 61, 24.629, 26.8842
993, 0, 61, 24.6022, 26.9175
994, 0, 61, 24.5354, 26.9479
995, 0, 61, 24.5052, 26.9809
996, 0, 61, 24.4891, 27.0012
997, 0, 61, 24.4593, 27.0239
998, 0, 61, 24.4389, 27.0432
999, 0, 61, 24.4023, 27.0806
