Seed is: 45
Number of samples is: 1000
Simulation name is: NoTvSim.sim
TimeStep, Distraction Rate, Missed States, Model Accuracy, Time (ms)
0, 0, 256, 0, 6e-05
1, 0, 255, 1, 0.042992
2, 0, 254, 1.7632, 0.064172
3, 0, 253, 2.52639, 0.07895
4, 0, 252, 3.28959, 0.096123
5, 0, 251, 4.28959, 0.114147
6, 0, 250, 4.0574, 0.136149
7, 0, 249, 4.8206, 0.170344
8, 0, 248, 5.8206, 0.185283
9, 0, 247, 6.58379, 0.207956
10, 0, 246, 7.34699, 0.222624
11, 0, 245, 7.1148, 0.253563
12, 0, 244, 7.87799, 0.270315
13, 0, 243, 8.64119, 0.29382
14, 0, 242, 9.64119, 0.318977
15, 0, 242, 9.22615, 0.334317
16, 0, 242, 8.85262, 0.354094
17, 0, 241, 9.61582, 0.374323
18, 0, 240, 9.38363, 0.391325
19, 0, 239, 10.1468, 0.407346
20, 0, 238, 10.91, 0.433305
21, 0, 237, 11.6732, 0.460156
22, 0, 236, 12.4364, 0.481607
23, 0, 235, 13.1996, 0.496856
24, 0, 235, 12.7846, 0.512185
25, 0, 234, 14.1327, 0.54092
26, 0, 233, 14.8959, 0.556249
27, 0, 232, 15.6591, 0.571438
28, 0, 231, 16.4223, 0.589643
29, 0, 230, 17.1855, 0.605563
30, 0, 229, 18.1855, 0.620852
31, 0, 228, 18.9487, 0.640019
32, 0, 227, 19.7119, 0.660929
33, 0, 226, 20.4751, 0.677771
34, 0, 225, 21.2383, 0.69313
35, 0, 224, 22.0015, 0.708519
36, 0, 223, 23.0015, 0.738787
37, 0, 222, 23.7647, 0.754908
38, 0, 221, 24.5279, 0.770598
39, 0, 220, 25.2911, 0.786307
40, 0, 219, 26.2911, 0.801977
41, 0, 218, 27.2911, 0.817547
42, 0, 217, 28.2911, 0.836052
43, 0, 216, 29.0543, 0.857804
44, 0, 215, 29.8175, 0.895596
45, 0, 214, 30.5807, 0.921365
46, 0, 213, 31.3439, 0.946152
47, 0, 213, 30.9289, 0.962283
48, 0, 213, 30.5138, 0.992099
49, 0, 213, 30.0988, 1.01725
50, 0, 213, 29.7252, 1.03539
51, 0, 212, 30.4884, 1.05144
52, 0, 211, 31.2516, 1.06733
53, 0, 210, 32.0148, 1.08589
54, 0, 209, 32.778, 1.1023
55, 0, 209, 32.4045, 1.12544
56, 0, 208, 33.4045, 1.14272
57, 0, 208, 32.9895, 1.18006
58, 0, 208, 32.6159, 1.20324
59, 0, 208, 32.2424, 1.23674
60, 0, 207, 33.0056, 1.25854
61, 0, 206, 33.7688, 1.27537
62, 0, 205, 34.532, 1.292
63, 0, 204, 35.2952, 1.31717
64, 0, 204, 35.1253, 1.35181
65, 0, 204, 34.9553, 1.37241
66, 0, 204, 34.7854, 1.40632
67, 0, 203, 35.0267, 1.42328
68, 0, 203, 34.8222, 1.44158
69, 0, 203, 34.4487, 1.45801
70, 0, 203, 34.3382, 1.47475
71, 0, 203, 33.9646, 1.51681
72, 0, 202, 34.7278, 1.53588
73, 0, 201, 35.491, 1.58601
74, 0, 200, 35.2588, 1.61753
75, 0, 199, 36.022, 1.65644
76, 0, 198, 36.7852, 1.67389
77, 0, 197, 36.553, 1.69284
78, 0, 196, 37.553, 1.72942
79, 0, 195, 38.9012, 1.75039
80, 0, 194, 39.6644, 1.79753
81, 0, 194, 39.2909, 1.81425
82, 0, 193, 40.0541, 1.84515
83, 0, 192, 41.0541, 1.86794
84, 0, 191, 42.4022, 1.89423
85, 0, 190, 43.1654, 1.91708
86, 0, 189, 43.9286, 1.95453
87, 0, 188, 43.6964, 1.97096
88, 0, 187, 44.4596, 1.98934
89, 0, 186, 45.2228, 2.00776
90, 0, 185, 45.986, 2.03888
91, 0, 184, 46.986, 2.06206
92, 0, 183, 47.7492, 2.08003
93, 0, 182, 47.517, 2.1021
94, 0, 181, 48.2802, 2.12691
95, 0, 180, 49.0434, 2.1538
96, 0, 179, 50.0434, 2.17028
97, 0, 178, 50.8066, 2.19579
98, 0, 177, 51.5698, 2.23508
99, 0, 176, 52.333, 2.25733
100, 0, 175, 53.333, 2.28109
101, 0, 174, 54.0962, 2.30218
102, 0, 173, 55.0962, 2.32561
103, 0, 173, 54.7227, 2.34532
104, 0, 172, 55.4859, 2.36232
105, 0, 171, 56.4859, 2.38856
106, 0, 170, 57.2491, 2.40582
107, 0, 169, 58.0123, 2.42595
108, 0, 168, 58.7755, 2.44305
109, 0, 168, 58.3604, 2.49064
110, 0, 168, 57.9869, 2.51048
111, 0, 167, 59.3351, 2.52926
112, 0, 166, 59.1029, 2.54611
113, 0, 165, 59.8661, 2.57536
114, 0, 164, 60.6293, 2.60017
115, 0, 163, 61.3924, 2.61843
116, 0, 162, 62.1556, 2.65558
117, 0, 161, 62.9188, 2.67264
118, 0, 160, 63.9188, 2.69108
119, 0, 159, 64.682, 2.70811
120, 0, 158, 65.4452, 2.72508
121, 0, 157, 66.2084, 2.76428
122, 0, 156, 67.5566, 2.78276
123, 0, 156, 67.0716, 2.8025
124, 0, 156, 66.5867, 2.83661
125, 0, 155, 66.9394, 2.86001
126, 0, 155, 66.4545, 2.87933
127, 0, 155, 66.0809, 2.90686
128, 0, 155, 65.6659, 2.92463
129, 0, 155, 65.2924, 2.94806
130, 0, 155, 64.9188, 2.9701
131, 0, 155, 64.5453, 2.98741
132, 0, 155, 64.1303, 3.00578
133, 0, 155, 63.7567, 3.04727
134, 0, 155, 63.3417, 3.06538
135, 0, 155, 63.1372, 3.08306
136, 0, 154, 63.4899, 3.10445
137, 0, 154, 63.005, 3.13658
138, 0, 153, 63.7682, 3.16804
139, 0, 152, 64.5314, 3.18594
140, 0, 151, 65.2946, 3.20471
141, 0, 150, 66.0578, 3.22226
142, 0, 149, 66.821, 3.23977
143, 0, 148, 67.821, 3.2578
144, 0, 147, 68.5841, 3.27671
145, 0, 146, 69.3473, 3.29602
146, 0, 146, 69.2542, 3.31421
147, 0, 146, 69.1611, 3.34464
148, 0, 146, 69.068, 3.36331
149, 0, 146, 69.0007, 3.3824
150, 0, 146, 68.8477, 3.41854
151, 0, 146, 68.4742, 3.43749
152, 0, 145, 69.2374, 3.45496
153, 0, 145, 68.8224, 3.48644
154, 0, 145, 68.6524, 3.51139
155, 0, 145, 68.4995, 3.52954
156, 0, 145, 68.3466, 3.54758
157, 0, 144, 69.1098, 3.56714
158, 0, 143, 69.873, 3.5988
159, 0, 142, 70.6362, 3.62624
160, 0, 141, 71.3994, 3.64561
161, 0, 141, 71.0258, 3.66583
162, 0, 141, 70.8729, 3.69996
163, 0, 141, 70.8288, 3.71777
164, 0, 141, 70.6759, 3.75332
165, 0, 141, 70.3023, 3.77758
166, 0, 140, 71.0655, 3.79715
167, 0, 140, 70.5806, 3.81527
168, 0, 139, 71.5806, 3.83279
169, 0, 139, 71.207, 3.85262
170, 0, 139, 70.7221, 3.87095
171, 0, 138, 71.7221, 3.8913
172, 0, 138, 71.3486, 3.90891
173, 0, 138, 70.975, 3.92785
174, 0, 138, 70.4901, 3.95164
175, 0, 137, 71.2533, 3.96984
176, 0, 137, 70.8797, 3.98766
177, 0, 137, 70.5062, 4.00567
178, 0, 137, 70.1327, 4.03751
179, 0, 137, 69.7591, 4.05731
180, 0, 136, 70.7591, 4.07554
181, 0, 135, 71.5223, 4.10134
182, 0, 134, 72.5223, 4.13813
183, 0, 133, 73.2855, 4.16022
184, 0, 132, 74.2855, 4.1776
185, 0, 131, 75.0487, 4.19542
186, 0, 130, 75.8119, 4.21622
187, 0, 129, 76.5751, 4.23362
188, 0, 128, 77.5751, 4.25311
189, 0, 127, 78.3383, 4.27828
190, 0, 126, 79.1015, 4.29602
191, 0, 125, 80.1015, 4.31875
192, 0, 124, 81.1015, 4.35091
193, 0, 123, 81.8647, 4.37122
194, 0, 122, 82.6279, 4.38903
195, 0, 122, 82.2544, 4.40712
196, 0, 122, 81.8808, 4.42518
197, 0, 122, 81.5073, 4.44872
198, 0, 122, 81.1338, 4.47037
199, 0, 122, 80.7602, 4.48835
200, 0, 122, 80.3452, 4.50654
201, 0, 122, 79.9717, 4.52431
202, 0, 122, 79.5981, 4.54287
203, 0, 122, 79.2246, 4.56086
204, 0, 121, 79.9878, 4.57849
205, 0, 120, 80.751, 4.59817
206, 0, 120, 80.3774, 4.64203
207, 0, 120, 80.0039, 4.66047
208, 0, 120, 79.5889, 4.68334
209, 0, 120, 79.2153, 4.70141
210, 0, 120, 78.8418, 4.7299
211, 0, 119, 80.19, 4.75581
212, 0, 118, 80.9532, 4.79287
213, 0, 118, 80.4682, 4.83443
214, 0, 118, 80.0532, 4.85942
215, 0, 118, 79.6796, 4.87844
216, 0, 118, 79.3061, 4.90784
217, 0, 118, 78.9326, 4.92612
218, 0, 118, 78.559, 4.97574
219, 0, 118, 78.144, 4.99917
220, 0, 118, 77.7705, 5.02678
221, 0, 118, 77.3969, 5.05163
222, 0, 117, 77.7497, 5.07972
223, 0, 117, 78.0647, 5.10467
224, 0, 117, 77.4867, 5.1285
225, 0, 117, 77.1131, 5.16671
226, 0, 117, 76.7396, 5.19323
227, 0, 117, 76.3246, 5.2129
228, 0, 117, 76.1546, 5.23299
229, 0, 116, 76.396, 5.25541
230, 0, 116, 76.1914, 5.27393
231, 0, 116, 75.8179, 5.29256
232, 0, 116, 75.4444, 5.32597
233, 0, 116, 75.0708, 5.34821
234, 0, 116, 74.6973, 5.36635
235, 0, 115, 76.0455, 5.41035
236, 0, 115, 75.8925, 5.46795
237, 0, 115, 75.519, 5.49315
238, 0, 115, 75.4601, 5.54275
239, 0, 115, 75.4012, 5.56115
240, 0, 115, 75.3423, 5.57973
241, 0, 115, 75.3121, 5.59938
242, 0, 115, 75.2283, 5.61908
243, 0, 115, 75.0584, 5.65296
244, 0, 115, 74.9653, 5.68875
245, 0, 115, 74.8815, 5.71906
246, 0, 115, 74.7977, 5.73768
247, 0, 114, 75.1504, 5.75737
248, 0, 114, 74.6655, 5.8065
249, 0, 113, 75.4287, 5.83379
250, 0, 112, 76.1919, 5.86329
251, 0, 111, 77.1919, 5.88151
252, 0, 111, 76.8183, 5.90566
253, 0, 110, 78.1665, 5.9241
254, 0, 110, 77.7929, 5.96689
255, 0, 110, 77.4194, 6.00584
256, 0, 110, 77.3356, 6.03102
257, 0, 110, 77.295, 6.07057
258, 0, 110, 77.2543, 6.08882
259, 0, 110, 77.2137, 6.10756
260, 0, 110, 77.1923, 6.12611
261, 0, 110, 77.1085, 6.15673
262, 0, 110, 76.735, 6.17571
263, 0, 110, 76.3614, 6.19472
264, 0, 110, 76.2085, 6.22877
265, 0, 110, 75.835, 6.29289
266, 0, 110, 75.682, 6.31145
267, 0, 110, 75.3085, 6.35479
268, 0, 110, 74.935, 6.37311
269, 0, 109, 75.2877, 6.39102
270, 0, 109, 74.8028, 6.41226
271, 0, 109, 74.4293, 6.431
272, 0, 108, 75.1924, 6.46685
273, 0, 108, 74.8189, 6.5173
274, 0, 108, 74.4454, 6.54244
275, 0, 108, 73.9604, 6.57013
276, 0, 108, 73.7559, 6.62027
277, 0, 108, 73.5513, 6.64126
278, 0, 108, 73.1778, 6.67702
279, 0, 108, 73.0249, 6.69688
280, 0, 108, 72.9719, 6.72216
281, 0, 108, 72.8881, 6.74107
282, 0, 108, 72.5145, 6.7677
283, 0, 108, 72.31, 6.7863
284, 0, 108, 72.1055, 6.81967
285, 0, 108, 71.9525, 6.83765
286, 0, 108, 71.7826, 6.85636
287, 0, 108, 71.6297, 6.87458
288, 0, 108, 71.4767, 6.89923
289, 0, 108, 71.3238, 6.91742
290, 0, 108, 71.1539, 6.93686
291, 0, 108, 71.001, 6.97142
292, 0, 108, 70.848, 6.99902
293, 0, 108, 70.6781, 7.02643
294, 0, 108, 70.5252, 7.05313
295, 0, 108, 70.3552, 7.09231
296, 0, 108, 70.2447, 7.1166
297, 0, 108, 70.0402, 7.14129
298, 0, 108, 69.6667, 7.16567
299, 0, 108, 69.2516, 7.19032
300, 0, 108, 68.8366, 7.22532
301, 0, 108, 68.4631, 7.24393
302, 0, 108, 68.0895, 7.26218
303, 0, 108, 68.0598, 7.29494
304, 0, 108, 68.03, 7.32329
305, 0, 108, 68.0003, 7.34367
306, 0, 108, 67.9849, 7.37493
307, 0, 107, 68.1479, 7.39374
308, 0, 107, 68.0805, 7.41383
309, 0, 107, 67.9276, 7.43247
310, 0, 107, 67.5541, 7.45094
311, 0, 106, 67.3219, 7.47484
312, 0, 106, 66.9484, 7.49312
313, 0, 106, 66.5748, 7.51394
314, 0, 106, 66.4219, 7.53205
315, 0, 106, 66.0484, 7.55035
316, 0, 106, 65.6748, 7.5685
317, 0, 105, 66.438, 7.59179
318, 0, 104, 66.2058, 7.61536
319, 0, 103, 67.2058, 7.63624
320, 0, 102, 68.2058, 7.65415
321, 0, 101, 68.969, 7.67284
322, 0, 100, 69.969, 7.70011
323, 0, 99, 70.7322, 7.71847
324, 0, 98, 72.0804, 7.73677
325, 0, 97, 73.0804, 7.75495
326, 0, 96, 73.8436, 7.77301
327, 0, 96, 73.6736, 7.80423
328, 0, 96, 73.5037, 7.82441
329, 0, 96, 73.3508, 7.85747
330, 0, 96, 72.9773, 7.87694
331, 0, 96, 72.8243, 7.89564
332, 0, 96, 72.6714, 7.93027
333, 0, 96, 72.5185, 7.97508
334, 0, 96, 72.4744, 7.99582
335, 0, 96, 72.3639, 8.02833
336, 0, 96, 71.9488, 8.04908
337, 0, 96, 71.5753, 8.07085
338, 0, 96, 71.1603, 8.08935
339, 0, 96, 70.7867, 8.10758
340, 0, 95, 71.5499, 8.12698
341, 0, 94, 72.8981, 8.15189
342, 0, 94, 72.5246, 8.17732
343, 0, 94, 72.1095, 8.19538
344, 0, 94, 71.736, 8.22172
345, 0, 94, 71.5831, 8.24146
346, 0, 94, 71.4993, 8.26263
347, 0, 94, 71.4462, 8.28119
348, 0, 94, 71.435, 8.3342
349, 0, 94, 71.382, 8.36121
350, 0, 93, 71.6233, 8.3803
351, 0, 93, 71.4188, 8.39892
352, 0, 93, 71.0037, 8.41754
353, 0, 93, 70.8508, 8.43577
354, 0, 93, 70.4773, 8.45593
355, 0, 93, 70.1037, 8.47619
356, 0, 93, 70.0106, 8.51078
357, 0, 93, 69.9517, 8.53431
358, 0, 93, 69.8987, 8.55623
359, 0, 93, 69.9687, 8.58115
360, 0, 92, 70.1174, 8.63012
361, 0, 92, 70.0733, 8.64907
362, 0, 92, 70.0203, 8.66743
363, 0, 92, 69.6467, 8.69074
364, 0, 92, 69.5878, 8.71843
365, 0, 92, 69.5472, 8.73669
366, 0, 92, 69.5106, 8.76714
367, 0, 92, 69.4804, 8.80618
368, 0, 92, 69.4438, 8.83681
369, 0, 91, 69.6851, 8.85563
370, 0, 91, 69.4806, 8.87453
371, 0, 91, 69.1071, 8.89519
372, 0, 90, 69.3484, 8.91408
373, 0, 90, 69.1439, 8.93669
374, 0, 90, 69.1212, 8.96092
375, 0, 90, 69.0984, 8.99512
376, 0, 90, 69.0757, 9.02018
377, 0, 90, 69.0674, 9.03951
378, 0, 89, 69.2161, 9.06009
379, 0, 89, 69.1721, 9.08304
380, 0, 89, 69.1541, 9.12393
381, 0, 89, 69.1362, 9.1493
382, 0, 89, 69.1183, 9.16847
383, 0, 89, 69.1252, 9.1874
384, 0, 89, 69.1107, 9.21167
385, 0, 89, 69.0962, 9.23031
386, 0, 89, 69.0817, 9.25164
387, 0, 89, 69.0683, 9.29417
388, 0, 89, 69.038, 9.31894
389, 0, 89, 69.0261, 9.33912
390, 0, 89, 69.0141, 9.35757
391, 0, 89, 69.0021, 9.38667
392, 0, 89, 68.9913, 9.40807
393, 0, 89, 68.9547, 9.42761
394, 0, 89, 68.8442, 9.44662
395, 0, 89, 68.6913, 9.48365
396, 0, 89, 68.2762, 9.51215
397, 0, 89, 68.4982, 9.55188
398, 0, 89, 68.7201, 9.58062
399, 0, 89, 68.5672, 9.60418
400, 0, 89, 68.1521, 9.62293
401, 0, 89, 67.7786, 9.64576
402, 0, 89, 67.4051, 9.66901
403, 0, 89, 66.99, 9.70208
404, 0, 88, 67.2314, 9.72236
405, 0, 88, 67.0268, 9.74678
406, 0, 88, 66.8569, 9.77478
407, 0, 88, 66.5935, 9.79437
408, 0, 88, 66.4405, 9.83831
409, 0, 88, 66.3567, 9.85698
410, 0, 88, 65.9832, 9.87524
411, 0, 88, 65.5682, 9.89771
412, 0, 88, 65.3636, 9.91652
413, 0, 88, 64.9486, 9.93529
414, 0, 88, 64.7957, 9.95716
415, 0, 88, 64.6427, 9.97986
416, 0, 88, 64.8647, 10.0086
417, 0, 88, 64.6947, 10.0274
418, 0, 88, 64.5418, 10.046
419, 0, 88, 64.3373, 10.065
420, 0, 88, 64.1673, 10.0853
421, 0, 88, 64.0144, 10.1097
422, 0, 88, 63.6409, 10.1282
423, 0, 88, 63.5304, 10.1623
424, 0, 88, 63.4466, 10.1873
425, 0, 88, 63.2767, 10.2059
426, 0, 88, 63.1237, 10.2274
427, 0, 88, 62.9708, 10.2488
428, 0, 88, 62.8777, 10.2708
429, 0, 88, 62.7939, 10.292
430, 0, 88, 62.7101, 10.3119
431, 0, 88, 62.5571, 10.3432
432, 0, 88, 62.1421, 10.362
433, 0, 88, 61.7686, 10.3902
434, 0, 88, 61.395, 10.4154
435, 0, 88, 61.385, 10.4407
436, 0, 88, 61.3749, 10.461
437, 0, 88, 61.3649, 10.4917
438, 0, 88, 61.3561, 10.5178
439, 0, 88, 61.3347, 10.537
440, 0, 88, 61.2941, 10.5619
441, 0, 88, 61.2644, 10.5891
442, 0, 88, 61.2376, 10.6078
443, 0, 88, 61.2162, 10.6312
444, 0, 88, 61.2091, 10.6504
445, 0, 88, 61.1609, 10.6697
446, 0, 88, 61.0771, 10.6888
447, 0, 88, 60.9242, 10.7073
448, 0, 88, 60.9156, 10.736
449, 0, 88, 60.9071, 10.7592
450, 0, 88, 60.8985, 10.7779
451, 0, 88, 60.8927, 10.7965
452, 0, 88, 60.8659, 10.8164
453, 0, 88, 60.7821, 10.8352
454, 0, 88, 60.6292, 10.8606
455, 0, 88, 60.4763, 10.8831
456, 0, 88, 60.3234, 10.9021
457, 0, 88, 60.0599, 10.9213
458, 0, 88, 59.9494, 10.9398
459, 0, 87, 60.1392, 10.9584
460, 0, 87, 60.0287, 10.986
461, 0, 87, 59.9449, 11.011
462, 0, 87, 59.8611, 11.0313
463, 0, 87, 59.8986, 11.0507
464, 0, 87, 59.8831, 11.0706
465, 0, 87, 59.8758, 11.0966
466, 0, 87, 59.8684, 11.1291
467, 0, 87, 59.861, 11.1482
468, 0, 87, 59.8563, 11.1728
469, 0, 87, 59.8204, 11.2002
470, 0, 87, 59.7531, 11.2199
471, 0, 87, 59.5831, 11.2409
472, 0, 87, 59.4302, 11.2652
473, 0, 87, 58.9452, 11.299
474, 0, 87, 58.7923, 11.3183
475, 0, 87, 58.6224, 11.3599
476, 0, 87, 58.4694, 11.3787
477, 0, 87, 58.3857, 11.4114
478, 0, 87, 58.3183, 11.437
479, 0, 86, 58.508, 11.4594
480, 0, 86, 58.3975, 11.4793
481, 0, 86, 58.2446, 11.5039
482, 0, 86, 58.0747, 11.5232
483, 0, 86, 57.9218, 11.5434
484, 0, 86, 57.838, 11.5801
485, 0, 85, 58.0277, 11.6194
486, 0, 85, 58.1907, 11.6399
487, 0, 85, 58.1234, 11.6607
488, 0, 85, 58.0303, 11.6855
489, 0, 85, 57.9465, 11.7184
490, 0, 85, 57.8534, 11.7381
491, 0, 85, 57.7696, 11.7568
492, 0, 85, 57.565, 11.7757
493, 0, 85, 57.4812, 11.7965
494, 0, 85, 57.3974, 11.8289
495, 0, 85, 57.2275, 11.8616
496, 0, 85, 57.3905, 11.8901
497, 0, 85, 57.2974, 11.9105
498, 0, 84, 57.4872, 11.9297
499, 0, 84, 57.3767, 11.9506
500, 0, 84, 57.3237, 11.9708
501, 0, 84, 57.2563, 12.0226
502, 0, 84, 57.2122, 12.0418
503, 0, 84, 57.1592, 12.0627
504, 0, 84, 57.1151, 12.0821
505, 0, 84, 56.964, 12.1105
506, 0, 84, 56.8802, 12.1328
507, 0, 84, 56.7871, 12.1537
508, 0, 84, 56.7198, 12.1747
509, 0, 84, 56.6609, 12.1935
510, 0, 83, 56.8239, 12.2198
511, 0, 83, 56.7566, 12.2472
512, 0, 83, 56.6977, 12.2661
513, 0, 83, 56.6447, 12.288
514, 0, 82, 56.886, 12.3091
515, 0, 82, 56.6815, 12.3292
516, 0, 82, 56.5285, 12.3506
517, 0, 82, 56.3586, 12.373
518, 0, 82, 56.2057, 12.3938
519, 0, 82, 55.8321, 12.4245
520, 0, 81, 56.0219, 12.4506
521, 0, 81, 56.1849, 12.4772
522, 0, 81, 56.0918, 12.5078
523, 0, 81, 55.9987, 12.5269
524, 0, 81, 55.9149, 12.5475
525, 0, 81, 55.762, 12.5677
526, 0, 81, 55.6108, 12.5907
527, 0, 81, 55.4579, 12.6246
528, 0, 81, 55.3049, 12.6494
529, 0, 81, 55.135, 12.6747
530, 0, 81, 54.9821, 12.6939
531, 0, 81, 54.8292, 12.7131
532, 0, 81, 54.6762, 12.7509
533, 0, 81, 54.5657, 12.7751
534, 0, 81, 54.4819, 12.7959
535, 0, 81, 54.329, 12.8149
536, 0, 81, 54.1761, 12.8362
537, 0, 81, 54.0829, 12.8636
538, 0, 81, 53.9992, 12.9026
539, 0, 81, 53.906, 12.928
540, 0, 81, 53.8387, 12.9474
541, 0, 81, 53.7282, 12.9728
542, 0, 81, 53.5753, 12.9916
543, 0, 81, 53.5164, 13.0338
544, 0, 81, 53.4575, 13.0562
545, 0, 81, 53.4045, 13.0765
546, 0, 81, 53.2515, 13.1229
547, 0, 81, 53.1985, 13.1441
548, 0, 81, 53.1873, 13.1651
549, 0, 81, 53.1808, 13.1852
550, 0, 81, 53.1744, 13.2149
551, 0, 81, 53.168, 13.234
552, 0, 81, 53.1642, 13.2549
553, 0, 81, 53.1437, 13.2745
554, 0, 81, 53.0764, 13.2939
555, 0, 81, 52.9064, 13.331
556, 0, 81, 52.8226, 13.3652
557, 0, 81, 52.6697, 13.3848
558, 0, 81, 52.5859, 13.4056
559, 0, 81, 52.4928, 13.4289
560, 0, 81, 52.3417, 13.4484
561, 0, 81, 52.2579, 13.4801
562, 0, 81, 52.2138, 13.5094
563, 0, 81, 52.1207, 13.5281
564, 0, 81, 52.0677, 13.5542
565, 0, 81, 51.9147, 13.575
566, 0, 80, 52.1561, 13.618
567, 0, 80, 51.9515, 13.6627
568, 0, 80, 51.578, 13.6832
569, 0, 80, 51.4251, 13.7114
570, 0, 80, 51.2551, 13.7372
571, 0, 80, 51.1446, 13.7582
572, 0, 80, 50.9917, 13.777
573, 0, 80, 50.8388, 13.8119
574, 0, 80, 50.6858, 13.8308
575, 0, 80, 50.5159, 13.8503
576, 0, 80, 50.4054, 13.8695
577, 0, 80, 50.2355, 13.899
578, 0, 80, 50.1517, 13.9185
579, 0, 80, 50.0586, 13.9478
580, 0, 80, 49.9748, 13.9695
581, 0, 80, 50.1793, 13.9919
582, 0, 80, 50.0862, 14.0323
583, 0, 80, 50.0024, 14.0557
584, 0, 80, 49.8325, 14.0838
585, 0, 80, 49.6796, 14.1099
586, 0, 80, 49.1946, 14.1321
587, 0, 80, 49.1678, 14.1649
588, 0, 80, 49.0149, 14.203
589, 0, 80, 48.9852, 14.2219
590, 0, 80, 48.9624, 14.2613
591, 0, 80, 48.942, 14.2831
592, 0, 80, 48.9146, 14.3026
593, 0, 80, 48.8941, 14.3263
594, 0, 80, 48.7836, 14.3458
595, 0, 80, 48.4101, 14.3697
596, 0, 80, 48.0366, 14.394
597, 0, 80, 47.8836, 14.4313
598, 0, 80, 47.6202, 14.4579
599, 0, 80, 47.4673, 14.4798
600, 0, 80, 47.3835, 14.4989
601, 0, 80, 47.2904, 14.5186
602, 0, 80, 47.223, 14.5448
603, 0, 80, 47.1392, 14.57
604, 0, 80, 47.0554, 14.5946
605, 0, 80, 47.0024, 14.6134
606, 0, 80, 46.8513, 14.6421
607, 0, 80, 46.8072, 14.6623
608, 0, 80, 46.7631, 14.6876
609, 0, 80, 46.7101, 14.7088
610, 0, 80, 46.6571, 14.7288
611, 0, 80, 46.506, 14.7489
612, 0, 80, 46.453, 14.7682
613, 0, 80, 46.4089, 14.799
614, 0, 80, 46.3786, 14.8188
615, 0, 80, 46.3421, 14.8448
616, 0, 80, 46.2891, 14.8681
617, 0, 80, 46.2053, 14.8873
618, 0, 80, 46.1996, 14.9076
619, 0, 80, 46.194, 14.9266
620, 0, 80, 46.1883, 14.9475
621, 0, 80, 46.1852, 14.9821
622, 0, 80, 46.1578, 15.0051
623, 0, 80, 46.1276, 15.026
624, 0, 80, 46.087, 15.0514
625, 0, 80, 46.0504, 15.0705
626, 0, 80, 45.9399, 15.1085
627, 0, 80, 45.8561, 15.1438
628, 0, 80, 45.7456, 15.1738
629, 0, 80, 45.709, 15.2067
630, 0, 80, 45.6724, 15.2441
631, 0, 80, 45.6283, 15.277
632, 0, 80, 45.6983, 15.2967
633, 0, 80, 45.6617, 15.3359
634, 0, 80, 45.6534, 15.3579
635, 0, 80, 45.6509, 15.3792
636, 0, 80, 45.6348, 15.4063
637, 0, 80, 45.5818, 15.4259
638, 0, 80, 45.4289, 15.4505
639, 0, 80, 45.3759, 15.4726
640, 0, 80, 45.3229, 15.4946
641, 0, 80, 45.2699, 15.5188
642, 0, 80, 45.2485, 15.544
643, 0, 80, 45.2258, 15.5629
644, 0, 80, 45.2079, 15.5817
645, 0, 79, 45.3447, 15.6031
646, 0, 79, 45.3293, 15.6252
647, 0, 79, 45.3079, 15.6626
648, 0, 79, 45.2714, 15.6947
649, 0, 78, 45.4611, 15.7259
650, 0, 78, 45.3506, 15.7458
651, 0, 78, 45.2535, 15.7649
652, 0, 78, 45.1006, 15.784
653, 0, 77, 45.3419, 15.8029
654, 0, 77, 45.1374, 15.822
655, 0, 76, 45.3271, 15.8436
656, 0, 76, 45.2166, 15.8879
657, 0, 76, 45.1235, 15.9163
658, 0, 75, 45.3132, 15.9513
659, 0, 75, 45.2027, 15.9718
660, 0, 75, 45.1354, 15.9944
661, 0, 75, 45.0681, 16.0139
662, 0, 75, 45.024, 16.0415
663, 0, 75, 44.9402, 16.0759
664, 0, 75, 44.8564, 16.0978
665, 0, 75, 44.7034, 16.1173
666, 0, 75, 44.3299, 16.1363
667, 0, 75, 44.16, 16.1559
668, 0, 75, 44.0071, 16.1929
669, 0, 75, 43.8541, 16.2134
670, 0, 75, 43.8491, 16.2325
671, 0, 75, 43.8441, 16.2516
672, 0, 75, 43.8391, 16.2721
673, 0, 75, 43.842, 16.2912
674, 0, 75, 43.8376, 16.3142
675, 0, 75, 43.8331, 16.347
676, 0, 75, 43.8286, 16.3665
677, 0, 75, 43.846, 16.3858
678, 0, 75, 43.842, 16.4051
679, 0, 75, 43.838, 16.4241
680, 0, 75, 43.834, 16.4449
681, 0, 75, 43.8273, 16.4762
682, 0, 75, 43.8212, 16.4967
683, 0, 75, 43.8176, 16.5211
684, 0, 75, 43.814, 16.5416
685, 0, 75, 43.8104, 16.5682
686, 0, 75, 43.8044, 16.5874
687, 0, 75, 43.7876, 16.6263
688, 0, 75, 43.7763, 16.6529
689, 0, 75, 43.8247, 16.6743
690, 0, 75, 43.8117, 16.6957
691, 0, 75, 43.7814, 16.7266
692, 0, 75, 43.7284, 16.7519
693, 0, 75, 43.6919, 16.7712
694, 0, 75, 43.5389, 16.7904
695, 0, 75, 43.5306, 16.8097
696, 0, 75, 43.5263, 16.8296
697, 0, 75, 43.523, 16.8571
698, 0, 75, 43.5197, 16.8908
699, 0, 75, 43.5164, 16.9114
700, 0, 75, 43.5367, 16.9449
701, 0, 75, 43.5337, 16.968
702, 0, 75, 43.5307, 16.9874
703, 0, 75, 43.5278, 17.0104
704, 0, 75, 43.5207, 17.0308
705, 0, 75, 43.5072, 17.0561
706, 0, 75, 43.4911, 17.0775
707, 0, 75, 43.3806, 17.0971
708, 0, 75, 43.3742, 17.1163
709, 0, 75, 43.35, 17.1411
710, 0, 75, 43.3286, 17.1641
711, 0, 75, 43.3019, 17.1836
712, 0, 75, 43.2537, 17.2071
713, 0, 75, 43.3879, 17.2303
714, 0, 75, 43.3576, 17.2501
715, 0, 75, 43.317, 17.2696
716, 0, 75, 43.2804, 17.291
717, 0, 75, 43.2215, 17.311
718, 0, 75, 43.1626, 17.3371
719, 0, 75, 43.2968, 17.3569
720, 0, 75, 43.2666, 17.3827
721, 0, 75, 43.2452, 17.4036
722, 0, 75, 43.2154, 17.4228
723, 0, 75, 43.1887, 17.4418
724, 0, 75, 43.0955, 17.4615
725, 0, 75, 43.0118, 17.4952
726, 0, 75, 42.5967, 17.5161
727, 0, 75, 42.2232, 17.5352
728, 0, 75, 41.7382, 17.5694
729, 0, 75, 41.3647, 17.5885
730, 0, 75, 40.9496, 17.608
731, 0, 75, 40.5346, 17.6376
732, 0, 75, 40.1611, 17.6622
733, 0, 75, 39.7875, 17.6897
734, 0, 75, 39.7202, 17.709
735, 0, 75, 39.6364, 17.7474
736, 0, 75, 39.6096, 17.7794
737, 0, 75, 39.6065, 17.8091
738, 0, 75, 39.6038, 17.8283
739, 0, 75, 39.6011, 17.8484
740, 0, 75, 39.5983, 17.8799
741, 0, 75, 39.5926, 17.9082
742, 0, 75, 39.5818, 17.9294
743, 0, 75, 39.5453, 17.949
744, 0, 75, 39.515, 17.9819
745, 0, 75, 39.4883, 18.002
746, 0, 75, 39.4209, 18.0222
747, 0, 75, 39.3541, 18.0428
748, 0, 75, 39.2703, 18.0672
749, 0, 75, 39.1865, 18.0868
750, 0, 75, 39.1027, 18.1106
751, 0, 75, 39.0354, 18.145
752, 0, 75, 38.9913, 18.1721
753, 0, 75, 39.0839, 18.1937
754, 0, 75, 39.0309, 18.2137
755, 0, 75, 38.9378, 18.2482
756, 0, 74, 39.1276, 18.2679
757, 0, 74, 39.2906, 18.2878
758, 0, 74, 39.1395, 18.3073
759, 0, 74, 39.0557, 18.3394
760, 0, 74, 38.9968, 18.3734
761, 0, 73, 39.1598, 18.3932
762, 0, 73, 39.0925, 18.4158
763, 0, 73, 39.0395, 18.4352
764, 0, 73, 38.9463, 18.462
765, 0, 73, 38.8625, 18.495
766, 0, 73, 38.7952, 18.5273
767, 0, 73, 38.7114, 18.5585
768, 0, 73, 38.6708, 18.5797
769, 0, 73, 38.6301, 18.6111
770, 0, 73, 38.5935, 18.6305
771, 0, 73, 38.5495, 18.6515
772, 0, 73, 38.5013, 18.6784
773, 0, 73, 38.4175, 18.7019
774, 0, 73, 38.307, 18.7213
775, 0, 73, 38.2397, 18.751
776, 0, 73, 38.1808, 18.7718
777, 0, 73, 38.114, 18.791
778, 0, 73, 38.061, 18.8117
779, 0, 72, 38.2507, 18.8337
780, 0, 72, 38.1402, 18.8573
781, 0, 72, 38.0471, 18.8803
782, 0, 72, 37.9633, 18.9008
783, 0, 72, 37.8104, 18.9246
784, 0, 72, 37.7266, 18.946
785, 0, 72, 37.7086, 18.967
786, 0, 72, 37.7026, 18.9879
787, 0, 72, 37.6918, 19.0108
788, 0, 72, 37.6773, 19.0311
789, 0, 72, 37.6642, 19.0506
790, 0, 72, 37.5969, 19.0869
791, 0, 72, 37.4439, 19.1123
792, 0, 72, 37.385, 19.1621
793, 0, 72, 37.3548, 19.1984
794, 0, 72, 37.4475, 19.2485
795, 0, 72, 37.4034, 19.2714
796, 0, 72, 37.3196, 19.3076
797, 0, 72, 37.3171, 19.327
798, 0, 72, 37.3146, 19.3623
799, 0, 72, 37.312, 19.3822
800, 0, 72, 37.3069, 19.4013
801, 0, 72, 37.2871, 19.4216
802, 0, 72, 37.2716, 19.4426
803, 0, 72, 37.2449, 19.4617
804, 0, 72, 37.2181, 19.4816
805, 0, 72, 37.0983, 19.5016
806, 0, 72, 37.0394, 19.5282
807, 0, 72, 36.9423, 19.549
808, 0, 72, 36.8834, 19.5681
809, 0, 72, 36.8468, 19.588
810, 0, 72, 36.763, 19.6187
811, 0, 71, 37.0044, 19.6381
812, 0, 71, 36.7998, 19.6631
813, 0, 71, 36.7067, 19.6825
814, 0, 71, 36.6394, 19.7072
815, 0, 71, 36.5556, 19.7304
816, 0, 71, 36.4026, 19.7498
817, 0, 71, 36.2921, 19.7714
818, 0, 71, 36.1392, 19.7906
819, 0, 71, 35.7657, 19.8238
820, 0, 71, 35.6127, 19.8431
821, 0, 71, 35.5196, 19.8754
822, 0, 71, 35.4666, 19.8949
823, 0, 71, 35.4225, 19.9168
824, 0, 71, 35.3695, 19.9361
825, 0, 71, 35.3254, 19.9556
826, 0, 71, 35.2724, 19.9746
827, 0, 71, 35.1886, 19.9936
828, 0, 71, 34.8846, 20.0178
829, 0, 71, 34.8008, 20.0377
830, 0, 71, 34.6903, 20.0576
831, 0, 71, 34.6373, 20.0806
832, 0, 71, 34.6007, 20.1179
833, 0, 71, 34.5036, 20.1377
834, 0, 71, 34.467, 20.1698
835, 0, 71, 34.4304, 20.1893
836, 0, 71, 34.4283, 20.211
837, 0, 71, 34.426, 20.2312
838, 0, 71, 34.4237, 20.2642
839, 0, 71, 34.4214, 20.2838
840, 0, 71, 34.4168, 20.3105
841, 0, 71, 34.4077, 20.3326
842, 0, 71, 34.3864, 20.3523
843, 0, 71, 34.3498, 20.3717
844, 0, 71, 34.323, 20.4087
845, 0, 71, 34.2392, 20.4293
846, 0, 71, 34.2124, 20.4644
847, 0, 71, 34.1911, 20.4941
848, 0, 71, 34.1613, 20.5138
849, 0, 71, 34.1345, 20.5605
850, 0, 71, 34.0147, 20.581
851, 0, 71, 33.9479, 20.6155
852, 0, 71, 33.9073, 20.6607
853, 0, 71, 33.8805, 20.6948
854, 0, 71, 33.8275, 20.7147
855, 0, 71, 33.7437, 20.7509
856, 0, 71, 33.7292, 20.7738
857, 0, 71, 33.7248, 20.8112
858, 0, 71, 33.7161, 20.8455
859, 0, 71, 33.7129, 20.8652
860, 0, 71, 33.6965, 20.8854
861, 0, 71, 33.7755, 20.9061
862, 0, 71, 33.7642, 20.9266
863, 0, 71, 33.7438, 20.9506
864, 0, 71, 33.7233, 20.9759
865, 0, 71, 33.722, 21.0242
866, 0, 71, 33.7198, 21.0567
867, 0, 71, 33.7177, 21.0798
868, 0, 71, 33.7156, 21.1198
869, 0, 71, 33.7114, 21.1396
870, 0, 71, 33.7043, 21.1648
871, 0, 71, 33.6923, 21.1843
872, 0, 71, 33.6816, 21.2101
873, 0, 71, 33.6142, 21.2296
874, 0, 71, 33.6297, 21.2487
875, 0, 71, 33.6277, 21.27
876, 0, 71, 33.6258, 21.2967
877, 0, 71, 33.6238, 21.3164
878, 0, 71, 33.6189, 21.35
879, 0, 71, 33.6112, 21.3727
880, 0, 71, 33.5844, 21.398
881, 0, 71, 33.5706, 21.4188
882, 0, 71, 33.5502, 21.4384
883, 0, 71, 33.4972, 21.4578
884, 0, 71, 33.4953, 21.4777
885, 0, 71, 33.4935, 21.5023
886, 0, 71, 33.4916, 21.5229
887, 0, 71, 33.4872, 21.5435
888, 0, 71, 33.4864, 21.5636
889, 0, 71, 33.4847, 21.5831
890, 0, 71, 33.483, 21.6032
891, 0, 71, 33.4813, 21.6329
892, 0, 71, 33.4772, 21.6529
893, 0, 71, 33.4714, 21.6727
894, 0, 71, 33.4594, 21.692
895, 0, 71, 33.4573, 21.7114
896, 0, 71, 33.4457, 21.7319
897, 0, 71, 33.3979, 21.7529
898, 0, 71, 33.3765, 21.7927
899, 0, 71, 33.3682, 21.8129
900, 0, 71, 33.3455, 21.8406
901, 0, 71, 33.3251, 21.864
902, 0, 71, 33.4474, 21.9083
903, 0, 71, 33.4034, 21.9352
904, 0, 71, 33.3504, 21.9553
905, 0, 71, 33.2915, 21.9754
906, 0, 71, 33.2385, 21.9958
907, 0, 71, 33.0855, 22.023
908, 0, 71, 33.0558, 22.0587
909, 0, 71, 33.026, 22.0787
910, 0, 71, 32.9993, 22.1078
911, 0, 71, 32.9463, 22.1275
912, 0, 71, 32.9301, 22.1493
913, 0, 71, 32.9299, 22.1721
914, 0, 71, 32.9283, 22.192
915, 0, 71, 32.9267, 22.2301
916, 0, 71, 32.9251, 22.2499
917, 0, 71, 32.9213, 22.3012
918, 0, 71, 32.9147, 22.3215
919, 0, 71, 32.8993, 22.3519
920, 0, 71, 32.8725, 22.373
921, 0, 71, 32.8057, 22.4075
922, 0, 71, 32.9162, 22.431
923, 0, 71, 32.8894, 22.4547
924, 0, 71, 32.915, 22.4744
925, 0, 71, 32.8945, 22.4942
926, 0, 71, 32.8272, 22.5207
927, 0, 71, 32.7434, 22.5402
928, 0, 71, 32.5388, 22.5669
929, 0, 71, 32.5288, 22.5866
930, 0, 71, 32.5197, 22.6414
931, 0, 71, 32.6124, 22.6647
932, 0, 71, 32.5683, 22.6889
933, 0, 71, 32.5826, 22.7161
934, 0, 71, 32.5811, 22.7389
935, 0, 71, 32.5796, 22.7639
936, 0, 71, 32.5781, 22.7886
937, 0, 71, 32.5737, 22.8106
938, 0, 71, 32.569, 22.8306
939, 0, 71, 32.559, 22.8544
940, 0, 71, 32.5576, 22.878
941, 0, 71, 32.5478, 22.9005
942, 0, 71, 32.5317, 22.9205
943, 0, 71, 32.5015, 22.9543
944, 0, 71, 32.5805, 22.974
945, 0, 71, 32.5578, 23.0017
946, 0, 71, 32.535, 23.0271
947, 0, 71, 32.5146, 23.0653
948, 0, 71, 32.478, 23.0927
949, 0, 71, 32.4766, 23.112
950, 0, 71, 32.4752, 23.1321
951, 0, 71, 32.4738, 23.1518
952, 0, 71, 32.4698, 23.1826
953, 0, 71, 32.47, 23.212
954, 0, 71, 32.4687, 23.2471
955, 0, 71, 32.4673, 23.27
956, 0, 71, 32.466, 23.2928
957, 0, 71, 32.4623, 23.3256
958, 0, 71, 32.4565, 23.3483
959, 0, 71, 32.4361, 23.3737
960, 0, 71, 32.4206, 23.3951
961, 0, 71, 32.4052, 23.42
962, 0, 71, 32.3848, 23.4406
963, 0, 71, 32.4103, 23.4605
964, 0, 71, 32.3899, 23.4937
965, 0, 71, 32.4274, 23.5142
966, 0, 71, 32.5327, 23.5385
967, 0, 71, 32.5214, 23.5669
968, 0, 71, 32.4987, 23.6045
969, 0, 71, 32.4782, 23.6269
970, 0, 71, 32.4376, 23.6556
971, 0, 71, 32.3969, 23.6921
972, 0, 71, 32.3756, 23.7224
973, 0, 71, 32.3594, 23.7423
974, 0, 71, 32.339, 23.7695
975, 0, 71, 32.3185, 23.7931
976, 0, 71, 32.3147, 23.8291
977, 0, 71, 32.3062, 23.8602
978, 0, 70, 32.4509, 23.8818
979, 0, 70, 32.4465, 23.9065
980, 0, 70, 32.3935, 23.9267
981, 0, 69, 32.5566, 23.9544
982, 0, 69, 32.6789, 23.9769
983, 0, 69, 32.6259, 24.02
984, 0, 69, 32.5729, 24.0506
985, 0, 69, 32.5698, 24.0773
986, 0, 69, 32.5396, 24.103
987, 0, 69, 32.5383, 24.1316
988, 0, 69, 32.5371, 24.16
989, 0, 69, 32.5359, 24.1856
990, 0, 69, 32.5324, 24.2216
991, 0, 69, 32.533, 24.2447
992, 0, 69, 32.5318, 24.2644
993, 0, 69, 32.5306, 24.2845
994, 0, 69, 32.5294, 24.3143
995, 0, 69, 32.5263, 24.3385
996, 0, 69, 32.5179, 24.3726
997, 0, 69, 32.4805, 24.3931
998, 0, 69, 32.4531, 24.4156
999, 0, 69, 32.447, 24.4355
