Seed is: 92
Number of samples is: 1000
Simulation name is: NoTvSim.sim
TimeStep, Distraction Rate, Missed States, Model Accuracy, Time (ms)
0, 0, 256, 0, 5e-05
1, 0, 255, 1, 0.036118
2, 0, 254, 1.7632, 0.062018
3, 0, 253, 2.52639, 0.086324
4, 0, 252, 3.28959, 0.101062
5, 0, 251, 4.28959, 0.11559
6, 0, 250, 5.05279, 0.130348
7, 0, 249, 5.81599, 0.1526
8, 0, 248, 6.57918, 0.182868
9, 0, 247, 7.57918, 0.20508
10, 0, 246, 8.34238, 0.22593
11, 0, 245, 8.11019, 0.253432
12, 0, 244, 8.87338, 0.272248
13, 0, 243, 9.87338, 0.29926
14, 0, 242, 10.6366, 0.328966
15, 0, 241, 11.3998, 0.352822
16, 0, 240, 12.163, 0.374974
17, 0, 239, 12.9262, 0.40441
18, 0, 238, 13.6894, 0.421302
19, 0, 237, 14.6894, 0.450247
20, 0, 236, 15.4526, 0.465827
21, 0, 235, 16.2158, 0.501244
22, 0, 234, 16.979, 0.521232
23, 0, 233, 17.979, 0.537573
24, 0, 232, 18.979, 0.565677
25, 0, 231, 19.979, 0.581116
26, 0, 230, 20.7422, 0.597017
27, 0, 229, 20.51, 0.626603
28, 0, 228, 21.2732, 0.647934
29, 0, 228, 20.8581, 0.663824
30, 0, 228, 20.4431, 0.708178
31, 0, 228, 20.0281, 0.738466
32, 0, 228, 19.6545, 0.756771
33, 0, 227, 20.4177, 0.785506
34, 0, 226, 21.1809, 0.806145
35, 0, 225, 21.9441, 0.823137
36, 0, 224, 22.7073, 0.849868
37, 0, 223, 23.4705, 0.885436
38, 0, 222, 24.2337, 0.900976
39, 0, 221, 24.9969, 0.916535
40, 0, 220, 25.7601, 0.970157
41, 0, 220, 25.3866, 0.991809
42, 0, 219, 26.3866, 1.00829
43, 0, 219, 25.9715, 1.03237
44, 0, 219, 25.598, 1.04995
45, 0, 218, 26.9462, 1.06566
46, 0, 217, 27.7093, 1.08132
47, 0, 217, 27.2244, 1.09757
48, 0, 216, 27.9876, 1.11644
49, 0, 215, 28.7508, 1.13264
50, 0, 214, 29.514, 1.16804
51, 0, 213, 29.2818, 1.18455
52, 0, 212, 30.045, 1.20054
53, 0, 211, 30.8082, 1.2204
54, 0, 210, 31.5714, 1.23871
55, 0, 209, 32.3346, 1.25477
56, 0, 208, 33.0978, 1.27028
57, 0, 207, 33.861, 1.29954
58, 0, 206, 34.6242, 1.32516
59, 0, 205, 35.6242, 1.34477
60, 0, 204, 36.3874, 1.36966
61, 0, 203, 37.1506, 1.38612
62, 0, 202, 37.9138, 1.40189
63, 0, 201, 38.677, 1.4493
64, 0, 200, 39.677, 1.47303
65, 0, 199, 40.677, 1.49144
66, 0, 198, 41.4402, 1.51386
67, 0, 197, 42.2033, 1.53031
68, 0, 196, 42.9665, 1.55238
69, 0, 195, 43.7297, 1.5779
70, 0, 194, 44.4929, 1.59416
71, 0, 193, 45.2561, 1.62874
72, 0, 192, 45.6089, 1.64553
73, 0, 192, 45.1239, 1.66906
74, 0, 192, 44.7504, 1.70276
75, 0, 192, 44.5805, 1.72472
76, 0, 192, 44.4106, 1.74258
77, 0, 192, 44.2406, 1.76276
78, 0, 191, 44.482, 1.77936
79, 0, 191, 44.2774, 1.80377
80, 0, 191, 43.9039, 1.8222
81, 0, 190, 44.6671, 1.84562
82, 0, 189, 45.4303, 1.8622
83, 0, 188, 45.1981, 1.88162
84, 0, 187, 45.9613, 1.89811
85, 0, 186, 46.7245, 1.91619
86, 0, 185, 47.4877, 1.95003
87, 0, 184, 48.2509, 1.98164
88, 0, 184, 47.8774, 2.00765
89, 0, 183, 48.6406, 2.02448
90, 0, 183, 48.267, 2.0448
91, 0, 182, 49.0302, 2.07146
92, 0, 181, 49.7934, 2.0885
93, 0, 180, 50.5566, 2.10591
94, 0, 179, 51.3198, 2.1284
95, 0, 178, 52.3198, 2.15163
96, 0, 177, 53.083, 2.1691
97, 0, 176, 53.8462, 2.20353
98, 0, 175, 54.6094, 2.22024
99, 0, 174, 55.3726, 2.25218
100, 0, 173, 56.3726, 2.28347
101, 0, 172, 57.1358, 2.30354
102, 0, 171, 57.899, 2.32803
103, 0, 170, 58.6622, 2.35799
104, 0, 170, 58.2472, 2.37516
105, 0, 170, 58.0772, 2.39707
106, 0, 169, 58.3186, 2.4139
107, 0, 169, 58.114, 2.43128
108, 0, 169, 57.9095, 2.45546
109, 0, 169, 57.536, 2.47302
110, 0, 168, 58.536, 2.49009
111, 0, 167, 59.2992, 2.52439
112, 0, 166, 60.2992, 2.54101
113, 0, 165, 60.067, 2.55803
114, 0, 164, 59.8348, 2.57599
115, 0, 163, 60.1875, 2.59314
116, 0, 163, 59.7026, 2.6295
117, 0, 162, 61.0507, 2.66999
118, 0, 162, 60.9402, 2.69408
119, 0, 162, 60.7873, 2.71682
120, 0, 162, 60.6344, 2.734
121, 0, 162, 60.2608, 2.76319
122, 0, 161, 61.024, 2.78196
123, 0, 160, 61.7872, 2.79961
124, 0, 159, 62.7872, 2.83171
125, 0, 158, 63.5504, 2.86235
126, 0, 157, 64.5504, 2.88078
127, 0, 157, 64.1769, 2.90372
128, 0, 156, 64.9401, 2.92096
129, 0, 155, 65.9401, 2.9514
130, 0, 154, 66.7033, 2.96938
131, 0, 153, 67.4665, 2.99624
132, 0, 152, 68.2297, 3.01615
133, 0, 152, 67.8147, 3.03327
134, 0, 152, 67.4411, 3.05074
135, 0, 152, 67.0676, 3.06858
136, 0, 152, 66.6941, 3.10609
137, 0, 152, 66.3205, 3.13228
138, 0, 151, 66.6733, 3.14936
139, 0, 151, 66.1883, 3.1671
140, 0, 151, 65.7733, 3.18438
141, 0, 151, 65.3998, 3.21093
142, 0, 151, 65.0262, 3.22886
143, 0, 151, 64.6527, 3.25852
144, 0, 151, 64.2376, 3.29144
145, 0, 151, 63.8641, 3.309
146, 0, 151, 63.4491, 3.32628
147, 0, 151, 63.2961, 3.34376
148, 0, 151, 62.9226, 3.3613
149, 0, 151, 62.5076, 3.39288
150, 0, 151, 62.134, 3.41521
151, 0, 151, 61.7605, 3.4558
152, 0, 150, 62.5237, 3.47317
153, 0, 149, 63.2869, 3.49021
154, 0, 149, 62.8719, 3.50747
155, 0, 149, 62.4983, 3.52603
156, 0, 148, 63.2615, 3.54357
157, 0, 147, 64.0247, 3.56293
158, 0, 147, 63.6512, 3.58061
159, 0, 147, 63.2777, 3.60379
160, 0, 147, 63.1077, 3.63754
161, 0, 147, 62.9548, 3.6558
162, 0, 147, 62.8019, 3.67344
163, 0, 146, 63.1546, 3.69095
164, 0, 146, 62.6697, 3.70893
165, 0, 145, 63.4329, 3.72978
166, 0, 144, 64.1961, 3.74993
167, 0, 143, 64.9593, 3.77417
168, 0, 142, 65.9593, 3.79719
169, 0, 141, 66.7225, 3.82251
170, 0, 140, 67.4857, 3.84129
171, 0, 140, 67.3925, 3.86536
172, 0, 140, 67.2994, 3.88943
173, 0, 140, 67.2063, 3.90939
174, 0, 140, 67.139, 3.93476
175, 0, 140, 66.9861, 3.96621
176, 0, 140, 66.942, 3.98413
177, 0, 140, 66.789, 4.00371
178, 0, 140, 66.4155, 4.02651
179, 0, 139, 67.1787, 4.05211
180, 0, 138, 67.9419, 4.08088
181, 0, 137, 67.7097, 4.10556
182, 0, 136, 68.7097, 4.12344
183, 0, 135, 69.4729, 4.14719
184, 0, 134, 70.4729, 4.17171
185, 0, 133, 71.2361, 4.18946
186, 0, 132, 71.9993, 4.21679
187, 0, 131, 72.7625, 4.23733
188, 0, 130, 73.7625, 4.25518
189, 0, 129, 75.1107, 4.27864
190, 0, 128, 75.8739, 4.30632
191, 0, 128, 75.5003, 4.32423
192, 0, 128, 75.1268, 4.3417
193, 0, 128, 75.0163, 4.36225
194, 0, 128, 74.6427, 4.381
195, 0, 128, 74.1578, 4.39955
196, 0, 128, 74.0989, 4.41757
197, 0, 128, 74.04, 4.43591
198, 0, 128, 73.9811, 4.45373
199, 0, 128, 73.9509, 4.49172
200, 0, 128, 73.8671, 4.51942
201, 0, 128, 73.6972, 4.54322
202, 0, 128, 73.5867, 4.56189
203, 0, 128, 73.5029, 4.58312
204, 0, 128, 73.4622, 4.60351
205, 0, 128, 73.4216, 4.62359
206, 0, 128, 73.3809, 4.64164
207, 0, 128, 73.4329, 4.67077
208, 0, 128, 73.4032, 4.69526
209, 0, 128, 73.3734, 4.71351
210, 0, 128, 73.3437, 4.75282
211, 0, 128, 73.3078, 4.78131
212, 0, 128, 73.224, 4.80304
213, 0, 127, 73.5768, 4.83114
214, 0, 127, 73.0918, 4.84921
215, 0, 126, 74.0918, 4.88445
216, 0, 125, 74.4446, 4.91753
217, 0, 125, 73.9596, 4.93586
218, 0, 124, 74.7228, 4.97056
219, 0, 123, 75.486, 4.98899
220, 0, 122, 76.486, 5.01279
221, 0, 121, 77.8342, 5.03598
222, 0, 120, 78.5974, 5.05363
223, 0, 120, 78.1124, 5.07757
224, 0, 119, 78.8756, 5.1419
225, 0, 118, 79.6388, 5.17217
226, 0, 117, 80.402, 5.19675
227, 0, 116, 81.1652, 5.22781
228, 0, 115, 82.1652, 5.24967
229, 0, 115, 81.7917, 5.26735
230, 0, 114, 82.7917, 5.28489
231, 0, 114, 82.3766, 5.3039
232, 0, 114, 82.0031, 5.32614
233, 0, 114, 81.6296, 5.34446
234, 0, 114, 81.256, 5.36288
235, 0, 114, 80.8825, 5.38318
236, 0, 113, 81.8825, 5.4067
237, 0, 113, 81.509, 5.42467
238, 0, 112, 81.8617, 5.44487
239, 0, 112, 81.3768, 5.46317
240, 0, 112, 81.1722, 5.48694
241, 0, 112, 80.7572, 5.51969
242, 0, 112, 80.5527, 5.5412
243, 0, 112, 80.1791, 5.5596
244, 0, 112, 79.8056, 5.61357
245, 0, 112, 79.4321, 5.67837
246, 0, 111, 80.1953, 5.70308
247, 0, 111, 79.8217, 5.72846
248, 0, 111, 79.4067, 5.74919
249, 0, 111, 79.0332, 5.79727
250, 0, 111, 78.6596, 5.81564
251, 0, 111, 78.2861, 5.85705
252, 0, 111, 78.1332, 5.88449
253, 0, 110, 78.4859, 5.90497
254, 0, 110, 78.001, 5.93387
255, 0, 110, 77.9079, 5.96319
256, 0, 110, 77.8241, 5.98306
257, 0, 110, 77.4505, 6.0104
258, 0, 110, 77.4278, 6.02914
259, 0, 110, 77.4051, 6.05119
260, 0, 110, 77.3824, 6.06961
261, 0, 110, 77.355, 6.08762
262, 0, 110, 77.2876, 6.10837
263, 0, 110, 76.9141, 6.13428
264, 0, 110, 76.5405, 6.16046
265, 0, 110, 76.167, 6.17851
266, 0, 110, 75.7935, 6.19726
267, 0, 110, 76.0154, 6.21656
268, 0, 110, 75.8625, 6.25269
269, 0, 110, 75.4889, 6.27379
270, 0, 110, 75.336, 6.29211
271, 0, 110, 74.9625, 6.32475
272, 0, 110, 74.5474, 6.3441
273, 0, 109, 75.8956, 6.36499
274, 0, 108, 76.6588, 6.39223
275, 0, 108, 76.2853, 6.41067
276, 0, 108, 75.9117, 6.44135
277, 0, 108, 75.5382, 6.45975
278, 0, 108, 75.1647, 6.47828
279, 0, 108, 74.7911, 6.51109
280, 0, 108, 74.3761, 6.52986
281, 0, 108, 74.0026, 6.54902
282, 0, 108, 73.629, 6.57123
283, 0, 108, 73.2555, 6.59455
284, 0, 108, 73.0509, 6.61306
285, 0, 108, 72.6774, 6.63313
286, 0, 108, 72.2624, 6.65781
287, 0, 108, 71.8473, 6.6775
288, 0, 108, 71.4738, 6.7139
289, 0, 108, 71.1003, 6.73993
290, 0, 108, 70.9473, 6.75929
291, 0, 107, 71.3001, 6.79354
292, 0, 107, 70.8151, 6.81273
293, 0, 107, 70.4416, 6.83976
294, 0, 106, 71.2048, 6.85786
295, 0, 105, 70.9726, 6.87593
296, 0, 104, 71.9726, 6.894
297, 0, 103, 72.9726, 6.91341
298, 0, 102, 73.7358, 6.93874
299, 0, 101, 74.7358, 6.9758
300, 0, 100, 75.499, 7.00171
301, 0, 100, 75.4575, 7.01996
302, 0, 100, 75.0425, 7.0565
303, 0, 100, 74.6274, 7.08378
304, 0, 99, 74.9802, 7.10216
305, 0, 99, 74.4952, 7.12061
306, 0, 98, 75.2584, 7.13878
307, 0, 98, 74.7735, 7.15758
308, 0, 98, 74.3999, 7.17708
309, 0, 98, 74.23, 7.20965
310, 0, 98, 74.0601, 7.23293
311, 0, 98, 73.9072, 7.25254
312, 0, 98, 73.5336, 7.28328
313, 0, 98, 73.3807, 7.30204
314, 0, 98, 73.0072, 7.32134
315, 0, 98, 72.6336, 7.34618
316, 0, 98, 72.1487, 7.37824
317, 0, 98, 71.7751, 7.41232
318, 0, 97, 72.0165, 7.43316
319, 0, 97, 72.2384, 7.4542
320, 0, 96, 72.4797, 7.48092
321, 0, 96, 72.2752, 7.4996
322, 0, 96, 71.8602, 7.51825
323, 0, 95, 72.2129, 7.55252
324, 0, 95, 71.728, 7.57338
325, 0, 95, 71.3129, 7.59316
326, 0, 95, 70.9394, 7.61162
327, 0, 94, 72.2876, 7.64471
328, 0, 94, 71.914, 7.67853
329, 0, 94, 71.5405, 7.7075
330, 0, 94, 71.1255, 7.72711
331, 0, 93, 71.4782, 7.74806
332, 0, 93, 70.9933, 7.7687
333, 0, 93, 70.7887, 7.79636
334, 0, 92, 71.0301, 7.81641
335, 0, 92, 70.8255, 7.83686
336, 0, 92, 70.5621, 7.86324
337, 0, 92, 70.518, 7.88207
338, 0, 92, 70.4342, 7.90914
339, 0, 92, 70.2643, 7.92839
340, 0, 92, 70.1114, 7.94821
341, 0, 92, 70.4264, 7.97432
342, 0, 92, 70.6483, 8.01152
343, 0, 92, 70.4438, 8.03107
344, 0, 92, 70.0287, 8.05259
345, 0, 92, 69.6552, 8.07099
346, 0, 92, 69.4507, 8.09113
347, 0, 92, 69.0771, 8.11225
348, 0, 92, 68.4991, 8.14801
349, 0, 91, 68.7404, 8.17075
350, 0, 91, 68.5359, 8.198
351, 0, 91, 68.3829, 8.23321
352, 0, 91, 68.23, 8.26785
353, 0, 90, 68.4197, 8.29966
354, 0, 90, 68.3092, 8.31906
355, 0, 90, 68.1047, 8.34135
356, 0, 90, 68.0868, 8.35992
357, 0, 90, 68.0689, 8.38828
358, 0, 90, 68.0509, 8.41241
359, 0, 90, 68.1079, 8.43118
360, 0, 90, 68.078, 8.45016
361, 0, 89, 68.2411, 8.46902
362, 0, 89, 68.1737, 8.49033
363, 0, 89, 68.0806, 8.50914
364, 0, 89, 68.0133, 8.53036
365, 0, 89, 67.9692, 8.55184
366, 0, 89, 67.9251, 8.58539
367, 0, 89, 67.8721, 8.60461
368, 0, 89, 67.8576, 8.6374
369, 0, 89, 67.8431, 8.65678
370, 0, 89, 67.8286, 8.67582
371, 0, 89, 67.8044, 8.6965
372, 0, 89, 67.7514, 8.72494
373, 0, 89, 67.5984, 8.75511
374, 0, 89, 67.4455, 8.7756
375, 0, 89, 67.0305, 8.80606
376, 0, 89, 66.8775, 8.83198
377, 0, 89, 66.673, 8.8517
378, 0, 89, 66.5201, 8.87054
379, 0, 89, 66.4898, 8.90775
380, 0, 89, 66.4309, 8.93596
381, 0, 89, 66.3779, 8.95793
382, 0, 89, 66.0044, 8.98484
383, 0, 89, 65.9455, 9.00373
384, 0, 89, 65.9153, 9.02377
385, 0, 89, 65.8851, 9.04434
386, 0, 89, 65.8013, 9.08191
387, 0, 89, 65.9643, 9.10957
388, 0, 89, 65.7009, 9.13452
389, 0, 89, 65.5904, 9.15354
390, 0, 89, 65.4374, 9.17521
391, 0, 89, 65.2845, 9.19389
392, 0, 89, 64.8695, 9.21547
393, 0, 89, 64.6649, 9.2431
394, 0, 89, 64.512, 9.2622
395, 0, 89, 64.4282, 9.29436
396, 0, 89, 64.3608, 9.31327
397, 0, 89, 64.2079, 9.33589
398, 0, 89, 64.038, 9.35548
399, 0, 89, 63.9275, 9.37833
400, 0, 89, 63.7746, 9.40268
401, 0, 89, 63.6908, 9.42115
402, 0, 89, 63.3172, 9.44533
403, 0, 89, 63.3053, 9.46743
404, 0, 89, 63.2933, 9.4865
405, 0, 89, 63.2813, 9.51439
406, 0, 89, 63.2614, 9.53616
407, 0, 89, 63.2249, 9.56209
408, 0, 89, 63.2148, 9.58389
409, 0, 89, 63.2048, 9.60902
410, 0, 89, 63.1947, 9.62795
411, 0, 89, 63.1782, 9.64702
412, 0, 89, 63.1417, 9.66968
413, 0, 89, 63.0579, 9.68882
414, 0, 88, 63.4106, 9.70847
415, 0, 88, 62.9257, 9.7278
416, 0, 88, 62.5106, 9.76229
417, 0, 88, 62.3061, 9.80681
418, 0, 88, 61.9326, 9.83324
419, 0, 87, 62.2853, 9.86129
420, 0, 87, 61.8004, 9.8865
421, 0, 86, 63.1485, 9.90539
422, 0, 85, 63.9117, 9.92396
423, 0, 85, 63.5382, 9.94285
424, 0, 85, 63.1231, 9.96318
425, 0, 85, 62.7496, 9.9864
426, 0, 85, 63.0646, 10.0055
427, 0, 85, 62.6911, 10.0244
428, 0, 85, 62.6505, 10.0544
429, 0, 85, 62.6139, 10.079
430, 0, 85, 62.461, 10.1139
431, 0, 85, 62.0874, 10.1415
432, 0, 84, 62.3288, 10.1603
433, 0, 84, 62.1242, 10.18
434, 0, 84, 62.1157, 10.2017
435, 0, 84, 62.1071, 10.228
436, 0, 84, 62.0985, 10.247
437, 0, 84, 62.0848, 10.2679
438, 0, 84, 62.0634, 10.2999
439, 0, 84, 62.0228, 10.3486
440, 0, 84, 62.0014, 10.375
441, 0, 84, 62.0534, 10.395
442, 0, 84, 62.0266, 10.4145
443, 0, 84, 62.015, 10.4337
444, 0, 84, 61.9883, 10.4533
445, 0, 84, 61.9045, 10.4738
446, 0, 84, 61.8207, 10.4971
447, 0, 84, 61.6507, 10.5162
448, 0, 84, 61.5669, 10.5349
449, 0, 84, 61.397, 10.5599
450, 0, 84, 61.2865, 10.5793
451, 0, 84, 61.1336, 10.5984
452, 0, 84, 61.0231, 10.6196
453, 0, 84, 60.9393, 10.6391
454, 0, 84, 60.9768, 10.6586
455, 0, 84, 60.9409, 10.678
456, 0, 84, 60.7898, 10.7086
457, 0, 84, 60.7693, 10.7297
458, 0, 84, 60.7619, 10.751
459, 0, 84, 60.7546, 10.7759
460, 0, 84, 60.7472, 10.795
461, 0, 84, 60.7374, 10.8276
462, 0, 84, 60.7169, 10.8472
463, 0, 84, 60.6496, 10.8791
464, 0, 84, 60.5658, 10.8996
465, 0, 83, 60.7555, 10.9335
466, 0, 83, 60.645, 10.9529
467, 0, 83, 60.4405, 10.9833
468, 0, 83, 60.2706, 11.0127
469, 0, 83, 60.1176, 11.0354
470, 0, 83, 59.9477, 11.061
471, 0, 83, 59.7778, 11.1018
472, 0, 83, 59.6673, 11.1223
473, 0, 83, 59.5835, 11.1584
474, 0, 83, 59.4324, 11.1823
475, 0, 83, 59.3883, 11.2183
476, 0, 83, 59.2952, 11.2443
477, 0, 83, 59.2278, 11.2731
478, 0, 83, 59.0749, 11.2948
479, 0, 83, 58.8703, 11.3292
480, 0, 83, 58.8406, 11.3483
481, 0, 83, 58.8138, 11.3817
482, 0, 83, 58.6609, 11.4087
483, 0, 83, 58.508, 11.4372
484, 0, 83, 58.355, 11.4563
485, 0, 83, 58.1505, 11.4795
486, 0, 83, 57.9806, 11.4982
487, 0, 83, 57.8276, 11.5257
488, 0, 83, 57.6747, 11.5471
489, 0, 83, 57.5218, 11.5731
490, 0, 83, 57.3518, 11.5972
491, 0, 83, 57.1989, 11.6165
492, 0, 83, 57.029, 11.6353
493, 0, 83, 56.9452, 11.6542
494, 0, 83, 56.7923, 11.6811
495, 0, 83, 56.6223, 11.6998
496, 0, 83, 56.4694, 11.7192
497, 0, 83, 56.3165, 11.7468
498, 0, 82, 56.6692, 11.7885
499, 0, 82, 56.1843, 11.8197
500, 0, 82, 55.8107, 11.8387
501, 0, 82, 55.6062, 11.8669
502, 0, 82, 55.2327, 11.8863
503, 0, 81, 55.5854, 11.9115
504, 0, 81, 55.1005, 11.931
505, 0, 81, 54.6854, 11.9695
506, 0, 81, 54.5155, 11.9883
507, 0, 81, 54.3626, 12.0084
508, 0, 81, 53.9475, 12.0424
509, 0, 81, 53.7946, 12.0614
510, 0, 81, 53.6417, 12.0823
511, 0, 81, 53.4371, 12.1113
512, 0, 81, 53.2672, 12.1396
513, 0, 81, 53.1741, 12.1719
514, 0, 81, 53.0903, 12.1963
515, 0, 81, 52.9374, 12.2184
516, 0, 81, 52.7674, 12.2375
517, 0, 81, 52.6569, 12.2606
518, 0, 81, 52.504, 12.2815
519, 0, 81, 52.1305, 12.3053
520, 0, 81, 51.9606, 12.3404
521, 0, 81, 51.8768, 12.3759
522, 0, 81, 51.793, 12.3963
523, 0, 81, 51.623, 12.4157
524, 0, 81, 51.4701, 12.4352
525, 0, 81, 51.2656, 12.4581
526, 0, 81, 50.892, 12.4845
527, 0, 81, 50.5185, 12.5039
528, 0, 81, 50.4347, 12.5247
529, 0, 81, 50.2818, 12.544
530, 0, 81, 50.1288, 12.5684
531, 0, 81, 49.7138, 12.588
532, 0, 80, 50.0666, 12.6132
533, 0, 80, 49.5816, 12.6362
534, 0, 80, 49.3771, 12.6701
535, 0, 80, 49.1725, 12.6898
536, 0, 80, 49.0196, 12.712
537, 0, 80, 48.8667, 12.7347
538, 0, 80, 48.7137, 12.7537
539, 0, 80, 48.684, 12.7791
540, 0, 80, 48.6686, 12.8114
541, 0, 80, 48.6411, 12.8317
542, 0, 80, 48.6667, 12.8511
543, 0, 80, 48.644, 12.8839
544, 0, 80, 48.6235, 12.9134
545, 0, 80, 48.513, 12.9374
546, 0, 80, 48.5066, 12.97
547, 0, 80, 48.5002, 12.989
548, 0, 80, 48.4937, 13.0085
549, 0, 80, 48.4854, 13.0323
550, 0, 80, 48.458, 13.0556
551, 0, 80, 48.4139, 13.0784
552, 0, 80, 48.261, 13.0975
553, 0, 80, 48.1679, 13.1163
554, 0, 80, 48.0748, 13.1472
555, 0, 80, 47.991, 13.1744
556, 0, 80, 47.838, 13.1941
557, 0, 79, 48.0011, 13.2144
558, 0, 79, 48.1235, 13.2502
559, 0, 79, 48.0705, 13.2698
560, 0, 79, 47.9193, 13.2907
561, 0, 79, 47.8088, 13.3097
562, 0, 79, 47.6983, 13.3301
563, 0, 79, 47.6012, 13.3537
564, 0, 79, 47.5851, 13.3839
565, 0, 79, 47.5795, 13.4093
566, 0, 79, 47.5738, 13.4389
567, 0, 79, 47.5682, 13.458
568, 0, 79, 47.5611, 13.4965
569, 0, 79, 47.5449, 13.5165
570, 0, 79, 47.4919, 13.5385
571, 0, 79, 47.7139, 13.5632
572, 0, 79, 47.5609, 13.5828
573, 0, 78, 47.8023, 13.6149
574, 0, 78, 47.5977, 13.6343
575, 0, 78, 47.4448, 13.6566
576, 0, 78, 47.2749, 13.6926
577, 0, 78, 47.1219, 13.7142
578, 0, 78, 46.7484, 13.7474
579, 0, 78, 46.5955, 13.7817
580, 0, 78, 46.4425, 13.8059
581, 0, 78, 46.3895, 13.8253
582, 0, 78, 46.3365, 13.8465
583, 0, 78, 46.2394, 13.8783
584, 0, 78, 46.1289, 13.898
585, 0, 78, 46.0451, 13.9251
586, 0, 78, 45.9921, 13.9579
587, 0, 78, 45.899, 13.9964
588, 0, 78, 45.8317, 14.0254
589, 0, 78, 45.7212, 14.0501
590, 0, 78, 45.6281, 14.0833
591, 0, 78, 45.5443, 14.1107
592, 0, 78, 45.4512, 14.1408
593, 0, 78, 45.3581, 14.1619
594, 0, 78, 45.2907, 14.2138
595, 0, 78, 45.2466, 14.2478
596, 0, 78, 45.1793, 14.2683
597, 0, 78, 45.1119, 14.2937
598, 0, 78, 45.0188, 14.3432
599, 0, 78, 44.935, 14.3759
600, 0, 78, 44.6716, 14.4124
601, 0, 78, 44.8346, 14.4433
602, 0, 78, 44.7508, 14.4739
603, 0, 78, 44.4874, 14.5126
604, 0, 78, 44.4201, 14.5386
605, 0, 78, 44.3898, 14.5613
606, 0, 78, 44.306, 14.5998
607, 0, 78, 44.253, 14.6193
608, 0, 78, 44.1001, 14.6385
609, 0, 78, 44.0412, 14.6575
610, 0, 78, 43.9823, 14.6776
611, 0, 78, 43.9293, 14.7145
612, 0, 78, 43.8455, 14.7337
613, 0, 78, 43.9569, 14.7739
614, 0, 78, 43.8901, 14.7961
615, 0, 78, 43.8228, 14.819
616, 0, 78, 43.7787, 14.8385
617, 0, 78, 43.7346, 14.8623
618, 0, 78, 43.698, 14.8823
619, 0, 78, 43.6009, 14.9023
620, 0, 78, 43.5479, 14.9212
621, 0, 78, 43.5266, 14.9607
622, 0, 78, 43.5039, 14.9975
623, 0, 78, 43.486, 15.033
624, 0, 78, 43.4698, 15.0682
625, 0, 78, 43.386, 15.0973
626, 0, 78, 43.0125, 15.1162
627, 0, 78, 42.4344, 15.1355
628, 0, 78, 42.2815, 15.1584
629, 0, 78, 42.1116, 15.1818
630, 0, 78, 41.9587, 15.2048
631, 0, 78, 41.8057, 15.2489
632, 0, 77, 42.0471, 15.2681
633, 0, 77, 41.8425, 15.2897
634, 0, 77, 41.7494, 15.3338
635, 0, 77, 41.6656, 15.3531
636, 0, 76, 41.8554, 15.3739
637, 0, 76, 41.7449, 15.3951
638, 0, 76, 41.6344, 15.4278
639, 0, 76, 41.5412, 15.4465
640, 0, 76, 41.4574, 15.4652
641, 0, 76, 41.3736, 15.491
642, 0, 76, 41.2037, 15.51
643, 0, 76, 41.0508, 15.529
644, 0, 76, 40.9403, 15.5482
645, 0, 76, 40.7874, 15.5682
646, 0, 76, 40.7824, 15.5893
647, 0, 76, 40.7774, 15.6104
648, 0, 76, 40.7724, 15.6304
649, 0, 76, 40.7663, 15.652
650, 0, 76, 40.745, 15.6866
651, 0, 76, 40.797, 15.7257
652, 0, 76, 40.7488, 15.7462
653, 0, 76, 40.7047, 15.766
654, 0, 76, 40.6517, 15.7853
655, 0, 76, 40.7859, 15.8051
656, 0, 76, 40.7191, 15.8248
657, 0, 76, 40.6888, 15.8443
658, 0, 76, 40.6215, 15.8653
659, 0, 76, 40.5849, 15.8942
660, 0, 76, 40.4744, 15.9175
661, 0, 76, 40.4565, 15.9384
662, 0, 76, 40.5135, 15.9576
663, 0, 76, 40.4836, 15.977
664, 0, 76, 40.4667, 15.9989
665, 0, 76, 40.4522, 16.019
666, 0, 75, 40.5898, 16.0396
667, 0, 75, 40.5785, 16.0593
668, 0, 75, 40.4947, 16.0796
669, 0, 75, 40.4109, 16.1101
670, 0, 75, 40.3178, 16.1433
671, 0, 75, 40.2504, 16.1705
672, 0, 75, 40.1573, 16.19
673, 0, 75, 40.0735, 16.2162
674, 0, 75, 40.0294, 16.2353
675, 0, 75, 39.9621, 16.2606
676, 0, 75, 39.869, 16.2795
677, 0, 75, 39.7852, 16.2997
678, 0, 75, 39.7014, 16.3187
679, 0, 75, 39.6425, 16.3382
680, 0, 74, 39.8055, 16.3807
681, 0, 74, 39.7382, 16.4078
682, 0, 74, 39.6941, 16.427
683, 0, 74, 39.65, 16.4468
684, 0, 74, 39.597, 16.4742
685, 0, 74, 39.5132, 16.4944
686, 0, 74, 39.4543, 16.5137
687, 0, 74, 39.4013, 16.5331
688, 0, 74, 39.3483, 16.5525
689, 0, 74, 39.2645, 16.5716
690, 0, 74, 39.154, 16.5936
691, 0, 74, 39.0951, 16.6136
692, 0, 74, 39.0421, 16.6349
693, 0, 74, 38.9891, 16.6621
694, 0, 74, 38.9053, 16.6826
695, 0, 74, 38.8215, 16.7014
696, 0, 74, 38.6686, 16.7206
697, 0, 74, 38.5755, 16.7399
698, 0, 74, 38.4917, 16.7601
699, 0, 74, 38.4079, 16.7824
700, 0, 74, 38.3241, 16.8047
701, 0, 74, 38.3158, 16.8257
702, 0, 74, 38.2485, 16.8449
703, 0, 74, 38.2433, 16.8671
704, 0, 74, 38.2264, 16.888
705, 0, 74, 38.1417, 16.9076
706, 0, 73, 38.2792, 16.9287
707, 0, 73, 38.3047, 16.9644
708, 0, 73, 38.2834, 16.984
709, 0, 73, 38.2789, 17.0039
710, 0, 73, 38.2745, 17.0242
711, 0, 73, 38.27, 17.0432
712, 0, 73, 38.2656, 17.0629
713, 0, 73, 38.2487, 17.0831
714, 0, 73, 38.2447, 17.1023
715, 0, 73, 38.2407, 17.1268
716, 0, 73, 38.2367, 17.1463
717, 0, 73, 38.2329, 17.1672
718, 0, 73, 38.2198, 17.1884
719, 0, 73, 38.1833, 17.2077
720, 0, 73, 38.0635, 17.2272
721, 0, 73, 38.0046, 17.2465
722, 0, 73, 37.9516, 17.2657
723, 0, 73, 37.9075, 17.2975
724, 0, 73, 37.8545, 17.3168
725, 0, 73, 37.8104, 17.3381
726, 0, 73, 37.7266, 17.3648
727, 0, 73, 37.6825, 17.3846
728, 0, 73, 37.6459, 17.4053
729, 0, 73, 37.6325, 17.4253
730, 0, 73, 37.6264, 17.4524
731, 0, 73, 37.5823, 17.4717
732, 0, 73, 37.5787, 17.4909
733, 0, 73, 37.5751, 17.5104
734, 0, 73, 37.5715, 17.5296
735, 0, 73, 37.5682, 17.5492
736, 0, 73, 37.5548, 17.5706
737, 0, 73, 37.528, 17.5912
738, 0, 73, 37.4914, 17.6105
739, 0, 73, 37.4556, 17.63
740, 0, 73, 37.3967, 17.6492
741, 0, 73, 37.3437, 17.6695
742, 0, 73, 37.2506, 17.7025
743, 0, 73, 37.1832, 17.7228
744, 0, 73, 37.0133, 17.7506
745, 0, 73, 36.8604, 17.7697
746, 0, 72, 38.5651, 17.8072
747, 0, 71, 39.5651, 17.8418
748, 0, 70, 40.3283, 17.8642
749, 0, 70, 40.2917, 17.8938
750, 0, 70, 40.1812, 17.9246
751, 0, 70, 40.0282, 17.9445
752, 0, 70, 39.6547, 17.9636
753, 0, 70, 39.4848, 17.9844
754, 0, 70, 39.6478, 18.0037
755, 0, 70, 39.564, 18.0232
756, 0, 70, 39.511, 18.0433
757, 0, 70, 39.4808, 18.0629
758, 0, 70, 39.4219, 18.0997
759, 0, 70, 39.3689, 18.1188
760, 0, 70, 39.3159, 18.1381
761, 0, 70, 39.2857, 18.177
762, 0, 70, 39.2491, 18.1965
763, 0, 70, 39.1961, 18.2154
764, 0, 70, 39.1123, 18.2347
765, 0, 70, 38.7387, 18.2539
766, 0, 70, 38.1607, 18.2815
767, 0, 70, 37.7456, 18.3008
768, 0, 70, 37.3721, 18.3323
769, 0, 70, 37.3315, 18.3518
770, 0, 70, 37.2908, 18.3706
771, 0, 70, 37.2542, 18.3914
772, 0, 70, 37.1031, 18.414
773, 0, 70, 37.1003, 18.4512
774, 0, 70, 37.0869, 18.4748
775, 0, 70, 37.0836, 18.4972
776, 0, 70, 37.0803, 18.5168
777, 0, 70, 37.077, 18.5362
778, 0, 70, 37.0747, 18.5574
779, 0, 69, 37.2139, 18.5778
780, 0, 69, 37.2057, 18.6274
781, 0, 69, 37.1843, 18.6472
782, 0, 69, 37.1313, 18.6803
783, 0, 69, 37.0783, 18.7004
784, 0, 69, 37.0417, 18.7254
785, 0, 69, 36.9828, 18.7466
786, 0, 69, 36.9526, 18.7862
787, 0, 69, 36.9085, 18.8061
788, 0, 69, 36.8783, 18.8283
789, 0, 69, 36.848, 18.8535
790, 0, 69, 36.927, 18.8887
791, 0, 69, 36.8644, 18.9086
792, 0, 69, 36.8583, 18.9285
793, 0, 69, 36.8316, 18.9478
794, 0, 69, 36.5681, 18.9674
795, 0, 69, 36.4843, 18.9992
796, 0, 69, 36.4005, 19.0256
797, 0, 69, 36.2476, 19.0486
798, 0, 69, 36.1638, 19.0678
799, 0, 69, 36.0707, 19.0925
800, 0, 69, 36.0033, 19.1256
801, 0, 69, 35.9195, 19.1512
802, 0, 69, 35.809, 19.1847
803, 0, 69, 35.9721, 19.2046
804, 0, 69, 35.879, 19.2293
805, 0, 69, 35.7952, 19.2487
806, 0, 69, 35.6847, 19.2686
807, 0, 68, 35.926, 19.2935
808, 0, 68, 35.7215, 19.3258
809, 0, 68, 35.707, 19.3472
810, 0, 68, 35.7026, 19.3678
811, 0, 68, 35.6496, 19.3896
812, 0, 67, 35.8909, 19.4366
813, 0, 67, 35.6864, 19.4644
814, 0, 67, 35.6334, 19.4839
815, 0, 67, 35.566, 19.5087
816, 0, 67, 35.4822, 19.5498
817, 0, 67, 35.4382, 19.5819
818, 0, 67, 35.3544, 19.621
819, 0, 67, 35.3276, 19.652
820, 0, 67, 35.2438, 19.6746
821, 0, 67, 35.2408, 19.7145
822, 0, 67, 35.2378, 19.7406
823, 0, 67, 35.2348, 19.7665
824, 0, 67, 35.2328, 19.7858
825, 0, 67, 35.2284, 19.8124
826, 0, 67, 35.2016, 19.8504
827, 0, 67, 35.1535, 19.8818
828, 0, 67, 35.1267, 19.9034
829, 0, 67, 35.1236, 19.9251
830, 0, 67, 35.1082, 19.9463
831, 0, 67, 35.0493, 19.9664
832, 0, 67, 35.0191, 19.9896
833, 0, 67, 34.975, 20.0092
834, 0, 67, 34.8819, 20.0283
835, 0, 67, 34.8289, 20.0624
836, 0, 67, 34.7358, 20.082
837, 0, 67, 34.6769, 20.1013
838, 0, 67, 34.6239, 20.1226
839, 0, 67, 34.5708, 20.1589
840, 0, 67, 34.5178, 20.1785
841, 0, 67, 34.4876, 20.2068
842, 0, 67, 34.5131, 20.2556
843, 0, 67, 34.4927, 20.2753
844, 0, 66, 34.6824, 20.2998
845, 0, 66, 34.5719, 20.3205
846, 0, 66, 34.5515, 20.3592
847, 0, 66, 34.4668, 20.3973
848, 0, 66, 34.4302, 20.4233
849, 0, 66, 34.4034, 20.4444
850, 0, 66, 34.383, 20.4693
851, 0, 66, 34.3562, 20.4894
852, 0, 66, 34.3196, 20.5118
853, 0, 66, 34.283, 20.5386
854, 0, 66, 34.2465, 20.5784
855, 0, 66, 34.2106, 20.6025
856, 0, 66, 34.1901, 20.6238
857, 0, 66, 34.1793, 20.6439
858, 0, 66, 34.1551, 20.6765
859, 0, 66, 34.1897, 20.7248
860, 0, 66, 34.1789, 20.7454
861, 0, 66, 34.1762, 20.7654
862, 0, 66, 34.1734, 20.7946
863, 0, 66, 34.1707, 20.8217
864, 0, 66, 34.169, 20.843
865, 0, 66, 34.1669, 20.8706
866, 0, 66, 34.1507, 20.8979
867, 0, 66, 34.0834, 20.9222
868, 0, 66, 34.0673, 20.942
869, 0, 66, 34.0046, 20.9717
870, 0, 66, 33.964, 20.9923
871, 0, 66, 33.9274, 21.012
872, 0, 66, 33.8685, 21.0413
873, 0, 66, 33.8096, 21.0616
874, 0, 66, 33.7794, 21.0823
875, 0, 66, 33.7387, 21.1022
876, 0, 66, 33.7174, 21.1228
877, 0, 66, 33.6871, 21.1575
878, 0, 66, 33.7391, 21.1799
879, 0, 66, 33.7124, 21.2066
880, 0, 66, 33.6919, 21.2397
881, 0, 66, 33.6645, 21.2613
882, 0, 66, 33.6343, 21.2813
883, 0, 66, 33.6045, 21.3126
884, 0, 66, 33.5778, 21.3346
885, 0, 66, 33.5371, 21.3552
886, 0, 66, 33.4965, 21.3751
887, 0, 66, 33.4751, 21.395
888, 0, 66, 33.4483, 21.421
889, 0, 66, 33.4077, 21.4487
890, 0, 66, 33.3863, 21.4693
891, 0, 66, 33.3333, 21.4927
892, 0, 66, 33.266, 21.5135
893, 0, 66, 33.2629, 21.5557
894, 0, 66, 33.2099, 21.5847
895, 0, 66, 33.1979, 21.6051
896, 0, 66, 33.1859, 21.6266
897, 0, 66, 33.2375, 21.6511
898, 0, 66, 33.2354, 21.671
899, 0, 66, 33.2052, 21.6924
900, 0, 66, 33.2027, 21.7123
901, 0, 66, 33.2002, 21.7318
902, 0, 66, 33.1976, 21.7607
903, 0, 66, 33.1962, 21.7803
904, 0, 66, 33.2252, 21.8022
905, 0, 66, 33.2164, 21.8227
906, 0, 66, 33.2153, 21.8654
907, 0, 66, 33.1988, 21.8921
908, 0, 66, 33.151, 21.9123
909, 0, 66, 33.1496, 21.9406
910, 0, 66, 33.1335, 21.9766
911, 0, 66, 33.1264, 22.0147
912, 0, 66, 33.1241, 22.0471
913, 0, 66, 33.1217, 22.0669
914, 0, 66, 33.1194, 22.0872
915, 0, 66, 33.1185, 22.1209
916, 0, 66, 33.1047, 22.1416
917, 0, 66, 33.0947, 22.1615
918, 0, 66, 33.0846, 22.1818
919, 0, 66, 33.0591, 22.2191
920, 0, 66, 33.0453, 22.2456
921, 0, 66, 32.9975, 22.2658
922, 0, 66, 32.9445, 22.2869
923, 0, 66, 32.7933, 22.3204
924, 0, 66, 32.7403, 22.34
925, 0, 66, 32.7106, 22.3735
926, 0, 66, 32.6808, 22.3926
927, 0, 66, 32.6541, 22.412
928, 0, 66, 32.6011, 22.432
929, 0, 66, 32.5849, 22.4591
930, 0, 66, 32.5645, 22.4795
931, 0, 66, 32.5377, 22.4994
932, 0, 66, 32.5103, 22.5216
933, 0, 66, 32.489, 22.5414
934, 0, 66, 32.4676, 22.5624
935, 0, 66, 32.4508, 22.5826
936, 0, 66, 32.424, 22.6028
937, 0, 66, 32.3943, 22.6262
938, 0, 66, 32.3788, 22.6524
939, 0, 66, 32.3575, 22.6722
940, 0, 66, 32.4365, 22.6923
941, 0, 66, 32.416, 22.7122
942, 0, 66, 32.3682, 22.7323
943, 0, 66, 32.3454, 22.7548
944, 0, 66, 32.325, 22.7751
945, 0, 66, 32.2952, 22.7975
946, 0, 66, 32.2655, 22.8201
947, 0, 66, 32.2501, 22.8408
948, 0, 66, 32.2756, 22.8604
949, 0, 66, 32.2552, 22.8803
950, 0, 66, 32.2254, 22.9169
951, 0, 66, 32.21, 22.937
952, 0, 66, 32.1511, 22.9574
953, 0, 66, 32.221, 22.9895
954, 0, 66, 32.1844, 23.0093
955, 0, 66, 32.169, 23.0352
956, 0, 66, 32.1559, 23.061
957, 0, 66, 32.0048, 23.0895
958, 0, 66, 31.9682, 23.1108
959, 0, 66, 31.9241, 23.131
960, 0, 66, 31.9111, 23.151
961, 0, 66, 31.895, 23.1712
962, 0, 66, 31.8736, 23.196
963, 0, 66, 31.833, 23.2162
964, 0, 66, 31.7964, 23.2376
965, 0, 66, 31.6453, 23.2588
966, 0, 66, 31.6239, 23.2883
967, 0, 66, 31.5864, 23.3093
968, 0, 66, 31.5857, 23.3571
969, 0, 66, 31.5727, 23.3789
970, 0, 66, 31.5669, 23.3994
971, 0, 66, 31.5648, 23.4356
972, 0, 66, 31.5626, 23.4555
973, 0, 66, 31.5605, 23.4943
974, 0, 66, 31.5597, 23.5297
975, 0, 66, 31.5481, 23.5523
976, 0, 66, 31.5306, 23.5792
977, 0, 66, 31.522, 23.6022
978, 0, 66, 31.5135, 23.6354
979, 0, 66, 31.492, 23.7283
980, 0, 66, 31.4804, 23.7576
981, 0, 66, 31.443, 23.7886
982, 0, 66, 31.3459, 23.8085
983, 0, 66, 31.3439, 23.8285
984, 0, 66, 31.3419, 23.8482
985, 0, 66, 31.3399, 23.8687
986, 0, 66, 31.3394, 23.8899
987, 0, 66, 31.3392, 23.9312
988, 0, 66, 31.3257, 23.9731
989, 0, 66, 31.3144, 23.9953
990, 0, 66, 31.2738, 24.0214
991, 0, 66, 31.2256, 24.0424
992, 0, 65, 31.3887, 24.0794
993, 0, 65, 31.3213, 24.1022
994, 0, 65, 31.2375, 24.1375
995, 0, 65, 31.1935, 24.1676
996, 0, 65, 31.1877, 24.1883
997, 0, 65, 31.1511, 24.2529
998, 0, 65, 30.9981, 24.2841
999, 0, 65, 30.9393, 24.3078
