Seed is: 28
Number of samples is: 1000
Simulation name is: NoTvSim.sim
TimeStep, Distraction Rate, Missed States, Model Accuracy, Time (ms)
0, 0, 256, 0, 7e-05
1, 0, 255, 1, 0.028184
2, 0, 254, 1.7632, 0.088368
3, 0, 253, 2.52639, 0.104309
4, 0, 252, 3.28959, 0.119548
5, 0, 251, 4.28959, 0.134246
6, 0, 250, 5.05279, 0.148924
7, 0, 249, 5.81599, 0.163281
8, 0, 248, 6.57918, 0.204329
9, 0, 247, 7.57918, 0.219047
10, 0, 246, 8.34238, 0.233765
11, 0, 245, 8.11019, 0.248453
12, 0, 244, 8.87338, 0.263201
13, 0, 243, 9.87338, 0.278
14, 0, 242, 10.6366, 0.301795
15, 0, 241, 10.4044, 0.316794
16, 0, 240, 11.1676, 0.340559
17, 0, 239, 11.9308, 0.355738
18, 0, 238, 12.694, 0.371147
19, 0, 237, 13.694, 0.38868
20, 0, 236, 14.694, 0.40397
21, 0, 235, 15.694, 0.419449
22, 0, 234, 16.4572, 0.455548
23, 0, 233, 17.2204, 0.471158
24, 0, 232, 17.9836, 0.486326
25, 0, 231, 18.7468, 0.501415
26, 0, 230, 19.51, 0.516644
27, 0, 229, 20.2732, 0.535921
28, 0, 228, 21.0364, 0.55672
29, 0, 227, 21.7996, 0.573482
30, 0, 226, 22.5628, 0.59834
31, 0, 225, 23.9109, 0.62488
32, 0, 224, 24.6741, 0.642955
33, 0, 223, 25.4373, 0.662041
34, 0, 222, 26.2005, 0.679094
35, 0, 221, 27.2005, 0.703029
36, 0, 220, 27.9637, 0.720492
37, 0, 219, 28.7269, 0.737665
38, 0, 218, 29.4901, 0.755058
39, 0, 218, 29.0751, 0.786218
40, 0, 218, 28.66, 0.802368
41, 0, 218, 28.245, 0.819421
42, 0, 218, 27.8715, 0.857704
43, 0, 218, 27.3865, 0.886729
44, 0, 217, 28.3865, 0.904553
45, 0, 217, 27.9715, 0.920223
46, 0, 217, 27.5979, 0.940171
47, 0, 217, 27.2244, 0.977021
48, 0, 216, 27.9876, 1.00414
49, 0, 215, 28.7508, 1.03511
50, 0, 214, 29.514, 1.05147
51, 0, 213, 30.2772, 1.07273
52, 0, 213, 30.1072, 1.0889
53, 0, 213, 29.9373, 1.11088
54, 0, 213, 29.7674, 1.12814
55, 0, 213, 29.6145, 1.14573
56, 0, 213, 29.2409, 1.17505
57, 0, 213, 29.1478, 1.20263
58, 0, 213, 29.0547, 1.21954
59, 0, 213, 28.9616, 1.23574
60, 0, 213, 28.8778, 1.281
61, 0, 213, 28.5043, 1.29765
62, 0, 212, 29.2675, 1.3168
63, 0, 211, 30.0307, 1.33587
64, 0, 210, 30.7939, 1.35218
65, 0, 209, 31.5571, 1.36841
66, 0, 208, 32.3203, 1.38499
67, 0, 207, 33.0835, 1.41449
68, 0, 206, 33.8467, 1.43155
69, 0, 205, 33.6145, 1.45147
70, 0, 204, 34.6145, 1.46761
71, 0, 204, 34.2409, 1.48389
72, 0, 203, 35.0041, 1.50518
73, 0, 202, 35.7673, 1.53101
74, 0, 202, 35.3938, 1.54717
75, 0, 201, 36.157, 1.56551
76, 0, 200, 36.9202, 1.58148
77, 0, 199, 37.6834, 1.59743
78, 0, 198, 38.6834, 1.6132
79, 0, 197, 39.4466, 1.63208
80, 0, 196, 40.2098, 1.67778
81, 0, 195, 40.973, 1.6939
82, 0, 194, 41.7362, 1.71972
83, 0, 193, 42.4994, 1.74236
84, 0, 192, 43.2626, 1.76462
85, 0, 191, 44.0258, 1.78295
86, 0, 190, 45.0258, 1.81036
87, 0, 189, 45.789, 1.84433
88, 0, 188, 46.5522, 1.86658
89, 0, 187, 47.3154, 1.89481
90, 0, 186, 47.0832, 1.92406
91, 0, 185, 47.8464, 1.96716
92, 0, 184, 48.6096, 1.98975
93, 0, 183, 49.6096, 2.02444
94, 0, 182, 50.3727, 2.04426
95, 0, 181, 51.1359, 2.06309
96, 0, 180, 51.8991, 2.08835
97, 0, 179, 51.667, 2.11053
98, 0, 178, 51.4348, 2.13914
99, 0, 178, 51.0612, 2.18819
100, 0, 177, 51.8244, 2.2142
101, 0, 176, 52.5876, 2.24179
102, 0, 176, 52.1726, 2.26941
103, 0, 176, 52.0027, 2.29248
104, 0, 176, 51.8497, 2.31503
105, 0, 176, 51.6452, 2.33713
106, 0, 176, 51.4923, 2.36081
107, 0, 175, 51.845, 2.38168
108, 0, 175, 51.3601, 2.40264
109, 0, 174, 52.1233, 2.41939
110, 0, 173, 52.8865, 2.43783
111, 0, 172, 53.8865, 2.45612
112, 0, 171, 54.6497, 2.47293
113, 0, 170, 55.6497, 2.49
114, 0, 169, 56.0024, 2.50713
115, 0, 169, 55.5175, 2.52701
116, 0, 168, 56.2807, 2.54923
117, 0, 167, 57.2807, 2.56628
118, 0, 166, 58.0439, 2.58327
119, 0, 165, 58.8071, 2.60004
120, 0, 164, 59.5702, 2.63515
121, 0, 164, 59.1552, 2.65433
122, 0, 164, 58.7817, 2.67149
123, 0, 164, 58.4081, 2.68919
124, 0, 164, 58.0346, 2.70624
125, 0, 164, 57.6611, 2.72549
126, 0, 163, 58.0138, 2.75531
127, 0, 163, 57.5289, 2.7909
128, 0, 163, 57.1138, 2.80964
129, 0, 163, 56.7403, 2.85162
130, 0, 163, 56.3668, 2.88047
131, 0, 162, 57.3668, 2.90274
132, 0, 161, 58.13, 2.92021
133, 0, 161, 57.7564, 2.94196
134, 0, 161, 57.3829, 2.96854
135, 0, 160, 58.3829, 2.98565
136, 0, 159, 59.3829, 3.00296
137, 0, 158, 60.1461, 3.03092
138, 0, 157, 59.9139, 3.04795
139, 0, 156, 60.6771, 3.06568
140, 0, 155, 61.0299, 3.08391
141, 0, 155, 60.5449, 3.10199
142, 0, 154, 61.8931, 3.12231
143, 0, 154, 61.8516, 3.15698
144, 0, 154, 61.478, 3.1742
145, 0, 153, 62.2412, 3.20768
146, 0, 152, 63.0044, 3.24669
147, 0, 151, 64.0044, 3.26409
148, 0, 150, 64.7676, 3.28591
149, 0, 150, 64.3526, 3.30907
150, 0, 150, 63.9376, 3.33055
151, 0, 150, 63.564, 3.36275
152, 0, 149, 64.3272, 3.38093
153, 0, 148, 65.0904, 3.41049
154, 0, 147, 65.8536, 3.44733
155, 0, 146, 66.6168, 3.4715
156, 0, 145, 67.38, 3.49559
157, 0, 145, 67.0065, 3.52729
158, 0, 145, 66.8535, 3.54824
159, 0, 145, 66.48, 3.57805
160, 0, 144, 67.48, 3.5967
161, 0, 143, 68.2432, 3.62034
162, 0, 142, 69.0064, 3.65212
163, 0, 142, 68.6329, 3.67011
164, 0, 142, 68.574, 3.696
165, 0, 142, 68.5151, 3.71329
166, 0, 142, 68.4562, 3.73818
167, 0, 142, 68.4032, 3.75665
168, 0, 142, 68.2503, 3.77583
169, 0, 142, 68.2096, 3.80357
170, 0, 142, 68.169, 3.82124
171, 0, 142, 68.1283, 3.83846
172, 0, 142, 68.0917, 3.85731
173, 0, 142, 67.9388, 3.87624
174, 0, 142, 67.5653, 3.89349
175, 0, 141, 68.3285, 3.91256
176, 0, 140, 69.3285, 3.93368
177, 0, 140, 68.9549, 3.95132
178, 0, 139, 69.7181, 3.96879
179, 0, 138, 70.4813, 3.99493
180, 0, 137, 71.2445, 4.0316
181, 0, 136, 72.0077, 4.0552
182, 0, 135, 72.7709, 4.07272
183, 0, 134, 73.5341, 4.09035
184, 0, 133, 74.5341, 4.10782
185, 0, 133, 74.1606, 4.12553
186, 0, 132, 75.1606, 4.14826
187, 0, 132, 74.7456, 4.16569
188, 0, 132, 74.372, 4.18706
189, 0, 131, 74.7248, 4.23086
190, 0, 131, 75.0398, 4.25282
191, 0, 131, 74.6663, 4.2713
192, 0, 131, 74.2928, 4.30617
193, 0, 130, 75.056, 4.3278
194, 0, 130, 74.6824, 4.34537
195, 0, 130, 74.2674, 4.36312
196, 0, 130, 73.8939, 4.38093
197, 0, 130, 73.5203, 4.40647
198, 0, 130, 73.1468, 4.42397
199, 0, 130, 72.7733, 4.4443
200, 0, 129, 74.1214, 4.46222
201, 0, 128, 74.8846, 4.48538
202, 0, 127, 75.6478, 4.52138
203, 0, 126, 76.411, 4.55244
204, 0, 126, 76.0375, 4.57177
205, 0, 126, 75.6224, 4.59479
206, 0, 126, 75.2489, 4.61392
207, 0, 126, 74.7639, 4.64879
208, 0, 126, 74.3904, 4.66674
209, 0, 126, 73.9754, 4.69135
210, 0, 125, 74.3281, 4.71688
211, 0, 125, 73.8432, 4.75316
212, 0, 124, 74.1959, 4.77205
213, 0, 124, 73.711, 4.79172
214, 0, 124, 73.3374, 4.82687
215, 0, 124, 72.9639, 4.85029
216, 0, 124, 72.5489, 4.87315
217, 0, 124, 72.1753, 4.89102
218, 0, 124, 71.8018, 4.90934
219, 0, 124, 71.4283, 4.92867
220, 0, 124, 71.0547, 4.95088
221, 0, 124, 70.6812, 4.96866
222, 0, 124, 70.2662, 4.98684
223, 0, 124, 70.0962, 5.00713
224, 0, 124, 69.9433, 5.04651
225, 0, 124, 69.5283, 5.0651
226, 0, 124, 68.9502, 5.09629
227, 0, 124, 68.5767, 5.12937
228, 0, 124, 68.2031, 5.15243
229, 0, 123, 68.9663, 5.17163
230, 0, 122, 69.7295, 5.1891
231, 0, 121, 70.4927, 5.20849
232, 0, 120, 71.2559, 5.22703
233, 0, 119, 72.2559, 5.26263
234, 0, 119, 71.8824, 5.29
235, 0, 118, 73.2305, 5.32293
236, 0, 118, 72.857, 5.3422
237, 0, 118, 72.4835, 5.36238
238, 0, 117, 72.8363, 5.38064
239, 0, 117, 72.3513, 5.41448
240, 0, 117, 72.5143, 5.43294
241, 0, 117, 72.4305, 5.46886
242, 0, 117, 72.057, 5.48734
243, 0, 117, 72.0155, 5.50628
244, 0, 117, 71.642, 5.52468
245, 0, 117, 71.4374, 5.54339
246, 0, 117, 70.9525, 5.56223
247, 0, 117, 70.5374, 5.58155
248, 0, 117, 70.1639, 5.59933
249, 0, 116, 71.512, 5.64494
250, 0, 116, 71.4823, 5.68518
251, 0, 116, 71.4525, 5.7034
252, 0, 116, 71.4228, 5.72284
253, 0, 116, 71.396, 5.74597
254, 0, 116, 71.3122, 5.76604
255, 0, 116, 71.2895, 5.7951
256, 0, 116, 71.2668, 5.81515
257, 0, 116, 71.2441, 5.84051
258, 0, 116, 71.2236, 5.85886
259, 0, 116, 71.1398, 5.87848
260, 0, 116, 70.7663, 5.90067
261, 0, 116, 70.2813, 5.9233
262, 0, 116, 70.0768, 5.95852
263, 0, 116, 69.9256, 5.97744
264, 0, 116, 69.7557, 5.99566
265, 0, 116, 69.6626, 6.01361
266, 0, 116, 69.5788, 6.03208
267, 0, 116, 69.5258, 6.06301
268, 0, 116, 69.1523, 6.08689
269, 0, 116, 68.7787, 6.11358
270, 0, 115, 69.7787, 6.13141
271, 0, 114, 69.5465, 6.15222
272, 0, 113, 70.3097, 6.17062
273, 0, 112, 71.3097, 6.1921
274, 0, 111, 72.0729, 6.21016
275, 0, 111, 71.6994, 6.22816
276, 0, 111, 71.3259, 6.24703
277, 0, 111, 71.1729, 6.26579
278, 0, 111, 71.1199, 6.28454
279, 0, 111, 71.102, 6.30288
280, 0, 111, 71.0841, 6.32224
281, 0, 111, 71.0662, 6.34761
282, 0, 111, 71.05, 6.36749
283, 0, 111, 70.997, 6.38618
284, 0, 110, 71.2384, 6.40756
285, 0, 110, 71.0338, 6.42672
286, 0, 110, 70.6603, 6.44503
287, 0, 110, 70.5074, 6.46404
288, 0, 110, 70.1338, 6.48545
289, 0, 110, 69.7603, 6.50397
290, 0, 109, 70.7603, 6.52224
291, 0, 109, 70.3868, 6.54051
292, 0, 109, 70.0132, 6.55982
293, 0, 109, 69.8603, 6.57935
294, 0, 109, 69.7074, 6.61255
295, 0, 109, 69.2923, 6.63523
296, 0, 109, 69.0878, 6.65805
297, 0, 109, 69.2508, 6.67765
298, 0, 109, 69.1403, 6.69728
299, 0, 109, 69.0432, 6.73648
300, 0, 109, 68.9594, 6.7584
301, 0, 109, 68.5859, 6.77694
302, 0, 109, 68.5714, 6.79561
303, 0, 109, 68.5569, 6.82738
304, 0, 109, 68.5424, 6.84578
305, 0, 109, 68.5294, 6.86414
306, 0, 109, 68.4626, 6.88396
307, 0, 109, 68.3694, 6.9035
308, 0, 109, 68.3106, 6.92176
309, 0, 109, 68.2576, 6.93991
310, 0, 109, 68.221, 6.95912
311, 0, 109, 68.068, 6.9913
312, 0, 108, 68.8312, 7.01363
313, 0, 108, 68.4162, 7.03181
314, 0, 107, 69.7644, 7.05101
315, 0, 107, 69.3908, 7.07133
316, 0, 106, 69.6322, 7.08958
317, 0, 106, 69.4276, 7.11529
318, 0, 106, 69.0541, 7.13491
319, 0, 106, 68.9012, 7.15342
320, 0, 106, 68.7482, 7.17707
321, 0, 106, 68.2633, 7.19647
322, 0, 106, 67.8482, 7.2207
323, 0, 106, 67.4747, 7.23985
324, 0, 105, 68.4747, 7.25818
325, 0, 104, 69.2379, 7.27646
326, 0, 103, 70.0011, 7.308
327, 0, 103, 69.8312, 7.32647
328, 0, 103, 69.6612, 7.34586
329, 0, 103, 69.5083, 7.37356
330, 0, 103, 69.3554, 7.39397
331, 0, 103, 69.3434, 7.4184
332, 0, 103, 69.3314, 7.43692
333, 0, 103, 69.3195, 7.45759
334, 0, 103, 69.3087, 7.49936
335, 0, 103, 69.2721, 7.51777
336, 0, 103, 69.2621, 7.53671
337, 0, 103, 69.252, 7.55496
338, 0, 103, 69.2419, 7.57538
339, 0, 103, 69.2329, 7.59357
340, 0, 103, 69.1963, 7.62198
341, 0, 103, 69.1125, 7.66026
342, 0, 103, 68.9596, 7.69261
343, 0, 103, 68.8491, 7.72538
344, 0, 103, 68.8321, 7.76613
345, 0, 103, 68.6792, 7.78552
346, 0, 103, 68.5687, 7.81286
347, 0, 103, 68.0837, 7.83577
348, 0, 103, 68.0751, 7.85707
349, 0, 103, 68.0666, 7.87615
350, 0, 103, 68.058, 7.89456
351, 0, 103, 68.0503, 7.91314
352, 0, 103, 68.0022, 7.93919
353, 0, 102, 68.1652, 7.95781
354, 0, 102, 68.0978, 7.97956
355, 0, 101, 68.4506, 7.99837
356, 0, 101, 67.9657, 8.0173
357, 0, 101, 67.5921, 8.04632
358, 0, 101, 67.2186, 8.06614
359, 0, 101, 66.8036, 8.12045
360, 0, 101, 66.43, 8.14987
361, 0, 101, 66.015, 8.17764
362, 0, 101, 65.8104, 8.20937
363, 0, 101, 65.6405, 8.22766
364, 0, 101, 65.4876, 8.25135
365, 0, 101, 65.3347, 8.27819
366, 0, 101, 64.9611, 8.29817
367, 0, 101, 64.5876, 8.323
368, 0, 101, 64.5435, 8.34187
369, 0, 101, 64.7654, 8.36273
370, 0, 101, 64.5609, 8.38181
371, 0, 101, 64.408, 8.40621
372, 0, 101, 64.255, 8.43366
373, 0, 101, 64.477, 8.4532
374, 0, 101, 64.324, 8.47957
375, 0, 101, 63.9505, 8.49962
376, 0, 100, 65.6552, 8.52106
377, 0, 100, 65.2401, 8.5471
378, 0, 100, 64.8666, 8.58297
379, 0, 100, 64.7137, 8.60276
380, 0, 100, 64.5091, 8.6219
381, 0, 100, 63.9311, 8.64142
382, 0, 100, 63.7781, 8.65974
383, 0, 100, 63.6082, 8.67804
384, 0, 99, 63.8496, 8.70046
385, 0, 99, 63.645, 8.71955
386, 0, 99, 63.4751, 8.7386
387, 0, 99, 63.3646, 8.76278
388, 0, 99, 63.2117, 8.78116
389, 0, 99, 63.0417, 8.80763
390, 0, 99, 62.8888, 8.82907
391, 0, 99, 63.0518, 8.85346
392, 0, 99, 62.7884, 8.87304
393, 0, 99, 62.6185, 8.90386
394, 0, 99, 62.4655, 8.93919
395, 0, 99, 62.3126, 8.97761
396, 0, 99, 62.1081, 8.99605
397, 0, 99, 61.7345, 9.01575
398, 0, 99, 61.5816, 9.03568
399, 0, 99, 61.5742, 9.05955
400, 0, 99, 61.5669, 9.07816
401, 0, 99, 61.5595, 9.0965
402, 0, 99, 61.5528, 9.12513
403, 0, 99, 61.5261, 9.14581
404, 0, 99, 61.4423, 9.18214
405, 0, 99, 61.4155, 9.20457
406, 0, 99, 61.4091, 9.2277
407, 0, 99, 61.4026, 9.25093
408, 0, 99, 61.3962, 9.27823
409, 0, 99, 61.3904, 9.30535
410, 0, 99, 61.3637, 9.33984
411, 0, 99, 61.2799, 9.37126
412, 0, 99, 61.1269, 9.39187
413, 0, 99, 60.7534, 9.41152
414, 0, 99, 60.3799, 9.43032
415, 0, 99, 60.321, 9.44937
416, 0, 99, 60.2907, 9.47584
417, 0, 98, 60.5321, 9.49898
418, 0, 98, 60.3275, 9.51819
419, 0, 98, 60.2869, 9.54236
420, 0, 98, 60.2503, 9.56102
421, 0, 98, 60.2144, 9.59235
422, 0, 98, 60.1738, 9.6115
423, 0, 98, 60.1524, 9.63046
424, 0, 98, 60.0419, 9.65035
425, 0, 97, 60.2833, 9.67898
426, 0, 97, 60.0787, 9.70362
427, 0, 97, 59.9258, 9.74493
428, 0, 97, 59.7729, 9.76376
429, 0, 97, 59.3993, 9.81013
430, 0, 97, 59.2294, 9.82886
431, 0, 97, 59.0765, 9.85556
432, 0, 97, 58.8719, 9.87579
433, 0, 97, 58.8663, 9.89581
434, 0, 97, 58.8606, 9.91629
435, 0, 97, 58.855, 9.93535
436, 0, 97, 58.8499, 9.95396
437, 0, 97, 58.8295, 9.97952
438, 0, 97, 58.7457, 9.99838
439, 0, 97, 58.3721, 10.0191
440, 0, 97, 57.9986, 10.0472
441, 0, 97, 57.5836, 10.0688
442, 0, 97, 57.21, 10.1033
443, 0, 97, 57.0055, 10.123
444, 0, 97, 56.8526, 10.1415
445, 0, 97, 56.7688, 10.1738
446, 0, 97, 56.6158, 10.1926
447, 0, 97, 56.2008, 10.2115
448, 0, 97, 56.0479, 10.2304
449, 0, 96, 56.2892, 10.2515
450, 0, 96, 56.0847, 10.2722
451, 0, 96, 55.9317, 10.2906
452, 0, 96, 55.5167, 10.3091
453, 0, 96, 55.3638, 10.3454
454, 0, 96, 55.2108, 10.3752
455, 0, 96, 55.127, 10.394
456, 0, 96, 55.0597, 10.4138
457, 0, 96, 55.0392, 10.4333
458, 0, 96, 55.0342, 10.4537
459, 0, 96, 55.0292, 10.4728
460, 0, 96, 55.0242, 10.4972
461, 0, 96, 55.0197, 10.5229
462, 0, 96, 54.9993, 10.55
463, 0, 96, 54.8481, 10.5864
464, 0, 96, 54.4746, 10.6052
465, 0, 96, 54.0596, 10.624
466, 0, 96, 53.9066, 10.6519
467, 0, 95, 54.148, 10.671
468, 0, 95, 53.9434, 10.7014
469, 0, 95, 53.7905, 10.72
470, 0, 95, 53.6206, 10.7443
471, 0, 95, 53.4676, 10.7658
472, 0, 95, 53.0941, 10.7875
473, 0, 95, 52.9412, 10.8281
474, 0, 95, 52.7882, 10.847
475, 0, 95, 52.6353, 10.8661
476, 0, 95, 52.4654, 10.8888
477, 0, 95, 52.3125, 10.9105
478, 0, 95, 51.9389, 10.9293
479, 0, 95, 51.9092, 10.957
480, 0, 95, 51.8824, 10.9881
481, 0, 95, 51.855, 11.0115
482, 0, 95, 51.8253, 11.0307
483, 0, 95, 51.8628, 11.0499
484, 0, 95, 51.84, 11.0758
485, 0, 95, 51.8196, 11.1121
486, 0, 95, 51.8035, 11.152
487, 0, 95, 51.7361, 11.1752
488, 0, 94, 51.9775, 11.2016
489, 0, 94, 51.7729, 11.2233
490, 0, 94, 51.7288, 11.2427
491, 0, 94, 51.6183, 11.2617
492, 0, 94, 51.5653, 11.2829
493, 0, 94, 51.5492, 11.3075
494, 0, 94, 51.5447, 11.3266
495, 0, 94, 51.5403, 11.3497
496, 0, 94, 51.5358, 11.3685
497, 0, 94, 51.5318, 11.4057
498, 0, 93, 51.6686, 11.4265
499, 0, 93, 51.6532, 11.4462
500, 0, 93, 51.7458, 11.4693
501, 0, 93, 51.6928, 11.494
502, 0, 93, 51.609, 11.5199
503, 0, 93, 51.4561, 11.5565
504, 0, 93, 51.3723, 11.5772
505, 0, 93, 51.3193, 11.5965
506, 0, 93, 51.1494, 11.6179
507, 0, 93, 50.9964, 11.6422
508, 0, 92, 51.7596, 11.6611
509, 0, 92, 51.6067, 11.6805
510, 0, 92, 51.4368, 11.728
511, 0, 92, 51.2838, 11.7824
512, 0, 92, 51.1139, 11.8141
513, 0, 92, 50.961, 11.8528
514, 0, 92, 50.8505, 11.8809
515, 0, 92, 50.7667, 11.9042
516, 0, 92, 50.7137, 11.9305
517, 0, 92, 50.6299, 11.9577
518, 0, 92, 50.46, 11.9764
519, 0, 92, 50.3762, 12.0095
520, 0, 92, 50.2062, 12.0289
521, 0, 92, 50.0957, 12.048
522, 0, 92, 50.0119, 12.0671
523, 0, 92, 49.842, 12.0857
524, 0, 92, 49.7582, 12.1044
525, 0, 92, 49.6744, 12.1229
526, 0, 92, 49.6214, 12.1515
527, 0, 92, 49.5684, 12.171
528, 0, 92, 49.4579, 12.1904
529, 0, 92, 49.3608, 12.215
530, 0, 92, 49.2079, 12.2334
531, 0, 92, 49.0549, 12.252
532, 0, 92, 48.902, 12.2835
533, 0, 92, 49.0134, 12.3025
534, 0, 92, 48.9466, 12.3226
535, 0, 92, 48.9354, 12.3417
536, 0, 92, 48.8988, 12.3728
537, 0, 92, 48.8458, 12.3937
538, 0, 91, 49.0355, 12.4138
539, 0, 91, 49.1986, 12.4375
540, 0, 91, 49.1054, 12.4658
541, 0, 91, 49.0216, 12.4862
542, 0, 91, 48.9285, 12.505
543, 0, 91, 48.8447, 12.5241
544, 0, 91, 48.7774, 12.5494
545, 0, 91, 48.6843, 12.5767
546, 0, 91, 48.6005, 12.5987
547, 0, 91, 48.227, 12.6172
548, 0, 91, 48.1432, 12.643
549, 0, 91, 48.1392, 12.6927
550, 0, 91, 48.1352, 12.7117
551, 0, 91, 48.1312, 12.7544
552, 0, 91, 48.1275, 12.7824
553, 0, 91, 48.1193, 12.8022
554, 0, 91, 48.0827, 12.8215
555, 0, 90, 48.2724, 12.8465
556, 0, 90, 48.1619, 12.8809
557, 0, 90, 48.009, 12.9108
558, 0, 90, 47.9159, 12.9423
559, 0, 90, 47.8485, 12.9622
560, 0, 90, 47.6956, 12.9813
561, 0, 90, 47.5427, 12.9999
562, 0, 90, 47.52, 13.0389
563, 0, 90, 47.587, 13.0594
564, 0, 90, 47.5691, 13.0865
565, 0, 89, 47.7059, 13.1122
566, 0, 89, 47.6904, 13.132
567, 0, 89, 47.6691, 13.1515
568, 0, 89, 47.6578, 13.1756
569, 0, 89, 47.6518, 13.1987
570, 0, 89, 47.6036, 13.2266
571, 0, 89, 47.5868, 13.2503
572, 0, 89, 47.5785, 13.2742
573, 0, 89, 47.5655, 13.2994
574, 0, 89, 47.5352, 13.3228
575, 0, 88, 49.5204, 13.3422
576, 0, 88, 49.1053, 13.3613
577, 0, 88, 48.7318, 13.3875
578, 0, 87, 49.7318, 13.4085
579, 0, 86, 50.495, 13.4276
580, 0, 85, 51.495, 13.4465
581, 0, 84, 52.495, 13.4728
582, 0, 83, 53.2582, 13.507
583, 0, 82, 54.0214, 13.5302
584, 0, 82, 53.6479, 13.5496
585, 0, 82, 53.5641, 13.5863
586, 0, 82, 53.4129, 13.6061
587, 0, 82, 53.3599, 13.6315
588, 0, 82, 53.3233, 13.6587
589, 0, 82, 53.3103, 13.6837
590, 0, 82, 53.3067, 13.7031
591, 0, 82, 53.3031, 13.7239
592, 0, 82, 53.2995, 13.7509
593, 0, 82, 53.2962, 13.7726
594, 0, 82, 53.2918, 13.7922
595, 0, 82, 53.4023, 13.8126
596, 0, 82, 53.3755, 13.8343
597, 0, 82, 53.3225, 13.8541
598, 0, 82, 53.2294, 13.8781
599, 0, 82, 53.1764, 13.8973
600, 0, 82, 53.1091, 13.9174
601, 0, 82, 53.0561, 13.9501
602, 0, 82, 52.963, 13.9762
603, 0, 82, 52.91, 13.9954
604, 0, 81, 53.073, 14.0146
605, 0, 81, 53.0056, 14.0363
606, 0, 80, 53.1543, 14.0722
607, 0, 80, 53.1103, 14.0955
608, 0, 80, 53.0835, 14.1154
609, 0, 80, 53.0161, 14.1354
610, 0, 80, 52.9803, 14.1547
611, 0, 80, 52.9668, 14.1842
612, 0, 80, 52.9489, 14.2038
613, 0, 80, 52.9114, 14.2343
614, 0, 80, 52.8009, 14.262
615, 0, 80, 52.7949, 14.291
616, 0, 80, 52.7918, 14.328
617, 0, 80, 52.6925, 14.3585
618, 0, 80, 52.5396, 14.381
619, 0, 80, 52.3697, 14.4004
620, 0, 80, 52.2859, 14.4192
621, 0, 80, 52.116, 14.439
622, 0, 80, 52.0055, 14.4585
623, 0, 80, 51.8355, 14.4998
624, 0, 80, 51.7424, 14.5244
625, 0, 80, 51.6586, 14.5541
626, 0, 80, 51.3952, 14.5772
627, 0, 80, 51.3114, 14.6045
628, 0, 80, 51.2673, 14.6245
629, 0, 80, 51.1835, 14.6437
630, 0, 80, 51.0997, 14.6695
631, 0, 80, 50.9468, 14.7003
632, 0, 80, 50.5732, 14.7323
633, 0, 80, 50.1997, 14.752
634, 0, 80, 50.1159, 14.7715
635, 0, 79, 50.3573, 14.7911
636, 0, 79, 50.1527, 14.8119
637, 0, 79, 49.8893, 14.8347
638, 0, 79, 49.5158, 14.856
639, 0, 79, 49.1422, 14.8883
640, 0, 78, 49.3836, 14.9215
641, 0, 78, 49.179, 14.9536
642, 0, 78, 49.0952, 14.9807
643, 0, 78, 48.9847, 15.0133
644, 0, 78, 48.8916, 15.0336
645, 0, 78, 48.8243, 15.0626
646, 0, 78, 48.7405, 15.082
647, 0, 78, 48.5875, 15.1013
648, 0, 78, 48.4944, 15.1215
649, 0, 78, 48.4355, 15.1491
650, 0, 78, 48.3825, 15.18
651, 0, 78, 48.5464, 15.2062
652, 0, 78, 48.5023, 15.2257
653, 0, 78, 48.4493, 15.2446
654, 0, 78, 48.3562, 15.2634
655, 0, 78, 48.2724, 15.2823
656, 0, 78, 48.1886, 15.3019
657, 0, 78, 48.1048, 15.3211
658, 0, 78, 47.9519, 15.3406
659, 0, 78, 47.782, 15.3604
660, 0, 78, 47.629, 15.3819
661, 0, 78, 47.5359, 15.4012
662, 0, 78, 47.4521, 15.4245
663, 0, 77, 47.6419, 15.4642
664, 0, 77, 47.5314, 15.4839
665, 0, 77, 47.4476, 15.5065
666, 0, 77, 47.2777, 15.5329
667, 0, 77, 47.1247, 15.5656
668, 0, 77, 47.0142, 15.5896
669, 0, 77, 46.9304, 15.614
670, 0, 77, 46.8373, 15.6337
671, 0, 77, 46.6862, 15.6589
672, 0, 77, 46.5931, 15.6969
673, 0, 77, 46.5093, 15.73
674, 0, 77, 46.3581, 15.7543
675, 0, 77, 46.265, 15.7902
676, 0, 77, 46.1977, 15.8167
677, 0, 77, 46.1139, 15.8382
678, 0, 77, 46.0208, 15.8578
679, 0, 77, 45.937, 15.8772
680, 0, 77, 45.8532, 15.8999
681, 0, 77, 45.7002, 15.9195
682, 0, 77, 45.5473, 15.9397
683, 0, 76, 45.737, 15.9607
684, 0, 76, 45.6265, 15.9805
685, 0, 76, 45.5676, 15.9999
686, 0, 76, 45.527, 16.0211
687, 0, 76, 45.4904, 16.0504
688, 0, 76, 45.4374, 16.0701
689, 0, 76, 45.3536, 16.0893
690, 0, 76, 45.2698, 16.1086
691, 0, 76, 45.2494, 16.1322
692, 0, 76, 45.2191, 16.1523
693, 0, 76, 45.1987, 16.1786
694, 0, 76, 45.1546, 16.1984
695, 0, 76, 45.1105, 16.2247
696, 0, 76, 45.0739, 16.2443
697, 0, 76, 45.0299, 16.2709
698, 0, 76, 44.9769, 16.298
699, 0, 76, 44.9403, 16.341
700, 0, 76, 44.8814, 16.3606
701, 0, 76, 44.8284, 16.3804
702, 0, 75, 45.0697, 16.4042
703, 0, 75, 44.8652, 16.4276
704, 0, 75, 44.2282, 16.4579
705, 0, 75, 44.0583, 16.4829
706, 0, 74, 44.2996, 16.5029
707, 0, 74, 44.0951, 16.5231
708, 0, 74, 43.7216, 16.5545
709, 0, 74, 43.6285, 16.5742
710, 0, 74, 43.5353, 16.5939
711, 0, 74, 43.4515, 16.6225
712, 0, 74, 43.3677, 16.6436
713, 0, 74, 43.3004, 16.6668
714, 0, 74, 43.1475, 16.6995
715, 0, 74, 43.037, 16.7193
716, 0, 74, 42.9532, 16.7408
717, 0, 74, 42.9499, 16.7689
718, 0, 74, 42.9466, 16.8012
719, 0, 74, 42.9433, 16.821
720, 0, 74, 42.9404, 16.8425
721, 0, 74, 42.9296, 16.8624
722, 0, 74, 42.893, 16.8858
723, 0, 73, 43.0417, 16.9056
724, 0, 73, 42.9977, 16.9256
725, 0, 73, 42.9763, 16.946
726, 0, 73, 42.9089, 16.9676
727, 0, 73, 42.8822, 16.9892
728, 0, 73, 42.8714, 17.0155
729, 0, 73, 42.8684, 17.0473
730, 0, 73, 42.8654, 17.0668
731, 0, 73, 42.8624, 17.0999
732, 0, 72, 43.0403, 17.1199
733, 0, 72, 43.0413, 17.1402
734, 0, 72, 43.0305, 17.1798
735, 0, 72, 43.0006, 17.2086
736, 0, 72, 42.9333, 17.2436
737, 0, 72, 42.8495, 17.2698
738, 0, 72, 42.7821, 17.295
739, 0, 72, 42.7291, 17.3222
740, 0, 72, 42.6453, 17.3435
741, 0, 72, 42.3819, 17.3666
742, 0, 72, 42.2888, 17.3884
743, 0, 72, 42.205, 17.427
744, 0, 72, 42.1212, 17.4473
745, 0, 72, 41.9682, 17.4822
746, 0, 72, 41.9242, 17.5026
747, 0, 72, 41.8137, 17.5565
748, 0, 72, 41.7299, 17.591
749, 0, 72, 41.3563, 17.6344
750, 0, 72, 40.9828, 17.6657
751, 0, 72, 40.5678, 17.6876
752, 0, 72, 40.1942, 17.7227
753, 0, 72, 40.1353, 17.7505
754, 0, 72, 40.0764, 17.7772
755, 0, 72, 40.0234, 17.7985
756, 0, 72, 39.7194, 17.8196
757, 0, 72, 39.5664, 17.85
758, 0, 72, 39.5134, 17.8765
759, 0, 72, 39.4545, 17.9368
760, 0, 72, 39.4015, 17.9659
761, 0, 72, 39.3426, 17.9915
762, 0, 71, 39.5057, 18.014
763, 0, 71, 39.4383, 18.0338
764, 0, 71, 39.3412, 18.0535
765, 0, 71, 39.311, 18.0735
766, 0, 70, 39.4522, 18.1035
767, 0, 70, 39.422, 18.1436
768, 0, 70, 39.3854, 18.1983
769, 0, 70, 39.364, 18.236
770, 0, 70, 39.3234, 18.2716
771, 0, 70, 39.2868, 18.2978
772, 0, 70, 39.1763, 18.3244
773, 0, 70, 39.1322, 18.3691
774, 0, 70, 39.1054, 18.3934
775, 0, 70, 39.0689, 18.4288
776, 0, 70, 39.01, 18.4484
777, 0, 70, 38.9797, 18.4839
778, 0, 70, 38.9584, 18.5059
779, 0, 70, 38.931, 18.5265
780, 0, 70, 38.9288, 18.5479
781, 0, 70, 38.8542, 18.5678
782, 0, 70, 38.7704, 18.5882
783, 0, 70, 38.7559, 18.6091
784, 0, 70, 38.7414, 18.6292
785, 0, 70, 38.737, 18.6663
786, 0, 70, 38.728, 18.6864
787, 0, 70, 38.7655, 18.7127
788, 0, 70, 38.75, 18.733
789, 0, 69, 38.9131, 18.7742
790, 0, 69, 38.8457, 18.7989
791, 0, 69, 38.8469, 18.8194
792, 0, 69, 38.8379, 18.8391
793, 0, 69, 38.8392, 18.8588
794, 0, 69, 38.8304, 18.8827
795, 0, 69, 38.8062, 18.9044
796, 0, 69, 38.9286, 18.9245
797, 0, 69, 38.7775, 18.9469
798, 0, 69, 38.5729, 18.9672
799, 0, 69, 38.4624, 18.9883
800, 0, 69, 38.3095, 19.0162
801, 0, 69, 38.2654, 19.0426
802, 0, 69, 38.3878, 19.0708
803, 0, 69, 38.3205, 19.0954
804, 0, 69, 38.2675, 19.1158
805, 0, 69, 38.2689, 19.1359
806, 0, 69, 38.2676, 19.1609
807, 0, 69, 38.2514, 19.1811
808, 0, 69, 38.2301, 19.2011
809, 0, 69, 38.2188, 19.221
810, 0, 69, 38.1747, 19.2412
811, 0, 69, 38.1762, 19.2611
812, 0, 69, 38.2002, 19.2814
813, 0, 69, 38.1925, 19.3015
814, 0, 69, 38.172, 19.3255
815, 0, 69, 38.1643, 19.3466
816, 0, 69, 38.166, 19.3667
817, 0, 69, 38.1653, 19.3866
818, 0, 69, 38.1491, 19.4076
819, 0, 69, 38.105, 19.4277
820, 0, 69, 38.0837, 19.4636
821, 0, 69, 38.0721, 19.4836
822, 0, 69, 38.0652, 19.517
823, 0, 69, 38.0533, 19.5374
824, 0, 69, 38.0413, 19.5573
825, 0, 69, 38.0214, 19.5776
826, 0, 69, 38.1556, 19.6038
827, 0, 69, 38.0585, 19.624
828, 0, 69, 38.0484, 19.6465
829, 0, 69, 38.0384, 19.6785
830, 0, 69, 38.0296, 19.6985
831, 0, 69, 38.0294, 19.7262
832, 0, 69, 37.9715, 19.7504
833, 0, 69, 37.8877, 19.7696
834, 0, 69, 37.7946, 19.7917
835, 0, 69, 37.7416, 19.8285
836, 0, 69, 37.6827, 19.8487
837, 0, 69, 37.5018, 19.8689
838, 0, 69, 37.4488, 19.8893
839, 0, 69, 37.3899, 19.9139
840, 0, 69, 37.3597, 19.9481
841, 0, 69, 37.3067, 19.9674
842, 0, 69, 37.2537, 19.9868
843, 0, 69, 37.1699, 20.0108
844, 0, 69, 36.9653, 20.0304
845, 0, 69, 36.8722, 20.0499
846, 0, 69, 36.7884, 20.0771
847, 0, 69, 36.6355, 20.0986
848, 0, 69, 36.619, 20.1186
849, 0, 69, 36.5888, 20.1407
850, 0, 69, 36.5447, 20.1739
851, 0, 69, 36.6561, 20.2006
852, 0, 69, 36.5363, 20.2208
853, 0, 69, 36.3834, 20.2404
854, 0, 69, 36.3393, 20.2604
855, 0, 69, 36.2804, 20.2824
856, 0, 69, 36.2274, 20.3019
857, 0, 69, 36.1833, 20.3221
858, 0, 69, 36.1244, 20.3466
859, 0, 69, 36.0273, 20.372
860, 0, 69, 35.9684, 20.3911
861, 0, 69, 35.9154, 20.4105
862, 0, 69, 35.8184, 20.4305
863, 0, 69, 35.7654, 20.4522
864, 0, 69, 35.7123, 20.4722
865, 0, 69, 35.6535, 20.4923
866, 0, 69, 35.6232, 20.5135
867, 0, 69, 35.5702, 20.5377
868, 0, 69, 35.5113, 20.5639
869, 0, 69, 35.4583, 20.5895
870, 0, 69, 35.4053, 20.6116
871, 0, 69, 35.3122, 20.6473
872, 0, 69, 35.2284, 20.6692
873, 0, 69, 35.1878, 20.6885
874, 0, 69, 35.1512, 20.708
875, 0, 69, 35.121, 20.7282
876, 0, 69, 35.0542, 20.7481
877, 0, 69, 35.0135, 20.7675
878, 0, 69, 34.9769, 20.7873
879, 0, 69, 34.9101, 20.8071
880, 0, 69, 34.8736, 20.8266
881, 0, 69, 34.8205, 20.8466
882, 0, 69, 34.9836, 20.8664
883, 0, 69, 34.8998, 20.8865
884, 0, 69, 35.0339, 20.9084
885, 0, 69, 35.0037, 20.9285
886, 0, 69, 34.9671, 20.9833
887, 0, 69, 34.9688, 21.0188
888, 0, 69, 34.9622, 21.0443
889, 0, 69, 34.9417, 21.0644
890, 0, 69, 34.915, 21.0844
891, 0, 69, 34.8847, 21.1047
892, 0, 69, 34.8481, 21.1308
893, 0, 69, 34.7813, 21.1551
894, 0, 69, 34.7546, 21.1758
895, 0, 69, 34.718, 21.2263
896, 0, 69, 34.6878, 21.247
897, 0, 69, 34.6512, 21.2668
898, 0, 69, 34.6071, 21.288
899, 0, 69, 34.5665, 21.326
900, 0, 69, 34.5299, 21.3464
901, 0, 69, 34.471, 21.3658
902, 0, 69, 34.4408, 21.3861
903, 0, 69, 34.4194, 21.4076
904, 0, 69, 34.3926, 21.427
905, 0, 69, 34.3652, 21.4471
906, 0, 69, 34.3355, 21.4752
907, 0, 69, 34.3087, 21.4949
908, 0, 69, 34.1982, 21.5149
909, 0, 69, 33.7831, 21.5374
910, 0, 69, 33.4096, 21.5631
911, 0, 69, 32.9946, 21.5958
912, 0, 69, 32.5795, 21.6229
913, 0, 69, 32.206, 21.6428
914, 0, 69, 31.8325, 21.665
915, 0, 69, 31.7394, 21.6881
916, 0, 69, 31.6556, 21.7083
917, 0, 69, 31.6288, 21.7279
918, 0, 69, 31.5806, 21.7486
919, 0, 69, 31.5652, 21.7719
920, 0, 69, 31.6136, 21.7922
921, 0, 69, 31.5676, 21.8119
922, 0, 69, 31.5146, 21.8457
923, 0, 68, 31.6521, 21.8677
924, 0, 68, 31.6408, 21.9049
925, 0, 68, 31.6783, 21.925
926, 0, 68, 31.6671, 21.9524
927, 0, 68, 31.6588, 21.974
928, 0, 68, 31.6384, 22.0011
929, 0, 68, 31.6086, 22.0226
930, 0, 67, 31.7498, 22.0429
931, 0, 67, 31.7196, 22.0641
932, 0, 67, 31.683, 22.0965
933, 0, 67, 31.6423, 22.1166
934, 0, 67, 31.621, 22.1433
935, 0, 67, 31.6005, 22.1633
936, 0, 67, 31.5737, 22.1865
937, 0, 67, 31.5435, 22.2135
938, 0, 67, 31.5375, 22.2341
939, 0, 67, 31.6045, 22.2626
940, 0, 67, 31.5962, 22.2829
941, 0, 66, 31.7337, 22.3036
942, 0, 66, 31.7224, 22.3384
943, 0, 66, 31.6818, 22.374
944, 0, 66, 31.6604, 22.4052
945, 0, 66, 31.6015, 22.4555
946, 0, 66, 31.565, 22.4757
947, 0, 66, 31.5347, 22.4961
948, 0, 66, 31.4981, 22.5193
949, 0, 66, 31.4308, 22.5778
950, 0, 66, 31.3902, 22.6101
951, 0, 66, 31.3604, 22.6365
952, 0, 66, 31.3336, 22.6559
953, 0, 66, 31.2138, 22.6775
954, 0, 66, 31.1773, 22.6971
955, 0, 66, 31.1559, 22.7186
956, 0, 66, 31.1291, 22.7398
957, 0, 66, 31.0885, 22.7613
958, 0, 66, 31.0478, 22.7819
959, 0, 66, 31.0264, 22.8028
960, 0, 66, 31.0051, 22.823
961, 0, 66, 30.9783, 22.8426
962, 0, 66, 30.9485, 22.8639
963, 0, 66, 30.9331, 22.8841
964, 0, 66, 30.917, 22.9045
965, 0, 66, 30.9016, 22.9266
966, 0, 66, 30.8811, 22.9514
967, 0, 66, 30.8728, 22.9847
968, 0, 66, 30.8198, 23.0053
969, 0, 66, 30.7896, 23.0276
970, 0, 66, 30.7058, 23.0475
971, 0, 66, 30.6652, 23.0675
972, 0, 66, 30.6245, 23.0938
973, 0, 66, 30.5879, 23.12
974, 0, 66, 30.4071, 23.1569
975, 0, 66, 30.3397, 23.1784
976, 0, 66, 30.3095, 23.2013
977, 0, 66, 30.3112, 23.2227
978, 0, 66, 30.3046, 23.2489
979, 0, 66, 30.3064, 23.2731
980, 0, 66, 30.2966, 23.2977
981, 0, 66, 30.2894, 23.3198
982, 0, 66, 30.2896, 23.3404
983, 0, 66, 30.2814, 23.3752
984, 0, 66, 30.26, 23.3954
985, 0, 66, 30.2539, 23.4173
986, 0, 66, 30.2242, 23.4376
987, 0, 66, 30.2617, 23.4678
988, 0, 66, 30.2462, 23.4893
989, 0, 66, 30.235, 23.5097
990, 0, 66, 30.2188, 23.5303
991, 0, 66, 30.1984, 23.5513
992, 0, 66, 30.183, 23.5741
993, 0, 66, 30.1786, 23.596
994, 0, 66, 30.1411, 23.6159
995, 0, 66, 30.125, 23.6468
996, 0, 66, 30.1192, 23.667
997, 0, 65, 30.256, 23.7016
998, 0, 65, 30.2406, 23.7223
999, 0, 65, 30.2345, 23.7537
