Seed is: 15
Number of samples is: 1000
Simulation name is: NoTvSim.sim
TimeStep, Distraction Rate, Missed States, Model Accuracy, Time (ms)
0, 0, 256, 0, 6e-05
1, 0, 255, 1, 0.01588
2, 0, 254, 1.7632, 0.07367
3, 0, 253, 2.52639, 0.101272
4, 0, 252, 3.28959, 0.117283
5, 0, 251, 4.28959, 0.146118
6, 0, 250, 5.05279, 0.162629
7, 0, 249, 5.81599, 0.188008
8, 0, 248, 6.57918, 0.202936
9, 0, 247, 7.57918, 0.218466
10, 0, 246, 8.34238, 0.237742
11, 0, 245, 9.10558, 0.258121
12, 0, 244, 9.86877, 0.278911
13, 0, 243, 10.8688, 0.293829
14, 0, 242, 11.632, 0.324407
15, 0, 241, 12.3952, 0.349585
16, 0, 240, 13.1584, 0.365065
17, 0, 239, 14.1584, 0.385794
18, 0, 238, 14.9216, 0.400853
19, 0, 237, 15.6848, 0.416974
20, 0, 236, 16.448, 0.44651
21, 0, 235, 17.448, 0.46735
22, 0, 234, 17.2158, 0.482719
23, 0, 233, 18.2158, 0.503819
24, 0, 232, 18.979, 0.51977
25, 0, 231, 19.7422, 0.539597
26, 0, 230, 20.5054, 0.562711
27, 0, 229, 21.2686, 0.595063
28, 0, 228, 22.0318, 0.616434
29, 0, 227, 23.0318, 0.636051
30, 0, 227, 22.6167, 0.651831
31, 0, 227, 22.2432, 0.676548
32, 0, 226, 23.0064, 0.713078
33, 0, 225, 23.7696, 0.728748
34, 0, 224, 24.5328, 0.753384
35, 0, 223, 25.296, 0.769024
36, 0, 222, 26.0592, 0.791878
37, 0, 221, 26.8224, 0.822817
38, 0, 220, 27.5856, 0.842083
39, 0, 219, 28.5856, 0.861691
40, 0, 218, 29.3488, 0.880537
41, 0, 217, 30.112, 0.896497
42, 0, 216, 30.8752, 0.917116
43, 0, 215, 31.6383, 0.932746
44, 0, 214, 32.4015, 0.953786
45, 0, 213, 33.1647, 0.971159
46, 0, 212, 34.1647, 0.988212
47, 0, 211, 35.1647, 1.00623
48, 0, 210, 36.1647, 1.02234
49, 0, 209, 36.9279, 1.0451
50, 0, 208, 36.6957, 1.06977
51, 0, 207, 37.4589, 1.10539
52, 0, 207, 37.0439, 1.13093
53, 0, 207, 36.6289, 1.148
54, 0, 207, 36.2138, 1.16418
55, 0, 207, 35.8403, 1.18352
56, 0, 206, 36.6035, 1.19964
57, 0, 205, 37.3667, 1.23078
58, 0, 204, 38.1299, 1.26578
59, 0, 203, 38.8931, 1.28185
60, 0, 202, 39.6563, 1.29787
61, 0, 201, 40.4195, 1.3143
62, 0, 201, 40.0459, 1.34327
63, 0, 200, 41.0459, 1.36392
64, 0, 200, 40.6309, 1.38032
65, 0, 200, 40.2574, 1.40326
66, 0, 199, 41.6055, 1.42569
67, 0, 198, 42.3687, 1.44152
68, 0, 198, 41.8838, 1.46429
69, 0, 197, 42.647, 1.48108
70, 0, 196, 43.4102, 1.50456
71, 0, 195, 44.1734, 1.52098
72, 0, 194, 44.9366, 1.54055
73, 0, 194, 44.7666, 1.55689
74, 0, 194, 44.5967, 1.57483
75, 0, 194, 44.4268, 1.59554
76, 0, 194, 44.2739, 1.64904
77, 0, 194, 43.9003, 1.66805
78, 0, 194, 43.8072, 1.68465
79, 0, 194, 43.7141, 1.70477
80, 0, 194, 43.621, 1.72137
81, 0, 194, 43.5372, 1.73888
82, 0, 194, 43.1637, 1.78237
83, 0, 193, 43.9269, 1.81326
84, 0, 192, 44.6901, 1.82941
85, 0, 191, 45.4533, 1.84955
86, 0, 190, 46.2164, 1.86806
87, 0, 189, 46.9796, 1.89027
88, 0, 188, 47.7428, 1.90887
89, 0, 188, 47.3693, 1.9273
90, 0, 187, 48.1325, 1.9617
91, 0, 187, 47.759, 2.00366
92, 0, 186, 48.5222, 2.0203
93, 0, 185, 48.29, 2.04831
94, 0, 184, 49.0532, 2.07188
95, 0, 183, 49.8164, 2.09625
96, 0, 182, 50.5796, 2.11549
97, 0, 181, 51.3428, 2.13208
98, 0, 180, 52.106, 2.15055
99, 0, 180, 51.6909, 2.17432
100, 0, 179, 53.0391, 2.19161
101, 0, 178, 53.8023, 2.20926
102, 0, 177, 54.5655, 2.24598
103, 0, 176, 55.3287, 2.27043
104, 0, 175, 56.3287, 2.29764
105, 0, 174, 57.0919, 2.31822
106, 0, 173, 57.8551, 2.34042
107, 0, 172, 58.6183, 2.36532
108, 0, 172, 58.2032, 2.39001
109, 0, 172, 58.0333, 2.40763
110, 0, 172, 57.8804, 2.42571
111, 0, 172, 58.1023, 2.44488
112, 0, 171, 58.3436, 2.47215
113, 0, 171, 58.1391, 2.49011
114, 0, 171, 57.9862, 2.5307
115, 0, 171, 57.6126, 2.54892
116, 0, 170, 58.3758, 2.56835
117, 0, 169, 59.139, 2.58909
118, 0, 168, 60.4872, 2.61408
119, 0, 167, 61.2504, 2.63119
120, 0, 166, 62.2504, 2.65096
121, 0, 165, 63.0136, 2.67069
122, 0, 164, 64.0136, 2.71762
123, 0, 164, 63.6401, 2.73957
124, 0, 164, 63.225, 2.77016
125, 0, 164, 62.8515, 2.78859
126, 0, 164, 62.4779, 2.80783
127, 0, 164, 61.993, 2.847
128, 0, 164, 61.6195, 2.87101
129, 0, 164, 61.2459, 2.88899
130, 0, 164, 60.761, 2.91975
131, 0, 164, 60.3874, 2.9498
132, 0, 164, 60.0139, 2.97542
133, 0, 164, 59.5989, 3.00075
134, 0, 164, 59.2253, 3.01791
135, 0, 164, 58.8103, 3.04272
136, 0, 164, 58.6573, 3.06459
137, 0, 164, 58.2838, 3.08175
138, 0, 164, 57.8688, 3.11105
139, 0, 164, 57.4952, 3.13615
140, 0, 164, 57.1217, 3.15324
141, 0, 164, 56.7067, 3.17562
142, 0, 164, 56.3331, 3.19314
143, 0, 163, 56.1009, 3.21073
144, 0, 163, 55.7274, 3.22777
145, 0, 163, 55.3539, 3.24861
146, 0, 163, 55.184, 3.28157
147, 0, 163, 55.031, 3.29889
148, 0, 163, 54.8781, 3.324
149, 0, 163, 54.5046, 3.34712
150, 0, 162, 55.2677, 3.36453
151, 0, 161, 56.0309, 3.38304
152, 0, 160, 56.7941, 3.40197
153, 0, 159, 57.5573, 3.41972
154, 0, 158, 58.3205, 3.4368
155, 0, 157, 59.3205, 3.46692
156, 0, 156, 60.0837, 3.49107
157, 0, 155, 60.8469, 3.50834
158, 0, 155, 60.788, 3.52614
159, 0, 155, 60.7291, 3.54355
160, 0, 155, 60.6703, 3.56921
161, 0, 155, 60.6172, 3.58639
162, 0, 155, 60.4643, 3.60459
163, 0, 155, 60.4237, 3.6224
164, 0, 155, 60.383, 3.64159
165, 0, 155, 60.3424, 3.65879
166, 0, 155, 60.3058, 3.70246
167, 0, 155, 60.1529, 3.72852
168, 0, 155, 59.7793, 3.75952
169, 0, 154, 59.5472, 3.78486
170, 0, 153, 60.3103, 3.80772
171, 0, 152, 61.0735, 3.826
172, 0, 151, 61.8367, 3.84335
173, 0, 150, 62.5999, 3.86525
174, 0, 149, 63.3631, 3.89053
175, 0, 148, 63.1309, 3.9095
176, 0, 147, 64.1309, 3.92709
177, 0, 147, 63.7574, 3.95663
178, 0, 146, 64.7574, 3.9824
179, 0, 146, 64.3839, 4.00648
180, 0, 145, 65.1471, 4.03039
181, 0, 144, 65.9103, 4.04793
182, 0, 143, 66.9103, 4.06514
183, 0, 143, 66.5367, 4.083
184, 0, 142, 67.5367, 4.10044
185, 0, 142, 67.1632, 4.12596
186, 0, 142, 66.7897, 4.14435
187, 0, 142, 66.3746, 4.16185
188, 0, 142, 66.0011, 4.19377
189, 0, 141, 66.7643, 4.21233
190, 0, 141, 66.3908, 4.23138
191, 0, 141, 66.0172, 4.2645
192, 0, 141, 65.6437, 4.28233
193, 0, 141, 65.2702, 4.29983
194, 0, 140, 66.2702, 4.3168
195, 0, 139, 67.0334, 4.33497
196, 0, 138, 66.8012, 4.35248
197, 0, 137, 67.8012, 4.37864
198, 0, 136, 68.5644, 4.39634
199, 0, 135, 69.5644, 4.42785
200, 0, 134, 70.3276, 4.44555
201, 0, 133, 71.0908, 4.46291
202, 0, 132, 71.854, 4.49449
203, 0, 131, 72.854, 4.52492
204, 0, 130, 73.6172, 4.5442
205, 0, 129, 74.3803, 4.56153
206, 0, 128, 75.3803, 4.61082
207, 0, 127, 76.3803, 4.63222
208, 0, 126, 77.1435, 4.64985
209, 0, 125, 77.9067, 4.66725
210, 0, 125, 77.5332, 4.68731
211, 0, 125, 77.1597, 4.70733
212, 0, 125, 76.7861, 4.72544
213, 0, 125, 76.4126, 4.74312
214, 0, 125, 76.0391, 4.76196
215, 0, 125, 75.624, 4.78069
216, 0, 125, 75.2505, 4.80083
217, 0, 125, 74.877, 4.81856
218, 0, 125, 74.5034, 4.83646
219, 0, 125, 74.4737, 4.8556
220, 0, 125, 74.4439, 4.88409
221, 0, 125, 74.4142, 4.90523
222, 0, 125, 74.3874, 4.92263
223, 0, 125, 74.2769, 4.94107
224, 0, 125, 74.107, 4.95913
225, 0, 125, 74.0139, 4.97708
226, 0, 125, 73.9301, 5.01008
227, 0, 125, 73.6667, 5.04435
228, 0, 125, 73.2931, 5.06881
229, 0, 125, 73.2093, 5.09086
230, 0, 125, 73.1866, 5.10866
231, 0, 125, 73.1639, 5.12661
232, 0, 125, 73.1412, 5.14811
233, 0, 125, 73.1207, 5.1659
234, 0, 125, 73.0369, 5.18747
235, 0, 124, 73.3897, 5.21519
236, 0, 124, 73.7047, 5.2525
237, 0, 124, 73.3312, 5.27101
238, 0, 124, 72.9577, 5.29797
239, 0, 124, 72.3796, 5.31824
240, 0, 124, 72.502, 5.35018
241, 0, 124, 72.3508, 5.36915
242, 0, 124, 71.9773, 5.38782
243, 0, 123, 72.7405, 5.40583
244, 0, 122, 73.5037, 5.42337
245, 0, 121, 74.5037, 5.44984
246, 0, 121, 74.1302, 5.46918
247, 0, 120, 75.4783, 5.49138
248, 0, 120, 75.1048, 5.51685
249, 0, 120, 74.9519, 5.53568
250, 0, 120, 74.5783, 5.5569
251, 0, 120, 74.2048, 5.57506
252, 0, 120, 73.8313, 5.59985
253, 0, 120, 73.4162, 5.63858
254, 0, 120, 73.0427, 5.65647
255, 0, 119, 73.8059, 5.67514
256, 0, 119, 73.4323, 5.72403
257, 0, 119, 73.0588, 5.75419
258, 0, 119, 72.8543, 5.78716
259, 0, 119, 72.7013, 5.8088
260, 0, 119, 72.5484, 5.8267
261, 0, 119, 72.7703, 5.84535
262, 0, 119, 72.6004, 5.86374
263, 0, 119, 72.4305, 5.88246
264, 0, 119, 72.2776, 5.90063
265, 0, 119, 72.1246, 5.91827
266, 0, 119, 71.8612, 5.94383
267, 0, 119, 71.7083, 5.96319
268, 0, 119, 71.5553, 5.99225
269, 0, 119, 71.3854, 6.01208
270, 0, 119, 71.2325, 6.04508
271, 0, 119, 71.0625, 6.07406
272, 0, 119, 70.9787, 6.09893
273, 0, 119, 70.8258, 6.11732
274, 0, 118, 71.1786, 6.14468
275, 0, 118, 70.6936, 6.16815
276, 0, 118, 70.3201, 6.1906
277, 0, 118, 70.1156, 6.21057
278, 0, 118, 69.742, 6.23008
279, 0, 118, 69.3685, 6.24946
280, 0, 118, 68.9534, 6.27534
281, 0, 118, 68.7835, 6.29725
282, 0, 118, 68.6306, 6.32507
283, 0, 118, 68.2571, 6.34388
284, 0, 118, 67.8835, 6.36285
285, 0, 117, 68.2363, 6.38933
286, 0, 117, 68.5513, 6.41033
287, 0, 116, 68.9041, 6.44813
288, 0, 116, 68.4191, 6.46771
289, 0, 116, 68.3353, 6.4894
290, 0, 116, 67.9618, 6.51711
291, 0, 116, 67.8687, 6.53522
292, 0, 116, 67.8098, 6.55955
293, 0, 116, 67.7568, 6.57782
294, 0, 116, 67.7038, 6.59692
295, 0, 116, 67.6859, 6.62152
296, 0, 116, 67.6679, 6.64094
297, 0, 116, 67.65, 6.6753
298, 0, 116, 67.6339, 6.69356
299, 0, 116, 67.5809, 6.72257
300, 0, 116, 67.428, 6.74108
301, 0, 115, 68.7761, 6.76112
302, 0, 114, 70.1243, 6.77912
303, 0, 114, 69.6393, 6.81083
304, 0, 114, 69.9544, 6.82979
305, 0, 114, 69.5393, 6.84795
306, 0, 114, 69.1658, 6.86641
307, 0, 114, 68.7922, 6.89199
308, 0, 114, 68.4187, 6.91006
309, 0, 113, 69.1819, 6.92984
310, 0, 112, 69.5347, 6.98277
311, 0, 112, 69.0497, 7.00225
312, 0, 112, 68.6762, 7.02125
313, 0, 112, 68.8981, 7.06597
314, 0, 112, 68.7452, 7.09179
315, 0, 112, 68.6481, 7.11672
316, 0, 112, 68.5951, 7.13504
317, 0, 112, 68.4422, 7.16157
318, 0, 112, 68.0686, 7.18103
319, 0, 111, 68.2584, 7.20495
320, 0, 111, 68.4214, 7.22473
321, 0, 111, 68.3376, 7.24631
322, 0, 111, 68.2538, 7.28597
323, 0, 111, 68.1607, 7.30489
324, 0, 111, 68.0676, 7.33168
325, 0, 111, 67.9838, 7.35872
326, 0, 111, 67.8907, 7.37665
327, 0, 111, 67.8069, 7.39603
328, 0, 111, 67.7138, 7.41508
329, 0, 111, 67.5626, 7.45029
330, 0, 111, 67.4097, 7.48581
331, 0, 111, 67.0362, 7.50522
332, 0, 111, 66.6211, 7.52755
333, 0, 111, 66.2061, 7.54537
334, 0, 111, 65.8325, 7.57346
335, 0, 110, 66.1853, 7.59204
336, 0, 110, 65.7003, 7.62246
337, 0, 110, 65.6858, 7.64078
338, 0, 110, 65.6713, 7.66119
339, 0, 110, 65.6569, 7.68059
340, 0, 110, 65.6438, 7.71498
341, 0, 110, 65.5467, 7.7457
342, 0, 110, 65.3938, 7.76405
343, 0, 110, 64.9787, 7.7903
344, 0, 110, 64.6052, 7.8116
345, 0, 109, 65.3684, 7.84397
346, 0, 109, 64.9949, 7.87756
347, 0, 109, 64.6213, 7.89628
348, 0, 109, 64.2063, 7.91655
349, 0, 109, 63.8328, 7.93496
350, 0, 109, 63.2547, 7.95345
351, 0, 109, 62.8812, 7.97377
352, 0, 109, 62.3962, 7.9922
353, 0, 109, 62.1917, 8.03391
354, 0, 109, 62.0217, 8.06535
355, 0, 109, 61.8688, 8.09861
356, 0, 109, 61.7159, 8.11693
357, 0, 109, 61.5629, 8.13527
358, 0, 109, 61.1894, 8.1551
359, 0, 109, 60.8159, 8.17687
360, 0, 109, 60.4423, 8.20981
361, 0, 109, 60.2894, 8.23098
362, 0, 109, 59.9159, 8.25794
363, 0, 109, 59.5423, 8.28687
364, 0, 108, 60.3055, 8.30548
365, 0, 107, 61.0687, 8.324
366, 0, 106, 62.0687, 8.34591
367, 0, 105, 62.8319, 8.37208
368, 0, 105, 62.662, 8.41801
369, 0, 105, 62.4921, 8.43647
370, 0, 105, 62.3391, 8.45785
371, 0, 104, 62.6919, 8.47654
372, 0, 104, 62.207, 8.49557
373, 0, 104, 61.9435, 8.51561
374, 0, 104, 61.7906, 8.53988
375, 0, 104, 61.6377, 8.55833
376, 0, 104, 61.2226, 8.57717
377, 0, 104, 61.0697, 8.60672
378, 0, 104, 60.6962, 8.6322
379, 0, 104, 60.3226, 8.66525
380, 0, 104, 59.9076, 8.70353
381, 0, 104, 59.7546, 8.72291
382, 0, 104, 59.3396, 8.74107
383, 0, 104, 59.1867, 8.76043
384, 0, 104, 59.0337, 8.7936
385, 0, 104, 58.8638, 8.81699
386, 0, 104, 58.7109, 8.84336
387, 0, 103, 59.0637, 8.87586
388, 0, 103, 59.3787, 8.90187
389, 0, 103, 59.0052, 8.92315
390, 0, 103, 58.8522, 8.94745
391, 0, 103, 58.6993, 8.97157
392, 0, 103, 58.5464, 9.00665
393, 0, 103, 58.1313, 9.03711
394, 0, 103, 57.9268, 9.07463
395, 0, 103, 57.7739, 9.10012
396, 0, 103, 57.6901, 9.13476
397, 0, 103, 57.8015, 9.15773
398, 0, 103, 57.7347, 9.18163
399, 0, 103, 57.6509, 9.21229
400, 0, 103, 57.481, 9.25432
401, 0, 103, 57.328, 9.28274
402, 0, 103, 56.913, 9.32641
403, 0, 103, 56.5395, 9.34631
404, 0, 102, 57.5395, 9.36471
405, 0, 101, 58.3026, 9.38248
406, 0, 100, 59.3026, 9.40247
407, 0, 99, 60.3026, 9.42184
408, 0, 98, 61.0658, 9.4578
409, 0, 97, 61.829, 9.48592
410, 0, 97, 61.4555, 9.52819
411, 0, 97, 61.3026, 9.55616
412, 0, 97, 61.1496, 9.58548
413, 0, 97, 60.7346, 9.61721
414, 0, 97, 60.5817, 9.64857
415, 0, 97, 60.4287, 9.6835
416, 0, 97, 60.2758, 9.71792
417, 0, 97, 60.0124, 9.743
418, 0, 97, 59.9758, 9.76328
419, 0, 97, 59.9638, 9.80044
420, 0, 97, 59.9519, 9.82073
421, 0, 97, 59.9399, 9.84704
422, 0, 97, 59.9291, 9.86663
423, 0, 96, 60.0778, 9.88602
424, 0, 96, 60.0337, 9.93329
425, 0, 96, 59.9499, 9.95608
426, 0, 96, 59.3718, 9.98463
427, 0, 96, 59.288, 10.0106
428, 0, 96, 59.1351, 10.0295
429, 0, 96, 58.9822, 10.0478
430, 0, 96, 58.8123, 10.0662
431, 0, 96, 58.6593, 10.085
432, 0, 96, 58.3959, 10.1037
433, 0, 96, 58.2854, 10.1224
434, 0, 96, 58.1923, 10.1416
435, 0, 95, 58.382, 10.1652
436, 0, 95, 58.2715, 10.1844
437, 0, 95, 58.1877, 10.2043
438, 0, 95, 58.1039, 10.2313
439, 0, 95, 57.8994, 10.266
440, 0, 95, 57.8893, 10.2846
441, 0, 95, 57.8793, 10.3209
442, 0, 95, 57.8692, 10.3427
443, 0, 95, 57.8602, 10.3725
444, 0, 95, 57.8299, 10.3985
445, 0, 95, 57.7461, 10.4336
446, 0, 95, 57.5762, 10.4572
447, 0, 94, 57.766, 10.479
448, 0, 94, 57.6555, 10.4978
449, 0, 94, 57.5025, 10.5164
450, 0, 94, 57.298, 10.5354
451, 0, 94, 57.2391, 10.5562
452, 0, 94, 57.1985, 10.5766
453, 0, 94, 57.1619, 10.5953
454, 0, 94, 57.1405, 10.6154
455, 0, 94, 57.3044, 10.6345
456, 0, 94, 57.2514, 10.6543
457, 0, 94, 57.0985, 10.6756
458, 0, 94, 56.5204, 10.7043
459, 0, 93, 57.2836, 10.7308
460, 0, 93, 57.1307, 10.7514
461, 0, 93, 56.9777, 10.7702
462, 0, 93, 56.8078, 10.7886
463, 0, 93, 56.6549, 10.8149
464, 0, 93, 56.2813, 10.8355
465, 0, 93, 56.1284, 10.8541
466, 0, 93, 55.9585, 10.8727
467, 0, 93, 55.8055, 10.8914
468, 0, 92, 57.1537, 10.9102
469, 0, 92, 56.7802, 10.9309
470, 0, 92, 56.7436, 10.9502
471, 0, 92, 56.5907, 10.9689
472, 0, 92, 56.5821, 10.9888
473, 0, 92, 56.5735, 11.0075
474, 0, 92, 56.565, 11.032
475, 0, 92, 56.5573, 11.0523
476, 0, 92, 56.5091, 11.0875
477, 0, 92, 56.358, 11.1069
478, 0, 92, 56.2742, 11.1321
479, 0, 92, 56.2212, 11.1582
480, 0, 91, 56.4109, 11.1782
481, 0, 91, 56.3004, 11.1981
482, 0, 90, 56.4634, 11.2167
483, 0, 90, 56.3961, 11.2354
484, 0, 90, 56.3114, 11.2555
485, 0, 90, 56.2707, 11.2833
486, 0, 90, 56.241, 11.3037
487, 0, 90, 56.2142, 11.3242
488, 0, 90, 56.1874, 11.3479
489, 0, 90, 56.1801, 11.3668
490, 0, 90, 56.1727, 11.3851
491, 0, 90, 56.1653, 11.4432
492, 0, 90, 56.1587, 11.4844
493, 0, 90, 56.1432, 11.5103
494, 0, 90, 56.0902, 11.5511
495, 0, 90, 56.0064, 11.574
496, 0, 90, 55.8365, 11.5974
497, 0, 90, 55.726, 11.6167
498, 0, 90, 55.6422, 11.636
499, 0, 90, 55.5584, 11.6547
500, 0, 90, 55.4746, 11.7003
501, 0, 90, 55.2937, 11.7222
502, 0, 90, 55.2578, 11.7428
503, 0, 90, 55.2137, 11.7618
504, 0, 90, 55.1511, 11.7812
505, 0, 90, 55.1243, 11.8153
506, 0, 90, 54.9714, 11.8369
507, 0, 90, 54.8185, 11.8643
508, 0, 90, 54.6655, 11.8915
509, 0, 90, 54.2505, 11.9103
510, 0, 89, 54.6033, 11.9318
511, 0, 89, 54.1183, 11.982
512, 0, 89, 53.7448, 12.0118
513, 0, 89, 53.7383, 12.0467
514, 0, 89, 53.7319, 12.0687
515, 0, 89, 53.7255, 12.0966
516, 0, 89, 53.7197, 12.1149
517, 0, 89, 53.7084, 12.1359
518, 0, 89, 53.5886, 12.1548
519, 0, 89, 53.5682, 12.1739
520, 0, 89, 53.5625, 12.1954
521, 0, 89, 53.5569, 12.2149
522, 0, 89, 53.5512, 12.2348
523, 0, 89, 53.5462, 12.2649
524, 0, 89, 53.5187, 12.2844
525, 0, 89, 53.4657, 12.3035
526, 0, 89, 53.3726, 12.3225
527, 0, 89, 53.2888, 12.3432
528, 0, 89, 53.1359, 12.3631
529, 0, 89, 52.9314, 12.3954
530, 0, 89, 52.8784, 12.4149
531, 0, 89, 52.7254, 12.4343
532, 0, 89, 52.5555, 12.4691
533, 0, 89, 52.4026, 12.496
534, 0, 89, 52.029, 12.5161
535, 0, 89, 51.9452, 12.5354
536, 0, 89, 51.7923, 12.5557
537, 0, 89, 51.6394, 12.6014
538, 0, 89, 51.4864, 12.6382
539, 0, 89, 51.4567, 12.672
540, 0, 89, 51.434, 12.7147
541, 0, 89, 51.4135, 12.7341
542, 0, 89, 51.3657, 12.7536
543, 0, 89, 51.3452, 12.7863
544, 0, 89, 51.2614, 12.8064
545, 0, 89, 50.7765, 12.8505
546, 0, 89, 50.4029, 12.8793
547, 0, 89, 50.1984, 12.8984
548, 0, 89, 49.8249, 12.9301
549, 0, 89, 49.6719, 12.9604
550, 0, 89, 49.519, 12.9795
551, 0, 89, 49.3491, 12.9982
552, 0, 89, 49.2653, 13.0287
553, 0, 89, 49.1123, 13.0609
554, 0, 89, 48.9594, 13.0825
555, 0, 89, 48.7895, 13.1143
556, 0, 89, 48.7057, 13.1328
557, 0, 89, 48.5358, 13.1525
558, 0, 89, 48.4427, 13.1709
559, 0, 89, 48.3589, 13.1947
560, 0, 89, 48.2751, 13.215
561, 0, 89, 48.1913, 13.2338
562, 0, 89, 48.0981, 13.2555
563, 0, 89, 48.0308, 13.2871
564, 0, 89, 47.947, 13.3255
565, 0, 89, 47.8365, 13.3451
566, 0, 89, 47.8138, 13.3672
567, 0, 89, 47.7959, 13.3926
568, 0, 89, 47.7797, 13.4304
569, 0, 89, 47.7715, 13.4513
570, 0, 89, 47.7349, 13.4704
571, 0, 89, 47.4714, 13.4896
572, 0, 89, 47.4349, 13.522
573, 0, 89, 47.5573, 13.5415
574, 0, 89, 47.4899, 13.5674
575, 0, 89, 47.3928, 13.5879
576, 0, 89, 47.3487, 13.6153
577, 0, 89, 47.3185, 13.651
578, 0, 89, 47.3024, 13.6858
579, 0, 89, 47.2974, 13.7226
580, 0, 89, 47.2924, 13.7416
581, 0, 89, 47.2874, 13.7697
582, 0, 89, 47.2829, 13.788
583, 0, 89, 47.2616, 13.8099
584, 0, 89, 47.1948, 13.8309
585, 0, 89, 47.1417, 13.8571
586, 0, 89, 47.1052, 13.8849
587, 0, 89, 47.0611, 13.9236
588, 0, 89, 46.968, 13.942
589, 0, 89, 46.915, 13.9641
590, 0, 89, 46.8312, 13.9929
591, 0, 89, 46.5677, 14.0128
592, 0, 89, 46.4148, 14.0451
593, 0, 89, 46.2619, 14.0637
594, 0, 89, 46.1089, 14.0823
595, 0, 89, 46.0251, 14.1024
596, 0, 89, 45.932, 14.1338
597, 0, 89, 45.8482, 14.1526
598, 0, 89, 45.7644, 14.1713
599, 0, 89, 45.6806, 14.2182
600, 0, 89, 45.5875, 14.2367
601, 0, 89, 45.5037, 14.2552
602, 0, 89, 45.3508, 14.2856
603, 0, 89, 45.3347, 14.3045
604, 0, 89, 45.2509, 14.3236
605, 0, 89, 45.2464, 14.3626
606, 0, 89, 45.242, 14.3815
607, 0, 89, 45.2375, 14.4
608, 0, 89, 45.2335, 14.4235
609, 0, 89, 45.196, 14.4432
610, 0, 89, 45.1781, 14.4739
611, 0, 89, 45.1636, 14.4988
612, 0, 89, 45.1506, 14.5173
613, 0, 89, 45.1445, 14.546
614, 0, 89, 45.0598, 14.5706
615, 0, 89, 45.0429, 14.5926
616, 0, 89, 45.0063, 14.6155
617, 0, 89, 44.9225, 14.6341
618, 0, 89, 44.8387, 14.6667
619, 0, 89, 44.6688, 14.6859
620, 0, 89, 44.585, 14.7047
621, 0, 89, 44.5012, 14.7242
622, 0, 89, 44.4081, 14.7427
623, 0, 89, 44.3243, 14.7627
624, 0, 89, 44.257, 14.7836
625, 0, 89, 44.204, 14.8038
626, 0, 89, 44.1674, 14.8251
627, 0, 88, 44.4087, 14.845
628, 0, 88, 44.2042, 14.8643
629, 0, 88, 44.1111, 14.8841
630, 0, 88, 44.018, 14.9093
631, 0, 88, 43.9342, 14.9349
632, 0, 88, 43.8237, 14.9547
633, 0, 88, 43.8197, 14.9758
634, 0, 88, 43.8157, 14.9947
635, 0, 88, 43.8117, 15.0159
636, 0, 88, 43.8081, 15.0444
637, 0, 88, 43.8735, 15.0637
638, 0, 88, 43.8604, 15.0894
639, 0, 88, 43.8568, 15.129
640, 0, 88, 43.8532, 15.1478
641, 0, 88, 43.8496, 15.1889
642, 0, 88, 43.8464, 15.2123
643, 0, 88, 43.842, 15.2399
644, 0, 88, 43.8152, 15.2607
645, 0, 88, 43.7314, 15.2803
646, 0, 88, 43.6476, 15.3168
647, 0, 88, 43.5638, 15.3406
648, 0, 88, 43.5108, 15.3595
649, 0, 88, 43.4578, 15.379
650, 0, 88, 43.3647, 15.417
651, 0, 88, 43.2973, 15.4499
652, 0, 88, 43.2443, 15.4762
653, 0, 88, 43.2002, 15.5054
654, 0, 88, 43.1031, 15.5248
655, 0, 88, 42.952, 15.5438
656, 0, 88, 43.0219, 15.576
657, 0, 88, 42.9551, 15.5996
658, 0, 88, 42.911, 15.6283
659, 0, 88, 42.8521, 15.652
660, 0, 88, 42.7991, 15.6712
661, 0, 88, 42.6462, 15.6915
662, 0, 88, 42.5932, 15.7101
663, 0, 88, 42.5343, 15.7396
664, 0, 88, 42.4813, 15.7592
665, 0, 88, 42.3882, 15.7909
666, 0, 88, 42.3352, 15.8218
667, 0, 88, 42.2822, 15.8422
668, 0, 88, 42.2292, 15.8643
669, 0, 88, 42.2024, 15.8832
670, 0, 88, 42.1658, 15.9023
671, 0, 88, 42.1391, 15.9213
672, 0, 88, 42.0802, 15.9457
673, 0, 88, 42.0499, 15.9646
674, 0, 88, 41.9969, 15.9834
675, 0, 88, 41.9296, 16.0027
676, 0, 87, 42.0671, 16.0216
677, 0, 87, 42.0558, 16.0419
678, 0, 86, 42.2456, 16.0609
679, 0, 86, 42.1351, 16.0861
680, 0, 86, 42.0246, 16.1102
681, 0, 86, 41.9716, 16.1347
682, 0, 86, 41.8878, 16.1596
683, 0, 86, 41.7366, 16.1785
684, 0, 86, 41.6528, 16.2054
685, 0, 86, 41.4829, 16.2243
686, 0, 86, 41.33, 16.2489
687, 0, 86, 41.2462, 16.2789
688, 0, 86, 41.0932, 16.2977
689, 0, 86, 41.0402, 16.3174
690, 0, 86, 40.8873, 16.3362
691, 0, 86, 40.6828, 16.3603
692, 0, 86, 40.5298, 16.3808
693, 0, 86, 40.5265, 16.4136
694, 0, 86, 40.5233, 16.4325
695, 0, 86, 40.52, 16.4512
696, 0, 86, 40.517, 16.4699
697, 0, 86, 40.5036, 16.4904
698, 0, 86, 40.4822, 16.5265
699, 0, 86, 40.445, 16.5466
700, 0, 86, 40.4367, 16.5669
701, 0, 86, 40.3529, 16.5858
702, 0, 86, 40.3468, 16.6081
703, 0, 86, 40.2795, 16.6269
704, 0, 86, 40.1957, 16.6572
705, 0, 85, 40.3854, 16.6776
706, 0, 85, 40.2749, 16.6969
707, 0, 85, 40.1818, 16.7196
708, 0, 85, 40.098, 16.7428
709, 0, 85, 40.045, 16.7618
710, 0, 85, 39.992, 16.7817
711, 0, 85, 39.9331, 16.8009
712, 0, 85, 39.8742, 16.821
713, 0, 85, 39.8212, 16.8413
714, 0, 85, 39.7374, 16.8651
715, 0, 85, 39.5845, 16.8879
716, 0, 85, 39.5256, 16.9089
717, 0, 85, 39.4726, 16.9276
718, 0, 85, 39.4137, 16.9477
719, 0, 85, 39.5478, 16.9835
720, 0, 85, 39.428, 17.0088
721, 0, 85, 39.3442, 17.0279
722, 0, 85, 39.3001, 17.048
723, 0, 85, 39.2328, 17.0669
724, 0, 85, 39.1962, 17.0857
725, 0, 84, 39.3593, 17.1108
726, 0, 84, 39.2919, 17.1302
727, 0, 84, 39.1948, 17.1511
728, 0, 84, 39.1418, 17.1703
729, 0, 84, 39.058, 17.1908
730, 0, 84, 38.9051, 17.2138
731, 0, 84, 38.812, 17.2392
732, 0, 84, 38.7282, 17.2584
733, 0, 84, 38.8208, 17.2787
734, 0, 84, 38.7678, 17.298
735, 0, 84, 38.684, 17.3169
736, 0, 84, 38.631, 17.3368
737, 0, 84, 38.5637, 17.3658
738, 0, 84, 38.5048, 17.3847
739, 0, 84, 38.4518, 17.4033
740, 0, 83, 38.6005, 17.4221
741, 0, 83, 38.5564, 17.4429
742, 0, 83, 38.5198, 17.4617
743, 0, 83, 38.453, 17.4806
744, 0, 83, 38.4164, 17.4992
745, 0, 83, 38.3723, 17.518
746, 0, 83, 38.3317, 17.5367
747, 0, 83, 38.2951, 17.5552
748, 0, 83, 38.2649, 17.5745
749, 0, 83, 38.2381, 17.598
750, 0, 83, 38.1975, 17.6323
751, 0, 83, 38.1568, 17.6516
752, 0, 83, 38.1203, 17.6709
753, 0, 83, 38.0762, 17.6902
754, 0, 83, 38.1697, 17.7111
755, 0, 83, 38.1399, 17.7304
756, 0, 83, 38.1102, 17.7496
757, 0, 83, 38.0834, 17.776
758, 0, 82, 38.2464, 17.7952
759, 0, 82, 38.1791, 17.8146
760, 0, 82, 38.0686, 17.8338
761, 0, 82, 37.9848, 17.8534
762, 0, 82, 37.8917, 17.8722
763, 0, 82, 37.8079, 17.891
764, 0, 82, 37.655, 17.9231
765, 0, 82, 37.5712, 17.9422
766, 0, 82, 37.5271, 17.9614
767, 0, 82, 37.4597, 17.9802
768, 0, 82, 37.3759, 17.9988
769, 0, 82, 37.2921, 18.0177
770, 0, 82, 37.199, 18.0523
771, 0, 82, 37.1401, 18.0711
772, 0, 81, 37.3032, 18.1228
773, 0, 81, 37.2358, 18.1903
774, 0, 81, 37.1427, 18.2198
775, 0, 81, 37.0897, 18.2387
776, 0, 81, 37.0456, 18.2578
777, 0, 80, 37.2087, 18.2769
778, 0, 80, 37.1413, 18.2962
779, 0, 80, 37.0824, 18.3151
780, 0, 79, 37.2311, 18.3361
781, 0, 79, 37.187, 18.356
782, 0, 79, 37.143, 18.3765
783, 0, 79, 37.1127, 18.4059
784, 0, 79, 37.0597, 18.4282
785, 0, 79, 36.9759, 18.448
786, 0, 79, 36.917, 18.4689
787, 0, 79, 36.8868, 18.4889
788, 0, 79, 36.8502, 18.5089
789, 0, 79, 36.8136, 18.5277
790, 0, 79, 36.7606, 18.5465
791, 0, 79, 36.7017, 18.566
792, 0, 79, 36.6487, 18.5852
793, 0, 79, 36.5517, 18.6183
794, 0, 79, 36.5151, 18.6375
795, 0, 79, 36.4562, 18.6735
796, 0, 79, 36.426, 18.701
797, 0, 79, 36.3778, 18.734
798, 0, 79, 36.3476, 18.7672
799, 0, 79, 36.311, 18.7862
800, 0, 79, 36.2628, 18.8129
801, 0, 79, 36.2147, 18.8351
802, 0, 78, 36.3559, 18.8706
803, 0, 78, 36.3257, 18.904
804, 0, 78, 36.285, 18.9316
805, 0, 78, 36.2484, 18.9544
806, 0, 78, 36.1646, 18.973
807, 0, 78, 36.0541, 18.999
808, 0, 78, 35.9952, 19.0276
809, 0, 78, 35.9363, 19.0483
810, 0, 78, 35.8833, 19.0743
811, 0, 78, 35.7728, 19.0947
812, 0, 78, 35.7515, 19.1142
813, 0, 78, 35.7149, 19.1501
814, 0, 78, 35.6481, 19.1698
815, 0, 78, 35.6213, 19.1963
816, 0, 78, 35.5587, 19.2156
817, 0, 78, 35.5555, 19.2405
818, 0, 77, 35.6933, 19.26
819, 0, 77, 35.6719, 19.2832
820, 0, 77, 35.5208, 19.3031
821, 0, 77, 35.5053, 19.323
822, 0, 77, 35.598, 19.3435
823, 0, 77, 35.545, 19.3654
824, 0, 77, 35.3938, 19.3896
825, 0, 77, 35.2409, 19.4097
826, 0, 77, 35.088, 19.4329
827, 0, 77, 35.035, 19.4545
828, 0, 77, 34.882, 19.479
829, 0, 77, 34.8414, 19.5144
830, 0, 77, 34.82, 19.5346
831, 0, 76, 34.9612, 19.5538
832, 0, 76, 34.931, 19.5798
833, 0, 76, 34.878, 19.5989
834, 0, 76, 34.725, 19.6185
835, 0, 76, 34.3515, 19.6451
836, 0, 76, 34.1816, 19.6782
837, 0, 76, 34.0711, 19.7052
838, 0, 76, 33.9873, 19.7559
839, 0, 75, 34.136, 19.7766
840, 0, 75, 34.0919, 19.7959
841, 0, 75, 34.0081, 19.8266
842, 0, 75, 33.9243, 19.8457
843, 0, 75, 33.8654, 19.8717
844, 0, 75, 33.8124, 19.8911
845, 0, 75, 33.7594, 19.9106
846, 0, 75, 33.7064, 19.9439
847, 0, 75, 33.7034, 19.9626
848, 0, 75, 33.7004, 19.9816
849, 0, 75, 33.6974, 20.0027
850, 0, 74, 33.8753, 20.0217
851, 0, 74, 33.8763, 20.0411
852, 0, 74, 33.8655, 20.0749
853, 0, 74, 33.8667, 20.0976
854, 0, 74, 33.8559, 20.1192
855, 0, 74, 33.8291, 20.1468
856, 0, 74, 33.7453, 20.1679
857, 0, 74, 33.6522, 20.1872
858, 0, 74, 33.5684, 20.2102
859, 0, 74, 33.1534, 20.2603
860, 0, 73, 33.5061, 20.2953
861, 0, 73, 33.0212, 20.3295
862, 0, 73, 32.6476, 20.3788
863, 0, 73, 32.2741, 20.3982
864, 0, 73, 31.8591, 20.4173
865, 0, 73, 31.444, 20.4364
866, 0, 73, 31.0705, 20.4556
867, 0, 73, 30.697, 20.4832
868, 0, 73, 30.6132, 20.5139
869, 0, 73, 30.5864, 20.5333
870, 0, 73, 30.571, 20.563
871, 0, 73, 30.5403, 20.596
872, 0, 73, 30.5258, 20.6176
873, 0, 73, 30.5214, 20.6374
874, 0, 73, 30.4684, 20.6572
875, 0, 73, 30.4653, 20.6773
876, 0, 73, 30.4351, 20.7139
877, 0, 73, 30.3683, 20.7392
878, 0, 73, 30.4788, 20.7588
879, 0, 72, 30.62, 20.7931
880, 0, 72, 30.5897, 20.8176
881, 0, 72, 30.5595, 20.8433
882, 0, 72, 30.6555, 20.8635
883, 0, 72, 30.6328, 20.8828
884, 0, 72, 30.6101, 20.9083
885, 0, 72, 30.5896, 20.9414
886, 0, 72, 30.5594, 20.9765
887, 0, 72, 30.5153, 20.9963
888, 0, 72, 30.4564, 21.0225
889, 0, 72, 30.4034, 21.0468
890, 0, 72, 30.2505, 21.0667
891, 0, 72, 30.1975, 21.0861
892, 0, 72, 30.1386, 21.1158
893, 0, 72, 30.0856, 21.1376
894, 0, 72, 30.0326, 21.16
895, 0, 72, 29.9796, 21.1814
896, 0, 72, 29.943, 21.2035
897, 0, 72, 29.8459, 21.2334
898, 0, 72, 29.8714, 21.2533
899, 0, 72, 29.851, 21.2731
900, 0, 72, 29.8242, 21.2929
901, 0, 72, 29.7876, 21.3203
902, 0, 71, 29.9363, 21.3405
903, 0, 71, 29.8922, 21.3604
904, 0, 71, 29.8718, 21.3896
905, 0, 71, 29.8416, 21.4247
906, 0, 71, 29.7937, 21.4449
907, 0, 71, 29.7916, 21.4844
908, 0, 71, 29.7755, 21.5134
909, 0, 71, 29.7396, 21.5357
910, 0, 71, 29.6989, 21.5858
911, 0, 71, 29.6624, 21.6223
912, 0, 71, 29.6035, 21.6536
913, 0, 70, 29.7522, 21.6784
914, 0, 70, 29.7081, 21.7118
915, 0, 70, 29.6715, 21.7362
916, 0, 70, 29.6413, 21.7699
917, 0, 70, 29.6006, 21.7962
918, 0, 70, 29.5793, 21.82
919, 0, 70, 29.6583, 21.8418
920, 0, 69, 29.796, 21.8646
921, 0, 69, 29.7746, 21.8994
922, 0, 69, 29.7585, 21.9375
923, 0, 69, 29.7179, 21.9594
924, 0, 69, 29.6965, 21.9794
925, 0, 69, 29.6558, 22.0049
926, 0, 69, 29.6345, 22.0261
927, 0, 69, 29.5979, 22.0462
928, 0, 69, 29.5449, 22.0673
929, 0, 69, 29.4919, 22.0992
930, 0, 69, 29.4389, 22.1201
931, 0, 69, 29.38, 22.1434
932, 0, 69, 29.327, 22.1794
933, 0, 69, 29.2165, 22.2008
934, 0, 69, 29.1327, 22.2204
935, 0, 69, 29.0797, 22.2399
936, 0, 69, 29.0267, 22.2595
937, 0, 69, 28.9678, 22.2813
938, 0, 69, 28.9375, 22.3009
939, 0, 69, 28.901, 22.3262
940, 0, 69, 28.848, 22.3461
941, 0, 69, 28.8073, 22.3684
942, 0, 69, 28.7859, 22.3925
943, 0, 69, 28.7592, 22.4122
944, 0, 69, 28.7378, 22.4325
945, 0, 69, 28.7165, 22.4535
946, 0, 69, 28.6497, 22.4735
947, 0, 69, 28.6122, 22.4936
948, 0, 69, 28.6032, 22.5151
949, 0, 69, 28.6045, 22.5348
950, 0, 69, 28.5957, 22.5565
951, 0, 69, 28.5803, 22.5768
952, 0, 69, 28.5505, 22.6101
953, 0, 69, 28.5238, 22.6299
954, 0, 69, 28.4708, 22.6515
955, 0, 69, 28.5932, 22.6719
956, 0, 69, 28.5258, 22.6921
957, 0, 69, 28.4956, 22.7176
958, 0, 69, 28.4118, 22.7677
959, 0, 69, 28.4132, 22.7875
960, 0, 69, 28.3877, 22.8079
961, 0, 69, 28.3757, 22.8278
962, 0, 69, 28.365, 22.8494
963, 0, 69, 28.3636, 22.8698
964, 0, 69, 28.3468, 22.8925
965, 0, 69, 28.28, 22.9127
966, 0, 69, 28.268, 22.9382
967, 0, 69, 28.2659, 22.9613
968, 0, 69, 28.2293, 22.9818
969, 0, 69, 28.1455, 23.0145
970, 0, 69, 28.0925, 23.0548
971, 0, 69, 28.0519, 23.0754
972, 0, 69, 28.0153, 23.0955
973, 0, 69, 27.9939, 23.1155
974, 0, 69, 27.9725, 23.1354
975, 0, 69, 27.8979, 23.1553
976, 0, 69, 27.8765, 23.1812
977, 0, 69, 27.9465, 23.215
978, 0, 69, 27.9099, 23.236
979, 0, 69, 27.8261, 23.2689
980, 0, 69, 27.411, 23.2886
981, 0, 69, 27.0375, 23.3083
982, 0, 69, 26.9969, 23.3279
983, 0, 69, 26.9562, 23.348
984, 0, 69, 26.9197, 23.3751
985, 0, 69, 26.8523, 23.3955
986, 0, 69, 26.8164, 23.4216
987, 0, 69, 26.8539, 23.4421
988, 0, 68, 26.9917, 23.4627
989, 0, 68, 26.9703, 23.4917
990, 0, 67, 27.1115, 23.527
991, 0, 67, 27.0813, 23.5532
992, 0, 67, 27.0545, 23.5789
993, 0, 67, 27.0331, 23.6004
994, 0, 67, 27.0034, 23.6264
995, 0, 67, 27.0409, 23.6535
996, 0, 67, 27.0254, 23.6794
997, 0, 67, 27.0908, 23.7164
998, 0, 67, 27.0778, 23.7368
999, 0, 67, 27.0624, 23.777
