Seed is: 63
Number of samples is: 1000
Simulation name is: Simulation_4TV.sim
TimeStep, Distraction Rate, Missed States, Model Accuracy, Time (ms)
0, 0, 112, 0, 7e-05
1, 0, 111, -0.232193, 0.007304
2, 0, 110, 0.531004, 0.013526
3, 0, 109, 1.2942, 0.019678
4, 0, 108, 2.0574, 0.025849
5, 0, 107, 2.8206, 0.03149
6, 0, 106, 3.8206, 0.0368
7, 0, 105, 4.58379, 0.042301
8, 1, 104, 5.58379, 0.04732
9, 1, 103, 6.34699, 0.052931
10, 1, 102, 7.11019, 0.057971
11, 2, 102, 6.69515, 0.06298
12, 2, 101, 7.45835, 0.069222
13, 2, 100, 8.22154, 0.074512
14, 2, 99, 8.98474, 0.079542
15, 3, 98, 9.98474, 0.084792
16, 3, 97, 10.7479, 0.091444
17, 3, 96, 10.5157, 0.096895
18, 3, 95, 11.2789, 0.102145
19, 3, 94, 12.6271, 0.108116
20, 3, 93, 13.3903, 0.112945
21, 3, 92, 13.1581, 0.118315
22, 3, 91, 13.9213, 0.123736
23, 3, 90, 14.9213, 0.128565
24, 3, 89, 15.6845, 0.133605
25, 3, 88, 16.4477, 0.138344
26, 3, 87, 17.2109, 0.143163
27, 3, 86, 17.9741, 0.148092
28, 3, 85, 18.7373, 0.153242
29, 4, 85, 18.3223, 0.158492
30, 4, 85, 17.9487, 0.163241
31, 4, 85, 17.5752, 0.16795
32, 5, 85, 17.4053, 0.17345
33, 5, 85, 17.0317, 0.179512
34, 5, 84, 17.7949, 0.184481
35, 5, 83, 18.5581, 0.189411
36, 5, 83, 18.1846, 0.1944
37, 5, 82, 19.5327, 0.200121
38, 5, 81, 20.5327, 0.20489
39, 5, 80, 21.2959, 0.20985
40, 5, 80, 20.811, 0.21532
41, 5, 79, 21.5742, 0.22035
42, 5, 78, 22.3374, 0.225259
43, 5, 78, 21.9223, 0.230689
44, 5, 78, 21.5488, 0.235288
45, 5, 78, 21.1753, 0.239827
46, 5, 78, 20.8017, 0.244917
47, 5, 78, 20.4282, 0.250237
48, 5, 77, 21.1914, 0.255026
49, 5, 76, 21.9546, 0.259745
50, 5, 75, 22.7178, 0.264855
51, 5, 74, 23.481, 0.269804
52, 5, 73, 23.2488, 0.274623
53, 5, 72, 24.2488, 0.279663
54, 5, 71, 25.2488, 0.284512
55, 5, 70, 26.012, 0.289772
56, 6, 69, 27.012, 0.294731
57, 6, 68, 27.7752, 0.299881
58, 6, 67, 29.1234, 0.305282
59, 6, 66, 30.1234, 0.310361
60, 6, 65, 29.8912, 0.315571
61, 6, 64, 30.2439, 0.320971
62, 6, 64, 29.759, 0.326592
63, 7, 64, 29.589, 0.332183
64, 7, 64, 29.2155, 0.338034
65, 7, 63, 30.2155, 0.343484
66, 7, 63, 29.8005, 0.349015
67, 7, 63, 29.4269, 0.354275
68, 7, 63, 29.0534, 0.360306
69, 7, 63, 28.6799, 0.365997
70, 7, 63, 28.1949, 0.371638
71, 7, 63, 27.7799, 0.377339
72, 7, 63, 27.7384, 0.382879
73, 7, 63, 27.5338, 0.38824
74, 7, 63, 27.1603, 0.39397
75, 7, 63, 26.7868, 0.399511
76, 8, 63, 26.6937, 0.405302
77, 9, 63, 26.6348, 0.411654
78, 9, 63, 26.4818, 0.416423
79, 9, 63, 26.0668, 0.421864
80, 9, 63, 25.8969, 0.427364
81, 9, 63, 25.7439, 0.432794
82, 10, 63, 25.7033, 0.439647
83, 11, 63, 25.6735, 0.447532
84, 12, 63, 25.6508, 0.456049
85, 13, 63, 25.6329, 0.465727
86, 13, 62, 25.8742, 0.476377
87, 13, 61, 26.064, 0.481367
88, 13, 61, 25.8594, 0.492789
89, 13, 61, 25.7065, 0.49859
90, 13, 61, 25.2915, 0.50427
91, 13, 61, 24.9179, 0.50922
92, 13, 60, 25.6811, 0.51452
93, 13, 59, 26.4443, 0.51965
94, 13, 58, 27.2075, 0.52502
95, 13, 57, 28.5557, 0.530971
96, 13, 56, 29.3189, 0.536251
97, 13, 55, 30.3189, 0.541511
98, 13, 54, 31.0821, 0.546892
99, 13, 54, 30.7085, 0.551981
100, 13, 54, 30.2935, 0.557853
101, 13, 54, 30.089, 0.563744
102, 13, 54, 29.919, 0.569445
103, 13, 53, 31.6237, 0.575166
104, 13, 52, 32.3869, 0.580596
105, 13, 51, 33.1501, 0.586006
106, 13, 51, 32.7766, 0.591607
107, 13, 51, 32.6237, 0.596606
108, 13, 50, 32.9764, 0.603149
109, 13, 50, 32.4915, 0.611976
110, 13, 50, 32.1179, 0.617757
111, 13, 50, 31.7444, 0.623678
112, 13, 50, 31.1663, 0.63015
113, 13, 50, 30.7928, 0.635821
114, 13, 49, 31.556, 0.642424
115, 13, 48, 32.3192, 0.647724
116, 13, 47, 33.0824, 0.653174
117, 13, 46, 33.8456, 0.658925
118, 13, 46, 33.4721, 0.665017
119, 13, 46, 33.7871, 0.671188
120, 13, 46, 33.4136, 0.6774
121, 13, 46, 33.04, 0.693691
122, 13, 46, 32.6665, 0.699693
123, 13, 46, 32.293, 0.704642
124, 13, 45, 33.293, 0.723869
125, 13, 45, 32.8779, 0.72955
126, 13, 45, 32.5044, 0.73501
127, 13, 44, 33.5044, 0.74042
128, 13, 43, 33.8572, 0.746512
129, 13, 43, 33.3722, 0.753074
130, 13, 43, 32.9987, 0.758164
131, 13, 43, 32.6251, 0.763925
132, 13, 43, 32.0471, 0.769666
133, 13, 43, 31.6735, 0.775227
134, 13, 42, 32.4367, 0.780767
135, 13, 41, 33.4367, 0.786157
136, 13, 40, 34.1999, 0.791618
137, 13, 40, 33.8264, 0.796818
138, 14, 40, 33.4114, 0.802539
139, 15, 40, 33.2414, 0.80863
140, 15, 40, 32.8679, 0.814972
141, 15, 40, 32.4944, 0.820092
142, 15, 39, 33.4944, 0.825643
143, 15, 39, 33.1208, 0.831153
144, 16, 38, 34.1208, 0.836634
145, 16, 38, 33.7473, 0.842194
146, 16, 38, 33.3323, 0.847755
147, 16, 38, 32.9587, 0.853325
148, 16, 38, 32.5852, 0.858886
149, 16, 38, 32.2117, 0.864647
150, 16, 38, 32.4336, 0.870738
151, 16, 38, 32.2806, 0.87675
152, 16, 38, 32.0761, 0.884445
153, 16, 38, 31.7026, 0.890426
154, 16, 38, 31.2176, 0.897279
155, 16, 38, 31.0477, 0.90292
156, 16, 38, 30.8948, 0.90834
157, 16, 38, 30.7418, 0.914041
158, 16, 38, 30.5889, 0.925773
159, 16, 38, 30.436, 0.930773
160, 16, 38, 30.283, 0.936814
161, 16, 38, 30.0785, 0.942044
162, 16, 38, 29.9854, 0.947294
163, 16, 38, 29.8324, 0.952725
164, 16, 38, 29.6625, 0.958075
165, 16, 38, 29.5096, 0.963595
166, 16, 38, 29.3567, 0.968996
167, 17, 38, 29.2635, 0.975328
168, 18, 38, 29.2047, 0.982622
169, 19, 38, 29.164, 0.990116
170, 20, 38, 29.1343, 0.998392
171, 21, 38, 29.1115, 1.00737
172, 22, 38, 29.0936, 1.01735
173, 22, 38, 28.9407, 1.02848
174, 22, 38, 28.7878, 1.03423
175, 22, 38, 28.6773, 1.03916
176, 22, 38, 28.5935, 1.04409
177, 22, 38, 28.5004, 1.04953
178, 22, 38, 28.4166, 1.05497
179, 23, 38, 28.4021, 1.06638
180, 24, 38, 28.3901, 1.07909
181, 25, 38, 28.38, 1.09335
182, 25, 38, 28.2695, 1.10927
183, 25, 38, 28.1764, 1.11485
184, 25, 38, 28.0926, 1.12042
185, 25, 38, 28.0088, 1.12547
186, 25, 37, 28.1986, 1.13132
187, 25, 37, 28.0881, 1.1382
188, 25, 37, 27.9351, 1.14436
189, 25, 37, 27.8246, 1.15033
190, 25, 37, 27.7141, 1.16657
191, 25, 37, 27.4507, 1.17538
192, 25, 37, 27.2978, 1.18145
193, 25, 37, 26.9242, 1.18729
194, 25, 37, 26.5507, 1.1945
195, 25, 37, 26.3978, 1.20001
196, 25, 37, 26.2448, 1.20605
197, 25, 37, 25.8298, 1.21207
198, 25, 37, 26.0517, 1.21806
199, 25, 37, 25.8988, 1.2243
200, 25, 37, 25.4837, 1.22978
201, 25, 37, 25.3138, 1.23519
202, 25, 37, 25.1609, 1.24076
203, 25, 37, 24.991, 1.24572
204, 25, 37, 24.838, 1.25139
205, 25, 37, 24.5746, 1.25717
206, 25, 37, 24.4217, 1.26269
207, 25, 37, 24.0066, 1.26815
208, 25, 37, 23.8537, 1.2736
209, 25, 36, 24.095, 1.27863
210, 25, 36, 23.8905, 1.2845
211, 25, 36, 23.6271, 1.29036
212, 26, 36, 23.534, 1.29666
213, 27, 36, 23.4751, 1.30346
214, 28, 36, 23.4344, 1.31103
215, 29, 36, 23.4047, 1.31948
216, 30, 36, 23.382, 1.32841
217, 31, 36, 23.364, 1.33831
218, 31, 36, 23.2111, 1.34918
219, 31, 36, 23.1273, 1.35509
220, 31, 36, 23.0435, 1.36116
221, 32, 36, 23.0349, 1.37711
222, 33, 36, 23.0276, 1.39499
223, 34, 36, 23.0211, 1.41511
224, 35, 36, 23.0155, 1.43778
225, 35, 36, 22.9317, 1.44334
226, 35, 36, 22.8479, 1.44982
227, 35, 36, 22.7641, 1.45595
228, 35, 36, 22.6112, 1.46752
229, 35, 36, 22.4582, 1.47309
230, 36, 36, 22.4437, 1.4842
231, 37, 36, 22.4318, 1.4967
232, 38, 36, 22.4217, 1.51088
233, 39, 36, 22.4131, 1.51603
234, 39, 36, 22.3026, 1.53412
235, 39, 36, 22.2188, 1.53981
236, 40, 36, 22.2115, 1.55741
237, 41, 36, 22.205, 1.57678
238, 42, 36, 22.1994, 1.59845
239, 42, 35, 22.3891, 1.62264
240, 42, 35, 22.2786, 1.64729
241, 42, 35, 22.1948, 1.65323
242, 42, 35, 22.1275, 1.65944
243, 42, 35, 22.0686, 1.66505
244, 42, 35, 22.0156, 1.67067
245, 42, 35, 21.9482, 1.67679
246, 42, 35, 21.8644, 1.68261
247, 42, 34, 22.0542, 1.68874
248, 42, 34, 21.9437, 1.69522
249, 42, 34, 21.7738, 1.70113
250, 42, 34, 21.6038, 1.70707
251, 42, 34, 21.4509, 1.71294
252, 42, 34, 21.298, 1.72403
253, 42, 34, 21.1875, 1.72992
254, 42, 34, 21.0944, 1.7387
255, 42, 34, 20.9432, 1.74414
256, 42, 34, 20.8594, 1.75001
257, 42, 33, 21.1008, 1.75718
258, 42, 33, 20.8962, 1.76348
259, 43, 33, 20.4812, 1.76918
260, 44, 33, 20.3113, 1.77532
261, 45, 33, 20.2182, 1.78178
262, 46, 33, 20.1593, 1.78865
263, 47, 33, 20.1186, 1.79617
264, 48, 33, 20.0889, 1.80504
265, 49, 33, 20.0661, 1.81425
266, 50, 33, 20.0482, 1.82441
267, 50, 33, 19.8953, 1.85473
268, 50, 33, 19.6319, 1.86112
269, 50, 33, 19.4789, 1.86662
270, 50, 33, 19.0639, 1.87282
271, 50, 33, 18.911, 1.878
272, 50, 33, 18.741, 1.88387
273, 50, 33, 18.5881, 1.88951
274, 50, 33, 18.4352, 1.90046
275, 50, 32, 18.6765, 1.90618
276, 50, 32, 18.472, 1.91221
277, 50, 32, 18.319, 1.91788
278, 50, 32, 18.2352, 1.9231
279, 50, 31, 18.425, 1.92911
280, 50, 31, 18.3145, 1.93565
281, 50, 31, 18.1446, 1.9418
282, 50, 31, 18.0514, 1.94752
283, 50, 31, 17.9676, 1.95333
284, 50, 31, 17.8838, 1.95964
285, 50, 31, 17.8, 1.96565
286, 50, 31, 17.7069, 1.97179
287, 50, 31, 17.8293, 1.97803
288, 50, 31, 17.6782, 1.98427
289, 50, 31, 17.6252, 1.98948
290, 50, 30, 17.7882, 1.99574
291, 50, 30, 17.9106, 2.00274
292, 50, 30, 17.8517, 2.00993
293, 50, 30, 17.7546, 2.01641
294, 50, 30, 17.6708, 2.02224
295, 50, 30, 17.587, 2.04705
296, 50, 30, 17.4939, 2.05296
297, 50, 30, 17.435, 2.05872
298, 50, 30, 17.382, 2.06451
299, 50, 30, 17.3414, 2.06982
300, 50, 30, 17.2443, 2.07641
301, 50, 30, 17.0914, 2.08758
302, 50, 30, 16.9809, 2.09403
303, 50, 30, 16.8297, 2.10011
304, 51, 30, 16.8152, 2.11145
305, 52, 30, 16.8032, 2.12392
306, 53, 30, 16.7932, 2.13805
307, 54, 30, 16.7846, 2.15434
308, 55, 30, 16.7773, 2.17213
309, 56, 30, 16.7708, 2.19225
310, 57, 30, 16.7652, 2.1979
311, 57, 30, 16.6814, 2.2225
312, 57, 30, 16.6284, 2.22891
313, 57, 30, 16.5843, 2.23551
314, 57, 30, 16.5313, 2.24168
315, 57, 30, 16.4724, 2.24742
316, 57, 30, 16.4194, 2.25318
317, 58, 30, 16.4144, 2.27792
318, 59, 30, 16.4099, 2.30533
319, 59, 30, 16.3426, 2.33513
320, 59, 30, 16.2837, 2.34092
321, 59, 30, 16.2307, 2.34679
322, 59, 30, 16.1777, 2.35264
323, 60, 30, 16.1727, 2.37891
324, 61, 30, 16.1682, 2.40643
325, 61, 30, 16.2906, 2.43644
326, 61, 30, 16.2233, 2.46613
327, 61, 30, 16.1826, 2.4719
328, 61, 30, 16.1461, 2.47771
329, 61, 30, 16.102, 2.48401
330, 61, 30, 16.049, 2.49
331, 61, 30, 15.9816, 2.49801
332, 61, 30, 15.9143, 2.52827
333, 61, 30, 15.8469, 2.53514
334, 61, 30, 15.7538, 2.54166
335, 61, 30, 15.6607, 2.5481
336, 61, 30, 15.5769, 2.55475
337, 61, 30, 15.4931, 2.57893
338, 61, 30, 15.4342, 2.59948
339, 61, 30, 15.3669, 2.60594
340, 61, 30, 15.3228, 2.61246
341, 61, 30, 15.2698, 2.61774
342, 61, 30, 15.2168, 2.62397
343, 62, 30, 15.2128, 2.65399
344, 63, 30, 15.2092, 2.68649
345, 64, 30, 15.2059, 2.72248
346, 65, 30, 15.2029, 2.76193
347, 66, 30, 15.2002, 2.8062
348, 66, 30, 15.1561, 2.81157
349, 66, 30, 15.1155, 2.81752
350, 66, 30, 15.0789, 2.8233
351, 67, 30, 15.0764, 2.8751
352, 67, 30, 15.0323, 2.92688
353, 67, 30, 15.1249, 2.93361
354, 67, 30, 15.066, 2.94022
355, 67, 30, 14.9689, 2.94672
356, 67, 30, 14.9159, 2.95284
357, 67, 30, 14.8054, 2.95914
358, 68, 30, 14.7909, 2.96457
359, 69, 30, 14.779, 2.97723
360, 70, 30, 14.7689, 2.99157
361, 71, 30, 14.7604, 3.00748
362, 72, 30, 14.753, 3.02511
363, 73, 30, 14.7465, 3.04499
364, 74, 30, 14.7409, 3.06685
365, 74, 30, 14.6571, 3.09088
366, 74, 30, 14.4872, 3.09677
367, 74, 30, 14.3941, 3.10247
368, 74, 30, 14.2241, 3.10871
369, 74, 30, 14.1403, 3.11456
370, 74, 30, 14.0565, 3.1389
371, 74, 30, 13.9728, 3.14538
372, 74, 30, 14.1366, 3.15244
373, 74, 30, 14.0836, 3.15893
374, 75, 30, 14.0796, 3.18961
375, 76, 30, 14.076, 3.22237
376, 77, 30, 14.0728, 3.25874
377, 78, 30, 14.0698, 3.29793
378, 78, 30, 13.9727, 3.30347
379, 78, 30, 13.9197, 3.30963
380, 78, 30, 13.8667, 3.31641
381, 78, 30, 13.8137, 3.32253
382, 78, 30, 13.7166, 3.32921
383, 78, 30, 13.5357, 3.33534
384, 78, 30, 13.4519, 3.34178
385, 78, 30, 13.3414, 3.34791
386, 78, 30, 13.2576, 3.35378
387, 78, 30, 13.1738, 3.35986
388, 78, 30, 13.1065, 3.36624
389, 78, 30, 13.0699, 3.37161
390, 78, 30, 13.0258, 3.37692
391, 78, 30, 13.1599, 3.38313
392, 78, 30, 13.0401, 3.38854
393, 78, 30, 12.9563, 3.41267
394, 78, 30, 12.8632, 3.41876
395, 78, 30, 12.7959, 3.42418
396, 78, 30, 12.7028, 3.43027
397, 78, 30, 12.6498, 3.43648
398, 79, 30, 12.6448, 3.46054
399, 80, 30, 12.6403, 3.48788
400, 80, 29, 12.8033, 3.49336
401, 80, 29, 12.736, 3.52413
402, 80, 29, 12.6771, 3.53046
403, 80, 29, 12.6241, 3.53641
404, 80, 29, 12.5403, 3.54262
405, 81, 29, 12.5353, 3.54818
406, 82, 29, 12.5308, 3.57492
407, 82, 29, 12.4778, 3.5804
408, 82, 29, 12.4337, 3.5866
409, 82, 29, 12.4035, 3.59333
410, 83, 29, 12.4012, 3.64694
411, 84, 29, 12.3991, 3.70698
412, 85, 29, 12.3971, 3.77186
413, 86, 29, 12.3952, 3.84195
414, 87, 29, 12.3935, 3.91648
415, 88, 29, 12.3919, 3.99611
416, 89, 29, 12.3904, 4.09105
417, 90, 29, 12.389, 4.18187
418, 90, 29, 12.3588, 4.27932
419, 90, 29, 12.3181, 4.28556
420, 90, 28, 12.4668, 4.29183
421, 90, 28, 12.4228, 4.29774
422, 90, 28, 12.3862, 4.30401
423, 90, 28, 12.356, 4.31057
424, 90, 28, 12.3194, 4.31684
425, 91, 28, 12.3166, 4.36097
426, 92, 28, 12.3141, 4.41233
427, 92, 28, 12.2701, 4.46449
428, 92, 28, 12.2403, 4.47198
429, 92, 28, 12.2135, 4.47807
430, 92, 28, 12.1833, 4.4849
431, 92, 28, 12.1565, 4.49105
432, 92, 28, 12.1352, 4.49742
433, 92, 28, 12.1084, 4.50383
434, 93, 28, 12.1061, 4.55624
435, 93, 28, 12.0531, 4.61612
436, 93, 28, 12.0001, 4.62226
437, 94, 28, 11.9979, 4.68226
438, 95, 28, 11.9959, 4.74717
439, 96, 28, 11.9941, 4.81668
440, 97, 28, 11.9924, 4.89137
441, 98, 28, 11.9908, 4.97127
442, 99, 28, 11.9893, 5.05674
443, 100, 28, 11.9879, 5.14846
444, 100, 28, 11.9576, 5.24539
445, 100, 28, 11.9349, 5.25139
446, 100, 28, 11.9145, 5.25769
447, 100, 28, 11.8842, 5.26445
448, 100, 28, 11.8477, 5.27079
449, 100, 28, 11.8111, 5.27721
450, 100, 28, 11.7809, 5.37456
451, 100, 28, 11.7141, 5.38152
452, 100, 28, 11.6552, 5.38805
453, 100, 28, 11.6022, 5.39456
454, 101, 28, 11.5982, 5.42505
455, 102, 28, 11.5945, 5.45863
456, 103, 28, 11.5913, 5.49485
457, 104, 28, 11.5883, 5.53401
458, 105, 28, 11.5856, 5.57775
459, 106, 28, 11.5831, 5.62889
460, 107, 28, 11.5807, 5.68043
461, 107, 28, 11.5277, 5.73983
462, 107, 28, 11.4912, 5.74619
463, 107, 28, 11.6026, 5.75162
464, 107, 28, 11.5619, 5.75831
465, 107, 28, 11.6139, 5.765
466, 107, 28, 11.5658, 5.77166
467, 107, 28, 11.5356, 5.77818
468, 107, 28, 11.4508, 5.78524
469, 107, 28, 11.3661, 5.79146
470, 107, 28, 11.3131, 5.8508
471, 107, 28, 11.269, 5.85715
472, 107, 28, 11.2101, 5.86328
473, 107, 28, 11.1736, 5.86921
474, 108, 28, 11.1696, 5.87475
475, 109, 28, 11.1659, 5.90819
476, 110, 28, 11.1627, 5.94452
477, 111, 28, 11.1597, 5.98468
478, 112, 28, 11.157, 6.02919
479, 113, 28, 11.1544, 6.08062
480, 113, 28, 11.1104, 6.13191
481, 113, 28, 11.0697, 6.13818
482, 113, 28, 11.0331, 6.14441
483, 113, 28, 10.9801, 6.15114
484, 113, 28, 10.9271, 6.16629
485, 113, 28, 10.8073, 6.17255
486, 113, 28, 10.74, 6.17939
487, 114, 28, 10.7377, 6.23119
488, 114, 28, 10.7074, 6.23682
489, 114, 28, 10.6668, 6.24423
490, 114, 28, 10.64, 6.25025
491, 115, 28, 10.6379, 6.25582
492, 115, 28, 10.5849, 6.32092
493, 115, 28, 10.5408, 6.32757
494, 116, 28, 10.5388, 6.39167
495, 117, 28, 10.537, 6.46171
496, 118, 28, 10.5353, 6.53695
497, 119, 28, 10.5337, 6.61712
498, 120, 28, 10.5322, 6.70247
499, 120, 28, 10.5108, 6.70829
500, 120, 28, 10.481, 6.71474
501, 120, 28, 10.4543, 6.72077
502, 120, 28, 10.3954, 6.72718
503, 120, 28, 10.3424, 6.73394
504, 121, 28, 10.3402, 6.79412
505, 122, 28, 10.3382, 6.8588
506, 123, 28, 10.3364, 6.94436
507, 124, 28, 10.3347, 7.01936
508, 125, 28, 10.3331, 7.10004
509, 126, 28, 10.3316, 7.10623
510, 127, 28, 10.3302, 7.1976
511, 128, 28, 10.3288, 7.29474
512, 129, 28, 10.3276, 7.41106
513, 130, 28, 10.3264, 7.52182
514, 130, 27, 10.4751, 7.64661
515, 130, 27, 10.431, 7.65257
516, 130, 27, 10.4043, 7.65928
517, 130, 27, 10.3677, 7.66634
518, 130, 27, 10.3311, 7.67303
519, 131, 27, 10.3298, 7.77112
520, 132, 27, 10.3285, 7.87532
521, 132, 27, 10.2617, 7.98635
522, 132, 27, 10.2251, 8.00006
523, 132, 27, 10.2038, 8.00712
524, 132, 26, 10.3415, 8.01373
525, 132, 26, 10.3201, 8.02054
526, 132, 26, 10.2933, 8.02717
527, 133, 26, 10.292, 8.1248
528, 134, 26, 10.2908, 8.22844
529, 135, 26, 10.2896, 8.33793
530, 135, 25, 10.4383, 8.46184
531, 135, 25, 10.3942, 8.58501
532, 135, 25, 10.3728, 8.59107
533, 135, 25, 10.3461, 8.59777
534, 135, 25, 10.3163, 8.60519
535, 135, 25, 10.2804, 8.61226
536, 135, 25, 10.2502, 8.73588
537, 135, 25, 10.2234, 8.74418
538, 136, 25, 10.2223, 8.86709
539, 137, 25, 10.2213, 8.99437
540, 138, 25, 10.2203, 9.13375
541, 139, 25, 10.2193, 9.28069
542, 140, 25, 10.2184, 9.43189
543, 140, 25, 10.197, 9.59583
544, 140, 25, 10.1673, 9.61904
545, 140, 25, 10.1375, 9.6258
546, 140, 25, 10.1221, 9.63223
547, 140, 25, 10.1067, 9.63869
548, 140, 25, 10.0954, 9.64528
549, 140, 25, 10.0841, 9.65218
550, 140, 25, 10.0614, 9.65902
551, 140, 24, 10.1991, 9.66568
552, 140, 24, 10.1778, 9.67241
553, 140, 24, 10.1564, 9.83567
554, 140, 24, 10.1205, 9.84278
555, 140, 24, 10.0799, 9.84972
556, 140, 24, 10.0392, 9.85669
557, 140, 24, 10.0027, 9.86357
558, 140, 24, 9.97243, 9.98637
559, 140, 24, 9.94565, 9.9934
560, 140, 24, 9.89265, 10.0007
561, 140, 24, 9.86242, 10.0076
562, 140, 24, 9.83267, 10.0142
563, 140, 23, 9.97041, 10.0208
564, 140, 23, 9.94903, 10.0277
565, 141, 23, 9.94762, 10.1197
566, 142, 23, 9.94629, 10.2174
567, 142, 23, 9.93086, 10.2234
568, 142, 23, 9.91543, 10.2297
569, 143, 23, 9.91419, 10.3338
570, 144, 23, 9.91301, 10.4437
571, 144, 23, 9.87643, 10.5662
572, 144, 23, 9.80962, 10.5734
573, 144, 23, 9.75073, 10.5798
574, 144, 23, 9.71009, 10.5863
575, 144, 23, 9.67351, 10.5927
576, 144, 23, 9.6067, 10.6
577, 144, 23, 9.57013, 10.7306
578, 144, 23, 9.5399, 10.7378
579, 144, 23, 9.47725, 10.7442
580, 144, 23, 9.44067, 10.8712
581, 144, 23, 9.41092, 10.8773
582, 144, 23, 9.38955, 10.884
583, 144, 23, 9.48555, 10.8914
584, 144, 23, 9.46283, 10.8986
585, 144, 23, 9.43542, 10.9056
586, 144, 23, 9.41405, 11.0687
587, 144, 23, 9.38727, 11.0757
588, 144, 23, 9.3507, 11.0838
589, 144, 23, 9.28389, 11.0915
590, 144, 23, 9.19916, 11.0985
591, 144, 23, 9.17779, 11.1047
592, 144, 23, 9.15734, 11.1116
593, 144, 23, 9.14191, 11.1187
594, 144, 23, 9.12146, 11.1256
595, 145, 23, 9.12028, 11.2372
596, 145, 23, 9.0837, 11.3602
597, 145, 23, 9.04713, 11.3669
598, 146, 23, 9.04601, 11.4908
599, 147, 23, 9.04496, 11.6211
600, 148, 23, 9.04396, 11.7587
601, 149, 23, 9.04301, 11.7647
602, 150, 23, 9.04211, 11.919
603, 150, 23, 9.02073, 12.0825
604, 150, 23, 9.01246, 12.0894
605, 150, 23, 8.99703, 12.0964
606, 151, 23, 8.99617, 12.2601
607, 152, 23, 8.99535, 12.433
608, 153, 23, 8.99457, 12.6148
609, 154, 23, 8.99382, 12.8071
610, 155, 23, 8.99311, 13.0184
611, 155, 23, 8.97768, 13.0244
612, 155, 23, 8.96641, 13.0313
613, 156, 23, 8.96573, 13.2535
614, 156, 23, 8.9503, 13.2757
615, 156, 23, 8.93487, 13.29
616, 156, 23, 8.91442, 13.3003
617, 156, 23, 8.88702, 13.312
618, 156, 23, 8.85727, 13.319
619, 156, 23, 8.8305, 13.3301
620, 156, 23, 8.79392, 13.453
621, 156, 23, 8.75735, 13.46
622, 156, 23, 8.72712, 13.467
623, 157, 23, 8.726, 13.5994
624, 158, 23, 8.72495, 13.7308
625, 159, 23, 8.72395, 13.8704
626, 160, 23, 8.723, 14.0166
627, 161, 23, 8.7221, 14.1777
628, 162, 23, 8.72124, 14.3414
629, 163, 23, 8.72042, 14.5166
630, 164, 23, 8.71964, 14.7006
631, 165, 23, 8.7189, 14.8949
632, 166, 23, 8.71818, 15.0959
633, 167, 23, 8.7175, 15.3079
634, 168, 23, 8.71685, 15.538
635, 168, 23, 8.69008, 15.544
636, 168, 23, 8.64193, 15.5509
637, 168, 23, 8.60128, 15.5573
638, 168, 23, 8.57154, 15.5639
639, 168, 22, 8.71272, 15.5706
640, 168, 22, 8.6825, 15.5773
641, 168, 22, 8.63435, 15.5848
642, 168, 22, 8.62307, 15.6078
643, 168, 22, 8.64861, 15.614
644, 168, 22, 8.62589, 15.6209
645, 168, 22, 8.60544, 15.6277
646, 168, 22, 8.5648, 15.6344
647, 168, 22, 8.54342, 15.6403
648, 168, 22, 8.5207, 15.6468
649, 168, 22, 8.50278, 15.6537
650, 168, 22, 8.48665, 15.6605
651, 168, 22, 8.45007, 15.6674
652, 169, 22, 8.44895, 15.7908
653, 170, 22, 8.4479, 15.9215
654, 171, 22, 8.4469, 16.0592
655, 172, 22, 8.44595, 16.2052
656, 173, 22, 8.44505, 16.361
657, 173, 22, 8.42367, 16.5262
658, 173, 22, 8.40322, 16.5335
659, 173, 21, 8.55192, 16.5409
660, 173, 21, 8.50783, 16.5494
661, 173, 21, 8.48106, 16.5573
662, 174, 21, 8.4802, 16.7209
663, 175, 21, 8.47939, 16.8935
664, 176, 21, 8.4786, 17.0751
665, 176, 21, 8.43045, 17.2662
666, 176, 21, 8.40368, 17.2723
667, 176, 21, 8.35553, 17.2793
668, 176, 21, 8.32876, 17.2861
669, 176, 21, 8.31749, 17.2933
670, 176, 21, 8.29957, 17.3002
671, 176, 21, 8.28344, 17.307
672, 176, 21, 8.27216, 17.3138
673, 176, 21, 8.35619, 17.3204
674, 176, 20, 8.49299, 17.3271
675, 176, 20, 8.47756, 17.3358
676, 176, 20, 8.45712, 17.343
677, 177, 20, 8.45646, 17.5939
678, 178, 20, 8.45584, 17.8363
679, 178, 20, 8.44457, 17.8422
680, 178, 20, 8.42185, 17.8489
681, 178, 20, 8.41357, 17.8582
682, 179, 20, 8.41297, 18.1101
683, 179, 20, 8.39754, 18.3898
684, 179, 20, 8.49088, 18.3969
685, 179, 20, 8.46955, 18.4027
686, 179, 20, 8.45412, 18.4107
687, 179, 20, 8.4362, 18.4179
688, 179, 20, 8.41488, 18.4249
689, 180, 20, 8.4143, 18.688
690, 180, 20, 8.40303, 18.694
691, 180, 20, 8.31835, 18.7014
692, 180, 20, 8.34388, 18.7084
693, 180, 20, 8.32775, 18.7153
694, 180, 20, 8.31091, 18.7228
695, 181, 20, 8.31036, 18.9977
696, 182, 20, 8.30983, 19.284
697, 183, 20, 8.30931, 19.5848
698, 184, 20, 8.30882, 19.897
699, 185, 20, 8.30834, 20.2221
700, 186, 20, 8.30788, 20.5779
701, 187, 20, 8.30744, 20.9419
702, 187, 20, 8.29916, 20.9484
703, 187, 20, 8.29088, 20.9554
704, 187, 20, 8.27475, 20.9624
705, 188, 20, 8.27401, 21.1565
706, 189, 20, 8.2733, 21.3575
707, 190, 20, 8.27261, 21.5678
708, 191, 20, 8.27196, 21.7977
709, 191, 20, 8.24519, 21.8039
710, 191, 20, 8.22381, 21.8101
711, 191, 20, 8.18793, 21.8165
712, 191, 20, 8.12528, 21.8233
713, 191, 20, 8.09506, 21.8305
714, 191, 20, 8.07461, 21.839
715, 192, 20, 8.07398, 22.0817
716, 193, 20, 8.07338, 22.3335
717, 193, 20, 8.11088, 22.5967
718, 194, 20, 8.11031, 22.8641
719, 195, 20, 8.10975, 23.1405
720, 196, 20, 8.10922, 23.4292
721, 196, 20, 8.07334, 23.7303
722, 196, 19, 8.21107, 23.7375
723, 196, 19, 8.1897, 23.7555
724, 196, 19, 8.16925, 23.7625
725, 196, 19, 8.20675, 23.7702
726, 196, 19, 8.1863, 23.7775
727, 196, 19, 8.15656, 23.785
728, 196, 19, 8.12068, 23.7987
729, 196, 19, 8.09391, 23.8057
730, 197, 19, 8.09339, 24.1142
731, 198, 19, 8.0929, 24.4298
732, 199, 19, 8.09242, 24.7578
733, 200, 19, 8.09196, 25.1168
734, 201, 19, 8.09152, 25.4717
735, 202, 19, 8.09109, 25.8579
736, 203, 19, 8.09067, 26.26
737, 204, 19, 8.09027, 26.6799
738, 204, 19, 8.06982, 27.1136
739, 204, 19, 8.04008, 27.1211
740, 204, 19, 8.02465, 27.1279
741, 204, 19, 7.98877, 27.1364
742, 205, 19, 7.98814, 27.1429
743, 205, 19, 7.96137, 27.4035
744, 205, 19, 7.92479, 27.4111
745, 205, 19, 7.89802, 27.4182
746, 205, 19, 7.87664, 27.4273
747, 205, 19, 7.94368, 27.4349
748, 205, 19, 7.89583, 27.4425
749, 205, 19, 7.94783, 27.4677
750, 205, 19, 7.92106, 27.4755
751, 205, 19, 7.89131, 27.4844
752, 205, 19, 7.86454, 27.4912
753, 206, 19, 7.86368, 27.6556
754, 207, 19, 7.86286, 27.8301
755, 208, 19, 7.86208, 28.0119
756, 209, 19, 7.86134, 28.2015
757, 210, 19, 7.86062, 28.4023
758, 211, 19, 7.85994, 28.612
759, 212, 19, 7.85929, 28.8446
760, 212, 19, 7.83252, 29.0871
761, 212, 19, 7.82124, 29.0943
762, 212, 19, 7.80441, 29.1015
763, 212, 19, 7.78169, 29.1083
764, 212, 19, 7.76376, 29.1147
765, 212, 18, 7.9015, 29.121
766, 212, 18, 7.88012, 29.1282
767, 212, 18, 7.85335, 29.1346
768, 212, 18, 7.83792, 29.1428
769, 212, 18, 7.82, 29.1502
770, 212, 18, 7.79867, 29.157
771, 212, 18, 7.77822, 29.1871
772, 212, 18, 7.76279, 29.2096
773, 212, 18, 7.74666, 29.216
774, 212, 18, 7.72394, 29.2235
775, 212, 18, 7.69654, 29.2312
776, 212, 18, 7.68527, 29.238
777, 212, 18, 7.7523, 29.2453
778, 212, 18, 7.7249, 29.254
779, 212, 18, 7.70877, 29.2614
780, 213, 18, 7.70839, 29.2679
781, 214, 18, 7.70801, 29.7162
782, 215, 18, 7.70765, 30.1809
783, 215, 18, 7.68025, 30.6597
784, 215, 18, 7.64279, 30.6671
785, 215, 18, 7.62736, 30.6746
786, 215, 18, 7.61123, 30.6819
787, 215, 18, 7.57535, 30.6891
788, 216, 18, 7.57475, 30.9518
789, 217, 18, 7.57418, 31.2153
790, 218, 18, 7.57362, 31.4898
791, 219, 18, 7.57309, 31.7782
792, 220, 18, 7.57257, 32.0769
793, 221, 18, 7.57208, 32.3902
794, 222, 18, 7.5716, 32.7133
795, 223, 18, 7.57114, 33.0692
796, 224, 18, 7.5707, 33.4168
797, 225, 18, 7.57027, 33.8023
798, 226, 18, 7.56985, 34.2149
799, 227, 18, 7.56945, 34.631
800, 227, 18, 7.54901, 35.0619
801, 227, 18, 7.53108, 35.0693
802, 227, 18, 7.50976, 35.0765
803, 227, 18, 7.48704, 35.0831
804, 227, 18, 7.46659, 35.0897
805, 227, 18, 7.43919, 35.575
806, 227, 18, 7.4461, 35.5918
807, 227, 18, 7.43266, 35.598
808, 227, 18, 7.41474, 35.6053
809, 227, 18, 7.39682, 35.6124
810, 227, 18, 7.40373, 35.6209
811, 227, 18, 7.39767, 35.6283
812, 227, 18, 7.38317, 35.6354
813, 227, 18, 7.37012, 35.6424
814, 227, 18, 7.3856, 35.6495
815, 227, 18, 7.37732, 35.6563
816, 227, 18, 7.356, 35.6637
817, 227, 18, 7.33987, 35.6705
818, 228, 18, 7.33944, 36.0574
819, 229, 18, 7.33902, 36.461
820, 229, 18, 7.32775, 36.8777
821, 229, 17, 7.46455, 36.885
822, 229, 17, 7.44913, 36.8923
823, 229, 17, 7.41167, 36.8994
824, 229, 17, 7.4004, 36.9068
825, 229, 17, 7.37051, 36.9138
826, 229, 17, 7.35924, 36.9209
827, 229, 17, 7.42465, 36.9279
828, 229, 17, 7.4116, 36.9338
829, 230, 17, 7.41125, 37.4293
830, 231, 17, 7.41091, 37.9269
831, 232, 17, 7.41058, 38.4441
832, 233, 17, 7.41025, 38.4749
833, 234, 17, 7.40994, 39.061
834, 235, 17, 7.40964, 39.6616
835, 236, 17, 7.40934, 40.299
836, 237, 17, 7.40906, 40.9446
837, 237, 17, 7.38773, 40.9509
838, 237, 17, 7.37468, 40.9584
839, 237, 17, 7.35336, 40.9661
840, 237, 17, 7.41139, 40.9733
841, 237, 17, 7.37412, 40.9883
842, 237, 17, 7.36585, 41.0133
843, 237, 17, 7.35507, 41.0205
844, 238, 17, 7.35479, 41.6799
845, 239, 17, 7.35452, 42.3559
846, 240, 17, 7.35426, 43.0554
847, 241, 17, 7.354, 43.7789
848, 241, 17, 7.33787, 44.5705
849, 241, 17, 7.31515, 44.5778
850, 241, 17, 7.30688, 44.5851
851, 241, 17, 7.26942, 44.5925
852, 242, 17, 7.26903, 45.0304
853, 243, 17, 7.26866, 45.4829
854, 244, 17, 7.26829, 45.9535
855, 245, 17, 7.26794, 45.9598
856, 246, 17, 7.2676, 46.4796
857, 247, 17, 7.26727, 47.001
858, 248, 17, 7.26695, 47.5489
859, 248, 17, 7.25867, 47.5549
860, 248, 17, 7.24183, 47.5616
861, 249, 17, 7.24152, 48.1352
862, 250, 17, 7.24122, 48.7307
863, 250, 17, 7.22509, 48.737
864, 250, 17, 7.20825, 48.7445
865, 250, 17, 7.19033, 48.7512
866, 250, 17, 7.1742, 48.7581
867, 250, 17, 7.15287, 49.5032
868, 250, 17, 7.13982, 49.51
869, 251, 17, 7.13957, 50.2625
870, 251, 16, 7.27708, 50.2691
871, 251, 16, 7.26581, 51.0464
872, 251, 16, 7.24788, 51.0533
873, 251, 16, 7.24182, 51.0601
874, 251, 16, 7.22498, 51.0674
875, 251, 16, 7.21421, 51.0747
876, 251, 16, 7.27962, 51.0819
877, 251, 16, 7.26512, 51.0892
878, 251, 16, 7.25168, 51.0966
879, 251, 16, 7.23718, 51.1037
880, 251, 16, 7.22413, 51.1104
881, 251, 16, 7.21585, 51.8792
882, 251, 16, 7.20135, 51.8859
883, 251, 16, 7.19696, 51.8926
884, 251, 16, 7.18352, 51.8998
885, 251, 16, 7.15287, 51.9073
886, 251, 16, 7.1416, 51.9146
887, 251, 16, 7.0837, 51.9222
888, 252, 16, 7.08307, 52.1622
889, 253, 16, 7.08247, 52.1685
890, 253, 16, 7.06202, 52.1746
891, 253, 16, 7.05075, 52.1817
892, 253, 16, 7.03625, 52.1885
893, 253, 16, 7.0232, 52.1953
894, 253, 16, 7.00275, 52.2037
895, 253, 15, 7.14049, 52.2114
896, 253, 15, 7.11911, 52.2189
897, 253, 15, 7.09639, 52.2259
898, 253, 15, 7.07594, 52.2329
899, 253, 15, 7.06051, 52.4931
900, 253, 15, 7.04367, 52.5005
901, 253, 15, 7.03761, 52.5081
902, 253, 15, 6.99159, 52.5156
903, 254, 15, 6.99102, 52.7764
904, 255, 15, 6.99046, 53.0473
905, 256, 15, 6.98993, 53.3308
906, 257, 15, 6.98941, 53.627
907, 258, 15, 6.98892, 53.9381
908, 259, 15, 6.98844, 54.2711
909, 260, 15, 6.98798, 54.6236
910, 260, 15, 6.96753, 54.63
911, 260, 15, 6.95211, 54.6385
912, 261, 15, 6.95166, 54.9879
913, 262, 15, 6.95123, 55.3705
914, 263, 15, 6.95082, 55.7692
915, 263, 15, 6.93955, 56.1841
916, 263, 15, 6.9265, 56.1912
917, 263, 15, 6.912, 56.1984
918, 263, 15, 6.84553, 56.2058
919, 263, 15, 6.83248, 56.2128
920, 263, 15, 6.86999, 56.2202
921, 263, 15, 6.84258, 56.2275
922, 263, 15, 6.83431, 56.2343
923, 263, 15, 6.81981, 56.2411
924, 263, 15, 6.80637, 56.2477
925, 264, 15, 6.80607, 56.8693
926, 265, 15, 6.80579, 57.511
927, 266, 15, 6.80551, 58.171
928, 267, 15, 6.80524, 58.8459
929, 268, 15, 6.80497, 59.5444
930, 269, 15, 6.80472, 60.2636
931, 269, 15, 6.78859, 61.0118
932, 269, 15, 6.76118, 61.0195
933, 270, 15, 6.76094, 61.7623
934, 271, 15, 6.76069, 62.5343
935, 272, 15, 6.76045, 63.3742
936, 273, 15, 6.76022, 64.2452
937, 274, 15, 6.76, 65.1183
938, 275, 15, 6.75978, 66.0226
939, 275, 15, 6.75372, 66.9508
940, 275, 15, 6.7429, 66.957
941, 276, 15, 6.74268, 67.8862
942, 277, 15, 6.74247, 68.8281
943, 278, 15, 6.74227, 69.796
944, 279, 15, 6.74207, 71.2604
945, 280, 15, 6.74187, 72.7839
946, 281, 15, 6.74168, 74.3527
947, 282, 15, 6.7415, 76.5074
948, 283, 15, 6.74131, 78.3527
949, 284, 15, 6.74113, 80.2315
950, 285, 15, 6.74096, 82.1757
951, 285, 15, 6.72791, 84.1674
952, 285, 15, 6.69064, 84.1756
953, 285, 15, 6.67759, 86.1375
954, 285, 15, 6.66932, 86.1455
955, 285, 15, 6.63867, 86.1526
956, 285, 15, 6.63261, 86.1601
957, 285, 15, 6.62356, 86.1672
958, 286, 15, 6.62332, 86.9259
959, 287, 15, 6.62308, 87.7658
960, 288, 15, 6.62285, 88.6121
961, 289, 15, 6.62263, 89.4721
962, 290, 15, 6.62241, 90.3498
963, 290, 15, 6.61634, 91.2762
964, 290, 15, 6.61323, 91.2834
965, 290, 15, 6.60126, 91.2906
966, 290, 15, 6.59044, 91.2981
967, 290, 15, 6.57846, 91.3049
968, 290, 15, 6.56769, 91.3117
969, 291, 15, 6.56747, 92.2028
970, 292, 15, 6.56727, 93.1208
971, 293, 15, 6.56706, 93.127
972, 293, 15, 6.55022, 93.1333
973, 293, 15, 6.54117, 93.1402
974, 293, 15, 6.53112, 93.1468
975, 293, 15, 6.5203, 93.1542
976, 293, 15, 6.49479, 93.1615
977, 293, 15, 6.48651, 93.1691
978, 293, 15, 6.47307, 93.1761
979, 293, 15, 6.52149, 93.1834
980, 293, 15, 6.50844, 93.1908
981, 294, 15, 6.50804, 93.6265
982, 295, 15, 6.50765, 94.063
983, 296, 15, 6.50727, 94.5107
984, 297, 15, 6.50691, 94.9735
985, 298, 15, 6.50656, 95.4535
986, 298, 15, 6.49828, 95.4596
987, 298, 15, 6.48484, 95.467
988, 299, 15, 6.4845, 95.9646
989, 299, 15, 6.47843, 95.9707
990, 299, 15, 6.46394, 95.9777
991, 299, 15, 6.44944, 95.9849
992, 299, 15, 6.44504, 95.9919
993, 299, 15, 6.43307, 95.9989
994, 299, 15, 6.42229, 96.0058
995, 299, 15, 6.4179, 96.0131
996, 299, 15, 6.38063, 96.0202
997, 300, 15, 6.38023, 96.4385
998, 301, 15, 6.37984, 96.8745
999, 302, 15, 6.37947, 97.3269
