Seed is: 88
Number of samples is: 1000
Simulation name is: Simulation_4TV.sim
TimeStep, Distraction Rate, Missed States, Model Accuracy, Time (ms)
0, 0, 112, 0, 6e-05
1, 0, 111, 0.763197, 0.007284
2, 0, 110, 1.52639, 0.013997
3, 1, 109, 2.52639, 0.020529
4, 1, 108, 3.28959, 0.026691
5, 1, 107, 4.05279, 0.033003
6, 1, 106, 4.81599, 0.059473
7, 1, 105, 5.57918, 0.065625
8, 1, 104, 6.34238, 0.071216
9, 1, 103, 7.34238, 0.07853
10, 1, 103, 6.92734, 0.08378
11, 1, 103, 6.75742, 0.088699
12, 1, 102, 7.52062, 0.09452
13, 1, 101, 7.28842, 0.09977
14, 1, 100, 8.05162, 0.1052
15, 1, 99, 8.81482, 0.11038
16, 1, 98, 9.81482, 0.132102
17, 1, 97, 10.578, 0.137802
18, 1, 96, 11.3412, 0.144706
19, 1, 95, 12.1044, 0.149745
20, 2, 94, 13.1044, 0.155105
21, 2, 93, 13.8676, 0.160596
22, 2, 93, 13.4941, 0.166307
23, 2, 92, 14.2573, 0.171467
24, 2, 91, 15.2573, 0.17848
25, 2, 90, 16.0205, 0.191665
26, 2, 89, 16.7837, 0.203918
27, 2, 88, 17.5469, 0.209469
28, 2, 87, 17.8996, 0.216282
29, 2, 87, 17.4147, 0.222564
30, 2, 86, 18.7628, 0.242752
31, 2, 85, 19.526, 0.248163
32, 2, 85, 19.0411, 0.254034
33, 2, 84, 19.8043, 0.259785
34, 2, 83, 20.5675, 0.265295
35, 2, 82, 21.3307, 0.270776
36, 2, 81, 22.0939, 0.276336
37, 2, 80, 23.0939, 0.281847
38, 2, 79, 23.857, 0.287167
39, 2, 78, 24.857, 0.292637
40, 2, 77, 24.6249, 0.298519
41, 2, 77, 24.2513, 0.304059
42, 2, 77, 23.8778, 0.30953
43, 2, 77, 23.4628, 0.31496
44, 2, 77, 23.0892, 0.32033
45, 2, 77, 22.7157, 0.325811
46, 2, 77, 22.3421, 0.331341
47, 2, 76, 23.3421, 0.362631
48, 2, 75, 24.1053, 0.368241
49, 3, 74, 25.1053, 0.373541
50, 3, 73, 25.8685, 0.378932
51, 3, 73, 25.495, 0.384482
52, 3, 73, 25.08, 0.390013
53, 3, 72, 26.4281, 0.395764
54, 3, 71, 27.1913, 0.401284
55, 3, 70, 26.9591, 0.406614
56, 3, 69, 27.7223, 0.412075
57, 3, 69, 27.3488, 0.417625
58, 3, 69, 26.9753, 0.426322
59, 4, 69, 26.5602, 0.432223
60, 5, 69, 26.3903, 0.438445
61, 5, 69, 26.0168, 0.444917
62, 5, 69, 25.6432, 0.450728
63, 5, 68, 26.4064, 0.468452
64, 5, 67, 27.1696, 0.473812
65, 5, 66, 28.1696, 0.479413
66, 5, 65, 28.9328, 0.484793
67, 5, 64, 28.7006, 0.493149
68, 5, 63, 29.4638, 0.51438
69, 5, 63, 29.0903, 0.521814
70, 5, 62, 29.8535, 0.527535
71, 5, 61, 30.6167, 0.533035
72, 6, 61, 30.2017, 0.539578
73, 7, 61, 30.0317, 0.545759
74, 7, 61, 29.6582, 0.552011
75, 7, 61, 29.2847, 0.557452
76, 7, 60, 30.0479, 0.563213
77, 7, 59, 30.8111, 0.568403
78, 7, 58, 31.8111, 0.573833
79, 7, 58, 31.4375, 0.595154
80, 7, 57, 32.4375, 0.60396
81, 7, 57, 32.0225, 0.609721
82, 7, 57, 31.649, 0.615332
83, 7, 56, 32.9971, 0.630551
84, 7, 55, 33.7603, 0.638266
85, 7, 54, 34.5235, 0.644978
86, 7, 53, 34.2913, 0.650619
87, 8, 52, 35.2913, 0.65652
88, 8, 52, 34.9178, 0.662301
89, 8, 52, 35.2328, 0.674635
90, 8, 52, 34.8593, 0.680847
91, 8, 51, 35.2121, 0.688171
92, 8, 51, 34.7271, 0.694102
93, 8, 51, 34.5226, 0.700164
94, 8, 51, 34.149, 0.705975
95, 8, 50, 33.9168, 0.711505
96, 8, 50, 33.5433, 0.717116
97, 8, 49, 33.8961, 0.72433
98, 8, 49, 33.4111, 0.732295
99, 8, 49, 32.9261, 0.738557
100, 8, 49, 32.5526, 0.756631
101, 8, 49, 32.1791, 0.767271
102, 8, 49, 32.401, 0.772481
103, 8, 49, 32.2481, 0.778413
104, 8, 48, 32.4894, 0.784334
105, 8, 48, 32.2849, 0.790455
106, 8, 48, 31.9113, 0.796327
107, 8, 48, 31.4963, 0.801827
108, 8, 48, 31.1228, 0.807368
109, 8, 48, 30.7492, 0.813179
110, 8, 48, 30.3757, 0.819651
111, 8, 48, 30.1712, 0.825462
112, 8, 48, 30.0182, 0.831714
113, 9, 48, 29.9251, 0.837986
114, 10, 48, 29.8662, 0.843266
115, 11, 48, 29.8256, 0.8508
116, 11, 48, 29.6726, 0.856211
117, 11, 48, 29.5197, 0.86108
118, 11, 48, 29.1047, 0.866731
119, 11, 48, 28.6896, 0.877401
120, 11, 47, 29.0424, 0.883062
121, 11, 47, 28.5574, 0.889705
122, 12, 47, 28.1424, 0.895315
123, 13, 47, 27.9725, 0.901417
124, 13, 47, 27.599, 0.907789
125, 13, 47, 27.3944, 0.91385
126, 13, 46, 28.7426, 0.920273
127, 13, 45, 29.5058, 0.925843
128, 13, 45, 29.1322, 0.931614
129, 13, 45, 29.3542, 0.938006
130, 13, 45, 28.9806, 0.944048
131, 13, 45, 28.5656, 0.950019
132, 13, 45, 27.9875, 0.956001
133, 13, 45, 27.614, 0.961732
134, 13, 44, 28.614, 0.967162
135, 13, 43, 29.3772, 0.985878
136, 13, 42, 30.3772, 0.991649
137, 13, 41, 30.145, 0.99752
138, 13, 40, 31.4932, 1.00315
139, 13, 40, 31.0082, 1.01005
140, 13, 39, 31.7714, 1.01602
141, 13, 38, 32.7714, 1.02191
142, 13, 38, 32.3979, 1.02777
143, 13, 37, 33.746, 1.03377
144, 13, 36, 35.0942, 1.03911
145, 13, 36, 34.6092, 1.04658
146, 14, 36, 34.5161, 1.0535
147, 15, 36, 34.4572, 1.06083
148, 16, 36, 34.4166, 1.06926
149, 17, 36, 34.3868, 1.07832
150, 18, 36, 34.3641, 1.08368
151, 18, 36, 34.1596, 1.09444
152, 18, 36, 33.786, 1.10045
153, 18, 36, 33.3011, 1.1065
154, 18, 36, 32.886, 1.11244
155, 18, 36, 32.5125, 1.11959
156, 18, 36, 32.0975, 1.12551
157, 18, 36, 31.7239, 1.13121
158, 18, 36, 31.5194, 1.13724
159, 19, 36, 31.5015, 1.14836
160, 19, 36, 31.3485, 1.16065
161, 19, 36, 31.1956, 1.16706
162, 19, 36, 31.0427, 1.17915
163, 19, 36, 30.8897, 1.18652
164, 19, 36, 30.6852, 1.19253
165, 19, 36, 30.5323, 1.19779
166, 19, 36, 30.1587, 1.21419
167, 19, 36, 29.6738, 1.22021
168, 19, 36, 29.4692, 1.22734
169, 19, 36, 29.3163, 1.23348
170, 19, 36, 29.1634, 1.23946
171, 19, 35, 29.4047, 1.24717
172, 19, 35, 29.2002, 1.25517
173, 19, 35, 28.8266, 1.26216
174, 19, 35, 28.4531, 1.26795
175, 20, 35, 28.36, 1.28941
176, 21, 35, 28.3011, 1.29695
177, 22, 35, 28.2604, 1.30604
178, 23, 35, 28.2307, 1.31496
179, 24, 35, 28.208, 1.32584
180, 25, 35, 28.1901, 1.3366
181, 25, 35, 28.0371, 1.34851
182, 25, 35, 27.8842, 1.35495
183, 25, 35, 27.7313, 1.36033
184, 26, 35, 27.3162, 1.36676
185, 27, 35, 27.1463, 1.37582
186, 28, 35, 27.0532, 1.38309
187, 29, 35, 26.9943, 1.39069
188, 29, 35, 26.8414, 1.39606
189, 29, 35, 26.4263, 1.40194
190, 29, 35, 26.2734, 1.40895
191, 30, 35, 26.2328, 1.4171
192, 31, 35, 26.203, 1.42587
193, 31, 35, 26.1192, 1.43114
194, 31, 35, 25.9493, 1.43691
195, 31, 35, 25.7963, 1.44283
196, 31, 35, 25.6434, 1.44814
197, 31, 35, 25.4735, 1.4539
198, 31, 35, 25.3897, 1.45962
199, 31, 35, 25.6116, 1.47059
200, 32, 35, 25.5889, 1.4805
201, 33, 35, 25.571, 1.49175
202, 33, 34, 25.8123, 1.49734
203, 34, 34, 25.7978, 1.50292
204, 34, 34, 25.5933, 1.51722
205, 34, 34, 25.4404, 1.52339
206, 34, 34, 25.0253, 1.52926
207, 34, 34, 24.8554, 1.53524
208, 34, 34, 24.7025, 1.5412
209, 34, 33, 24.9438, 1.54742
210, 34, 33, 24.7393, 1.55395
211, 34, 33, 24.5863, 1.56773
212, 34, 33, 24.4164, 1.57423
213, 34, 33, 24.3059, 1.58229
214, 34, 33, 24.4689, 1.59208
215, 34, 33, 24.2055, 1.60206
216, 34, 33, 24.0526, 1.61322
217, 34, 33, 23.9688, 1.62264
218, 34, 33, 23.8158, 1.63132
219, 34, 33, 23.5524, 1.64009
220, 34, 32, 23.7937, 1.64884
221, 34, 32, 23.5892, 1.65647
222, 35, 32, 23.5595, 1.66846
223, 36, 32, 23.5367, 1.68139
224, 37, 32, 23.5188, 1.69561
225, 37, 32, 23.3659, 1.7116
226, 37, 32, 23.196, 1.71974
227, 37, 32, 23.043, 1.72798
228, 37, 32, 22.8901, 1.74386
229, 37, 32, 23.0531, 1.75164
230, 37, 32, 22.9426, 1.76072
231, 37, 32, 22.7897, 1.76941
232, 37, 32, 22.6198, 1.77774
233, 37, 32, 22.4668, 1.78605
234, 37, 32, 22.3139, 1.79455
235, 37, 32, 22.161, 1.81035
236, 37, 32, 22.0505, 1.82926
237, 37, 32, 21.9667, 1.83593
238, 38, 32, 21.9522, 1.86132
239, 39, 32, 21.9402, 1.87511
240, 40, 32, 21.9302, 1.89007
241, 41, 32, 21.9216, 1.90662
242, 42, 32, 21.9142, 1.92531
243, 43, 32, 21.9078, 1.94589
244, 43, 32, 21.824, 1.95126
245, 43, 32, 21.7402, 1.95772
246, 43, 32, 21.6564, 1.9644
247, 43, 32, 21.393, 1.97117
248, 44, 32, 21.381, 1.98493
249, 45, 32, 21.3709, 2.00226
250, 45, 32, 21.2604, 2.01962
251, 45, 32, 21.1766, 2.02706
252, 45, 32, 21.0835, 2.03237
253, 45, 32, 20.9306, 2.03823
254, 45, 32, 20.7777, 2.04985
255, 45, 32, 20.6077, 2.05568
256, 45, 32, 20.5239, 2.06149
257, 45, 32, 20.4308, 2.06909
258, 45, 32, 20.5532, 2.07709
259, 45, 32, 20.4021, 2.09525
260, 46, 32, 20.3935, 2.11273
261, 46, 32, 20.1301, 2.13221
262, 46, 32, 20.0196, 2.14002
263, 46, 32, 19.8497, 2.14632
264, 46, 32, 19.7392, 2.15273
265, 47, 32, 19.7247, 2.16608
266, 48, 32, 19.7127, 2.18147
267, 49, 32, 19.7026, 2.19809
268, 49, 32, 19.5921, 2.21516
269, 49, 32, 19.5083, 2.22106
270, 49, 32, 19.4245, 2.22695
271, 49, 32, 19.2734, 2.23209
272, 49, 32, 19.2061, 2.23814
273, 49, 32, 19.1129, 2.24422
274, 49, 32, 19.0291, 2.25029
275, 49, 32, 18.936, 2.25613
276, 49, 32, 18.8522, 2.26173
277, 49, 32, 18.7992, 2.2669
278, 49, 32, 18.6481, 2.27301
279, 49, 32, 18.5643, 2.27915
280, 49, 32, 18.5202, 2.28551
281, 49, 32, 18.4364, 2.29164
282, 50, 32, 18.4219, 2.30345
283, 51, 32, 18.4099, 2.31625
284, 52, 32, 18.3999, 2.33244
285, 53, 32, 18.3913, 2.34905
286, 54, 32, 18.3839, 2.36762
287, 55, 32, 18.3775, 2.38836
288, 56, 32, 18.3719, 2.41101
289, 56, 32, 18.2881, 2.43643
290, 56, 32, 18.1369, 2.44329
291, 56, 32, 18.0531, 2.46819
292, 56, 32, 17.9858, 2.47461
293, 56, 32, 17.8887, 2.47978
294, 56, 32, 17.8049, 2.4861
295, 57, 32, 17.7963, 2.50326
296, 57, 32, 17.729, 2.50846
297, 57, 32, 17.6359, 2.51481
298, 57, 32, 17.5521, 2.51995
299, 57, 32, 17.459, 2.52594
300, 57, 32, 17.4001, 2.53254
301, 57, 32, 17.3163, 2.53855
302, 57, 32, 17.2489, 2.54471
303, 58, 32, 17.2416, 2.56355
304, 59, 32, 17.2351, 2.58433
305, 59, 32, 17.1911, 2.58972
306, 59, 32, 17.147, 2.59586
307, 60, 32, 17.1413, 2.61874
308, 60, 32, 17.0575, 2.64394
309, 60, 31, 17.2473, 2.65024
310, 60, 31, 17.1368, 2.65687
311, 60, 31, 17.053, 2.66323
312, 60, 31, 16.9856, 2.6699
313, 60, 30, 17.1754, 2.67648
314, 60, 30, 17.0649, 2.68301
315, 61, 30, 17.0575, 2.70202
316, 62, 30, 17.051, 2.72318
317, 63, 30, 17.0454, 2.74607
318, 64, 30, 17.0404, 2.77161
319, 65, 30, 17.0359, 2.79987
320, 65, 30, 16.9686, 2.83059
321, 65, 30, 16.9156, 2.83681
322, 65, 30, 16.8318, 2.84264
323, 65, 30, 16.748, 2.86747
324, 65, 30, 16.6549, 2.87335
325, 65, 30, 16.596, 2.87896
326, 65, 30, 16.543, 2.88491
327, 65, 30, 16.4841, 2.89132
328, 65, 30, 16.387, 2.89777
329, 66, 30, 16.383, 2.9286
330, 66, 30, 16.2319, 2.96294
331, 66, 30, 16.1645, 2.96954
332, 66, 29, 16.3276, 2.97573
333, 66, 29, 16.2602, 2.98129
334, 66, 29, 16.1929, 2.98786
335, 67, 29, 16.1893, 3.0217
336, 68, 29, 16.186, 3.05836
337, 69, 29, 16.183, 3.09912
338, 70, 29, 16.1803, 3.14526
339, 71, 29, 16.1778, 3.20594
340, 71, 29, 16.1337, 3.29225
341, 71, 29, 16.0366, 3.30325
342, 71, 29, 15.9836, 3.3112
343, 71, 29, 16.0762, 3.31788
344, 71, 29, 16.0094, 3.32347
345, 71, 29, 15.9653, 3.32972
346, 71, 29, 15.9212, 3.33614
347, 72, 29, 15.9189, 3.39133
348, 72, 29, 15.8659, 3.45126
349, 72, 29, 15.7728, 3.47461
350, 72, 29, 15.7198, 3.48044
351, 73, 29, 15.7177, 3.54053
352, 73, 29, 15.6206, 3.60527
353, 73, 29, 15.5676, 3.61155
354, 73, 29, 15.5146, 3.61779
355, 73, 29, 15.4478, 3.62416
356, 74, 29, 15.4458, 3.68834
357, 75, 29, 15.444, 3.75794
358, 76, 29, 15.4422, 3.83263
359, 77, 29, 15.4406, 3.91274
360, 78, 29, 15.4391, 3.99781
361, 79, 29, 15.4377, 4.08893
362, 79, 29, 15.4075, 4.1871
363, 79, 29, 15.3407, 4.1937
364, 79, 29, 15.2436, 4.20027
365, 80, 29, 15.2386, 4.22561
366, 81, 29, 15.2341, 4.25363
367, 82, 29, 15.2301, 4.28586
368, 83, 29, 15.2265, 4.33565
369, 84, 29, 15.2233, 4.37228
370, 85, 29, 15.2203, 4.41278
371, 86, 29, 15.2175, 4.45724
372, 86, 29, 15.1645, 4.46312
373, 86, 29, 15.1204, 4.46944
374, 86, 29, 15.0674, 4.4772
375, 87, 29, 15.0618, 4.50039
376, 87, 29, 14.978, 4.52576
377, 87, 29, 14.8849, 4.54039
378, 87, 28, 15.0746, 4.54685
379, 87, 28, 15.0157, 4.55252
380, 87, 28, 14.9052, 4.56047
381, 87, 28, 14.8463, 4.56696
382, 87, 28, 14.7933, 4.5738
383, 87, 28, 14.726, 4.59619
384, 87, 28, 14.673, 4.60283
385, 88, 28, 14.6705, 4.65129
386, 89, 28, 14.6682, 4.70622
387, 89, 28, 14.6152, 4.76478
388, 89, 28, 14.5181, 4.77145
389, 89, 28, 14.4651, 4.77779
390, 89, 28, 14.3983, 4.78411
391, 89, 28, 14.3617, 4.78972
392, 89, 28, 14.2949, 4.79648
393, 89, 28, 14.3648, 4.80304
394, 89, 28, 14.298, 4.80962
395, 89, 28, 14.1469, 4.81599
396, 89, 28, 13.9769, 4.8224
397, 89, 27, 14.1667, 4.82782
398, 89, 27, 14.0562, 4.83463
399, 89, 27, 13.9724, 4.85986
400, 89, 27, 13.8619, 4.86688
401, 89, 27, 13.6919, 4.87353
402, 89, 27, 13.522, 4.87972
403, 89, 27, 13.6851, 4.88593
404, 89, 26, 13.8748, 4.89212
405, 89, 26, 13.7643, 4.89859
406, 89, 26, 13.6538, 4.90427
407, 89, 26, 13.6097, 4.91098
408, 89, 26, 13.5567, 4.91914
409, 89, 26, 13.5037, 4.92606
410, 89, 26, 13.4671, 4.93268
411, 90, 26, 13.4621, 4.95809
412, 91, 26, 13.4577, 4.98605
413, 91, 26, 13.4211, 4.99173
414, 91, 26, 13.3845, 4.9985
415, 91, 26, 13.3479, 5.00421
416, 91, 26, 13.3177, 5.01091
417, 92, 26, 13.3164, 5.10832
418, 93, 26, 13.3151, 5.21051
419, 93, 26, 13.2483, 5.31904
420, 93, 26, 13.2117, 5.3258
421, 93, 25, 13.3604, 5.33241
422, 93, 25, 13.3164, 5.33925
423, 93, 25, 13.2798, 5.34593
424, 93, 25, 13.2268, 5.35224
425, 93, 25, 13.2, 5.35796
426, 93, 25, 13.1698, 5.36584
427, 93, 25, 13.143, 5.37161
428, 93, 25, 13.0841, 5.37784
429, 93, 25, 13.0475, 5.38376
430, 93, 25, 12.9945, 5.44268
431, 93, 25, 12.9539, 5.4491
432, 93, 25, 12.9173, 5.4551
433, 93, 25, 12.8767, 5.46156
434, 93, 25, 12.8285, 5.46801
435, 94, 25, 12.8273, 5.57899
436, 94, 25, 12.7908, 5.7017
437, 94, 25, 12.7377, 5.7083
438, 94, 25, 12.6789, 5.71518
439, 94, 25, 12.6258, 5.72165
440, 94, 25, 12.567, 5.72788
441, 94, 25, 12.5304, 5.73359
442, 94, 25, 12.5002, 5.74007
443, 94, 25, 12.4636, 5.74664
444, 94, 25, 12.4106, 5.75306
445, 94, 25, 12.3268, 5.7785
446, 94, 25, 12.2337, 5.78523
447, 94, 25, 12.1406, 5.7918
448, 94, 25, 12.0817, 5.79723
449, 94, 25, 12.0143, 5.80362
450, 94, 25, 11.9212, 5.81048
451, 94, 25, 11.8539, 5.81636
452, 94, 25, 11.8173, 5.82177
453, 95, 25, 11.8123, 5.84725
454, 96, 25, 11.8078, 5.87551
455, 97, 25, 11.8038, 5.90756
456, 98, 25, 11.8002, 5.94155
457, 99, 25, 11.7969, 5.97873
458, 100, 25, 11.794, 6.01941
459, 101, 25, 11.7912, 6.06469
460, 102, 25, 11.7887, 6.11306
461, 103, 25, 11.7864, 6.16864
462, 103, 25, 11.7334, 6.22833
463, 103, 25, 11.6363, 6.23508
464, 103, 25, 11.729, 6.24091
465, 103, 25, 11.6616, 6.24812
466, 104, 25, 11.6576, 6.27957
467, 105, 25, 11.654, 6.3149
468, 105, 25, 11.601, 6.32113
469, 105, 25, 11.5569, 6.32774
470, 105, 25, 11.5267, 6.33425
471, 105, 25, 11.6202, 6.36392
472, 105, 25, 11.572, 6.37118
473, 105, 25, 11.5418, 6.37801
474, 105, 25, 11.5204, 6.38484
475, 106, 25, 11.5193, 6.50899
476, 107, 25, 11.5183, 6.64018
477, 108, 25, 11.5173, 6.77791
478, 109, 25, 11.5163, 6.92337
479, 110, 25, 11.5154, 7.07731
480, 110, 25, 11.494, 7.24582
481, 110, 25, 11.4459, 7.25285
482, 110, 25, 11.4245, 7.25975
483, 110, 25, 11.3948, 7.26654
484, 110, 25, 11.3589, 7.27324
485, 111, 25, 11.358, 7.4364
486, 112, 25, 11.3572, 7.61012
487, 113, 25, 11.3564, 7.79198
488, 113, 25, 11.3083, 7.99042
489, 113, 25, 11.2601, 7.99745
490, 113, 25, 11.3301, 8.00408
491, 113, 25, 11.2894, 8.01086
492, 113, 25, 11.2528, 8.01753
493, 113, 25, 11.2163, 8.02372
494, 114, 25, 11.2155, 8.21401
495, 115, 25, 11.2148, 8.41485
496, 116, 25, 11.2141, 8.63377
497, 117, 25, 11.2135, 8.8626
498, 117, 25, 11.1867, 8.86871
499, 117, 25, 11.146, 8.87541
500, 117, 25, 11.1054, 8.88162
501, 117, 24, 11.2466, 8.88789
502, 117, 24, 11.2164, 8.89443
503, 117, 24, 11.2009, 8.90009
504, 117, 24, 11.1651, 8.90681
505, 117, 24, 11.1169, 8.91377
506, 118, 24, 11.1148, 8.97315
507, 119, 24, 11.1128, 9.03659
508, 120, 24, 11.111, 9.10545
509, 121, 24, 11.1092, 9.17916
510, 122, 24, 11.1076, 9.2582
511, 122, 24, 11.0711, 9.26389
512, 122, 24, 11.0304, 9.26996
513, 122, 24, 11.0007, 9.27757
514, 122, 24, 10.9739, 9.28372
515, 122, 24, 10.9534, 9.29032
516, 122, 24, 10.9267, 9.29692
517, 123, 24, 10.9252, 9.38204
518, 124, 24, 10.9238, 9.4729
519, 125, 24, 10.9224, 9.56918
520, 126, 24, 10.9212, 9.67157
521, 127, 24, 10.92, 9.78061
522, 127, 24, 10.8834, 9.90297
523, 127, 24, 10.8428, 9.91008
524, 127, 24, 10.8062, 9.91644
525, 127, 24, 10.7532, 9.92274
526, 128, 24, 10.7499, 9.95952
527, 129, 24, 10.7469, 9.99989
528, 130, 24, 10.7442, 10.0444
529, 131, 24, 10.7417, 10.0926
530, 132, 24, 10.7394, 10.1493
531, 132, 24, 10.6864, 10.2088
532, 132, 24, 10.6191, 10.2159
533, 132, 24, 10.4679, 10.2226
534, 132, 24, 10.4149, 10.2819
535, 132, 24, 10.5076, 10.2899
536, 132, 24, 10.4487, 10.2965
537, 132, 24, 10.408, 10.3021
538, 132, 24, 10.3109, 10.3087
539, 133, 24, 10.3088, 10.3686
540, 134, 24, 10.3068, 10.4325
541, 135, 24, 10.305, 10.5014
542, 136, 24, 10.3033, 10.5799
543, 137, 24, 10.3016, 10.5857
544, 138, 24, 10.3001, 10.671
545, 139, 24, 10.2987, 10.762
546, 139, 24, 10.2685, 10.8588
547, 139, 24, 10.2471, 10.8654
548, 139, 24, 10.2204, 10.8723
549, 139, 24, 10.1722, 10.8792
550, 139, 23, 10.3134, 10.8865
551, 139, 23, 10.2832, 10.8938
552, 140, 23, 10.281, 10.9538
553, 141, 23, 10.2791, 11.0178
554, 142, 23, 10.2772, 11.0867
555, 143, 23, 10.2755, 11.161
556, 144, 23, 10.2739, 11.2477
557, 145, 23, 10.2724, 11.3331
558, 146, 23, 10.271, 11.4241
559, 147, 23, 10.2697, 11.5225
560, 148, 23, 10.2684, 11.5284
561, 149, 23, 10.2672, 11.6385
562, 149, 23, 10.2306, 11.7628
563, 149, 23, 10.1718, 11.7696
564, 149, 23, 10.1311, 11.7757
565, 149, 23, 10.1009, 11.7828
566, 149, 22, 10.2496, 11.7909
567, 149, 22, 10.2055, 11.7985
568, 150, 22, 10.2044, 11.9223
569, 151, 22, 10.2033, 12.0529
570, 152, 22, 10.2023, 12.059
571, 153, 22, 10.2014, 12.2053
572, 154, 22, 10.2005, 12.3611
573, 154, 22, 10.1737, 12.3672
574, 154, 22, 10.144, 12.3735
575, 154, 22, 10.1212, 12.38
576, 154, 22, 10.1008, 12.3863
577, 154, 22, 10.0781, 12.3931
578, 154, 22, 10.0507, 12.3999
579, 155, 22, 10.05, 12.6424
580, 156, 22, 10.0494, 12.8963
581, 157, 22, 10.0489, 13.1616
582, 158, 22, 10.0483, 13.4472
583, 159, 22, 10.0478, 13.738
584, 159, 22, 10.0119, 14.0396
585, 159, 22, 9.98512, 14.0456
586, 159, 22, 9.91832, 14.0524
587, 159, 22, 9.87423, 14.0594
588, 159, 22, 9.83765, 14.1829
589, 159, 22, 9.79357, 14.1899
590, 159, 22, 9.72676, 14.1968
591, 159, 22, 9.66787, 14.2037
592, 159, 22, 9.60106, 14.2099
593, 159, 21, 9.74976, 14.217
594, 159, 21, 9.70567, 14.2244
595, 159, 21, 9.68429, 14.2317
596, 160, 21, 9.68318, 14.3559
597, 161, 21, 9.68213, 14.4875
598, 162, 21, 9.68113, 14.6422
599, 163, 21, 9.68018, 14.7897
600, 164, 21, 9.67928, 14.9452
601, 165, 21, 9.67842, 15.1102
602, 166, 21, 9.6776, 15.2846
603, 167, 21, 9.67682, 15.4753
604, 168, 21, 9.67607, 15.6682
605, 169, 21, 9.67536, 15.8718
606, 170, 21, 9.67468, 16.0928
607, 171, 21, 9.67403, 16.3239
608, 171, 21, 9.64725, 16.5695
609, 171, 21, 9.61068, 16.5761
610, 171, 21, 9.5839, 16.823
611, 171, 21, 9.55368, 16.8302
612, 171, 21, 9.5269, 17.0719
613, 171, 20, 9.66809, 17.0792
614, 171, 20, 9.63786, 17.0866
615, 171, 20, 9.61109, 17.094
616, 171, 20, 9.59566, 17.1
617, 172, 20, 9.59515, 17.402
618, 173, 20, 9.59465, 17.7168
619, 174, 20, 9.59418, 18.0535
620, 174, 20, 9.5829, 18.0594
621, 174, 20, 9.5555, 18.0661
622, 174, 20, 9.54007, 18.0732
623, 174, 20, 9.52394, 18.0798
624, 174, 20, 9.50349, 18.0861
625, 175, 20, 9.50264, 18.2496
626, 176, 20, 9.50182, 18.4223
627, 177, 20, 9.50104, 18.6057
628, 178, 20, 9.50029, 18.7969
629, 179, 20, 9.49958, 18.9975
630, 180, 20, 9.4989, 19.2172
631, 180, 20, 9.47213, 19.2232
632, 180, 20, 9.4419, 19.2303
633, 181, 20, 9.44124, 19.4616
634, 181, 20, 9.4208, 19.4675
635, 181, 20, 9.39808, 19.4739
636, 181, 20, 9.38015, 19.4801
637, 181, 20, 9.36402, 19.4862
638, 181, 20, 9.3461, 19.4931
639, 181, 20, 9.3316, 19.4988
640, 181, 20, 9.31028, 19.5057
641, 182, 20, 9.30982, 19.8734
642, 183, 20, 9.30937, 20.2749
643, 184, 20, 9.30894, 20.6631
644, 184, 20, 9.28154, 20.6692
645, 184, 20, 9.24567, 20.6765
646, 184, 20, 9.19752, 20.6834
647, 185, 20, 9.19619, 20.7817
648, 185, 20, 9.15961, 20.7877
649, 185, 20, 9.09281, 20.7947
650, 186, 20, 9.09156, 20.8996
651, 187, 20, 9.09038, 20.9057
652, 187, 20, 9.0538, 21.0299
653, 187, 20, 9.02357, 21.0369
654, 187, 20, 9.0022, 21.044
655, 187, 20, 8.96632, 21.051
656, 188, 20, 8.96569, 21.3056
657, 189, 20, 8.96509, 21.563
658, 189, 20, 8.94896, 21.5688
659, 189, 20, 8.93283, 21.5756
660, 190, 20, 8.93225, 21.8434
661, 191, 20, 8.9317, 22.1215
662, 192, 20, 8.93117, 22.4145
663, 193, 20, 8.93065, 22.7205
664, 194, 20, 8.93016, 23.0377
665, 195, 20, 8.92968, 23.3698
666, 196, 20, 8.92922, 23.7332
667, 197, 20, 8.92878, 24.1046
668, 198, 20, 8.92835, 24.4912
669, 199, 20, 8.92793, 24.9028
670, 200, 20, 8.92753, 25.3189
671, 200, 20, 8.90708, 25.7471
672, 200, 20, 8.87121, 25.7542
673, 200, 20, 8.85578, 25.7616
674, 201, 20, 8.85515, 25.999
675, 202, 20, 8.85455, 26.2538
676, 203, 20, 8.85397, 26.5204
677, 204, 20, 8.85342, 26.8029
678, 205, 20, 8.85289, 27.0953
679, 206, 20, 8.85237, 27.4007
680, 206, 20, 8.83192, 27.4065
681, 206, 20, 8.8017, 27.414
682, 206, 20, 8.76105, 27.4211
683, 206, 20, 8.7129, 27.4278
684, 206, 20, 8.67226, 27.4349
685, 206, 20, 8.72426, 27.4419
686, 206, 20, 8.68839, 27.4477
687, 207, 20, 8.68789, 27.7603
688, 208, 20, 8.68742, 28.0911
689, 209, 20, 8.68696, 28.4474
690, 210, 20, 8.68651, 28.8163
691, 211, 20, 8.68608, 29.2004
692, 212, 20, 8.68567, 29.6007
693, 213, 20, 8.68527, 30.0161
694, 213, 20, 8.66482, 30.4448
695, 213, 20, 8.62418, 30.4517
696, 213, 20, 8.67618, 30.4583
697, 213, 20, 8.64643, 30.4649
698, 213, 20, 8.62371, 30.4706
699, 213, 20, 8.59694, 30.4779
700, 213, 20, 8.57649, 30.9064
701, 213, 20, 8.614, 30.9144
702, 213, 20, 8.693, 30.9219
703, 213, 20, 8.63035, 30.9291
704, 213, 20, 8.60898, 30.936
705, 213, 20, 8.5977, 30.9433
706, 214, 20, 8.59732, 31.3796
707, 215, 20, 8.59694, 31.8373
708, 216, 20, 8.59658, 32.3105
709, 217, 20, 8.59622, 32.7954
710, 218, 20, 8.59588, 33.2852
711, 219, 20, 8.59555, 33.7984
712, 220, 20, 8.59523, 34.3262
713, 221, 20, 8.59492, 34.909
714, 222, 20, 8.59462, 35.4842
715, 223, 20, 8.59432, 36.0883
716, 224, 20, 8.59403, 36.7609
717, 225, 20, 8.59376, 37.3913
718, 226, 20, 8.59349, 38.0501
719, 227, 20, 8.59322, 38.7301
720, 228, 20, 8.59297, 39.4255
721, 228, 20, 8.57684, 40.1392
722, 228, 20, 8.54709, 40.1459
723, 228, 20, 8.51121, 40.1526
724, 228, 20, 8.48983, 40.1596
725, 228, 19, 8.62757, 40.5792
726, 228, 19, 8.60619, 40.9936
727, 228, 19, 8.57644, 41.0007
728, 228, 19, 8.56101, 41.0068
729, 228, 19, 8.53361, 41.0141
730, 228, 19, 8.52234, 41.0212
731, 228, 19, 8.50101, 41.0281
732, 228, 19, 8.48057, 41.0352
733, 228, 19, 8.45316, 41.0411
734, 228, 19, 8.42342, 41.0478
735, 228, 19, 8.39664, 41.0547
736, 228, 19, 8.37527, 41.0614
737, 229, 19, 8.37485, 41.4632
738, 230, 19, 8.37445, 41.4698
739, 230, 19, 8.354, 41.8887
740, 230, 19, 8.32426, 41.8956
741, 230, 19, 8.29748, 41.9024
742, 230, 19, 8.28205, 41.9094
743, 230, 19, 8.30759, 41.9164
744, 230, 19, 8.28714, 41.9237
745, 230, 19, 8.25974, 41.9308
746, 230, 19, 8.29724, 42.3529
747, 231, 19, 8.29685, 42.775
748, 232, 19, 8.29648, 43.2108
749, 233, 19, 8.29611, 43.664
750, 233, 19, 8.26871, 44.1311
751, 233, 19, 8.24194, 44.1379
752, 233, 19, 8.22149, 44.1449
753, 233, 19, 8.20536, 44.8732
754, 233, 19, 8.18398, 44.8807
755, 233, 19, 8.13583, 44.8879
756, 234, 19, 8.13472, 45.0122
757, 235, 19, 8.13366, 45.1507
758, 236, 19, 8.13267, 45.2883
759, 237, 19, 8.13172, 45.434
760, 238, 19, 8.13081, 45.5885
761, 238, 19, 8.10944, 45.7523
762, 238, 19, 8.18844, 45.7595
763, 238, 19, 8.17717, 45.7668
764, 238, 19, 8.15672, 45.7738
765, 238, 19, 8.10857, 45.7801
766, 238, 19, 8.06042, 45.7877
767, 238, 19, 8.03905, 45.7949
768, 238, 19, 7.9912, 45.8024
769, 238, 19, 7.97577, 45.8082
770, 239, 19, 7.97542, 46.2779
771, 240, 19, 7.97507, 46.7659
772, 241, 19, 7.97474, 47.2766
773, 242, 19, 7.97442, 47.7989
774, 243, 19, 7.97411, 48.3667
775, 244, 19, 7.97381, 48.9472
776, 245, 19, 7.97351, 48.9532
777, 246, 19, 7.97323, 49.5779
778, 247, 19, 7.97295, 50.2252
779, 248, 19, 7.97268, 50.8915
780, 248, 19, 7.95135, 50.8977
781, 248, 19, 7.92863, 50.9036
782, 248, 19, 7.91736, 50.9107
783, 248, 19, 7.86951, 50.9184
784, 248, 19, 7.84813, 50.9255
785, 248, 19, 7.832, 50.9325
786, 248, 19, 7.8046, 50.9397
787, 248, 19, 7.79632, 50.9472
788, 248, 19, 7.7802, 51.6742
789, 248, 19, 7.75887, 51.6818
790, 248, 19, 7.75059, 51.6891
791, 248, 19, 7.73376, 51.6961
792, 249, 19, 7.73337, 52.1105
793, 250, 19, 7.73299, 52.5441
794, 251, 19, 7.73263, 52.9912
795, 252, 19, 7.73228, 53.5088
796, 253, 19, 7.73194, 54.0047
797, 253, 19, 7.78892, 54.011
798, 254, 19, 7.78858, 54.5217
799, 255, 19, 7.78826, 55.0563
800, 256, 19, 7.78795, 55.6172
801, 257, 19, 7.78765, 56.1892
802, 257, 19, 7.77152, 56.1952
803, 257, 19, 7.74177, 56.2034
804, 257, 19, 7.72634, 56.2108
805, 258, 19, 7.72605, 56.8245
806, 258, 19, 7.71777, 57.4538
807, 258, 19, 7.70093, 57.4611
808, 258, 18, 7.83774, 57.4685
809, 258, 18, 7.82231, 57.4777
810, 258, 18, 7.80618, 57.4848
811, 258, 18, 7.77941, 57.4919
812, 259, 18, 7.77855, 57.6562
813, 260, 18, 7.77773, 57.8287
814, 261, 18, 7.77695, 58.0156
815, 262, 18, 7.7762, 58.2058
816, 263, 18, 7.77549, 58.4058
817, 264, 18, 7.77481, 58.6189
818, 265, 18, 7.77416, 58.8421
819, 265, 18, 7.74738, 59.0775
820, 265, 18, 7.73195, 59.0849
821, 265, 18, 7.6945, 59.0913
822, 265, 18, 7.67907, 59.099
823, 265, 18, 7.65774, 59.1221
824, 265, 18, 7.63502, 59.1291
825, 265, 18, 7.58717, 59.135
826, 265, 18, 7.5604, 59.3709
827, 265, 18, 7.53065, 59.3769
828, 265, 18, 7.50091, 59.384
829, 265, 18, 7.57991, 59.3907
830, 265, 18, 7.54404, 59.3991
831, 266, 18, 7.54341, 59.636
832, 267, 18, 7.54281, 59.8839
833, 267, 18, 7.52236, 59.8909
834, 267, 18, 7.48648, 59.8989
835, 267, 18, 7.45674, 59.9061
836, 267, 18, 7.42934, 59.9122
837, 268, 18, 7.42909, 60.631
838, 269, 18, 7.42884, 61.3778
839, 270, 18, 7.42861, 62.1426
840, 271, 18, 7.42837, 62.9553
841, 271, 18, 7.41532, 62.9611
842, 271, 18, 7.3999, 62.9684
843, 271, 18, 7.37718, 62.9755
844, 271, 18, 7.35446, 62.9826
845, 271, 18, 7.30661, 62.9907
846, 271, 18, 7.27073, 62.9982
847, 271, 18, 7.25946, 63.0057
848, 271, 18, 7.222, 63.0132
849, 271, 18, 7.21073, 63.0203
850, 272, 18, 7.21047, 63.7251
851, 273, 18, 7.21021, 64.4407
852, 273, 18, 7.19408, 65.196
853, 273, 18, 7.18281, 65.2035
854, 273, 18, 7.16148, 65.2106
855, 273, 18, 7.14843, 65.2165
856, 273, 18, 7.13716, 65.2233
857, 274, 18, 7.13687, 65.866
858, 275, 18, 7.1366, 66.5172
859, 276, 18, 7.13633, 67.1856
860, 276, 18, 7.13026, 67.1919
861, 276, 18, 7.11721, 67.1991
862, 276, 18, 7.09929, 67.2056
863, 276, 18, 7.08479, 67.2138
864, 276, 18, 7.07174, 67.2209
865, 276, 18, 7.0583, 67.2284
866, 277, 18, 7.05804, 67.9408
867, 278, 18, 7.05778, 68.6579
868, 279, 18, 7.05753, 69.4028
869, 280, 18, 7.05729, 70.2056
870, 281, 18, 7.05705, 70.9893
871, 282, 18, 7.05682, 71.8317
872, 283, 18, 7.05659, 72.6751
873, 284, 18, 7.05637, 73.5436
874, 285, 18, 7.05616, 74.4444
875, 286, 18, 7.05595, 75.3871
876, 287, 18, 7.05574, 76.3359
877, 288, 18, 7.05555, 77.2994
878, 289, 18, 7.05535, 78.3103
879, 290, 18, 7.05516, 79.3486
880, 291, 18, 7.05497, 81.0809
881, 291, 18, 7.02509, 81.0871
882, 291, 18, 7.00825, 81.0933
883, 291, 18, 6.98403, 81.0992
884, 291, 18, 6.96719, 81.1061
885, 291, 18, 6.95892, 81.112
886, 291, 18, 6.94587, 81.1188
887, 291, 18, 6.93759, 81.1262
888, 291, 18, 6.92454, 81.1332
889, 291, 18, 6.91327, 81.1404
890, 291, 18, 6.89983, 81.1474
891, 291, 18, 6.87938, 81.1543
892, 291, 18, 6.85666, 81.1611
893, 291, 18, 6.83621, 81.1679
894, 291, 18, 6.81829, 81.1749
895, 291, 18, 6.80216, 81.1817
896, 291, 18, 6.77944, 81.1877
897, 291, 18, 6.77116, 81.1944
898, 292, 18, 6.77098, 82.9989
899, 292, 18, 6.76021, 83.0051
900, 292, 18, 6.74228, 83.0111
901, 292, 18, 6.72615, 83.018
902, 292, 18, 6.6887, 83.0252
903, 292, 18, 6.67327, 83.286
904, 292, 18, 6.66721, 83.293
905, 292, 18, 6.65376, 83.3
906, 293, 18, 6.65359, 85.1235
907, 294, 18, 6.65341, 87.0358
908, 295, 18, 6.65324, 88.9096
909, 296, 18, 6.65308, 90.8361
910, 297, 18, 6.65291, 92.8341
911, 297, 18, 6.64852, 94.8947
912, 297, 18, 6.63508, 94.9024
913, 297, 18, 6.61375, 94.9127
914, 298, 18, 6.6135, 95.6611
915, 299, 18, 6.61326, 96.4166
916, 300, 18, 6.61302, 97.1991
917, 301, 18, 6.61279, 98.0409
918, 302, 18, 6.61256, 98.9088
919, 303, 18, 6.61234, 99.7758
920, 304, 18, 6.61213, 100.67
921, 305, 18, 6.61192, 101.596
922, 306, 18, 6.61172, 102.538
923, 307, 18, 6.61152, 103.559
924, 308, 18, 6.61132, 104.582
925, 309, 18, 6.61113, 105.632
926, 310, 18, 6.61094, 105.638
927, 310, 18, 6.59411, 107.449
928, 310, 18, 6.57366, 107.456
929, 310, 18, 6.55094, 107.463
930, 310, 18, 6.52354, 107.487
931, 310, 18, 6.51526, 107.495
932, 310, 18, 6.5092, 107.502
933, 311, 18, 6.50897, 107.508
934, 312, 18, 6.50875, 108.376
935, 313, 18, 6.50854, 109.277
936, 314, 18, 6.50833, 110.217
937, 315, 18, 6.50812, 111.178
938, 316, 18, 6.50792, 112.154
939, 317, 18, 6.50773, 113.159
940, 318, 18, 6.50754, 114.193
941, 319, 18, 6.50735, 115.921
942, 320, 18, 6.50717, 117.671
943, 321, 18, 6.50699, 119.468
944, 322, 18, 6.50682, 121.359
945, 322, 18, 6.49377, 123.23
946, 322, 18, 6.47585, 123.254
947, 322, 18, 6.45972, 123.262
948, 322, 18, 6.44667, 125.156
949, 322, 18, 6.42983, 125.165
950, 322, 18, 6.4085, 125.174
951, 322, 18, 6.37862, 125.184
952, 322, 18, 6.37034, 125.192
953, 323, 18, 6.37016, 126.952
954, 324, 18, 6.36998, 128.764
955, 325, 18, 6.3698, 130.574
956, 325, 18, 6.35676, 130.58
957, 325, 18, 6.34371, 130.588
958, 325, 17, 6.48121, 132.448
959, 325, 17, 6.46994, 134.317
960, 325, 17, 6.46387, 134.344
961, 325, 17, 6.4531, 134.352
962, 325, 17, 6.43626, 134.373
963, 325, 17, 6.42799, 136.266
964, 325, 17, 6.42192, 136.274
965, 325, 17, 6.41115, 136.282
966, 325, 17, 6.39665, 136.291
967, 325, 17, 6.38468, 136.3
968, 325, 17, 6.3739, 136.307
969, 325, 17, 6.36193, 136.315
970, 325, 17, 6.39654, 136.328
971, 325, 17, 6.38572, 136.336
972, 325, 17, 6.36888, 136.359
973, 325, 17, 6.34466, 136.365
974, 325, 17, 6.32674, 136.373
975, 325, 17, 6.31061, 136.381
976, 325, 17, 6.29269, 136.388
977, 325, 17, 6.27137, 136.398
978, 325, 17, 6.2653, 136.41
979, 325, 17, 6.23542, 136.418
980, 325, 17, 6.21497, 136.425
981, 326, 17, 6.21439, 136.741
982, 327, 17, 6.21384, 137.049
983, 328, 17, 6.2133, 137.343
984, 329, 17, 6.21279, 137.635
985, 330, 17, 6.21229, 137.95
986, 331, 17, 6.21182, 138.266
987, 332, 17, 6.21136, 138.614
988, 333, 17, 6.21091, 138.983
989, 334, 17, 6.21048, 139.361
990, 335, 17, 6.21007, 139.755
991, 335, 17, 6.1988, 140.162
992, 335, 17, 6.16891, 140.169
993, 336, 17, 6.16851, 140.593
994, 336, 17, 6.14806, 141.011
995, 336, 17, 6.12066, 141.018
996, 337, 17, 6.12027, 141.445
997, 338, 17, 6.1199, 141.898
998, 339, 17, 6.11953, 142.353
999, 340, 17, 6.11918, 142.823
