Seed is: 47
Number of samples is: 1000
Simulation name is: Simulation_4TV.sim
TimeStep, Distraction Rate, Missed States, Model Accuracy, Time (ms)
0, 0, 112, 0, 6e-05
1, 0, 111, 0.763197, 0.007194
2, 0, 110, 1.7632, 0.013606
3, 0, 109, 2.52639, 0.020118
4, 0, 108, 3.28959, 0.025879
5, 0, 107, 4.05279, 0.03153
6, 0, 106, 4.81599, 0.037161
7, 0, 105, 5.57918, 0.042551
8, 0, 104, 6.57918, 0.049194
9, 0, 103, 7.34238, 0.056878
10, 0, 102, 8.10558, 0.064763
11, 0, 101, 8.86877, 0.069783
12, 1, 100, 9.86877, 0.075083
13, 1, 99, 9.63658, 0.080343
14, 1, 99, 9.26305, 0.085713
15, 1, 98, 10.263, 0.092196
16, 1, 97, 11.0262, 0.103838
17, 1, 96, 10.7941, 0.111773
18, 1, 95, 11.5573, 0.118406
19, 2, 94, 12.5573, 0.123345
20, 2, 93, 13.3204, 0.128685
21, 2, 92, 14.0836, 0.133715
22, 2, 92, 13.7101, 0.138694
23, 2, 91, 14.4733, 0.143604
24, 2, 90, 15.2365, 0.148773
25, 2, 89, 16.2365, 0.153953
26, 2, 88, 16.9997, 0.160285
27, 2, 87, 17.7629, 0.166387
28, 2, 86, 18.5261, 0.171447
29, 2, 85, 19.2893, 0.176767
30, 2, 84, 19.0571, 0.182347
31, 2, 83, 19.8203, 0.207365
32, 2, 82, 20.5835, 0.212695
33, 2, 82, 20.21, 0.218476
34, 2, 81, 20.9732, 0.223756
35, 2, 81, 20.5581, 0.229217
36, 2, 81, 20.1846, 0.234777
37, 2, 81, 19.8111, 0.240067
38, 2, 80, 21.1592, 0.245377
39, 2, 80, 20.7442, 0.250838
40, 2, 80, 20.3706, 0.25746
41, 2, 80, 19.9971, 0.263051
42, 2, 79, 20.7603, 0.270455
43, 2, 78, 21.5235, 0.275615
44, 2, 78, 21.15, 0.280604
45, 3, 78, 20.7349, 0.286205
46, 4, 78, 20.565, 0.293449
47, 4, 77, 21.9132, 0.299711
48, 4, 77, 21.5396, 0.305231
49, 4, 76, 22.3028, 0.310401
50, 4, 75, 23.066, 0.316693
51, 4, 74, 23.8292, 0.327834
52, 4, 73, 24.8292, 0.333054
53, 4, 72, 25.5924, 0.338495
54, 4, 71, 26.3556, 0.344186
55, 4, 70, 27.1188, 0.350427
56, 4, 69, 28.467, 0.355928
57, 4, 68, 29.2302, 0.361158
58, 4, 67, 29.9934, 0.366328
59, 4, 66, 30.7566, 0.371748
60, 4, 66, 30.383, 0.377269
61, 4, 66, 30.0095, 0.382869
62, 4, 66, 29.5245, 0.389502
63, 4, 66, 29.151, 0.394852
64, 4, 66, 29.466, 0.400393
65, 4, 66, 29.0925, 0.406164
66, 4, 66, 28.9396, 0.411604
67, 4, 66, 28.4546, 0.417355
68, 4, 66, 28.0396, 0.425611
69, 4, 66, 27.666, 0.432203
70, 4, 66, 27.2925, 0.437744
71, 4, 65, 28.0557, 0.443024
72, 4, 64, 28.8189, 0.448304
73, 5, 64, 28.4039, 0.453915
74, 6, 64, 28.2339, 0.459896
75, 6, 64, 27.8604, 0.466188
76, 6, 64, 27.6559, 0.47268
77, 6, 64, 27.4859, 0.47795
78, 6, 64, 27.333, 0.489232
79, 6, 64, 27.1285, 0.493831
80, 6, 64, 26.9755, 0.499131
81, 6, 64, 26.602, 0.504411
82, 7, 63, 27.602, 0.50951
83, 7, 62, 28.3652, 0.521313
84, 7, 61, 29.3652, 0.526914
85, 7, 60, 30.3652, 0.532324
86, 7, 59, 31.1284, 0.537844
87, 7, 58, 30.8962, 0.543295
88, 7, 58, 30.5227, 0.548905
89, 7, 58, 30.1491, 0.554566
90, 7, 57, 30.5019, 0.560447
91, 7, 57, 30.0169, 0.566259
92, 7, 57, 29.6434, 0.571889
93, 7, 57, 29.2284, 0.57756
94, 7, 57, 28.8548, 0.583221
95, 7, 57, 28.4813, 0.589653
96, 7, 56, 29.2445, 0.595053
97, 7, 55, 30.0077, 0.600273
98, 7, 54, 29.7755, 0.605473
99, 7, 53, 31.1237, 0.610833
100, 7, 52, 31.8869, 0.616745
101, 7, 52, 31.5133, 0.622365
102, 7, 52, 31.1398, 0.628196
103, 7, 51, 32.1398, 0.633627
104, 7, 50, 32.4926, 0.638747
105, 7, 50, 32.0076, 0.645019
106, 7, 50, 32.271, 0.65101
107, 7, 50, 32.1181, 0.656691
108, 7, 49, 32.4709, 0.662963
109, 7, 49, 31.9859, 0.669295
110, 7, 48, 32.9859, 0.674845
111, 7, 48, 32.5709, 0.680536
112, 7, 48, 32.1973, 0.686107
113, 7, 48, 31.8238, 0.691908
114, 7, 48, 31.4503, 0.697508
115, 8, 48, 31.3572, 0.703941
116, 9, 48, 31.2983, 0.710924
117, 10, 48, 31.2576, 0.718899
118, 11, 48, 31.2279, 0.727646
119, 11, 48, 31.0233, 0.736843
120, 11, 48, 30.6083, 0.742414
121, 11, 48, 30.4384, 0.748065
122, 11, 48, 30.2854, 0.753325
123, 11, 48, 29.9119, 0.759456
124, 12, 47, 30.9119, 0.764726
125, 12, 47, 30.5384, 0.770287
126, 12, 47, 30.1233, 0.776048
127, 12, 47, 29.9188, 0.781829
128, 12, 47, 29.7659, 0.787841
129, 12, 47, 29.6129, 0.794193
130, 13, 47, 29.5198, 0.800705
131, 14, 47, 29.4609, 0.807748
132, 15, 47, 29.4203, 0.815533
133, 16, 47, 29.3905, 0.823939
134, 17, 47, 29.3678, 0.833778
135, 18, 47, 29.3499, 0.868073
136, 18, 47, 29.197, 0.885797
137, 18, 47, 29.044, 0.894123
138, 18, 47, 28.8741, 0.903851
139, 18, 47, 28.7212, 0.912498
140, 18, 47, 28.5683, 0.920914
141, 18, 47, 28.4153, 0.92954
142, 18, 47, 28.2624, 0.938367
143, 18, 47, 28.1095, 0.946413
144, 19, 47, 28.0867, 0.95558
145, 20, 47, 28.0688, 0.965439
146, 20, 47, 27.9159, 0.97677
147, 20, 47, 27.2789, 0.982431
148, 20, 47, 26.9054, 0.989054
149, 20, 46, 27.9054, 0.994334
150, 20, 45, 27.6732, 1.00005
151, 20, 44, 28.4364, 1.00568
152, 20, 43, 29.4364, 1.01153
153, 20, 42, 30.4364, 1.01783
154, 20, 41, 31.1996, 1.03224
155, 20, 41, 30.826, 1.03789
156, 20, 40, 31.1788, 1.04373
157, 20, 40, 30.6939, 1.04971
158, 20, 39, 30.9352, 1.05539
159, 20, 39, 30.7307, 1.06138
160, 20, 39, 30.6469, 1.06677
161, 20, 39, 30.4939, 1.07293
162, 20, 39, 30.341, 1.09014
163, 20, 39, 30.2305, 1.09596
164, 20, 39, 30.0606, 1.10157
165, 20, 39, 29.9675, 1.10711
166, 20, 39, 29.8837, 1.11276
167, 20, 39, 29.7307, 1.12439
168, 20, 39, 29.5262, 1.13036
169, 20, 39, 29.1112, 1.13588
170, 20, 39, 28.6961, 1.14141
171, 20, 39, 28.3226, 1.14691
172, 21, 39, 27.9075, 1.15247
173, 22, 39, 27.7376, 1.15839
174, 22, 39, 27.3641, 1.16462
175, 22, 39, 27.2112, 1.16974
176, 22, 39, 27.1697, 1.17747
177, 23, 39, 27.0765, 1.18369
178, 24, 39, 27.0176, 1.19035
179, 25, 39, 26.977, 1.19765
180, 26, 39, 26.9473, 1.20572
181, 27, 39, 26.9245, 1.21471
182, 28, 39, 26.9066, 1.22592
183, 28, 39, 26.7537, 1.23732
184, 28, 38, 26.995, 1.24409
185, 28, 38, 26.7905, 1.25032
186, 28, 38, 26.6376, 1.26131
187, 28, 38, 26.4846, 1.28141
188, 28, 37, 26.726, 1.28755
189, 28, 37, 26.5214, 1.29472
190, 29, 37, 26.5069, 1.30584
191, 30, 37, 26.495, 1.31839
192, 31, 37, 26.4849, 1.33238
193, 31, 37, 26.3744, 1.34847
194, 31, 36, 26.5641, 1.35446
195, 31, 36, 26.4536, 1.36074
196, 31, 36, 26.3007, 1.38078
197, 31, 36, 26.1308, 1.38739
198, 31, 36, 25.9778, 1.39374
199, 31, 36, 25.8249, 1.41201
200, 31, 36, 25.4514, 1.4179
201, 31, 36, 25.0778, 1.42335
202, 31, 36, 25.3929, 1.42953
203, 31, 36, 24.9778, 1.43537
204, 31, 36, 24.6043, 1.44096
205, 31, 36, 24.1893, 1.44637
206, 31, 35, 25.5374, 1.45202
207, 31, 34, 27.2421, 1.46397
208, 31, 34, 26.7572, 1.4699
209, 31, 34, 27.0206, 1.48114
210, 32, 34, 27.0061, 1.49248
211, 33, 34, 26.9941, 1.50533
212, 34, 34, 26.9841, 1.51982
213, 34, 34, 26.3471, 1.53584
214, 34, 33, 26.6999, 1.54165
215, 34, 33, 26.2149, 1.54773
216, 34, 33, 25.7999, 1.55349
217, 34, 33, 25.2218, 1.55926
218, 34, 32, 25.5746, 1.56526
219, 34, 32, 25.0896, 1.57132
220, 34, 32, 24.8851, 1.57737
221, 34, 32, 25.0481, 1.58477
222, 34, 32, 24.9376, 1.59628
223, 35, 32, 24.9291, 1.61371
224, 36, 32, 24.9217, 1.63138
225, 37, 32, 24.9152, 1.65128
226, 38, 32, 24.9096, 1.67314
227, 38, 32, 24.8258, 1.69772
228, 38, 32, 24.742, 1.71144
229, 38, 32, 24.905, 1.7177
230, 38, 32, 24.7945, 1.72368
231, 38, 32, 24.6246, 1.72915
232, 38, 32, 24.5315, 1.73411
233, 38, 32, 24.3616, 1.73956
234, 38, 32, 24.2778, 1.74503
235, 38, 32, 24.1847, 1.751
236, 38, 32, 24.1009, 1.75715
237, 38, 32, 24.0171, 1.76329
238, 38, 32, 23.8641, 1.769
239, 38, 31, 24.0539, 1.77506
240, 38, 31, 23.9434, 1.78022
241, 39, 31, 23.9289, 1.79137
242, 40, 31, 23.9169, 1.80384
243, 40, 31, 23.8331, 1.80919
244, 40, 31, 23.7493, 1.81452
245, 41, 31, 23.7393, 1.82902
246, 41, 31, 23.6288, 1.84454
247, 41, 31, 23.4588, 1.85004
248, 41, 31, 23.3657, 1.85548
249, 41, 31, 23.2819, 1.86082
250, 42, 31, 23.2734, 1.87748
251, 43, 31, 23.266, 1.8953
252, 44, 31, 23.2596, 1.91528
253, 45, 31, 23.2539, 1.93701
254, 45, 31, 23.1701, 1.96158
255, 45, 31, 23.0863, 1.96767
256, 45, 30, 23.276, 1.97392
257, 45, 30, 23.1655, 1.98103
258, 46, 30, 23.157, 1.997
259, 47, 30, 23.1496, 2.01545
260, 48, 30, 23.1432, 2.03515
261, 49, 30, 23.1375, 2.05711
262, 50, 30, 23.1325, 2.06261
263, 50, 30, 23.0487, 2.08958
264, 50, 30, 22.9556, 2.09515
265, 50, 30, 22.8718, 2.1006
266, 50, 30, 22.7787, 2.10684
267, 50, 30, 22.6949, 2.11256
268, 50, 30, 22.6111, 2.11881
269, 50, 30, 22.5273, 2.12509
270, 50, 30, 22.3744, 2.1311
271, 51, 30, 21.9594, 2.13719
272, 51, 29, 22.2007, 2.14262
273, 52, 29, 22.0308, 2.14953
274, 52, 29, 21.8262, 2.15474
275, 52, 29, 21.6563, 2.15986
276, 52, 29, 21.4864, 2.16597
277, 52, 29, 21.3334, 2.17205
278, 52, 29, 21.1289, 2.17817
279, 52, 29, 21.0451, 2.20261
280, 52, 29, 20.952, 2.20976
281, 52, 29, 20.8682, 2.21536
282, 52, 29, 20.8152, 2.22046
283, 52, 29, 20.7622, 2.22626
284, 52, 29, 20.6948, 2.23283
285, 52, 29, 20.636, 2.23864
286, 52, 29, 20.5953, 2.2437
287, 52, 29, 20.5364, 2.24981
288, 52, 29, 20.4834, 2.25564
289, 52, 29, 20.4304, 2.26103
290, 52, 29, 20.3631, 2.26706
291, 53, 29, 20.3581, 2.29114
292, 54, 29, 20.3536, 2.31853
293, 55, 29, 20.3496, 2.34842
294, 55, 29, 20.0455, 2.38112
295, 55, 29, 19.841, 2.38725
296, 55, 29, 19.5776, 2.39336
297, 56, 29, 19.4845, 2.40035
298, 57, 29, 19.4256, 2.40783
299, 58, 29, 19.3849, 2.41612
300, 58, 29, 19.2744, 2.42156
301, 58, 29, 19.1813, 2.45219
302, 58, 29, 19.0975, 2.45812
303, 58, 29, 18.9446, 2.4645
304, 58, 29, 18.7916, 2.47071
305, 58, 29, 18.6217, 2.47701
306, 58, 29, 18.5112, 2.48365
307, 59, 29, 18.5076, 2.48911
308, 60, 29, 18.5043, 2.52495
309, 61, 29, 18.5014, 2.56398
310, 62, 29, 18.4986, 2.60713
311, 62, 29, 18.462, 2.61501
312, 62, 29, 18.3109, 2.62155
313, 62, 29, 18.2436, 2.62796
314, 62, 29, 18.3362, 2.63445
315, 62, 29, 18.2832, 2.64084
316, 62, 29, 18.1321, 2.64822
317, 62, 29, 18.0647, 2.65365
318, 62, 29, 17.9974, 2.66022
319, 62, 29, 17.9136, 2.68751
320, 62, 29, 17.8695, 2.69369
321, 62, 28, 18.0182, 2.69938
322, 62, 28, 17.9816, 2.70498
323, 63, 28, 17.9791, 2.75309
324, 64, 28, 17.9768, 2.80392
325, 65, 28, 17.9747, 2.86286
326, 65, 28, 17.7938, 2.9265
327, 65, 28, 17.6833, 2.93302
328, 65, 28, 17.5902, 2.93889
329, 65, 28, 17.439, 2.94474
330, 66, 28, 17.4093, 2.95356
331, 66, 28, 17.2047, 2.96283
332, 66, 28, 17.0518, 2.96887
333, 67, 28, 17.0291, 2.979
334, 68, 28, 17.0112, 2.98974
335, 68, 28, 16.8582, 3.00155
336, 68, 28, 16.6883, 3.00749
337, 68, 28, 16.5778, 3.01338
338, 68, 28, 16.5105, 3.01857
339, 69, 28, 16.5055, 3.0429
340, 69, 28, 16.4524, 3.04808
341, 69, 28, 16.3851, 3.05406
342, 69, 28, 16.3262, 3.05968
343, 69, 28, 16.2732, 3.06488
344, 70, 28, 16.2687, 3.09217
345, 71, 28, 16.2647, 3.12185
346, 72, 28, 16.2611, 3.15462
347, 73, 28, 16.2579, 3.1904
348, 74, 28, 16.2549, 3.2293
349, 75, 28, 16.2521, 3.27277
350, 76, 28, 16.2496, 3.31915
351, 76, 28, 16.2056, 3.36961
352, 76, 28, 16.1615, 3.37619
353, 76, 28, 16.1085, 3.38257
354, 76, 28, 15.998, 3.38852
355, 76, 28, 15.9009, 3.39492
356, 76, 28, 15.8568, 3.4013
357, 76, 28, 15.8266, 3.40658
358, 76, 28, 15.7736, 3.41268
359, 76, 28, 15.7295, 3.41851
360, 76, 28, 15.6706, 3.42442
361, 76, 28, 15.6299, 3.42955
362, 76, 28, 15.5769, 3.43515
363, 76, 28, 15.518, 3.44095
364, 76, 28, 15.465, 3.44708
365, 76, 28, 15.412, 3.45343
366, 76, 28, 15.108, 3.45979
367, 76, 28, 15.0242, 3.46589
368, 76, 28, 14.9801, 3.47359
369, 77, 28, 14.9756, 3.5008
370, 77, 28, 14.9083, 3.53059
371, 77, 28, 14.8245, 3.53667
372, 77, 28, 14.7407, 3.5431
373, 77, 28, 14.6476, 3.56947
374, 77, 28, 14.5887, 3.57543
375, 77, 28, 14.548, 3.581
376, 77, 28, 14.495, 3.58664
377, 77, 28, 14.4112, 3.59272
378, 78, 28, 14.3967, 3.6044
379, 79, 28, 14.3848, 3.6174
380, 80, 28, 14.3747, 3.63192
381, 80, 28, 14.2642, 3.64833
382, 80, 28, 14.1804, 3.65435
383, 80, 28, 14.0966, 3.66052
384, 80, 28, 14.0128, 3.66656
385, 81, 28, 14.0042, 3.68332
386, 82, 28, 13.9969, 3.70198
387, 83, 28, 13.9904, 3.72521
388, 84, 28, 13.9848, 3.74767
389, 84, 28, 13.901, 3.77231
390, 84, 28, 13.8079, 3.77852
391, 84, 28, 13.7405, 3.78451
392, 84, 28, 13.6875, 3.79082
393, 84, 28, 13.6573, 3.79687
394, 84, 28, 13.5905, 3.80408
395, 84, 28, 13.5603, 3.81042
396, 85, 28, 13.558, 3.86123
397, 86, 28, 13.5558, 3.86688
398, 86, 28, 13.5028, 3.93031
399, 86, 28, 13.4662, 3.93635
400, 86, 28, 13.4132, 3.99998
401, 86, 28, 13.3543, 4.00635
402, 86, 28, 13.3013, 4.01255
403, 86, 28, 13.2345, 4.01895
404, 87, 28, 13.2326, 4.08184
405, 88, 28, 13.2307, 4.14973
406, 89, 28, 13.229, 4.22283
407, 90, 28, 13.2274, 4.30123
408, 91, 28, 13.2259, 4.38481
409, 92, 28, 13.2245, 4.47516
410, 93, 28, 13.2232, 4.5704
411, 94, 28, 13.2219, 4.67221
412, 95, 28, 13.2207, 4.78603
413, 95, 28, 13.3491, 4.90668
414, 95, 28, 13.3126, 5.02719
415, 95, 28, 13.2685, 5.04132
416, 95, 28, 13.1714, 5.04759
417, 96, 28, 13.1694, 5.1117
418, 97, 28, 13.1676, 5.18015
419, 98, 28, 13.1659, 5.25361
420, 99, 28, 13.1643, 5.33266
421, 100, 28, 13.1628, 5.41802
422, 101, 28, 13.1613, 5.50871
423, 102, 28, 13.16, 5.60447
424, 103, 28, 13.1588, 5.70651
425, 104, 28, 13.1576, 5.82071
426, 104, 28, 13.121, 5.94854
427, 104, 28, 13.0804, 5.95439
428, 104, 28, 13.0438, 5.9603
429, 104, 28, 12.9908, 5.9658
430, 105, 28, 12.9868, 5.99557
431, 106, 28, 12.9832, 6.02849
432, 107, 28, 12.9799, 6.06432
433, 108, 28, 12.9769, 6.10279
434, 109, 28, 12.9742, 6.14576
435, 110, 28, 12.9717, 6.19222
436, 110, 28, 12.9276, 6.24422
437, 110, 28, 12.8746, 6.25117
438, 111, 28, 12.8723, 6.30228
439, 111, 28, 12.8193, 6.36099
440, 111, 28, 12.7663, 6.36764
441, 111, 28, 12.7222, 6.3739
442, 111, 28, 12.5413, 6.38015
443, 111, 28, 12.474, 6.38621
444, 111, 28, 12.4374, 6.39165
445, 111, 28, 12.3933, 6.39769
446, 111, 28, 12.3567, 6.40389
447, 111, 28, 12.3265, 6.41014
448, 111, 28, 12.2963, 6.41612
449, 111, 28, 12.2294, 6.42235
450, 111, 28, 12.1929, 6.54287
451, 111, 28, 12.1522, 6.54943
452, 111, 28, 12.1157, 6.55563
453, 111, 28, 12.0675, 6.56184
454, 111, 28, 12.0309, 6.56801
455, 111, 28, 12.0007, 6.57396
456, 111, 28, 11.9709, 6.57993
457, 111, 28, 11.9442, 6.58563
458, 111, 28, 11.9228, 6.59089
459, 111, 28, 11.8862, 6.59766
460, 111, 28, 11.856, 6.60417
461, 111, 28, 11.9259, 6.60954
462, 112, 28, 11.9238, 6.66836
463, 113, 28, 11.9218, 6.74749
464, 114, 28, 11.92, 6.81671
465, 115, 28, 11.9182, 6.89022
466, 116, 28, 11.9166, 6.97067
467, 117, 28, 11.9151, 7.05601
468, 118, 28, 11.9137, 7.14705
469, 119, 28, 11.9124, 7.24363
470, 120, 28, 11.9112, 7.34691
471, 121, 28, 11.91, 7.46185
472, 121, 28, 11.8734, 7.58369
473, 121, 28, 11.7536, 7.59025
474, 121, 28, 11.7006, 7.59635
475, 121, 28, 11.6792, 7.60177
476, 121, 28, 11.6426, 7.72387
477, 121, 28, 11.602, 7.73029
478, 121, 28, 11.5654, 7.73665
479, 121, 28, 11.544, 7.7424
480, 122, 28, 11.5429, 7.86462
481, 123, 28, 11.5419, 7.99364
482, 124, 28, 11.5409, 8.13145
483, 125, 28, 11.5399, 8.27717
484, 126, 28, 11.539, 8.43644
485, 127, 28, 11.5382, 8.59852
486, 128, 28, 11.5373, 8.77006
487, 129, 28, 11.5366, 8.95059
488, 130, 28, 11.5358, 9.13865
489, 131, 28, 11.5351, 9.14422
490, 132, 28, 11.5344, 9.35705
491, 133, 28, 11.5338, 9.58142
492, 133, 28, 11.507, 9.81527
493, 133, 28, 11.4772, 9.82127
494, 133, 28, 11.4505, 9.82723
495, 133, 28, 11.4139, 9.83359
496, 134, 28, 11.4128, 9.95729
497, 135, 28, 11.4117, 10.0882
498, 136, 28, 11.4107, 10.2268
499, 137, 28, 11.4098, 10.3731
500, 138, 28, 11.4089, 10.5249
501, 139, 28, 11.408, 10.6887
502, 140, 28, 11.4072, 10.8617
503, 141, 28, 11.4064, 11.0516
504, 141, 28, 11.3583, 11.2426
505, 141, 28, 11.2994, 11.2488
506, 141, 28, 11.2587, 11.2544
507, 141, 28, 11.2222, 11.2605
508, 141, 28, 11.1691, 11.2668
509, 141, 28, 11.1326, 11.2729
510, 141, 28, 11.1058, 11.2786
511, 141, 28, 11.079, 11.2843
512, 141, 28, 11.1165, 11.2902
513, 141, 28, 11.0952, 11.3
514, 141, 28, 11.047, 11.3074
515, 142, 28, 11.0459, 11.4296
516, 143, 28, 11.0448, 11.5586
517, 144, 28, 11.0438, 11.6963
518, 145, 28, 11.0429, 11.8504
519, 146, 28, 11.042, 12.0004
520, 147, 28, 11.0411, 12.1628
521, 148, 28, 11.0403, 12.3294
522, 149, 28, 11.0395, 12.5062
523, 150, 28, 11.0388, 12.6964
524, 150, 28, 10.901, 12.8964
525, 150, 28, 10.8079, 12.9114
526, 150, 28, 10.7406, 12.9182
527, 151, 28, 10.7399, 13.1189
528, 152, 28, 10.7392, 13.3301
529, 152, 28, 10.8445, 13.3357
530, 153, 28, 10.8439, 13.5601
531, 153, 28, 10.8171, 13.7993
532, 153, 28, 10.7903, 13.8078
533, 153, 28, 10.7689, 13.8146
534, 153, 28, 10.7283, 13.8229
535, 153, 28, 10.7069, 13.8294
536, 153, 28, 10.6588, 13.837
537, 153, 28, 10.632, 14.075
538, 153, 28, 10.6022, 14.0818
539, 153, 28, 10.5755, 14.0885
540, 153, 28, 10.5487, 14.0942
541, 153, 28, 10.4957, 14.1009
542, 153, 28, 10.4284, 14.1077
543, 153, 28, 10.3695, 14.1141
544, 153, 28, 10.3165, 14.1204
545, 153, 28, 10.2724, 14.1269
546, 153, 28, 10.2456, 14.3689
547, 153, 28, 10.2159, 14.3755
548, 153, 28, 10.1861, 14.3821
549, 153, 28, 10.1593, 14.3911
550, 154, 28, 10.1587, 14.6274
551, 155, 28, 10.1581, 14.8748
552, 156, 28, 10.1575, 15.1363
553, 157, 28, 10.157, 15.4002
554, 158, 28, 10.1564, 15.6834
555, 159, 28, 10.1559, 16.0725
556, 159, 28, 10.1355, 16.0788
557, 159, 28, 10.1128, 16.0844
558, 159, 28, 10.0923, 16.0899
559, 160, 28, 10.0918, 16.4
560, 161, 28, 10.0913, 16.7245
561, 162, 28, 10.0909, 17.0637
562, 163, 28, 10.0904, 17.4069
563, 164, 28, 10.09, 17.781
564, 165, 28, 10.0896, 18.2048
565, 166, 28, 10.0892, 18.6232
566, 166, 28, 10.0687, 19.0392
567, 166, 28, 10.0329, 19.0457
568, 166, 28, 10.0061, 19.0521
569, 166, 28, 9.98471, 19.0586
570, 166, 28, 9.96199, 19.0649
571, 166, 28, 9.94155, 19.0711
572, 167, 28, 9.94092, 19.3079
573, 168, 28, 9.94032, 19.5556
574, 168, 28, 9.92489, 19.8158
575, 168, 28, 9.89812, 19.859
576, 168, 28, 9.86154, 19.8792
577, 168, 28, 9.84611, 19.886
578, 168, 28, 9.81023, 19.8928
579, 169, 28, 9.80984, 20.3193
580, 170, 28, 9.80947, 20.7688
581, 171, 28, 9.80911, 21.2292
582, 172, 28, 9.80875, 21.7135
583, 173, 28, 9.80841, 22.2001
584, 173, 28, 9.69721, 22.2062
585, 173, 28, 9.78986, 22.213
586, 173, 27, 9.95289, 22.2197
587, 173, 27, 9.88555, 22.2268
588, 173, 26, 10.0486, 22.2341
589, 173, 26, 9.98124, 22.2411
590, 174, 26, 9.97624, 22.2662
591, 175, 26, 9.97178, 22.2943
592, 175, 26, 10.0942, 22.3264
593, 175, 26, 10.0268, 22.3576
594, 175, 26, 9.98274, 22.3682
595, 176, 26, 9.97874, 22.3986
596, 176, 26, 9.88165, 22.4044
597, 176, 26, 9.82276, 22.4107
598, 176, 26, 9.72567, 22.4173
599, 177, 26, 9.72206, 22.451
600, 178, 26, 9.71878, 22.5128
601, 179, 26, 9.7158, 22.5531
602, 180, 26, 9.71307, 22.598
603, 181, 26, 9.71056, 22.6457
604, 181, 26, 9.66647, 22.6972
605, 181, 26, 9.63625, 22.7059
606, 181, 26, 9.6158, 22.7125
607, 181, 26, 9.60037, 22.7191
608, 181, 26, 9.58494, 22.7257
609, 181, 26, 9.54906, 22.734
610, 182, 26, 9.54849, 22.9988
611, 183, 26, 9.54793, 23.273
612, 184, 26, 9.5474, 23.5618
613, 185, 26, 9.54688, 23.8657
614, 186, 26, 9.54639, 24.1821
615, 186, 26, 9.52594, 24.188
616, 186, 26, 9.51467, 24.1953
617, 186, 26, 9.5034, 24.2023
618, 186, 26, 9.48068, 24.2092
619, 186, 25, 9.61841, 24.216
620, 186, 25, 9.59703, 24.223
621, 186, 25, 9.57658, 24.2298
622, 186, 25, 9.54636, 24.2365
623, 187, 25, 9.54405, 24.2884
624, 187, 25, 9.49104, 24.3486
625, 187, 25, 9.43804, 24.3553
626, 187, 25, 9.40781, 24.3611
627, 187, 25, 9.37123, 24.376
628, 187, 25, 9.33465, 24.3831
629, 187, 25, 9.27576, 24.3896
630, 187, 25, 9.24553, 24.4025
631, 187, 25, 9.1608, 24.4096
632, 187, 25, 9.12423, 24.434
633, 187, 25, 9.08014, 24.4416
634, 187, 25, 9.05876, 24.4484
635, 187, 25, 9.03136, 24.4552
636, 187, 25, 9.02009, 24.4618
637, 187, 25, 8.99269, 24.4687
638, 188, 25, 8.99236, 24.9942
639, 188, 25, 9.08153, 25
640, 189, 25, 9.08121, 25.5665
641, 190, 25, 9.0809, 26.1428
642, 190, 25, 8.98766, 26.149
643, 190, 25, 8.92876, 26.1563
644, 190, 25, 8.89854, 26.1639
645, 190, 25, 8.87716, 26.1705
646, 191, 25, 8.87502, 26.2315
647, 192, 25, 8.87304, 26.2968
648, 193, 25, 8.8712, 26.3671
649, 194, 25, 8.86948, 26.4429
650, 194, 24, 9.01818, 26.4487
651, 194, 24, 8.97409, 26.5295
652, 194, 24, 8.93752, 26.5392
653, 195, 24, 8.93591, 26.6205
654, 196, 24, 8.93441, 26.7076
655, 197, 24, 8.933, 26.7997
656, 197, 24, 8.90277, 26.898
657, 197, 24, 8.8662, 26.9045
658, 197, 24, 8.83645, 26.9106
659, 197, 23, 8.97764, 26.9167
660, 197, 23, 8.94741, 26.9235
661, 197, 23, 8.92603, 26.9296
662, 197, 23, 8.89926, 26.9364
663, 197, 23, 8.87881, 26.9433
664, 197, 23, 8.84906, 26.9499
665, 197, 23, 8.83363, 26.9558
666, 197, 23, 8.81091, 26.9638
667, 197, 23, 8.79047, 26.971
668, 197, 23, 8.76369, 26.9776
669, 198, 23, 8.76295, 27.1691
670, 199, 23, 8.76223, 27.3718
671, 200, 23, 8.76155, 27.5935
672, 201, 23, 8.7609, 27.8263
673, 201, 23, 8.73413, 28.0703
674, 201, 23, 8.70735, 28.0776
675, 201, 23, 8.66671, 28.0843
676, 201, 23, 8.63994, 28.091
677, 201, 23, 8.69194, 28.0972
678, 201, 23, 8.66517, 28.1042
679, 202, 23, 8.66454, 28.3466
680, 203, 23, 8.66394, 28.6092
681, 204, 23, 8.66337, 28.8774
682, 205, 23, 8.66281, 29.15
683, 206, 23, 8.66228, 29.4368
684, 206, 23, 8.6264, 29.7358
685, 206, 23, 8.59052, 29.7416
686, 206, 23, 8.56375, 29.7482
687, 207, 23, 8.56243, 29.8454
688, 208, 23, 8.56118, 29.949
689, 208, 23, 8.49437, 30.0655
690, 208, 23, 8.42756, 30.072
691, 209, 23, 8.42639, 30.1845
692, 210, 23, 8.42527, 30.3084
693, 211, 23, 8.42422, 30.436
694, 211, 23, 8.51773, 30.442
695, 212, 23, 8.51673, 30.581
696, 212, 23, 8.56873, 30.5867
697, 213, 23, 8.56778, 30.7296
698, 214, 23, 8.56688, 30.8815
699, 214, 23, 8.5455, 31.0423
700, 214, 23, 8.51873, 31.0493
701, 214, 23, 8.5033, 31.0565
702, 215, 23, 8.50279, 31.3559
703, 216, 23, 8.50229, 31.6687
704, 217, 23, 8.50181, 32.003
705, 218, 23, 8.50135, 32.3417
706, 219, 23, 8.50091, 32.3475
707, 220, 23, 8.50048, 32.8188
708, 221, 23, 8.50007, 33.2106
709, 222, 23, 8.49967, 33.6177
710, 222, 23, 8.47922, 34.0355
711, 222, 23, 8.41657, 34.0416
712, 222, 23, 8.38979, 34.0483
713, 222, 23, 8.35957, 34.0553
714, 223, 23, 8.35926, 34.0614
715, 224, 23, 8.35897, 34.7137
716, 225, 23, 8.35868, 35.3451
717, 226, 23, 8.3584, 35.9964
718, 227, 23, 8.35813, 36.6746
719, 228, 23, 8.35787, 37.4055
720, 228, 23, 8.28403, 37.4116
721, 228, 23, 8.21722, 37.4187
722, 228, 23, 8.17658, 37.4244
723, 228, 23, 8.14, 37.4312
724, 228, 23, 8.09936, 37.4452
725, 228, 23, 8.05121, 37.4518
726, 228, 23, 8.01057, 37.4583
727, 228, 23, 7.96242, 37.4648
728, 229, 23, 7.96156, 37.6316
729, 230, 23, 7.96074, 37.8014
730, 231, 23, 7.95996, 37.9811
731, 232, 23, 7.95921, 38.1744
732, 233, 23, 7.9585, 38.3851
733, 234, 23, 7.95782, 38.6092
734, 235, 23, 7.95717, 38.8443
735, 236, 23, 7.95654, 39.0904
736, 237, 23, 7.95594, 39.3467
737, 237, 23, 7.94051, 39.6131
738, 237, 23, 7.92508, 39.62
739, 237, 23, 7.90895, 39.6267
740, 237, 23, 7.89352, 39.634
741, 237, 23, 7.87739, 39.6416
742, 237, 23, 7.9149, 39.6489
743, 237, 23, 7.90362, 39.6558
744, 237, 23, 7.8823, 39.6632
745, 237, 23, 7.86185, 39.6716
746, 237, 23, 7.85058, 39.6902
747, 237, 23, 7.83013, 40.1247
748, 237, 23, 7.81886, 40.1318
749, 237, 23, 7.80094, 40.1384
750, 237, 22, 7.93774, 40.1449
751, 237, 22, 7.92231, 40.1519
752, 238, 22, 7.92183, 40.4835
753, 239, 22, 7.92137, 40.8283
754, 240, 22, 7.92093, 41.1892
755, 241, 22, 7.9205, 41.5805
756, 242, 22, 7.92009, 42.0451
757, 242, 22, 7.90881, 42.4626
758, 242, 22, 7.97585, 42.4696
759, 242, 22, 7.96757, 42.4764
760, 242, 22, 7.94625, 42.4834
761, 243, 22, 7.94599, 43.2064
762, 243, 22, 7.92986, 43.9572
763, 243, 22, 7.91302, 43.964
764, 243, 22, 7.89689, 43.9709
765, 243, 22, 7.87417, 43.9776
766, 243, 22, 7.85372, 43.9842
767, 243, 22, 7.83759, 43.991
768, 243, 22, 7.81715, 43.9979
769, 243, 22, 7.77969, 44.005
770, 244, 22, 7.77929, 44.4233
771, 244, 22, 7.75884, 44.8556
772, 244, 22, 7.78437, 44.8624
773, 244, 22, 7.76645, 44.869
774, 244, 22, 7.75032, 44.8759
775, 244, 22, 7.72987, 44.8827
776, 245, 22, 7.72949, 45.3195
777, 246, 22, 7.72911, 45.7707
778, 247, 22, 7.72875, 46.2369
779, 247, 22, 7.79578, 46.7226
780, 248, 22, 7.79543, 47.2071
781, 249, 22, 7.79509, 47.7139
782, 250, 22, 7.79476, 48.2378
783, 251, 22, 7.79444, 48.8092
784, 252, 22, 7.79412, 49.5356
785, 253, 22, 7.79382, 50.1289
786, 254, 22, 7.79353, 50.7758
787, 255, 22, 7.79324, 51.4104
788, 256, 22, 7.79296, 52.0817
789, 257, 22, 7.79269, 52.7771
790, 258, 22, 7.79243, 53.4786
791, 259, 22, 7.79217, 54.2038
792, 259, 21, 7.92897, 54.9624
793, 259, 21, 7.91354, 55.728
794, 259, 21, 7.8931, 55.7356
795, 259, 21, 7.86335, 55.7422
796, 259, 21, 7.84792, 55.7489
797, 259, 21, 7.80007, 55.7557
798, 259, 21, 7.77962, 55.7625
799, 259, 21, 7.7951, 55.7696
800, 259, 21, 7.77897, 55.7764
801, 259, 21, 7.77291, 55.7834
802, 259, 21, 7.75607, 55.8042
803, 259, 21, 7.73994, 56.5581
804, 259, 21, 7.71722, 56.5651
805, 259, 21, 7.70894, 56.5719
806, 259, 21, 7.69767, 56.5792
807, 259, 21, 7.68462, 56.5861
808, 259, 21, 7.65722, 56.5934
809, 260, 21, 7.65683, 57.0275
810, 260, 21, 7.6407, 57.0339
811, 260, 21, 7.63243, 57.041
812, 260, 21, 7.6145, 57.049
813, 260, 21, 7.6, 57.0551
814, 260, 21, 7.58208, 57.0617
815, 260, 21, 7.56595, 57.0683
816, 261, 21, 7.5657, 57.8131
817, 262, 21, 7.56546, 58.5807
818, 263, 21, 7.56522, 59.3883
819, 264, 21, 7.56499, 60.2192
820, 265, 21, 7.56477, 61.0728
821, 266, 21, 7.56455, 61.9503
822, 267, 21, 7.56433, 62.8516
823, 267, 21, 7.50451, 62.8575
824, 267, 21, 7.48313, 62.8647
825, 267, 21, 7.467, 62.8706
826, 267, 21, 7.45087, 62.8775
827, 267, 21, 7.4396, 62.8842
828, 267, 21, 7.40214, 62.891
829, 267, 21, 7.3817, 62.8978
830, 267, 21, 7.36032, 62.9048
831, 268, 21, 7.36011, 63.8295
832, 269, 21, 7.35991, 64.7823
833, 270, 21, 7.35971, 65.7771
834, 271, 21, 7.35951, 66.8106
835, 272, 21, 7.35932, 67.8836
836, 273, 21, 7.35913, 69.6219
837, 274, 21, 7.35895, 71.3886
838, 275, 21, 7.35877, 73.2333
839, 276, 21, 7.3586, 75.1298
840, 276, 21, 7.34555, 77.0741
841, 276, 21, 7.3325, 77.0811
842, 276, 21, 7.3051, 77.0905
843, 277, 21, 7.30452, 77.097
844, 278, 21, 7.30397, 77.3773
845, 279, 21, 7.30343, 77.6855
846, 279, 21, 7.26756, 77.9906
847, 279, 21, 7.24711, 77.9973
848, 279, 21, 7.21736, 78.0039
849, 279, 21, 7.19464, 78.0104
850, 279, 21, 7.17419, 78.017
851, 279, 21, 7.16292, 78.7775
852, 279, 21, 7.14987, 78.7838
853, 279, 21, 7.11998, 78.7906
854, 280, 21, 7.11961, 79.2417
855, 281, 21, 7.11924, 79.707
856, 282, 21, 7.11889, 80.2074
857, 283, 21, 7.11855, 80.7047
858, 284, 21, 7.11822, 81.2215
859, 285, 21, 7.1179, 81.7825
860, 285, 21, 7.10177, 81.7887
861, 285, 20, 7.23927, 81.7951
862, 285, 20, 7.228, 81.8024
863, 285, 20, 7.21972, 81.8091
864, 285, 20, 7.21145, 81.8152
865, 285, 20, 7.19353, 81.822
866, 285, 20, 7.1774, 81.8289
867, 285, 20, 7.16435, 81.8356
868, 285, 20, 7.14822, 81.8422
869, 285, 20, 7.13994, 82.7866
870, 285, 20, 7.1231, 82.7939
871, 285, 20, 7.10697, 83.5389
872, 285, 20, 7.10091, 83.5457
873, 285, 20, 7.07958, 83.5526
874, 286, 20, 7.07927, 84.1282
875, 287, 20, 7.07897, 84.7428
876, 288, 20, 7.07868, 85.3624
877, 288, 20, 7.0704, 85.9934
878, 288, 20, 7.05735, 86.0029
879, 288, 20, 7.02746, 86.0135
880, 288, 20, 7.08444, 86.0199
881, 288, 20, 7.07617, 86.0273
882, 288, 20, 7.06273, 86.0465
883, 288, 20, 7.05833, 86.0557
884, 288, 20, 7.04489, 86.0631
885, 288, 20, 7.03184, 87.9488
886, 288, 20, 7.02578, 87.9558
887, 288, 20, 7.0175, 87.9629
888, 288, 20, 7.00673, 87.9698
889, 288, 20, 7.00066, 87.9756
890, 288, 20, 6.98989, 87.9824
891, 288, 20, 6.97376, 87.9893
892, 288, 20, 6.94401, 87.9963
893, 288, 20, 6.92858, 88.0033
894, 288, 20, 6.92252, 88.0101
895, 288, 20, 6.9117, 88.0169
896, 288, 20, 6.88748, 88.024
897, 289, 20, 6.8872, 88.6624
898, 290, 20, 6.88692, 89.3115
899, 290, 20, 6.87387, 89.3177
900, 290, 20, 6.85703, 89.3236
901, 291, 20, 6.85676, 89.9968
902, 292, 20, 6.8565, 90.685
903, 293, 20, 6.85624, 91.3936
904, 294, 20, 6.85599, 92.1427
905, 295, 20, 6.85575, 92.9041
906, 296, 20, 6.85551, 93.7211
907, 297, 20, 6.85528, 94.5598
908, 298, 20, 6.85505, 95.431
909, 299, 20, 6.85483, 96.3106
910, 299, 20, 6.84877, 97.2234
911, 299, 20, 6.83799, 97.2299
912, 299, 20, 6.82494, 97.2372
913, 299, 20, 6.8045, 97.2439
914, 300, 20, 6.80398, 97.5414
915, 301, 20, 6.80349, 97.8531
916, 301, 20, 6.74084, 98.1782
917, 301, 20, 6.71109, 98.1849
918, 301, 20, 6.68432, 98.1915
919, 301, 20, 6.66889, 98.1987
920, 302, 20, 6.66872, 100.19
921, 303, 20, 6.66855, 102.161
922, 303, 20, 6.61921, 102.168
923, 303, 20, 6.58333, 102.175
924, 303, 20, 6.55359, 102.181
925, 303, 20, 6.51771, 102.188
926, 304, 20, 6.51723, 102.512
927, 305, 20, 6.51677, 102.848
928, 306, 20, 6.51633, 103.2
929, 307, 20, 6.5159, 103.584
930, 308, 20, 6.51549, 103.982
931, 308, 20, 6.50421, 104.393
932, 308, 20, 6.47433, 104.4
933, 309, 20, 6.47393, 104.818
934, 310, 20, 6.47354, 105.253
935, 311, 20, 6.47316, 105.706
936, 312, 20, 6.4728, 106.175
937, 313, 20, 6.47245, 106.181
938, 313, 20, 6.44504, 106.675
939, 313, 20, 6.42232, 106.682
940, 313, 20, 6.4378, 106.688
941, 313, 20, 6.42167, 106.697
942, 313, 20, 6.39895, 106.703
943, 313, 20, 6.37155, 106.71
944, 313, 20, 6.35542, 106.717
945, 314, 20, 6.35508, 107.214
946, 314, 20, 6.30723, 107.734
947, 314, 20, 6.28451, 107.741
948, 314, 20, 6.26406, 107.748
949, 314, 20, 6.25279, 107.756
950, 314, 20, 6.23974, 107.762
951, 314, 20, 6.2263, 107.769
952, 315, 20, 6.22605, 108.523
953, 316, 20, 6.2258, 109.289
954, 316, 20, 6.18835, 110.109
955, 316, 20, 6.17043, 110.116
956, 316, 20, 6.1491, 110.121
957, 316, 20, 6.13118, 110.128
958, 316, 20, 6.11434, 110.134
959, 316, 20, 6.09012, 110.141
960, 316, 20, 6.07707, 110.148
961, 316, 20, 6.0658, 110.155
962, 317, 20, 6.06564, 112.17
963, 318, 20, 6.06548, 114.229
964, 319, 20, 6.06532, 116.446
965, 320, 20, 6.06517, 118.657
966, 321, 20, 6.06502, 120.902
967, 322, 20, 6.06487, 123.212
968, 323, 20, 6.06473, 125.624
969, 324, 20, 6.06459, 128.072
970, 325, 20, 6.06445, 130.572
971, 326, 20, 6.06431, 133.203
972, 327, 20, 6.06418, 135.838
973, 328, 20, 6.06405, 138.509
974, 329, 20, 6.06392, 141.239
975, 329, 19, 6.2032, 141.245
976, 329, 19, 6.19492, 141.251
977, 329, 19, 6.1841, 141.258
978, 329, 19, 6.17804, 144.053
979, 329, 19, 6.16899, 144.061
980, 329, 19, 6.15107, 144.075
981, 329, 19, 6.12975, 144.083
982, 330, 19, 6.12953, 144.983
983, 330, 19, 6.11648, 144.989
984, 330, 19, 6.11042, 144.998
985, 330, 19, 6.09592, 145.013
986, 330, 19, 6.08287, 145.02
987, 330, 19, 6.07848, 147.75
988, 330, 19, 6.06943, 147.757
989, 330, 19, 6.06503, 147.764
990, 330, 19, 6.094, 147.772
991, 330, 19, 6.08524, 147.779
992, 331, 19, 6.08511, 150.605
993, 331, 19, 6.082, 153.464
994, 331, 19, 6.07488, 153.472
995, 332, 19, 6.07476, 156.31
996, 333, 19, 6.07463, 159.181
997, 333, 19, 6.06386, 162.117
998, 333, 19, 6.05947, 162.125
999, 333, 19, 6.04263, 162.134
