Seed is: 23
Number of samples is: 1000
Simulation name is: Simulation_4TV.sim
TimeStep, Distraction Rate, Missed States, Model Accuracy, Time (ms)
0, 0, 112, 0, 6e-05
1, 0, 111, 0.763197, 0.042942
2, 0, 110, 1.7632, 0.110711
3, 0, 110, 1.34816, 0.129637
4, 0, 110, 1.17823, 0.134987
5, 0, 109, 1.94143, 0.179953
6, 0, 109, 1.5679, 0.243704
7, 0, 109, 1.19436, 0.301444
8, 0, 108, 1.43571, 0.364715
9, 0, 108, 1.23117, 0.375816
10, 0, 108, 1.07823, 0.380555
11, 0, 107, 1.84143, 0.403839
12, 0, 106, 2.60463, 0.436902
13, 0, 105, 2.9574, 0.487549
14, 0, 105, 2.47244, 0.511694
15, 0, 105, 2.0989, 0.516474
16, 0, 105, 1.89436, 0.521603
17, 0, 105, 1.74143, 0.526362
18, 0, 104, 2.50463, 0.547833
19, 0, 103, 3.26783, 0.562601
20, 0, 102, 4.26783, 0.567641
21, 0, 102, 3.85279, 0.613408
22, 0, 102, 3.68286, 0.618588
23, 0, 101, 4.44606, 0.686437
24, 0, 101, 4.07253, 0.695755
25, 0, 101, 3.69899, 0.733757
26, 0, 101, 3.54606, 0.763234
27, 0, 101, 3.39313, 0.780066
28, 0, 100, 4.15633, 0.811846
29, 0, 99, 4.91952, 0.846121
30, 0, 99, 4.54599, 0.863675
31, 0, 99, 4.17246, 0.921886
32, 0, 99, 4.01952, 0.960088
33, 0, 99, 3.86659, 0.982361
34, 1, 98, 4.86659, 0.98715
35, 2, 98, 4.45155, 1.01382
36, 3, 98, 4.28163, 1.01924
37, 3, 97, 5.04483, 1.03437
38, 3, 96, 5.39759, 1.04507
39, 3, 96, 4.91263, 1.05907
40, 3, 96, 4.5391, 1.06387
41, 3, 96, 4.33456, 1.08877
42, 3, 96, 4.18163, 1.13282
43, 3, 95, 4.94483, 1.13776
44, 3, 94, 5.70802, 1.19312
45, 4, 93, 6.70802, 1.2565
46, 5, 93, 6.29298, 1.26473
47, 6, 93, 6.12306, 1.33477
48, 6, 92, 6.88626, 1.36817
49, 6, 91, 7.23903, 1.39106
50, 6, 91, 6.75406, 1.46365
51, 6, 91, 6.38053, 1.49204
52, 6, 91, 6.17599, 1.4971
53, 6, 91, 6.02306, 1.52008
54, 6, 90, 5.79087, 1.55099
55, 6, 89, 7.13903, 1.60307
56, 6, 88, 7.90222, 1.6083
57, 6, 87, 8.66542, 1.62993
58, 6, 87, 8.29189, 1.64592
59, 6, 87, 7.91835, 1.66923
60, 6, 87, 7.76542, 1.68347
61, 6, 86, 8.00676, 1.71065
62, 6, 85, 8.76996, 1.72144
63, 6, 84, 9.53316, 1.73754
64, 6, 83, 10.5332, 1.76216
65, 6, 83, 10.1181, 1.7929
66, 6, 83, 9.94819, 1.866
67, 6, 82, 9.716, 1.87123
68, 6, 81, 11.0642, 1.91113
69, 6, 81, 10.6906, 1.93599
70, 6, 81, 11.0057, 1.97049
71, 6, 80, 11.7689, 1.99462
72, 6, 79, 12.5321, 1.9997
73, 6, 78, 13.2953, 2.04106
74, 6, 77, 14.2953, 2.08069
75, 6, 77, 13.8802, 2.08583
76, 6, 77, 13.7103, 2.11653
77, 6, 76, 14.4735, 2.14206
78, 6, 76, 14.1, 2.18333
79, 6, 76, 13.7264, 2.18875
80, 6, 76, 13.5735, 2.21871
81, 6, 76, 13.4206, 2.26473
82, 6, 75, 14.1838, 2.28734
83, 6, 75, 13.8102, 2.30895
84, 6, 75, 13.4367, 2.31401
85, 6, 75, 13.2838, 2.33028
86, 6, 75, 13.1308, 2.35754
87, 6, 74, 13.894, 2.41822
88, 6, 74, 13.5205, 2.43165
89, 6, 74, 13.147, 2.52248
90, 6, 74, 12.994, 2.5737
91, 6, 74, 12.8411, 2.57889
92, 6, 73, 13.8411, 2.60864
93, 6, 73, 13.4261, 2.64323
94, 6, 73, 13.2561, 2.65862
95, 6, 73, 12.6781, 2.69005
96, 6, 72, 13.4413, 2.72857
97, 6, 71, 14.2044, 2.75132
98, 6, 71, 13.8309, 2.80943
99, 6, 71, 13.4574, 2.84702
100, 6, 70, 13.6987, 2.9219
101, 6, 70, 13.4942, 2.96658
102, 6, 70, 13.3413, 2.99132
103, 6, 69, 14.1044, 3.02745
104, 6, 69, 13.7309, 3.05586
105, 6, 69, 13.3574, 3.1265
106, 6, 69, 13.2044, 3.16079
107, 6, 69, 13.0515, 3.17167
108, 6, 69, 12.5666, 3.18739
109, 6, 69, 12.193, 3.1927
110, 6, 69, 11.9885, 3.21645
111, 6, 68, 12.7517, 3.25426
112, 6, 67, 13.5149, 3.28501
113, 6, 67, 13.1413, 3.32671
114, 6, 67, 12.7678, 3.34296
115, 6, 67, 12.6149, 3.35723
116, 6, 66, 12.8562, 3.38155
117, 6, 65, 13.8562, 3.38676
118, 6, 65, 13.4412, 3.4283
119, 6, 65, 13.2713, 3.45979
120, 6, 64, 13.0391, 3.47471
121, 6, 63, 14.3872, 3.48028
122, 6, 62, 15.1504, 3.49766
123, 6, 61, 15.9136, 3.50866
124, 6, 60, 16.2664, 3.51405
125, 6, 60, 16.5814, 3.53159
126, 7, 59, 17.5814, 3.55741
127, 8, 59, 17.1664, 3.63813
128, 9, 59, 16.9965, 3.65579
129, 9, 58, 17.7597, 3.69796
130, 9, 57, 18.5229, 3.77002
131, 9, 56, 19.2861, 3.81175
132, 9, 56, 18.9125, 3.83169
133, 9, 56, 18.539, 3.83741
134, 9, 56, 18.3861, 3.85259
135, 9, 56, 18.2331, 3.88409
136, 9, 55, 19.2331, 3.94967
137, 9, 55, 18.8181, 3.97766
138, 9, 55, 18.6482, 4.02339
139, 9, 54, 19.6482, 4.0602
140, 9, 54, 19.2331, 4.07681
141, 9, 54, 19.0632, 4.08256
142, 9, 53, 19.8264, 4.10302
143, 9, 53, 19.4529, 4.16181
144, 9, 53, 19.0793, 4.18458
145, 9, 53, 18.9264, 4.28361
146, 9, 53, 18.7735, 4.30028
147, 9, 52, 19.5367, 4.34801
148, 9, 51, 20.2999, 4.38349
149, 9, 50, 21.0631, 4.39858
150, 9, 49, 21.8262, 4.42337
151, 9, 49, 21.4527, 4.46142
152, 9, 49, 21.0792, 4.52073
153, 9, 49, 20.9262, 4.5265
154, 9, 49, 20.7733, 4.55081
155, 9, 48, 21.7733, 4.58582
156, 9, 48, 21.3583, 4.60139
157, 9, 48, 21.1884, 4.61752
158, 9, 47, 21.9516, 4.68583
159, 9, 47, 21.578, 4.7131
160, 9, 47, 21.2045, 4.73686
161, 9, 47, 21.0516, 4.74234
162, 9, 47, 20.8986, 4.78737
163, 9, 47, 20.4137, 4.83859
164, 9, 47, 20.0401, 4.84414
165, 9, 47, 20.262, 4.86278
166, 9, 47, 20.0575, 4.89462
167, 9, 46, 20.8207, 4.9305
168, 9, 46, 20.4472, 4.93628
169, 10, 46, 20.3541, 4.94679
170, 10, 46, 19.776, 4.95243
171, 10, 45, 20.5392, 4.99471
172, 10, 44, 21.5392, 5.04127
173, 10, 44, 21.1242, 5.076
174, 10, 44, 20.9542, 5.10216
175, 10, 43, 21.7174, 5.14049
176, 10, 43, 21.3439, 5.15864
177, 10, 42, 21.6967, 5.18945
178, 10, 42, 21.2117, 5.20224
179, 10, 41, 21.453, 5.24365
180, 10, 41, 21.2485, 5.30265
181, 10, 41, 21.044, 5.31243
182, 10, 40, 21.8072, 5.3179
183, 10, 39, 22.1599, 5.33462
184, 10, 39, 21.675, 5.34045
185, 10, 39, 21.3014, 5.37621
186, 10, 39, 21.0969, 5.4221
187, 10, 39, 20.944, 5.44586
188, 10, 39, 20.8335, 5.46766
189, 10, 39, 20.7497, 5.48041
190, 10, 38, 21.5129, 5.48607
191, 10, 37, 21.2807, 5.55437
192, 10, 36, 22.6288, 5.58838
193, 10, 36, 22.2553, 5.61491
194, 10, 36, 21.7703, 5.654
195, 10, 36, 21.6174, 5.65929
196, 11, 35, 22.6174, 5.69879
197, 12, 35, 22.2024, 5.74478
198, 13, 35, 22.0324, 5.791
199, 14, 35, 21.9393, 5.81506
200, 14, 34, 22.1291, 5.90194
201, 14, 34, 22.0453, 5.92424
202, 14, 33, 23.0453, 5.96047
203, 14, 33, 22.6302, 6.01555
204, 14, 33, 22.4603, 6.02737
205, 14, 32, 22.65, 6.04522
206, 14, 32, 22.5569, 6.06376
207, 14, 32, 22.4638, 6.10053
208, 14, 32, 22.38, 6.10613
209, 14, 32, 22.2962, 6.12882
210, 14, 32, 22.1857, 6.17962
211, 14, 32, 21.9812, 6.19276
212, 14, 32, 21.8974, 6.2302
213, 14, 32, 21.8043, 6.23547
214, 14, 32, 21.5408, 6.2411
215, 14, 32, 21.457, 6.2465
216, 14, 32, 21.3732, 6.25203
217, 14, 32, 21.2801, 6.28629
218, 14, 32, 21.1963, 6.29181
219, 15, 32, 21.1032, 6.31452
220, 15, 32, 21.0194, 6.32037
221, 15, 32, 20.9263, 6.33023
222, 15, 32, 20.8332, 6.3428
223, 15, 32, 20.7494, 6.34831
224, 15, 32, 20.6656, 6.37715
225, 15, 32, 20.5818, 6.38288
226, 15, 32, 20.4887, 6.38814
227, 15, 32, 20.3956, 6.42901
228, 15, 32, 20.3118, 6.43461
229, 15, 32, 20.1589, 6.44002
230, 15, 32, 20.0484, 6.48981
231, 15, 31, 20.2897, 6.52621
232, 15, 31, 20.2059, 6.58138
233, 15, 31, 20.1529, 6.64282
234, 15, 31, 20.0999, 6.6488
235, 15, 31, 19.9488, 6.66954
236, 15, 31, 19.6853, 6.7102
237, 15, 31, 19.5324, 6.72535
238, 16, 31, 19.4735, 6.73139
239, 16, 31, 19.4205, 6.75101
240, 16, 31, 19.3675, 6.76251
241, 16, 31, 19.2164, 6.78943
242, 16, 31, 19.1059, 6.82322
243, 16, 31, 18.9954, 6.86526
244, 16, 31, 18.9116, 6.87096
245, 16, 31, 18.8278, 6.90514
246, 16, 31, 18.6232, 6.95065
247, 16, 31, 18.5127, 6.98299
248, 16, 31, 18.4289, 7.0044
249, 16, 31, 18.3451, 7.04525
250, 16, 31, 18.252, 7.05568
251, 16, 31, 18.1682, 7.08758
252, 16, 31, 18.0577, 7.16454
253, 16, 30, 18.2208, 7.17045
254, 16, 29, 18.3838, 7.17581
255, 16, 29, 18.3164, 7.22948
256, 16, 29, 18.1119, 7.26962
257, 16, 29, 18.0281, 7.27625
258, 16, 28, 19.0281, 7.28792
259, 16, 28, 18.6131, 7.3141
260, 16, 28, 18.4431, 7.33872
261, 16, 28, 18.2902, 7.36938
262, 16, 28, 18.2064, 7.40578
263, 17, 28, 18.1133, 7.43509
264, 17, 28, 18.0295, 7.44041
265, 17, 28, 17.9457, 7.45642
266, 17, 28, 17.8619, 7.48085
267, 17, 28, 17.7688, 7.50662
268, 17, 28, 17.6757, 7.55849
269, 17, 28, 17.4123, 7.62527
270, 17, 28, 17.3018, 7.64828
271, 18, 28, 17.2429, 7.68534
272, 18, 28, 17.1324, 7.71266
273, 18, 28, 17.065, 7.73823
274, 18, 28, 16.9977, 7.80567
275, 18, 28, 16.9447, 7.81669
276, 18, 28, 16.8609, 7.85891
277, 18, 28, 16.7504, 7.86427
278, 19, 28, 16.6915, 7.91783
279, 19, 28, 16.6385, 7.99711
280, 19, 28, 16.5855, 8.06421
281, 19, 28, 16.5325, 8.08831
282, 19, 28, 16.4795, 8.13676
283, 19, 28, 16.369, 8.17972
284, 19, 28, 16.2852, 8.2138
285, 19, 28, 16.1747, 8.22563
286, 19, 28, 16.0642, 8.26694
287, 19, 28, 16.0112, 8.27245
288, 19, 28, 15.9181, 8.30283
289, 19, 28, 15.8343, 8.31464
290, 19, 28, 15.7238, 8.33234
291, 19, 28, 15.6564, 8.3711
292, 19, 28, 15.5975, 8.3766
293, 19, 28, 15.5445, 8.39421
294, 19, 28, 15.5079, 8.43332
295, 19, 28, 15.4714, 8.44466
296, 19, 28, 15.3876, 8.48898
297, 19, 27, 15.5506, 8.53729
298, 19, 27, 15.4917, 8.57603
299, 19, 27, 15.4328, 8.62031
300, 19, 27, 15.2817, 8.63905
301, 19, 27, 15.2228, 8.6448
302, 19, 27, 15.1554, 8.65858
303, 19, 27, 15.0449, 8.69685
304, 19, 27, 14.9919, 8.70229
305, 19, 27, 14.9246, 8.70774
306, 20, 27, 14.8657, 8.77101
307, 20, 27, 14.8127, 8.80329
308, 20, 27, 14.7686, 8.82348
309, 20, 27, 14.7156, 8.85661
310, 20, 27, 14.6626, 8.91554
311, 20, 27, 14.6037, 8.94074
312, 20, 27, 14.5448, 8.9463
313, 20, 27, 14.4918, 8.97282
314, 20, 27, 14.4388, 9.01171
315, 20, 27, 14.3858, 9.06293
316, 20, 27, 14.3185, 9.09904
317, 21, 27, 14.2778, 9.12889
318, 21, 27, 14.2412, 9.18814
319, 21, 27, 14.2006, 9.21489
320, 21, 27, 14.164, 9.22056
321, 21, 27, 14.1234, 9.25673
322, 21, 27, 14.0827, 9.26218
323, 21, 27, 14.0461, 9.31324
324, 21, 27, 13.9931, 9.33173
325, 21, 27, 13.9343, 9.34597
326, 21, 27, 13.8812, 9.39069
327, 21, 26, 14.0443, 9.42444
328, 21, 26, 13.9854, 9.42991
329, 21, 26, 13.9265, 9.43581
330, 21, 26, 13.8592, 9.44134
331, 21, 26, 13.7918, 9.44686
332, 21, 25, 13.9815, 9.46642
333, 21, 25, 13.9375, 9.4954
334, 21, 25, 13.8845, 9.50122
335, 21, 25, 13.8171, 9.53882
336, 21, 25, 13.7641, 9.56191
337, 22, 25, 13.7235, 9.57535
338, 22, 25, 13.6561, 9.60575
339, 22, 25, 13.5888, 9.68167
340, 22, 25, 13.562, 9.71476
341, 22, 25, 13.509, 9.76742
342, 22, 25, 13.4417, 9.79208
343, 22, 25, 13.4051, 9.81296
344, 22, 25, 13.3462, 9.83842
345, 22, 25, 13.2491, 9.86829
346, 22, 25, 13.152, 9.90006
347, 22, 25, 13.1079, 9.90604
348, 22, 25, 13.0713, 9.96332
349, 23, 25, 13.0307, 9.99947
350, 23, 25, 12.9941, 10.0148
351, 23, 25, 12.9268, 10.0607
352, 23, 25, 12.8594, 10.0864
353, 23, 25, 12.7921, 10.1105
354, 23, 25, 12.7555, 10.137
355, 23, 25, 12.7189, 10.216
356, 23, 25, 12.6824, 10.2515
357, 23, 25, 12.6383, 10.2769
358, 23, 24, 12.787, 10.3061
359, 23, 24, 12.7572, 10.312
360, 23, 23, 12.8984, 10.3474
361, 23, 23, 12.8716, 10.3727
362, 23, 23, 12.8449, 10.4065
363, 23, 23, 12.7775, 10.4203
364, 23, 23, 12.7334, 10.4531
365, 23, 23, 12.7032, 10.4845
366, 23, 23, 12.6764, 10.5395
367, 23, 23, 12.6234, 10.5574
368, 23, 23, 12.5645, 10.5833
369, 23, 23, 12.5056, 10.6334
370, 23, 23, 12.4383, 10.6952
371, 23, 23, 12.4017, 10.7177
372, 23, 23, 12.3651, 10.7236
373, 23, 23, 12.3245, 10.7366
374, 23, 23, 12.2879, 10.7541
375, 23, 23, 12.2473, 10.7665
376, 23, 23, 12.2066, 10.7722
377, 23, 23, 12.1626, 10.8094
378, 23, 23, 12.2552, 10.8283
379, 24, 23, 12.2255, 10.8433
380, 24, 23, 12.3478, 10.8735
381, 24, 23, 12.3211, 10.9178
382, 24, 23, 12.2943, 10.9537
383, 24, 23, 12.2275, 10.9879
384, 24, 22, 12.4172, 11.0328
385, 25, 22, 12.3766, 11.0498
386, 25, 21, 12.5253, 11.0871
387, 25, 21, 12.4148, 11.1173
388, 25, 21, 12.3707, 11.1431
389, 25, 21, 12.3266, 11.1961
390, 25, 21, 12.2161, 11.2204
391, 26, 21, 12.1864, 11.227
392, 26, 21, 12.1196, 11.2735
393, 26, 21, 12.0893, 11.2793
394, 26, 21, 12.0528, 11.2851
395, 26, 21, 12.0121, 11.3279
396, 26, 21, 11.9715, 11.3532
397, 26, 21, 11.9349, 11.3751
398, 26, 21, 11.8908, 11.3991
399, 26, 21, 11.9835, 11.4151
400, 26, 21, 11.9537, 11.4579
401, 26, 21, 11.924, 11.4713
402, 26, 21, 11.8572, 11.5465
403, 26, 21, 11.8165, 11.5568
404, 26, 21, 11.7724, 11.6024
405, 26, 21, 11.7283, 11.6187
406, 26, 21, 11.6843, 11.6359
407, 26, 21, 11.6477, 11.6566
408, 26, 21, 11.6209, 11.6775
409, 26, 21, 11.5941, 11.6887
410, 26, 21, 11.5737, 11.6947
411, 26, 21, 11.5296, 11.7231
412, 26, 21, 11.493, 11.7379
413, 26, 21, 11.4726, 11.7815
414, 26, 21, 11.4319, 11.7977
415, 26, 21, 11.3878, 11.8126
416, 26, 21, 11.4993, 11.842
417, 27, 21, 11.4766, 11.8827
418, 27, 21, 11.6107, 11.926
419, 27, 21, 11.5903, 11.9402
420, 27, 21, 11.5605, 11.9543
421, 27, 21, 11.5308, 11.9685
422, 27, 21, 11.5103, 12.0198
423, 27, 21, 11.4622, 12.026
424, 27, 21, 11.3948, 12.042
425, 27, 21, 11.3651, 12.0477
426, 27, 21, 11.3383, 12.0816
427, 27, 21, 11.3222, 12.0873
428, 27, 21, 11.2919, 12.1558
429, 27, 21, 11.2554, 12.1801
430, 27, 21, 11.2392, 12.1924
431, 27, 21, 11.209, 12.2042
432, 27, 21, 11.1243, 12.2101
433, 27, 21, 11.1038, 12.2249
434, 27, 21, 11.1558, 12.2307
435, 27, 21, 11.1331, 12.2446
436, 27, 21, 11.0972, 12.2992
437, 27, 21, 11.1672, 12.3487
438, 27, 21, 11.119, 12.3877
439, 27, 21, 11.0976, 12.4088
440, 27, 21, 11.0709, 12.4597
441, 27, 21, 11.0227, 12.5067
442, 27, 21, 10.993, 12.5342
443, 27, 21, 10.9725, 12.5767
444, 28, 21, 10.9428, 12.5835
445, 28, 21, 10.916, 12.6104
446, 28, 21, 10.8892, 12.6169
447, 28, 21, 10.8688, 12.6307
448, 28, 21, 10.839, 12.6642
449, 28, 21, 10.8093, 12.6749
450, 28, 21, 10.7825, 12.6805
451, 28, 21, 10.7621, 12.6936
452, 28, 21, 10.7318, 12.7
453, 28, 21, 10.7051, 12.7176
454, 28, 21, 10.6748, 12.7519
455, 28, 21, 10.6534, 12.7668
456, 28, 21, 10.6094, 12.807
457, 28, 21, 10.5653, 12.8207
458, 28, 21, 10.6352, 12.8263
459, 28, 21, 10.605, 12.8429
460, 28, 21, 10.5888, 12.868
461, 28, 21, 10.5523, 12.8768
462, 28, 21, 10.6864, 12.9217
463, 28, 21, 10.6458, 12.9272
464, 28, 21, 10.6051, 12.933
465, 28, 21, 10.5749, 12.9518
466, 29, 21, 10.5452, 12.9595
467, 29, 21, 10.5086, 12.9881
468, 29, 21, 10.3888, 13.0181
469, 29, 21, 10.3522, 13.0336
470, 29, 21, 10.322, 13.0498
471, 29, 21, 10.2952, 13.0684
472, 29, 21, 10.2511, 13.1006
473, 30, 21, 10.2284, 13.1435
474, 30, 21, 10.2016, 13.1611
475, 30, 21, 10.1886, 13.1673
476, 30, 21, 10.1588, 13.2009
477, 30, 21, 10.132, 13.2338
478, 30, 21, 10.1023, 13.2396
479, 30, 21, 10.0725, 13.2578
480, 30, 21, 10.0512, 13.2767
481, 30, 21, 10.0244, 13.2825
482, 30, 21, 9.93967, 13.2906
483, 30, 21, 9.91695, 13.3005
484, 30, 21, 9.8965, 13.3176
485, 30, 21, 9.87378, 13.3278
486, 30, 21, 9.85106, 13.3572
487, 30, 21, 9.88856, 13.3928
488, 30, 21, 9.82591, 13.4388
489, 30, 21, 9.79914, 13.4454
490, 30, 21, 9.89179, 13.4968
491, 30, 21, 9.87041, 13.515
492, 30, 21, 9.84996, 13.5377
493, 30, 21, 9.81973, 13.5689
494, 30, 21, 9.79701, 13.575
495, 30, 21, 9.77429, 13.5877
496, 30, 21, 9.75384, 13.5933
497, 30, 21, 9.73112, 13.621
498, 30, 21, 9.71499, 13.6269
499, 30, 21, 9.68477, 13.6595
500, 30, 21, 9.61742, 13.6924
501, 31, 21, 9.5947, 13.7431
502, 31, 21, 9.55062, 13.7869
503, 31, 21, 9.53017, 13.8147
504, 31, 21, 9.50745, 13.8371
505, 31, 21, 9.48473, 13.8461
506, 31, 21, 9.47168, 13.8613
507, 31, 21, 9.44428, 13.8804
508, 31, 21, 9.4084, 13.8941
509, 31, 21, 9.39297, 13.9053
510, 31, 21, 9.37159, 13.9148
511, 31, 21, 9.36082, 13.9366
512, 31, 21, 9.33059, 13.9598
513, 31, 21, 9.26794, 13.9756
514, 31, 21, 9.21979, 14.0074
515, 31, 21, 9.18956, 14.0399
516, 31, 21, 9.15933, 14.0565
517, 31, 21, 9.14629, 14.067
518, 31, 21, 9.13016, 14.0857
519, 31, 21, 9.09993, 14.1075
520, 31, 21, 9.0838, 14.1131
521, 31, 21, 9.04792, 14.1193
522, 31, 21, 9.01204, 14.1328
523, 31, 21, 8.99661, 14.1387
524, 31, 21, 8.98048, 14.1464
525, 32, 21, 8.95776, 14.1974
526, 32, 21, 8.93732, 14.2198
527, 32, 21, 8.91594, 14.2265
528, 32, 21, 8.89981, 14.2946
529, 32, 20, 9.03754, 14.3099
530, 32, 20, 9.01962, 14.3155
531, 32, 20, 9.0017, 14.3226
532, 32, 20, 8.98557, 14.3599
533, 32, 20, 9.05549, 14.3761
534, 32, 20, 9.04472, 14.3902
535, 32, 20, 9.02334, 14.427
536, 32, 20, 9.00196, 14.4432
537, 32, 20, 8.98653, 14.449
538, 33, 20, 8.96861, 14.4894
539, 33, 20, 8.94816, 14.5061
540, 33, 20, 8.92544, 14.512
541, 33, 20, 8.905, 14.527
542, 33, 20, 8.87822, 14.5476
543, 33, 20, 8.83007, 14.5877
544, 33, 20, 8.80735, 14.6033
545, 33, 20, 8.78463, 14.6323
546, 33, 20, 8.74876, 14.6505
547, 33, 20, 8.72738, 14.6972
548, 33, 20, 8.68329, 14.7431
549, 34, 20, 8.66537, 14.7971
550, 34, 20, 8.73241, 14.8034
551, 34, 20, 8.69653, 14.8418
552, 34, 20, 8.67861, 14.8795
553, 34, 20, 8.66068, 14.885
554, 34, 20, 8.72772, 14.8909
555, 34, 20, 8.70727, 14.9392
556, 34, 20, 8.67704, 14.9534
557, 34, 20, 8.65912, 14.975
558, 34, 20, 8.64299, 15.0303
559, 34, 20, 8.62507, 15.0737
560, 34, 20, 8.60715, 15.0982
561, 34, 20, 8.58577, 15.1312
562, 34, 20, 8.46596, 15.1372
563, 34, 20, 8.44551, 15.1487
564, 34, 20, 8.37871, 15.1543
565, 34, 20, 8.36566, 15.1921
566, 34, 20, 8.35023, 15.2494
567, 35, 20, 8.33231, 15.2651
568, 35, 20, 8.31186, 15.3276
569, 35, 20, 8.30281, 15.3467
570, 35, 20, 8.28143, 15.3524
571, 36, 20, 8.26351, 15.4604
572, 36, 20, 8.25046, 15.4663
573, 36, 20, 8.23968, 15.4723
574, 36, 20, 8.21836, 15.4997
575, 37, 20, 8.20386, 15.5358
576, 37, 20, 8.27783, 15.5486
577, 37, 20, 8.25043, 15.5629
578, 37, 20, 8.23593, 15.5879
579, 37, 20, 8.22143, 15.5937
580, 37, 20, 8.18398, 15.6117
581, 37, 19, 8.32148, 15.6249
582, 37, 19, 8.30535, 15.6396
583, 37, 19, 8.27546, 15.6529
584, 37, 19, 8.25754, 15.6668
585, 37, 19, 8.29504, 15.6852
586, 37, 19, 8.28377, 15.7158
587, 37, 19, 8.26764, 15.7216
588, 37, 19, 8.25314, 15.7272
589, 37, 19, 8.24487, 15.7479
590, 37, 19, 8.23182, 15.7748
591, 37, 19, 8.21044, 15.7858
592, 37, 18, 8.34724, 15.8094
593, 38, 18, 8.33274, 15.8166
594, 38, 18, 8.32197, 15.8313
595, 38, 18, 8.30892, 15.8501
596, 38, 18, 8.28754, 15.8955
597, 38, 18, 8.27304, 15.9456
598, 38, 18, 8.25854, 15.9889
599, 38, 18, 8.24777, 16.0292
600, 38, 18, 8.22984, 16.0775
601, 38, 18, 8.32335, 16.1124
602, 38, 18, 8.3143, 16.1366
603, 38, 18, 8.29293, 16.157
604, 38, 18, 8.27843, 16.2102
605, 38, 18, 8.27072, 16.2233
606, 38, 18, 8.25529, 16.2547
607, 38, 18, 8.24402, 16.2711
608, 38, 18, 8.23796, 16.2853
609, 38, 18, 8.27546, 16.3356
610, 39, 18, 8.26349, 16.372
611, 39, 18, 8.25444, 16.3778
612, 39, 18, 8.24539, 16.3837
613, 39, 18, 8.18274, 16.4524
614, 39, 18, 8.16229, 16.4686
615, 39, 18, 8.14437, 16.4859
616, 39, 18, 8.12645, 16.539
617, 39, 18, 8.0786, 16.5899
618, 39, 18, 8.06068, 16.6014
619, 39, 18, 8.04455, 16.6069
620, 39, 18, 8.01715, 16.6257
621, 39, 18, 8.00102, 16.6516
622, 39, 18, 8.08504, 16.6814
623, 39, 18, 8.0784, 16.715
624, 39, 18, 8.06713, 16.797
625, 39, 18, 8.05408, 16.8442
626, 39, 18, 8.02668, 16.8827
627, 39, 18, 8.01541, 16.894
628, 39, 18, 7.98863, 16.9267
629, 39, 18, 7.94079, 16.9607
630, 39, 18, 7.92536, 16.9664
631, 39, 18, 7.90398, 16.9725
632, 39, 18, 7.97101, 16.9873
633, 39, 18, 7.95796, 17
634, 39, 18, 7.93056, 17.0159
635, 39, 18, 8.00454, 17.0224
636, 39, 18, 7.98409, 17.0501
637, 40, 18, 7.96959, 17.0728
638, 40, 18, 7.88486, 17.1139
639, 40, 18, 7.86943, 17.1194
640, 40, 18, 7.83198, 17.1369
641, 40, 18, 7.8207, 17.2032
642, 40, 18, 7.80943, 17.2238
643, 41, 18, 7.79493, 17.2647
644, 41, 18, 7.7788, 17.2775
645, 41, 18, 7.7643, 17.2941
646, 41, 18, 7.7498, 17.3139
647, 41, 18, 7.71235, 17.3737
648, 41, 17, 7.84915, 17.3957
649, 41, 17, 7.83465, 17.4131
650, 41, 17, 7.81922, 17.4186
651, 41, 17, 7.81152, 17.4242
652, 41, 17, 7.79847, 17.5217
653, 41, 17, 7.77714, 17.5363
654, 41, 16, 7.91394, 17.5522
655, 42, 16, 7.90197, 17.5637
656, 42, 16, 7.88892, 17.5787
657, 42, 16, 7.88314, 17.6341
658, 42, 16, 7.87187, 17.6764
659, 42, 16, 7.84164, 17.7255
660, 42, 16, 7.82026, 17.7314
661, 42, 16, 7.80576, 17.7609
662, 42, 16, 7.79271, 17.7667
663, 42, 16, 7.77728, 17.795
664, 42, 16, 7.76651, 17.8383
665, 42, 16, 7.75201, 17.844
666, 42, 16, 7.73751, 17.8744
667, 42, 15, 7.87929, 17.9107
668, 42, 15, 7.86732, 17.9168
669, 42, 15, 7.85534, 17.9359
670, 42, 15, 7.84928, 17.9483
671, 42, 15, 7.83244, 17.9543
672, 43, 15, 7.82047, 17.9611
673, 43, 15, 7.77445, 18.0015
674, 43, 15, 7.76618, 18.0367
675, 43, 15, 7.75005, 18.066
676, 44, 15, 7.73807, 18.1052
677, 44, 15, 7.67542, 18.1424
678, 44, 15, 7.66415, 18.187
679, 44, 15, 7.616, 18.2049
680, 44, 15, 7.60523, 18.2335
681, 44, 15, 7.5898, 18.2558
682, 44, 15, 7.58152, 18.2736
683, 44, 15, 7.57325, 18.3062
684, 44, 15, 7.5602, 18.3242
685, 44, 15, 7.53031, 18.3626
686, 44, 15, 7.51834, 18.3976
687, 44, 15, 7.50707, 18.4221
688, 44, 15, 7.49802, 18.4544
689, 44, 15, 7.52355, 18.4885
690, 44, 15, 7.51915, 18.5007
691, 44, 15, 7.50838, 18.5267
692, 44, 15, 7.50526, 18.5777
693, 44, 15, 7.49329, 18.6467
694, 44, 15, 7.47197, 18.6576
695, 44, 15, 7.46119, 18.7567
696, 44, 15, 7.44775, 18.7729
697, 44, 15, 7.42642, 18.8334
698, 44, 15, 7.40221, 18.8723
699, 44, 15, 7.38088, 18.9018
700, 44, 15, 7.36545, 18.9412
701, 44, 15, 7.35717, 18.9775
702, 44, 15, 7.3358, 18.9983
703, 44, 15, 7.32037, 19.0289
704, 44, 15, 7.30353, 19.0546
705, 44, 15, 7.37825, 19.0707
706, 44, 15, 7.3652, 19.1028
707, 44, 15, 7.33532, 19.1489
708, 44, 15, 7.34223, 19.1685
709, 44, 15, 7.28883, 19.1743
710, 44, 15, 7.28056, 19.1802
711, 44, 15, 7.26751, 19.2212
712, 44, 15, 7.25138, 19.2548
713, 44, 15, 7.21411, 19.3048
714, 44, 15, 7.20284, 19.353
715, 44, 15, 7.18741, 19.3658
716, 44, 15, 7.18233, 19.4067
717, 44, 15, 7.17328, 19.4408
718, 44, 15, 7.1374, 19.4858
719, 44, 15, 7.12913, 19.516
720, 44, 15, 7.12142, 19.5223
721, 44, 15, 7.10599, 19.5284
722, 44, 15, 7.07859, 19.5399
723, 44, 15, 7.06732, 19.5555
724, 44, 15, 7.05189, 19.6135
725, 44, 15, 7.03992, 19.6399
726, 44, 15, 7.02794, 19.6457
727, 44, 15, 7.02024, 19.6512
728, 44, 15, 7.00827, 19.711
729, 44, 15, 6.95036, 19.7455
730, 44, 15, 6.93493, 19.7754
731, 44, 15, 6.92366, 19.7936
732, 44, 15, 6.87997, 19.8126
733, 44, 15, 6.87391, 19.8915
734, 44, 15, 6.86313, 19.9097
735, 45, 15, 6.85308, 19.9279
736, 45, 15, 6.80523, 19.9534
737, 45, 15, 6.79445, 19.973
738, 45, 15, 6.78248, 20.009
739, 45, 15, 6.77051, 20.0355
740, 45, 15, 6.75367, 20.0493
741, 46, 15, 6.74362, 20.1073
742, 46, 15, 6.73284, 20.1283
743, 46, 15, 6.72157, 20.1889
744, 46, 15, 6.71151, 20.2095
745, 46, 15, 6.70146, 20.2251
746, 46, 15, 6.69482, 20.2474
747, 46, 15, 6.68477, 20.2883
748, 46, 15, 6.68026, 20.2976
749, 46, 15, 6.6742, 20.3192
750, 46, 15, 6.66814, 20.3277
751, 46, 15, 6.65617, 20.3755
752, 46, 15, 6.63933, 20.4215
753, 46, 15, 6.65481, 20.43
754, 46, 15, 6.69231, 20.4906
755, 46, 15, 6.68792, 20.5287
756, 46, 15, 6.68352, 20.5761
757, 46, 15, 6.67688, 20.6061
758, 46, 15, 6.66561, 20.626
759, 46, 14, 6.80489, 20.641
760, 47, 14, 6.79484, 20.6854
761, 47, 14, 6.78656, 20.7107
762, 47, 14, 6.77578, 20.7606
763, 47, 14, 6.76381, 20.8061
764, 47, 14, 6.75184, 20.8201
765, 47, 14, 6.73197, 20.8341
766, 47, 14, 6.72192, 20.8432
767, 47, 14, 6.71287, 20.8492
768, 47, 14, 6.69982, 20.8756
769, 47, 14, 6.68298, 20.8823
770, 47, 14, 6.67293, 20.9336
771, 47, 14, 6.66287, 20.9396
772, 47, 14, 6.6521, 20.9632
773, 48, 14, 6.64205, 20.9841
774, 48, 14, 6.6114, 20.9997
775, 48, 14, 6.60829, 21.0098
776, 48, 14, 6.60517, 21.0352
777, 49, 14, 6.59661, 21.0568
778, 49, 14, 6.59055, 21.0847
779, 49, 14, 6.57711, 21.1237
780, 49, 14, 6.56027, 21.1556
781, 49, 14, 6.55199, 21.1675
782, 49, 14, 6.50598, 21.182
783, 49, 14, 6.4952, 21.2075
784, 49, 14, 6.47098, 21.2642
785, 49, 14, 6.46271, 21.2892
786, 49, 14, 6.45606, 21.2982
787, 49, 14, 6.44601, 21.3107
788, 49, 14, 6.43696, 21.3455
789, 49, 14, 6.42691, 21.3575
790, 49, 14, 6.41686, 21.383
791, 49, 14, 6.39699, 21.445
792, 49, 14, 6.38871, 21.4918
793, 49, 14, 6.35126, 21.5043
794, 49, 14, 6.34519, 21.5544
795, 49, 14, 6.33913, 21.5916
796, 50, 14, 6.33057, 21.6551
797, 50, 14, 6.3193, 21.6823
798, 50, 14, 6.29189, 21.7294
799, 50, 14, 6.28419, 21.7452
800, 50, 13, 6.43579, 21.7817
801, 50, 13, 6.42752, 21.7964
802, 50, 13, 6.41847, 21.8024
803, 50, 13, 6.40842, 21.8258
804, 50, 13, 6.3976, 21.8601
805, 51, 13, 6.38903, 21.8804
806, 51, 13, 6.37776, 21.8866
807, 51, 13, 6.36432, 21.9154
808, 51, 13, 6.35088, 21.9309
809, 51, 13, 6.32955, 21.9368
810, 51, 13, 6.32349, 21.9707
811, 51, 13, 6.30216, 22.0086
812, 51, 13, 6.29777, 22.0342
813, 51, 13, 6.27037, 22.0605
814, 51, 13, 6.25693, 22.0921
815, 51, 13, 6.24788, 22.1148
816, 51, 13, 6.2396, 22.1302
817, 51, 12, 6.38138, 22.1537
818, 51, 12, 6.37282, 22.1594
819, 51, 12, 6.36406, 22.1983
820, 51, 12, 6.33855, 22.2314
821, 51, 12, 6.3251, 22.2599
822, 51, 12, 6.31904, 22.2728
823, 51, 12, 6.28177, 22.2831
824, 51, 11, 6.42355, 22.315
825, 51, 11, 6.41451, 22.3323
826, 51, 10, 6.57731, 22.368
827, 51, 10, 6.59279, 22.3817
828, 51, 10, 6.58422, 22.4283
829, 51, 10, 6.55358, 22.4658
830, 52, 10, 6.5462, 22.5002
831, 52, 10, 6.53792, 22.524
832, 52, 10, 6.52109, 22.5352
833, 52, 10, 6.51669, 22.5785
834, 52, 10, 6.51091, 22.5848
835, 52, 10, 6.50263, 22.5911
836, 53, 10, 6.49525, 22.6032
837, 53, 10, 6.49017, 22.6293
838, 53, 10, 6.48161, 22.6356
839, 53, 10, 6.47305, 22.6417
840, 53, 10, 6.46726, 22.6766
841, 53, 10, 6.46705, 22.7037
842, 53, 10, 6.46265, 22.7329
843, 53, 10, 6.44582, 22.739
844, 53, 10, 6.43844, 22.7546
845, 53, 10, 6.43106, 22.7937
846, 53, 10, 6.425, 22.81
847, 53, 10, 6.40816, 22.816
848, 53, 10, 6.40152, 22.8493
849, 53, 10, 6.39712, 22.8551
850, 53, 10, 6.40404, 22.9074
851, 53, 10, 6.39633, 22.9793
852, 53, 10, 6.38895, 22.997
853, 53, 10, 6.36344, 23.0301
854, 53, 10, 6.35737, 23.0748
855, 53, 10, 6.35131, 23.0993
856, 53, 10, 6.31502, 23.1102
857, 53, 10, 6.31063, 23.1675
858, 53, 10, 6.30158, 23.1849
859, 53, 9, 6.44635, 23.2035
860, 54, 9, 6.43778, 23.2583
861, 54, 9, 6.41357, 23.275
862, 54, 9, 6.40586, 23.2953
863, 54, 9, 6.39504, 23.3149
864, 54, 9, 6.38733, 23.3866
865, 54, 9, 6.38294, 23.4182
866, 54, 9, 6.37289, 23.4292
867, 54, 9, 6.36283, 23.4872
868, 54, 9, 6.36071, 23.5273
869, 54, 9, 6.35465, 23.5457
870, 54, 9, 6.33333, 23.5673
871, 54, 9, 6.33021, 23.5748
872, 54, 9, 6.32165, 23.5942
873, 54, 9, 6.31309, 23.6053
874, 54, 9, 6.30571, 23.6411
875, 54, 9, 6.29833, 23.6894
876, 54, 9, 6.28149, 23.7566
877, 55, 9, 6.27411, 23.7998
878, 55, 9, 6.24422, 23.8507
879, 55, 9, 6.23566, 23.8648
880, 55, 9, 6.22796, 23.891
881, 55, 9, 6.21451, 23.9035
882, 56, 9, 6.20809, 23.9521
883, 56, 9, 6.20369, 23.9584
884, 56, 9, 6.1993, 23.9729
885, 56, 9, 6.18848, 23.9923
886, 56, 9, 6.18636, 24.0306
887, 56, 9, 6.18197, 24.069
888, 56, 9, 6.18063, 24.0869
889, 56, 9, 6.17457, 24.1075
890, 56, 9, 6.1547, 24.1403
891, 56, 9, 6.12418, 24.1858
892, 56, 9, 6.12206, 24.2008
893, 56, 9, 6.11436, 24.2693
894, 56, 9, 6.09789, 24.3015
895, 56, 9, 6.08933, 24.3542
896, 56, 9, 6.08721, 24.3652
897, 56, 9, 6.08282, 24.3713
898, 56, 9, 6.072, 24.3821
899, 56, 9, 6.06888, 24.4114
900, 56, 9, 6.06224, 24.4266
901, 56, 9, 6.06012, 24.4327
902, 56, 9, 6.04258, 24.4623
903, 56, 9, 6.02914, 24.4837
904, 56, 9, 6.00492, 24.5309
905, 56, 9, 5.99828, 24.5475
906, 56, 9, 5.98972, 24.5627
907, 56, 9, 5.98116, 24.628
908, 56, 9, 5.96469, 24.634
909, 56, 9, 5.95731, 24.6618
910, 56, 9, 5.95153, 24.6757
911, 56, 9, 5.94415, 24.7016
912, 56, 9, 5.93677, 24.727
913, 56, 9, 5.92301, 24.7785
914, 56, 9, 5.91861, 24.7938
915, 57, 9, 5.91219, 24.8012
916, 57, 9, 5.89232, 24.8703
917, 57, 9, 5.88921, 24.9092
918, 57, 9, 5.88849, 24.9464
919, 57, 9, 5.88206, 24.9809
920, 57, 9, 5.87698, 24.9869
921, 57, 9, 5.87056, 25.0251
922, 57, 9, 5.86413, 25.0544
923, 57, 9, 5.85331, 25.0643
924, 57, 9, 5.8502, 25.0959
925, 57, 9, 5.83675, 25.1387
926, 57, 9, 5.83364, 25.189
927, 57, 9, 5.81231, 25.2205
928, 58, 9, 5.80493, 25.2536
929, 58, 9, 5.79411, 25.2736
930, 58, 9, 5.78555, 25.2964
931, 58, 9, 5.77699, 25.3367
932, 58, 9, 5.76323, 25.3519
933, 58, 9, 5.75659, 25.3682
934, 58, 9, 5.74921, 25.4056
935, 58, 9, 5.74183, 25.4892
936, 58, 9, 5.73412, 25.499
937, 58, 9, 5.72806, 25.5536
938, 58, 9, 5.72367, 25.5663
939, 58, 9, 5.71724, 25.588
940, 58, 9, 5.71081, 25.6146
941, 58, 9, 5.74543, 25.6391
942, 58, 9, 5.73963, 25.6871
943, 58, 9, 5.73225, 25.6933
944, 58, 9, 5.72349, 25.7329
945, 58, 9, 5.71685, 25.7521
946, 58, 9, 5.70973, 25.7908
947, 58, 9, 5.70097, 25.8213
948, 58, 9, 5.69433, 25.8435
949, 58, 9, 5.67286, 25.8651
950, 58, 9, 5.67152, 25.8708
951, 58, 9, 5.66414, 25.8843
952, 58, 9, 5.65538, 25.9993
953, 58, 9, 5.64456, 26.0278
954, 58, 9, 5.64145, 26.0581
955, 58, 9, 5.63695, 26.1181
956, 58, 9, 5.63255, 26.1242
957, 59, 9, 5.62613, 26.152
958, 59, 9, 5.61269, 26.199
959, 59, 9, 5.6069, 26.2629
960, 59, 9, 5.60001, 26.3011
961, 59, 9, 5.58919, 26.3069
962, 59, 9, 5.58707, 26.3283
963, 59, 9, 5.57023, 26.3991
964, 59, 9, 5.56584, 26.4161
965, 59, 9, 5.55941, 26.4728
966, 59, 9, 5.55362, 26.5117
967, 60, 9, 5.54719, 26.5688
968, 60, 9, 5.52897, 26.5819
969, 60, 9, 5.52826, 26.6114
970, 60, 9, 5.52692, 26.6476
971, 60, 9, 5.52381, 26.6649
972, 60, 9, 5.51802, 26.6709
973, 60, 9, 5.50644, 26.7389
974, 60, 9, 5.50002, 26.7511
975, 60, 9, 5.4929, 26.7977
976, 60, 9, 5.48414, 26.8038
977, 60, 9, 5.48102, 26.8321
978, 60, 9, 5.48121, 26.8729
979, 60, 9, 5.47909, 26.9065
980, 61, 9, 5.47344, 26.9533
981, 61, 9, 5.46262, 27.0064
982, 61, 9, 5.46129, 27.0234
983, 61, 9, 5.45917, 27.0415
984, 61, 9, 5.43324, 27.0559
985, 61, 9, 5.4198, 27.083
986, 62, 9, 5.41415, 27.1203
987, 62, 9, 5.40703, 27.1265
988, 62, 9, 5.4006, 27.1327
989, 62, 9, 5.39418, 27.1447
990, 62, 9, 5.38839, 27.1794
991, 62, 9, 5.38528, 27.1946
992, 62, 9, 5.37816, 27.2141
993, 62, 9, 5.3694, 27.2297
994, 62, 9, 5.36629, 27.2516
995, 62, 9, 5.3605, 27.2838
996, 62, 9, 5.40646, 27.2896
997, 62, 9, 5.40512, 27.3248
998, 62, 9, 5.40041, 27.3772
999, 62, 9, 5.39569, 27.3959
