Seed is: 21
Number of samples is: 1000
Simulation name is: Simulation_4TV.sim
TimeStep, Distraction Rate, Missed States, Model Accuracy, Time (ms)
0, 0, 112, 0, 4e-05
1, 0, 111, 0.763197, 0.045266
2, 0, 110, 1.7632, 0.070594
3, 0, 110, 1.34816, 0.078429
4, 0, 110, 1.17823, 0.125469
5, 0, 109, 1.94143, 0.146569
6, 0, 109, 1.5679, 0.167148
7, 0, 109, 1.19436, 0.232493
8, 0, 109, 1.04143, 0.268381
9, 0, 109, 0.888499, 0.326301
10, 0, 108, 1.6517, 0.354375
11, 0, 107, 2.41489, 0.36243
12, 0, 107, 2.04136, 0.380124
13, 0, 107, 1.66783, 0.409991
14, 0, 107, 1.51489, 0.470867
15, 0, 107, 1.36196, 0.500704
16, 0, 106, 2.12516, 0.507787
17, 0, 105, 2.88836, 0.516013
18, 0, 104, 3.88836, 0.529969
19, 0, 104, 3.47332, 0.541712
20, 0, 104, 3.30339, 0.601195
21, 0, 103, 4.06659, 0.612026
22, 0, 103, 3.69306, 0.638446
23, 0, 103, 3.31952, 0.669936
24, 0, 102, 3.56086, 0.689323
25, 0, 102, 3.35633, 0.721424
26, 0, 102, 3.20339, 0.735922
27, 0, 101, 3.96659, 0.758775
28, 0, 100, 4.72979, 0.778292
29, 0, 100, 4.35625, 0.785436
30, 0, 100, 3.98272, 0.822316
31, 0, 100, 3.82979, 0.90315
32, 0, 100, 3.67686, 0.945881
33, 1, 99, 4.67686, 0.957814
34, 2, 99, 4.26182, 0.972312
35, 3, 99, 4.09189, 0.991448
36, 3, 98, 4.85509, 1.00557
37, 3, 98, 4.48156, 1.04884
38, 3, 98, 4.10802, 1.12698
39, 3, 98, 3.95509, 1.17864
40, 3, 98, 3.80216, 1.21646
41, 3, 97, 4.56535, 1.27481
42, 3, 96, 5.32855, 1.28278
43, 4, 95, 6.32855, 1.38714
44, 5, 95, 5.91351, 1.395
45, 6, 95, 5.74359, 1.403
46, 6, 94, 6.50679, 1.45922
47, 6, 94, 6.13325, 1.49135
48, 6, 94, 5.75972, 1.55925
49, 6, 94, 5.60679, 1.63563
50, 6, 94, 5.45385, 1.6493
51, 6, 93, 6.21705, 1.68521
52, 6, 92, 6.98025, 1.7359
53, 6, 92, 6.60671, 1.76313
54, 6, 92, 6.23318, 1.80773
55, 6, 92, 6.08025, 1.81463
56, 6, 92, 5.92732, 1.82192
57, 6, 91, 6.69051, 1.82905
58, 6, 90, 7.04328, 1.88605
59, 6, 90, 6.55832, 1.92758
60, 6, 90, 6.18479, 1.93566
61, 6, 90, 5.98025, 1.96377
62, 6, 90, 5.82732, 2.00268
63, 6, 90, 5.74352, 2.03692
64, 6, 89, 6.50671, 2.05308
65, 6, 88, 7.50671, 2.06072
66, 6, 88, 7.09168, 2.08578
67, 6, 88, 6.92175, 2.09264
68, 6, 87, 7.68495, 2.10284
69, 6, 87, 7.31142, 2.17938
70, 6, 87, 6.93788, 2.20791
71, 6, 87, 6.78495, 2.22027
72, 6, 87, 6.63202, 2.22805
73, 6, 86, 7.39521, 2.27857
74, 6, 85, 8.15841, 2.32587
75, 6, 85, 7.78488, 2.34522
76, 6, 85, 7.41134, 2.36371
77, 6, 85, 7.25841, 2.37543
78, 6, 85, 7.10548, 2.38263
79, 6, 85, 7.02168, 2.4178
80, 6, 85, 6.92857, 2.46511
81, 6, 85, 6.83546, 2.51296
82, 6, 85, 6.75166, 2.53194
83, 7, 85, 6.65855, 2.57591
84, 7, 85, 6.57476, 2.62902
85, 7, 84, 6.34256, 2.65557
86, 7, 83, 7.69072, 2.70042
87, 7, 82, 8.45392, 2.72074
88, 7, 81, 9.45392, 2.72823
89, 7, 81, 9.03888, 2.84911
90, 7, 81, 8.86896, 2.93684
91, 7, 80, 9.63215, 2.97195
92, 7, 79, 10.3954, 3.05858
93, 7, 78, 11.1585, 3.09226
94, 7, 78, 10.785, 3.10099
95, 7, 78, 10.4115, 3.12821
96, 7, 78, 10.2585, 3.14587
97, 7, 78, 10.1056, 3.15813
98, 7, 77, 10.8688, 3.22229
99, 7, 77, 10.4953, 3.26363
100, 7, 77, 10.1217, 3.27119
101, 7, 77, 9.96881, 3.34613
102, 7, 77, 9.81588, 3.39686
103, 7, 77, 9.33092, 3.41559
104, 7, 77, 8.95738, 3.45079
105, 7, 77, 8.75285, 3.47468
106, 7, 76, 9.75285, 3.49365
107, 7, 76, 9.33781, 3.50775
108, 7, 76, 9.16788, 3.59233
109, 7, 75, 10.1679, 3.6164
110, 7, 75, 9.75285, 3.6316
111, 7, 75, 9.58292, 3.65102
112, 7, 74, 10.3461, 3.6873
113, 8, 73, 11.3461, 3.75496
114, 9, 73, 10.9311, 3.80632
115, 10, 73, 10.7612, 3.84488
116, 10, 72, 11.5244, 4.12857
117, 10, 72, 11.1508, 4.18576
118, 10, 72, 10.7773, 4.2
119, 10, 72, 10.6244, 4.22617
120, 10, 72, 10.4714, 4.27029
121, 10, 72, 10.3876, 4.3142
122, 10, 71, 11.1508, 4.33056
123, 10, 70, 11.914, 4.36789
124, 10, 69, 12.6772, 4.39995
125, 10, 69, 12.3037, 4.40936
126, 10, 69, 11.9301, 4.51167
127, 10, 69, 11.7772, 4.51937
128, 10, 69, 11.6243, 4.54917
129, 10, 68, 12.6243, 4.57395
130, 10, 68, 12.2092, 4.58519
131, 10, 68, 12.0393, 4.6141
132, 10, 67, 12.8025, 4.64303
133, 10, 67, 12.429, 4.69533
134, 10, 67, 12.0554, 4.71237
135, 10, 67, 11.9025, 4.76047
136, 10, 67, 11.7496, 4.78669
137, 11, 67, 11.6565, 4.80689
138, 11, 67, 11.5727, 4.81517
139, 11, 66, 12.3359, 4.86446
140, 11, 65, 13.0991, 4.8834
141, 11, 64, 13.8623, 4.92145
142, 11, 63, 14.6255, 4.94324
143, 11, 62, 15.6255, 4.98111
144, 11, 62, 15.2104, 5.00227
145, 11, 62, 15.0405, 5.02736
146, 11, 61, 15.8037, 5.06204
147, 11, 61, 15.4302, 5.07046
148, 11, 61, 15.0566, 5.09946
149, 11, 61, 14.9037, 5.1069
150, 11, 61, 14.7508, 5.11417
151, 11, 60, 15.514, 5.13242
152, 11, 60, 15.1404, 5.17025
153, 11, 60, 14.7669, 5.18499
154, 11, 60, 14.614, 5.24598
155, 11, 60, 14.461, 5.25478
156, 11, 59, 15.2242, 5.27838
157, 11, 59, 14.8507, 5.32044
158, 11, 59, 14.4772, 5.33637
159, 11, 59, 14.3242, 5.42739
160, 11, 59, 14.1713, 5.44573
161, 11, 58, 15.1713, 5.46671
162, 11, 58, 14.7563, 5.49235
163, 11, 58, 14.5863, 5.54677
164, 11, 57, 15.3495, 5.56107
165, 11, 57, 14.976, 5.61769
166, 11, 57, 14.6025, 5.68527
167, 11, 57, 14.4495, 5.73233
168, 11, 57, 14.2966, 5.74755
169, 11, 56, 14.4863, 5.76579
170, 11, 56, 14.4025, 5.79606
171, 11, 55, 15.4025, 5.81824
172, 11, 55, 14.9875, 5.84341
173, 11, 55, 14.8176, 5.88345
174, 11, 55, 14.7338, 5.89198
175, 11, 54, 15.497, 5.95141
176, 11, 53, 16.2602, 5.96881
177, 11, 52, 17.0234, 6.0245
178, 11, 52, 16.6498, 6.04209
179, 11, 52, 16.2763, 6.1225
180, 11, 52, 16.1234, 6.13052
181, 11, 52, 15.9704, 6.21429
182, 11, 51, 16.7336, 6.27083
183, 11, 51, 16.3601, 6.29751
184, 11, 51, 15.9866, 6.33183
185, 11, 51, 15.8336, 6.35049
186, 11, 51, 15.6807, 6.36862
187, 12, 50, 16.6807, 6.39928
188, 13, 50, 16.2657, 6.41792
189, 14, 50, 16.0957, 6.45604
190, 15, 50, 16.0026, 6.49916
191, 15, 50, 15.9188, 6.52409
192, 15, 49, 16.682, 6.53304
193, 15, 48, 17.4452, 6.55011
194, 15, 48, 17.0717, 6.5848
195, 15, 48, 16.6982, 6.61038
196, 15, 47, 16.9395, 6.62399
197, 15, 47, 16.735, 6.66571
198, 15, 47, 16.582, 6.69857
199, 15, 46, 17.582, 6.70709
200, 15, 46, 17.167, 6.7149
201, 15, 46, 16.9971, 6.7697
202, 15, 46, 16.9133, 6.7877
203, 15, 45, 17.6765, 6.7957
204, 15, 44, 18.4397, 6.82892
205, 15, 44, 18.0661, 6.8441
206, 15, 44, 17.6926, 6.882
207, 15, 44, 17.5397, 6.89015
208, 15, 44, 17.3867, 6.92473
209, 15, 43, 18.3867, 6.9451
210, 15, 43, 17.9717, 6.97035
211, 15, 43, 17.8018, 6.99058
212, 15, 43, 17.718, 7.03225
213, 16, 43, 17.6249, 7.13837
214, 16, 43, 17.5411, 7.19611
215, 16, 43, 17.4573, 7.21742
216, 16, 43, 17.3735, 7.26531
217, 16, 43, 17.2804, 7.29348
218, 16, 43, 17.1872, 7.35355
219, 16, 43, 17.1034, 7.37106
220, 16, 43, 16.9929, 7.38979
221, 16, 43, 16.9091, 7.46354
222, 16, 43, 16.8253, 7.48971
223, 16, 43, 16.7415, 7.50636
224, 16, 43, 16.6577, 7.52627
225, 16, 43, 16.574, 7.58962
226, 16, 43, 16.4902, 7.62543
227, 16, 43, 16.4064, 7.71013
228, 16, 43, 16.3226, 7.72929
229, 16, 43, 16.2388, 7.73818
230, 16, 43, 16.1456, 7.76309
231, 16, 43, 16.0618, 7.78884
232, 16, 43, 15.9781, 7.80207
233, 16, 43, 15.8943, 7.81925
234, 16, 43, 15.8011, 7.83297
235, 16, 43, 15.7481, 7.84168
236, 16, 43, 15.655, 7.8971
237, 16, 43, 15.5619, 7.94514
238, 16, 43, 15.5089, 7.96295
239, 16, 43, 15.4251, 8.01283
240, 16, 43, 15.3413, 8.04442
241, 16, 43, 15.2575, 8.07273
242, 16, 43, 15.2045, 8.09268
243, 16, 43, 15.094, 8.12849
244, 16, 43, 15.0102, 8.15
245, 16, 43, 14.9572, 8.18056
246, 16, 43, 14.9042, 8.23445
247, 16, 43, 14.8512, 8.24326
248, 17, 43, 14.7923, 8.29552
249, 17, 43, 14.7085, 8.33854
250, 17, 43, 14.6247, 8.40858
251, 17, 43, 14.5717, 8.43961
252, 17, 43, 14.4879, 8.46377
253, 17, 43, 14.4041, 8.51261
254, 17, 43, 14.2936, 8.52087
255, 17, 43, 14.2098, 8.53968
256, 17, 43, 14.1167, 8.58308
257, 17, 43, 14.0329, 8.59281
258, 17, 43, 13.9224, 8.60128
259, 17, 43, 13.8694, 8.64667
260, 17, 43, 13.8164, 8.6798
261, 17, 43, 13.7326, 8.71079
262, 17, 43, 13.6488, 8.73804
263, 17, 43, 13.5958, 8.76288
264, 17, 43, 13.5428, 8.78774
265, 17, 43, 13.4898, 8.85457
266, 17, 43, 13.4368, 8.89654
267, 17, 43, 13.353, 8.92491
268, 17, 43, 13.3, 8.95789
269, 17, 43, 13.247, 8.99844
270, 17, 43, 13.1539, 9.02448
271, 17, 43, 13.0701, 9.06653
272, 18, 43, 13.0112, 9.12544
273, 18, 43, 12.9746, 9.17806
274, 18, 43, 13.1376, 9.21599
275, 18, 43, 13.0787, 9.24351
276, 18, 43, 12.9276, 9.25866
277, 18, 43, 12.7747, 9.28659
278, 18, 43, 12.6776, 9.31691
279, 18, 43, 12.5845, 9.33509
280, 18, 43, 12.4914, 9.34374
281, 18, 42, 12.6544, 9.42007
282, 18, 42, 12.5955, 9.4441
283, 18, 42, 12.5366, 9.52499
284, 18, 42, 12.659, 9.55729
285, 18, 42, 12.5752, 9.56612
286, 18, 42, 12.5084, 9.63794
287, 18, 42, 12.4678, 9.66249
288, 18, 42, 12.4271, 9.67124
289, 18, 42, 12.3741, 9.72876
290, 18, 42, 12.3211, 9.8204
291, 18, 42, 12.2538, 9.84784
292, 18, 42, 12.1949, 9.88995
293, 18, 42, 12.136, 9.90157
294, 18, 42, 12.083, 9.93966
295, 18, 42, 12.0241, 9.98256
296, 18, 42, 11.9711, 10.013
297, 18, 42, 11.9181, 10.0449
298, 18, 42, 11.8651, 10.0976
299, 18, 42, 11.8121, 10.1163
300, 18, 42, 11.759, 10.1566
301, 19, 42, 11.7002, 10.1874
302, 19, 42, 11.6164, 10.225
303, 19, 42, 11.5193, 10.251
304, 19, 42, 11.4663, 10.2818
305, 19, 42, 11.4133, 10.3758
306, 19, 42, 11.3603, 10.3848
307, 19, 42, 11.3014, 10.4008
308, 19, 42, 11.2648, 10.445
309, 19, 42, 11.2059, 10.467
310, 19, 42, 11.147, 10.4999
311, 19, 42, 11.1104, 10.5716
312, 20, 42, 11.0515, 10.6487
313, 20, 42, 10.9985, 10.6771
314, 20, 41, 11.1616, 10.7604
315, 20, 41, 11.1085, 10.7695
316, 20, 41, 11.072, 10.8128
317, 20, 41, 11.0046, 10.8794
318, 20, 41, 10.9516, 10.9145
319, 20, 41, 10.915, 10.952
320, 20, 41, 10.8883, 10.99
321, 20, 41, 10.8476, 10.9993
322, 20, 41, 10.8111, 11.025
323, 21, 41, 10.7704, 11.0435
324, 21, 41, 10.7174, 11.0532
325, 21, 41, 10.6501, 11.0865
326, 21, 41, 10.5971, 11.0952
327, 21, 41, 10.5441, 11.1136
328, 22, 41, 10.5034, 11.1282
329, 22, 41, 10.4504, 11.1645
330, 22, 41, 10.3974, 11.2502
331, 22, 41, 10.3301, 11.2592
332, 22, 41, 10.2935, 11.2927
333, 22, 40, 10.4422, 11.3107
334, 22, 40, 10.4056, 11.3281
335, 23, 40, 10.365, 11.3554
336, 23, 40, 10.3284, 11.4531
337, 23, 40, 10.2754, 11.4949
338, 23, 40, 10.2388, 11.5458
339, 23, 40, 10.2022, 11.5797
340, 23, 40, 10.1656, 11.6134
341, 23, 40, 10.125, 11.6703
342, 23, 40, 10.0982, 11.7071
343, 23, 40, 10.0715, 11.8029
344, 23, 40, 10.0447, 11.8456
345, 23, 40, 9.98579, 11.9115
346, 23, 39, 10.1345, 11.9344
347, 23, 39, 10.0904, 11.9575
348, 23, 39, 10.0374, 11.9805
349, 23, 39, 9.98439, 12.0286
350, 23, 39, 9.94782, 12.1386
351, 23, 39, 9.91124, 12.2036
352, 23, 39, 9.86715, 12.2262
353, 23, 39, 9.82651, 12.28
354, 23, 39, 9.78587, 12.3204
355, 23, 39, 9.74929, 12.362
356, 23, 39, 9.69629, 12.3933
357, 23, 39, 9.64328, 12.4186
358, 23, 39, 9.58439, 12.4424
359, 23, 39, 9.52549, 12.4999
360, 23, 39, 9.47249, 12.5202
361, 23, 39, 9.43185, 12.5399
362, 23, 39, 9.40162, 12.6395
363, 23, 39, 9.36504, 12.6827
364, 23, 39, 9.2977, 12.7621
365, 23, 39, 9.26112, 12.7852
366, 23, 38, 9.40982, 12.8196
367, 23, 38, 9.36573, 12.8288
368, 23, 37, 9.51443, 12.8375
369, 23, 37, 9.47379, 12.8711
370, 23, 37, 9.43314, 12.9127
371, 23, 37, 9.38906, 12.9657
372, 24, 37, 9.34842, 13.0154
373, 24, 37, 9.31184, 13.062
374, 24, 37, 9.27526, 13.0806
375, 24, 37, 9.23868, 13.1098
376, 24, 37, 9.30861, 13.1228
377, 24, 37, 9.27203, 13.1416
378, 24, 37, 9.2418, 13.1555
379, 24, 37, 9.21205, 13.1768
380, 24, 37, 9.18231, 13.2107
381, 24, 37, 9.13416, 13.2382
382, 25, 37, 9.10441, 13.284
383, 25, 37, 9.06783, 13.3105
384, 25, 37, 9.02719, 13.3187
385, 25, 36, 9.17589, 13.3404
386, 25, 36, 9.13931, 13.3496
387, 25, 35, 9.288, 13.3702
388, 25, 35, 9.25143, 13.4126
389, 25, 35, 9.20734, 13.4557
390, 25, 35, 9.16325, 13.4711
391, 25, 35, 9.12668, 13.4804
392, 25, 34, 9.26786, 13.4891
393, 25, 34, 9.22378, 13.5372
394, 25, 34, 9.19701, 13.5458
395, 25, 34, 9.17023, 13.5572
396, 25, 34, 9.14346, 13.6257
397, 25, 33, 9.28465, 13.6742
398, 25, 33, 9.25442, 13.7121
399, 26, 33, 9.22467, 13.7289
400, 26, 33, 9.18809, 13.7602
401, 26, 33, 9.15787, 13.8071
402, 26, 33, 9.13109, 13.8251
403, 26, 33, 9.10432, 13.8416
404, 26, 33, 9.07755, 13.8624
405, 26, 33, 9.04097, 13.9194
406, 26, 32, 9.1787, 13.9451
407, 26, 32, 9.14213, 13.977
408, 26, 32, 9.11535, 14.0239
409, 26, 32, 9.08858, 14.0549
410, 26, 32, 9.06181, 14.0832
411, 26, 32, 9.01772, 14.1072
412, 26, 32, 8.97364, 14.1161
413, 26, 32, 8.94686, 14.1248
414, 26, 32, 8.92549, 14.1427
415, 26, 32, 8.89871, 14.1906
416, 26, 32, 8.86848, 14.2195
417, 26, 32, 8.83874, 14.2536
418, 26, 32, 8.79465, 14.2828
419, 26, 32, 8.76788, 14.2911
420, 26, 31, 8.90561, 14.307
421, 26, 31, 8.88289, 14.3313
422, 26, 31, 8.85266, 14.3575
423, 27, 31, 8.82994, 14.4482
424, 27, 31, 8.80317, 14.4784
425, 27, 31, 8.76729, 14.499
426, 27, 31, 8.74685, 14.5263
427, 27, 31, 8.7264, 14.5355
428, 27, 31, 8.69962, 14.5505
429, 27, 31, 8.67918, 14.5917
430, 27, 31, 8.63853, 14.6064
431, 27, 31, 8.59789, 14.6951
432, 27, 31, 8.56131, 14.7607
433, 27, 31, 8.53157, 14.7878
434, 27, 31, 8.51544, 14.8066
435, 27, 31, 8.49499, 14.8371
436, 28, 31, 8.46524, 14.8537
437, 28, 31, 8.42866, 14.9188
438, 28, 31, 8.39892, 14.9479
439, 28, 31, 8.36917, 14.9721
440, 28, 31, 8.35304, 15.0029
441, 28, 31, 8.33166, 15.0289
442, 28, 31, 8.30192, 15.0379
443, 28, 31, 8.25783, 15.1262
444, 28, 31, 8.23106, 15.145
445, 28, 31, 8.20428, 15.2039
446, 29, 31, 8.18156, 15.2328
447, 29, 31, 8.15479, 15.2812
448, 29, 31, 8.12802, 15.3187
449, 29, 31, 8.09144, 15.3882
450, 30, 31, 8.06169, 15.4084
451, 30, 31, 8.00869, 15.4608
452, 30, 31, 7.94188, 15.4934
453, 30, 31, 7.91511, 15.5186
454, 30, 31, 7.87853, 15.5341
455, 30, 31, 7.84196, 15.5668
456, 30, 31, 7.81518, 15.5832
457, 30, 31, 7.79473, 15.6027
458, 30, 31, 7.76451, 15.6658
459, 30, 31, 7.74313, 15.7186
460, 30, 31, 7.72268, 15.7307
461, 30, 31, 7.69591, 15.7431
462, 30, 31, 7.66568, 15.7571
463, 30, 31, 7.63891, 15.7668
464, 31, 31, 7.61619, 15.8107
465, 31, 31, 7.60006, 15.876
466, 31, 31, 7.55191, 15.9006
467, 31, 31, 7.51533, 15.9285
468, 31, 31, 7.48558, 15.94
469, 31, 31, 7.44971, 15.9487
470, 31, 31, 7.41996, 15.977
471, 31, 31, 7.39021, 15.9989
472, 31, 30, 7.5314, 16.0211
473, 31, 30, 7.48325, 16.0518
474, 31, 30, 7.44667, 16.061
475, 31, 30, 7.42395, 16.0798
476, 31, 30, 7.40123, 16.0885
477, 31, 30, 7.36535, 16.1272
478, 32, 30, 7.34263, 16.1474
479, 32, 30, 7.32219, 16.156
480, 32, 30, 7.29541, 16.1851
481, 32, 29, 7.43314, 16.2335
482, 33, 29, 7.41522, 16.244
483, 33, 29, 7.39909, 16.2687
484, 33, 29, 7.36886, 16.2962
485, 33, 29, 7.34842, 16.3099
486, 33, 29, 7.33537, 16.3188
487, 33, 29, 7.31265, 16.3375
488, 33, 29, 7.28993, 16.3585
489, 33, 29, 7.27688, 16.4205
490, 33, 29, 7.26145, 16.4655
491, 33, 29, 7.24007, 16.5211
492, 33, 29, 7.2133, 16.5654
493, 33, 29, 7.19058, 16.602
494, 33, 29, 7.17515, 16.6684
495, 33, 29, 7.1547, 16.6918
496, 33, 29, 7.12447, 16.7157
497, 33, 29, 7.10403, 16.7351
498, 33, 29, 7.0879, 16.7666
499, 33, 29, 7.06112, 16.7748
500, 33, 29, 7.03435, 16.7991
501, 33, 29, 7.0139, 16.816
502, 33, 29, 6.99252, 16.8279
503, 33, 28, 7.13026, 16.8367
504, 33, 28, 7.10888, 16.8458
505, 33, 28, 7.09345, 16.8603
506, 33, 28, 7.07207, 16.9079
507, 33, 28, 7.04233, 16.9177
508, 33, 28, 7.01258, 16.9491
509, 33, 28, 6.99213, 16.9621
510, 33, 28, 6.97168, 16.9752
511, 33, 28, 6.9503, 16.9929
512, 33, 28, 6.92893, 17.0026
513, 34, 28, 6.91101, 17.0237
514, 34, 28, 6.89488, 17.0343
515, 34, 28, 6.87443, 17.0537
516, 34, 28, 6.85398, 17.0727
517, 34, 28, 6.83126, 17.0819
518, 34, 28, 6.80854, 17.0928
519, 34, 28, 6.78809, 17.1239
520, 34, 28, 6.77266, 17.1356
521, 34, 28, 6.75474, 17.1794
522, 34, 28, 6.73682, 17.2112
523, 34, 28, 6.80385, 17.228
524, 34, 28, 6.78772, 17.2399
525, 34, 28, 6.7698, 17.2608
526, 34, 28, 6.75853, 17.2744
527, 34, 28, 6.7424, 17.2835
528, 34, 28, 6.71217, 17.3087
529, 34, 28, 6.69172, 17.3297
530, 34, 28, 6.67035, 17.347
531, 34, 28, 6.65422, 17.3622
532, 34, 28, 6.62399, 17.3928
533, 34, 28, 6.60354, 17.439
534, 34, 28, 6.58309, 17.484
535, 34, 28, 6.57004, 17.5127
536, 34, 28, 6.54732, 17.5249
537, 34, 28, 6.51992, 17.5336
538, 34, 28, 6.49252, 17.5818
539, 34, 28, 6.46575, 17.5942
540, 34, 28, 6.53567, 17.627
541, 34, 28, 6.51775, 17.6458
542, 34, 28, 6.49983, 17.655
543, 34, 28, 6.45168, 17.6746
544, 34, 28, 6.43123, 17.69
545, 34, 28, 6.4151, 17.7142
546, 34, 28, 6.39897, 17.7405
547, 34, 28, 6.38354, 17.7607
548, 34, 28, 6.36082, 17.7987
549, 34, 28, 6.3381, 17.8336
550, 34, 28, 6.31765, 17.8803
551, 34, 28, 6.29088, 17.938
552, 34, 28, 6.27961, 17.9565
553, 35, 28, 6.26169, 17.9981
554, 35, 28, 6.25091, 18.0225
555, 35, 28, 6.23299, 18.0465
556, 35, 28, 6.21994, 18.0629
557, 35, 28, 6.20867, 18.0839
558, 35, 28, 6.19075, 18.1015
559, 35, 28, 6.17282, 18.1107
560, 35, 28, 6.15669, 18.1267
561, 35, 28, 6.13532, 18.1353
562, 35, 28, 6.11919, 18.1534
563, 36, 28, 6.10469, 18.1883
564, 36, 28, 6.08424, 18.2198
565, 36, 28, 6.06881, 18.2336
566, 36, 28, 6.05089, 18.2421
567, 36, 28, 6.03476, 18.2694
568, 36, 28, 6.02648, 18.2834
569, 36, 28, 6.01743, 18.3012
570, 36, 28, 5.99611, 18.3196
571, 36, 28, 6.07512, 18.3561
572, 36, 28, 6.05379, 18.3763
573, 36, 28, 6.04074, 18.3849
574, 36, 28, 6.01802, 18.4198
575, 36, 28, 5.99664, 18.4472
576, 36, 28, 5.98359, 18.4771
577, 36, 28, 5.96816, 18.4934
578, 36, 28, 5.94679, 18.5134
579, 36, 28, 5.92541, 18.5444
580, 36, 28, 5.90496, 18.5966
581, 37, 28, 5.88704, 18.6618
582, 37, 28, 5.86659, 18.6994
583, 37, 28, 5.84614, 18.7297
584, 37, 28, 5.8257, 18.7392
585, 37, 28, 5.81492, 18.7605
586, 37, 28, 5.80414, 18.7869
587, 37, 28, 5.78622, 18.7961
588, 37, 28, 5.7683, 18.8562
589, 37, 28, 5.75753, 18.8893
590, 37, 28, 5.78306, 18.9215
591, 37, 28, 5.76693, 18.9407
592, 37, 28, 5.7508, 18.9859
593, 37, 28, 5.73288, 19.0052
594, 37, 28, 5.71745, 19.0237
595, 37, 28, 5.69607, 19.0408
596, 37, 28, 5.68302, 19.0852
597, 37, 28, 5.66689, 19.0984
598, 37, 28, 5.65076, 19.1288
599, 37, 28, 5.63463, 19.1511
600, 37, 28, 5.62558, 19.1602
601, 37, 27, 5.76736, 19.1692
602, 37, 27, 5.75286, 19.178
603, 37, 27, 5.73836, 19.2059
604, 37, 27, 5.7323, 19.2418
605, 38, 27, 5.7178, 19.2711
606, 38, 27, 5.69648, 19.2902
607, 38, 27, 5.6882, 19.3019
608, 38, 27, 5.67515, 19.3413
609, 38, 27, 5.65972, 19.3503
610, 38, 27, 5.64359, 19.3725
611, 38, 27, 5.69559, 19.3893
612, 38, 27, 5.68432, 19.418
613, 38, 27, 5.66982, 19.4541
614, 38, 27, 5.65532, 19.4624
615, 38, 27, 5.61787, 19.49
616, 38, 27, 5.59742, 19.5276
617, 38, 27, 5.58199, 19.5821
618, 38, 27, 5.56894, 19.5905
619, 38, 27, 5.55281, 19.5995
620, 38, 27, 5.53668, 19.6227
621, 38, 27, 5.60209, 19.6393
622, 38, 27, 5.58904, 19.6486
623, 38, 27, 5.57454, 19.6682
624, 38, 27, 5.53867, 19.6789
625, 38, 27, 5.52562, 19.7044
626, 38, 27, 5.51484, 19.7349
627, 38, 27, 5.49941, 19.775
628, 38, 27, 5.48636, 19.8088
629, 38, 27, 5.47186, 19.8617
630, 38, 27, 5.45573, 19.8759
631, 39, 27, 5.44123, 19.9155
632, 39, 27, 5.42581, 19.9273
633, 39, 27, 5.40968, 19.9806
634, 39, 27, 5.38923, 20.0121
635, 39, 27, 5.37473, 20.0407
636, 39, 27, 5.36023, 20.0859
637, 39, 27, 5.34339, 20.1062
638, 39, 27, 5.33434, 20.1199
639, 39, 27, 5.32307, 20.1519
640, 39, 27, 5.30764, 20.2493
641, 39, 27, 5.29459, 20.278
642, 40, 27, 5.28009, 20.4352
643, 40, 26, 5.4169, 20.5153
644, 41, 26, 5.40492, 20.5498
645, 41, 26, 5.39415, 20.5593
646, 41, 26, 5.3811, 20.5683
647, 41, 26, 5.37504, 20.6285
648, 41, 26, 5.36426, 20.6456
649, 41, 26, 5.35121, 20.703
650, 41, 26, 5.33437, 20.7126
651, 41, 26, 5.30697, 20.7466
652, 42, 26, 5.295, 20.7824
653, 42, 26, 5.28195, 20.8219
654, 42, 26, 5.27755, 20.8518
655, 42, 26, 5.26678, 20.8609
656, 42, 25, 5.40856, 20.8708
657, 42, 25, 5.39778, 20.8905
658, 42, 25, 5.38473, 20.9597
659, 43, 25, 5.37276, 20.9757
660, 43, 25, 5.36149, 20.9932
661, 43, 24, 5.49899, 21.0053
662, 43, 24, 5.48772, 21.0142
663, 43, 24, 5.47645, 21.1071
664, 43, 24, 5.46195, 21.1369
665, 43, 24, 5.45068, 21.1744
666, 43, 24, 5.43763, 21.184
667, 43, 24, 5.40036, 21.2081
668, 43, 24, 5.39131, 21.2298
669, 43, 24, 5.38054, 21.2631
670, 43, 24, 5.36511, 21.3049
671, 43, 24, 5.34968, 21.3628
672, 43, 24, 5.33663, 21.4266
673, 43, 24, 5.32358, 21.476
674, 43, 24, 5.30815, 21.491
675, 43, 24, 5.2951, 21.4999
676, 43, 24, 5.27897, 21.5489
677, 43, 24, 5.23112, 21.603
678, 43, 24, 5.21499, 21.6239
679, 43, 24, 5.20372, 21.6504
680, 43, 24, 5.18922, 21.6863
681, 43, 24, 5.17845, 21.6956
682, 43, 24, 5.17017, 21.7267
683, 43, 24, 5.15567, 21.7417
684, 43, 24, 5.14117, 21.751
685, 43, 24, 5.12812, 21.7685
686, 44, 24, 5.11615, 21.7888
687, 44, 24, 5.10002, 21.8097
688, 44, 24, 5.08875, 21.8397
689, 44, 24, 5.07797, 21.8488
690, 44, 24, 5.08489, 21.8904
691, 44, 24, 5.07661, 21.9246
692, 44, 24, 5.06534, 21.9481
693, 44, 24, 5.05337, 21.9816
694, 44, 24, 5.04139, 22.0237
695, 44, 24, 5.03062, 22.0329
696, 44, 24, 5.01865, 22.0524
697, 44, 24, 5.00787, 22.1014
698, 44, 24, 4.9966, 22.1341
699, 44, 24, 4.98533, 22.2005
700, 44, 24, 4.97405, 22.2547
701, 44, 24, 4.96328, 22.2634
702, 44, 24, 4.955, 22.2815
703, 44, 24, 4.94303, 22.3133
704, 44, 24, 4.93106, 22.3529
705, 44, 24, 4.92028, 22.4051
706, 44, 24, 4.90831, 22.4388
707, 44, 24, 4.90392, 22.4758
708, 44, 24, 4.89487, 22.485
709, 44, 24, 4.88409, 22.5654
710, 45, 24, 4.87404, 22.5954
711, 45, 24, 4.86326, 22.617
712, 45, 24, 4.85021, 22.6608
713, 45, 24, 4.84251, 22.7307
714, 45, 24, 4.83054, 22.7813
715, 45, 24, 4.81856, 22.8288
716, 45, 24, 4.81545, 22.8594
717, 45, 24, 4.8064, 22.8791
718, 45, 24, 4.80034, 22.9285
719, 45, 24, 4.79206, 22.9623
720, 45, 24, 4.77522, 23.035
721, 45, 24, 4.76325, 23.0531
722, 45, 24, 4.75128, 23.062
723, 45, 24, 4.73784, 23.1132
724, 45, 24, 4.72956, 23.1229
725, 45, 24, 4.72128, 23.1444
726, 45, 24, 4.71301, 23.19
727, 45, 23, 4.85479, 23.2119
728, 45, 23, 4.84574, 23.2784
729, 45, 23, 4.90272, 23.3238
730, 45, 23, 4.89666, 23.368
731, 45, 23, 4.88661, 23.4047
732, 45, 23, 4.87655, 23.4615
733, 45, 23, 4.8675, 23.4761
734, 45, 23, 4.85745, 23.5074
735, 45, 23, 4.85434, 23.5443
736, 45, 23, 4.84529, 23.5787
737, 45, 23, 4.83402, 23.6013
738, 45, 23, 4.82574, 23.6346
739, 46, 23, 4.81569, 23.6704
740, 46, 23, 4.80798, 23.6799
741, 46, 23, 4.80027, 23.6889
742, 46, 23, 4.79123, 23.6976
743, 46, 23, 4.77925, 23.7822
744, 46, 23, 4.77098, 23.7908
745, 46, 23, 4.76327, 23.8152
746, 46, 23, 4.7525, 23.8449
747, 46, 23, 4.74479, 23.9289
748, 46, 23, 4.73815, 23.9391
749, 46, 23, 4.72737, 23.9915
750, 46, 23, 4.71732, 24.0497
751, 46, 23, 4.70827, 24.085
752, 47, 23, 4.69822, 24.1245
753, 47, 23, 4.68517, 24.1771
754, 47, 23, 4.64771, 24.234
755, 47, 23, 4.63574, 24.2684
756, 47, 23, 4.62669, 24.2777
757, 47, 23, 4.61899, 24.33
758, 47, 23, 4.61128, 24.4027
759, 47, 23, 4.6182, 24.4241
760, 47, 23, 4.60515, 24.4902
761, 47, 23, 4.61206, 24.5122
762, 47, 23, 4.59862, 24.5409
763, 48, 23, 4.58857, 24.5732
764, 48, 23, 4.57512, 24.6409
765, 48, 23, 4.56435, 24.6691
766, 49, 23, 4.55579, 24.7086
767, 49, 23, 4.54914, 24.7551
768, 49, 22, 4.68665, 24.7649
769, 49, 22, 4.67321, 24.8211
770, 49, 22, 4.66315, 24.8407
771, 49, 22, 4.6531, 24.8507
772, 49, 22, 4.62321, 24.8746
773, 49, 22, 4.61316, 24.8943
774, 49, 22, 4.60652, 24.9386
775, 49, 22, 4.5957, 24.9573
776, 49, 22, 4.58564, 24.9845
777, 49, 22, 4.57559, 24.9996
778, 49, 22, 4.56654, 25.0132
779, 49, 22, 4.55826, 25.0215
780, 49, 22, 4.55056, 25.0411
781, 49, 22, 4.5405, 25.082
782, 49, 22, 4.53444, 25.1075
783, 49, 22, 4.52367, 25.1375
784, 49, 22, 4.49302, 25.1644
785, 50, 22, 4.48446, 25.2181
786, 50, 22, 4.47618, 25.2482
787, 50, 22, 4.46714, 25.2788
788, 50, 22, 4.45886, 25.3112
789, 50, 22, 4.4528, 25.3479
790, 50, 22, 4.44153, 25.3805
791, 50, 22, 4.43075, 25.407
792, 50, 22, 4.42469, 25.4312
793, 50, 22, 4.41641, 25.459
794, 50, 22, 4.41202, 25.4682
795, 50, 22, 4.40596, 25.486
796, 50, 22, 4.39514, 25.5013
797, 50, 22, 4.38436, 25.5438
798, 50, 22, 4.3783, 25.5661
799, 50, 22, 4.36925, 25.5748
800, 50, 21, 4.50853, 25.603
801, 51, 21, 4.49997, 25.6282
802, 51, 21, 4.49333, 25.6598
803, 51, 21, 4.48562, 25.7021
804, 51, 21, 4.47735, 25.7111
805, 51, 21, 4.46653, 25.7565
806, 51, 21, 4.46213, 25.7843
807, 51, 21, 4.46905, 25.8158
808, 51, 21, 4.46134, 25.8622
809, 51, 21, 4.45528, 25.8921
810, 51, 21, 4.43106, 25.9213
811, 51, 21, 4.42024, 25.947
812, 51, 21, 4.41168, 26.0198
813, 51, 21, 4.40312, 26.0285
814, 51, 21, 4.39436, 26.0713
815, 52, 21, 4.38698, 26.0827
816, 52, 21, 4.38119, 26.0987
817, 52, 21, 4.37541, 26.1073
818, 52, 21, 4.36536, 26.1162
819, 52, 21, 4.3553, 26.1274
820, 52, 21, 4.35318, 26.1752
821, 52, 21, 4.33974, 26.1912
822, 52, 21, 4.40515, 26.2317
823, 52, 21, 4.40076, 26.248
824, 52, 21, 4.3922, 26.2809
825, 52, 21, 4.38363, 26.3209
826, 52, 21, 4.37593, 26.3566
827, 52, 21, 4.36737, 26.4348
828, 52, 21, 4.36525, 26.4905
829, 52, 21, 4.35754, 26.4965
830, 52, 21, 4.34849, 26.5111
831, 52, 21, 4.32298, 26.5392
832, 52, 21, 4.31634, 26.5449
833, 52, 21, 4.30863, 26.5512
834, 52, 21, 4.27136, 26.5761
835, 52, 21, 4.26231, 26.5942
836, 52, 21, 4.26098, 26.6449
837, 53, 21, 4.25242, 26.6856
838, 53, 21, 4.24471, 26.6916
839, 53, 21, 4.23643, 26.7105
840, 53, 21, 4.22979, 26.7303
841, 53, 21, 4.22074, 26.7516
842, 53, 21, 4.2141, 26.772
843, 53, 21, 4.20746, 26.7918
844, 53, 21, 4.2014, 26.8067
845, 53, 21, 4.19534, 26.832
846, 53, 21, 4.18927, 26.8716
847, 53, 21, 4.17583, 26.8947
848, 53, 21, 4.17144, 26.9129
849, 54, 21, 4.16406, 26.9527
850, 54, 21, 4.15827, 26.975
851, 54, 21, 4.15249, 26.9991
852, 54, 21, 4.14938, 27.0182
853, 54, 21, 4.14498, 27.054
854, 54, 21, 4.13892, 27.0773
855, 54, 21, 4.13846, 27.1073
856, 54, 21, 4.13181, 27.1608
857, 54, 21, 4.12575, 27.1809
858, 54, 21, 4.11719, 27.2224
859, 54, 21, 4.10948, 27.2429
860, 54, 21, 4.10072, 27.2671
861, 54, 20, 4.25233, 27.2936
862, 54, 20, 4.24357, 27.3366
863, 54, 20, 4.23501, 27.3629
864, 54, 20, 4.22644, 27.3882
865, 54, 20, 4.2198, 27.4111
866, 54, 20, 4.21374, 27.4586
867, 54, 20, 4.20469, 27.4756
868, 55, 20, 4.19731, 27.4966
869, 55, 20, 4.18826, 27.5224
870, 55, 20, 4.17744, 27.5568
871, 55, 20, 4.17006, 27.6199
872, 55, 20, 4.16695, 27.6457
873, 55, 20, 4.16256, 27.6732
874, 55, 20, 4.15816, 27.7176
875, 55, 20, 4.15078, 27.7478
876, 55, 20, 4.1434, 27.7784
877, 55, 20, 4.1357, 27.818
878, 55, 20, 4.13358, 27.8343
879, 55, 20, 4.12502, 27.8611
880, 55, 20, 4.11674, 27.925
881, 55, 20, 4.11235, 27.9619
882, 55, 20, 4.10656, 28.0009
883, 55, 20, 4.09944, 28.0163
884, 55, 20, 4.09366, 28.0468
885, 55, 20, 4.08702, 28.0528
886, 55, 20, 4.0799, 28.0691
887, 55, 20, 4.07856, 28.1
888, 55, 20, 4.0698, 28.1567
889, 55, 20, 4.04993, 28.1628
890, 55, 20, 4.04255, 28.1966
891, 55, 20, 4.04947, 28.2382
892, 55, 20, 4.04439, 28.2439
893, 56, 20, 4.03796, 28.2539
894, 56, 20, 4.03025, 28.3011
895, 56, 20, 4.02586, 28.3164
896, 56, 20, 4.02275, 28.3843
897, 56, 20, 4.01835, 28.4184
898, 56, 19, 4.16643, 28.4302
899, 56, 19, 4.16135, 28.461
900, 56, 19, 4.15556, 28.5005
901, 56, 19, 4.147, 28.5174
902, 56, 19, 4.14192, 28.5235
903, 56, 19, 4.13287, 28.578
904, 56, 19, 4.12549, 28.5843
905, 56, 19, 4.12099, 28.6074
906, 56, 19, 4.11243, 28.6249
907, 56, 19, 4.10387, 28.6834
908, 56, 19, 4.10315, 28.7038
909, 56, 19, 4.09233, 28.7276
910, 56, 19, 4.06169, 28.782
911, 57, 19, 4.05431, 28.836
912, 57, 19, 4.04853, 28.859
913, 57, 19, 4.04413, 28.9127
914, 57, 19, 4.03835, 28.9543
915, 57, 19, 4.03064, 28.9743
916, 57, 19, 4.02326, 29.0225
917, 57, 19, 4.01588, 29.0521
918, 57, 19, 4.00924, 29.0844
919, 57, 19, 4.00791, 29.1207
920, 57, 19, 3.99709, 29.1454
921, 57, 19, 3.98833, 29.1768
922, 57, 19, 3.9819, 29.2098
923, 57, 19, 3.97879, 29.2432
924, 57, 19, 3.97214, 29.2591
925, 57, 19, 3.97143, 29.2805
926, 57, 19, 3.96431, 29.3268
927, 57, 19, 3.95693, 29.3323
928, 57, 19, 3.94955, 29.3379
929, 57, 19, 3.94243, 29.3439
930, 57, 19, 3.93804, 29.4054
931, 57, 19, 3.92157, 29.4244
932, 57, 19, 3.91514, 29.44
933, 57, 19, 3.90935, 29.4644
934, 57, 19, 3.90292, 29.5016
935, 57, 19, 3.8965, 29.5362
936, 57, 19, 3.8907, 29.5422
937, 57, 19, 3.88562, 29.5636
938, 57, 19, 3.87898, 29.5694
939, 57, 19, 3.87586, 29.5754
940, 57, 19, 3.86242, 29.5991
941, 57, 18, 4.01769, 29.6315
942, 57, 18, 4.00998, 29.6833
943, 57, 18, 4.00228, 29.7533
944, 57, 18, 3.9949, 29.7833
945, 57, 18, 3.98752, 29.8012
946, 57, 18, 3.9873, 29.8069
947, 57, 18, 3.97854, 29.8131
948, 57, 18, 3.97543, 29.8343
949, 57, 18, 4.0257, 29.8748
950, 57, 18, 4.01991, 29.8978
951, 57, 18, 4.01253, 29.9624
952, 57, 18, 3.98702, 30.0054
953, 58, 18, 3.98059, 30.0228
954, 58, 18, 3.97551, 30.0418
955, 58, 18, 3.97339, 30.0488
956, 58, 18, 3.96675, 30.0636
957, 59, 18, 3.96032, 30.1219
958, 59, 18, 3.95582, 30.1722
959, 59, 18, 3.95181, 30.2009
960, 59, 18, 3.9441, 30.24
961, 59, 18, 3.93971, 30.2744
962, 59, 18, 3.93307, 30.3325
963, 59, 18, 3.92643, 30.3583
964, 59, 18, 3.92, 30.3639
965, 59, 18, 3.91357, 30.3696
966, 59, 18, 3.91376, 30.3804
967, 59, 18, 3.90664, 30.4337
968, 59, 18, 3.90022, 30.5146
969, 59, 18, 3.8981, 30.5612
970, 59, 18, 3.89167, 30.595
971, 59, 18, 3.88524, 30.601
972, 59, 18, 3.88016, 30.6502
973, 59, 18, 3.85869, 30.7167
974, 60, 18, 3.85305, 30.7439
975, 60, 17, 4.01206, 30.7908
976, 60, 17, 4.00628, 30.8183
977, 60, 17, 3.99964, 30.8244
978, 60, 17, 3.99321, 30.8304
979, 60, 17, 3.98743, 30.836
980, 60, 17, 3.98531, 30.8577
981, 60, 17, 3.9822, 30.9178
982, 60, 17, 3.97769, 30.9306
983, 60, 17, 3.97105, 30.9626
984, 60, 17, 3.96416, 30.9844
985, 60, 17, 3.95837, 31.0625
986, 61, 17, 3.95272, 31.0853
987, 61, 17, 3.94692, 31.1214
988, 61, 17, 3.9405, 31.134
989, 61, 17, 3.93407, 31.1788
990, 61, 17, 3.92899, 31.2037
991, 61, 17, 3.92321, 31.2097
992, 61, 17, 3.92009, 31.2502
993, 61, 17, 3.91559, 31.3052
994, 61, 17, 3.91425, 31.3335
995, 61, 17, 3.91065, 31.3826
996, 61, 17, 3.90501, 31.4232
997, 61, 17, 3.89936, 31.4474
998, 61, 17, 3.89987, 31.4607
999, 61, 17, 3.89408, 31.5158
