Seed is: 26
Number of samples is: 1000
Simulation name is: Simulation_4TV.sim
TimeStep, Distraction Rate, Missed States, Model Accuracy, Time (ms)
0, 0, 112, 0, 4e-05
1, 0, 111, 0.763197, 0.053992
2, 0, 110, 1.7632, 0.089179
3, 0, 110, 1.34816, 0.107955
4, 0, 110, 1.17823, 0.137652
5, 0, 109, 1.94143, 0.165986
6, 0, 109, 1.5679, 0.204549
7, 0, 109, 1.19436, 0.22088
8, 0, 109, 1.04143, 0.251238
9, 0, 109, 0.888499, 0.279883
10, 0, 108, 0.656307, 0.293208
11, 0, 107, 2.00447, 0.300973
12, 0, 106, 2.76766, 0.307766
13, 0, 105, 3.53086, 0.3151
14, 0, 104, 4.29406, 0.35222
15, 0, 103, 5.29406, 0.373992
16, 0, 103, 4.87902, 0.401404
17, 0, 103, 4.7091, 0.431762
18, 0, 102, 5.47229, 0.449917
19, 0, 102, 5.09876, 0.469223
20, 0, 102, 4.72523, 0.48311
21, 0, 102, 4.57229, 0.524879
22, 0, 102, 4.41936, 0.577109
23, 0, 101, 5.18256, 0.620061
24, 0, 100, 4.95036, 0.638666
25, 0, 99, 6.29852, 0.663804
26, 0, 99, 5.92499, 0.702037
27, 0, 99, 5.44003, 0.716174
28, 1, 98, 6.44003, 0.723768
29, 2, 98, 6.02499, 0.750249
30, 3, 98, 5.85507, 0.766039
31, 3, 97, 6.61826, 0.774314
32, 3, 97, 6.24473, 0.799172
33, 3, 97, 5.8712, 0.815022
34, 3, 97, 5.71826, 0.822226
35, 3, 97, 5.56533, 0.841583
36, 3, 96, 6.32853, 0.855609
37, 3, 95, 7.09172, 0.862763
38, 4, 94, 8.09172, 0.876148
39, 5, 94, 7.67669, 0.930592
40, 6, 94, 7.50676, 0.943938
41, 6, 93, 8.26996, 0.960629
42, 6, 93, 7.89643, 0.99773
43, 6, 93, 7.52289, 1.00791
44, 6, 93, 7.36996, 1.01755
45, 6, 93, 7.21703, 1.07322
46, 6, 92, 7.98022, 1.0909
47, 6, 91, 8.74342, 1.09922
48, 6, 91, 8.36989, 1.13397
49, 6, 91, 7.99635, 1.14686
50, 6, 91, 7.84342, 1.1847
51, 6, 91, 7.69049, 1.19638
52, 6, 90, 8.45369, 1.20635
53, 6, 90, 8.08015, 1.23597
54, 6, 90, 7.70662, 1.24336
55, 6, 90, 7.55369, 1.25162
56, 6, 89, 7.79503, 1.26641
57, 6, 88, 8.55822, 1.27363
58, 6, 87, 9.32142, 1.2884
59, 6, 86, 10.3214, 1.30698
60, 6, 86, 9.90638, 1.34413
61, 6, 86, 9.73646, 1.36025
62, 6, 85, 9.50427, 1.38932
63, 6, 84, 10.8524, 1.44336
64, 6, 84, 10.4789, 1.45902
65, 6, 84, 9.99393, 1.47083
66, 6, 83, 10.7571, 1.5253
67, 6, 82, 11.5203, 1.60922
68, 6, 82, 11.1468, 1.64619
69, 6, 81, 11.4996, 1.68996
70, 6, 81, 11.0146, 1.74126
71, 6, 81, 10.8617, 1.78631
72, 6, 81, 10.6571, 1.83377
73, 6, 80, 11.4203, 1.87863
74, 6, 80, 11.0468, 1.89408
75, 6, 80, 10.6733, 1.91181
76, 6, 80, 10.5203, 1.93011
77, 6, 80, 10.3674, 1.98091
78, 6, 80, 10.1629, 2.06302
79, 6, 80, 9.67789, 2.07873
80, 6, 80, 9.30436, 2.10684
81, 6, 80, 9.09982, 2.12335
82, 6, 79, 9.86302, 2.14906
83, 6, 78, 10.6262, 2.16636
84, 6, 78, 10.2527, 2.21684
85, 6, 78, 9.87915, 2.23189
86, 6, 78, 9.72621, 2.292
87, 6, 78, 9.57328, 2.32143
88, 6, 77, 10.3365, 2.37449
89, 6, 76, 11.0997, 2.38587
90, 6, 75, 11.8629, 2.39847
91, 6, 75, 11.4893, 2.46868
92, 6, 75, 11.1158, 2.51368
93, 6, 75, 10.9629, 2.52217
94, 6, 75, 10.8099, 2.53279
95, 6, 74, 11.8099, 2.5412
96, 6, 74, 11.3949, 2.54992
97, 6, 74, 11.225, 2.59929
98, 6, 73, 11.9882, 2.62794
99, 6, 73, 11.6146, 2.7437
100, 6, 73, 11.2411, 2.76236
101, 6, 72, 11.4824, 2.79763
102, 6, 72, 11.2779, 2.81638
103, 6, 72, 11.125, 3.11811
104, 6, 71, 11.8882, 3.14179
105, 6, 70, 12.6514, 3.19562
106, 6, 69, 13.4146, 3.21857
107, 6, 69, 13.041, 3.23206
108, 6, 68, 13.3938, 3.27755
109, 6, 68, 12.9088, 3.32315
110, 6, 68, 12.7559, 3.34303
111, 6, 68, 12.5514, 3.36044
112, 6, 67, 13.3146, 3.38057
113, 6, 67, 12.941, 3.44609
114, 6, 67, 12.5675, 3.45481
115, 6, 67, 12.4146, 3.47982
116, 6, 67, 12.2616, 3.51077
117, 6, 67, 12.1778, 3.51954
118, 7, 66, 13.1778, 3.52718
119, 8, 66, 12.7628, 3.53595
120, 9, 66, 12.5929, 3.5606
121, 9, 65, 12.3607, 3.57933
122, 9, 64, 13.7088, 3.60295
123, 9, 63, 14.7088, 3.62599
124, 9, 63, 14.2938, 3.65009
125, 9, 63, 14.1239, 3.65854
126, 9, 62, 15.1239, 3.66744
127, 9, 62, 14.7088, 3.73199
128, 9, 62, 14.5389, 3.76505
129, 9, 61, 15.3021, 3.78363
130, 9, 60, 16.0653, 3.82415
131, 9, 59, 17.0653, 3.85945
132, 9, 59, 16.6503, 3.88189
133, 9, 59, 16.4803, 3.91643
134, 9, 58, 16.2482, 3.9244
135, 9, 58, 16.2067, 3.96881
136, 9, 57, 17.9114, 3.99166
137, 9, 57, 17.5378, 4.00021
138, 9, 57, 16.9597, 4.02631
139, 10, 57, 16.8666, 4.04956
140, 10, 57, 16.3817, 4.07805
141, 10, 57, 16.0081, 4.09741
142, 10, 57, 15.8036, 4.11571
143, 10, 57, 15.6507, 4.12376
144, 10, 57, 15.4977, 4.18069
145, 10, 56, 16.2609, 4.25726
146, 10, 55, 17.0241, 4.26575
147, 10, 54, 16.7919, 4.29447
148, 10, 53, 18.1401, 4.34752
149, 10, 53, 17.7666, 4.38219
150, 10, 53, 17.2816, 4.40357
151, 10, 52, 18.2816, 4.43419
152, 10, 52, 17.8666, 4.45396
153, 10, 52, 17.6966, 4.47722
154, 10, 51, 18.4598, 4.52207
155, 10, 51, 18.0863, 4.54326
156, 10, 51, 17.7128, 4.56461
157, 10, 51, 17.5598, 4.58907
158, 10, 51, 17.4069, 4.60968
159, 10, 51, 17.3231, 4.67859
160, 10, 50, 18.3231, 4.68701
161, 10, 50, 17.9081, 4.72804
162, 10, 50, 17.7381, 4.74752
163, 10, 50, 17.5852, 4.76646
164, 10, 49, 17.353, 4.77493
165, 10, 48, 18.7012, 4.79868
166, 10, 47, 19.4644, 4.83624
167, 11, 46, 20.4644, 4.84503
168, 12, 46, 20.0493, 4.86259
169, 13, 46, 19.8794, 4.93611
170, 14, 46, 19.7863, 4.98685
171, 14, 46, 19.3013, 5.02224
172, 14, 46, 18.9278, 5.05026
173, 14, 46, 18.7233, 5.10462
174, 14, 46, 18.5703, 5.18557
175, 14, 46, 18.3658, 5.24733
176, 14, 46, 18.2727, 5.28373
177, 14, 46, 18.1796, 5.34228
178, 14, 46, 18.0958, 5.37383
179, 14, 46, 17.9853, 5.47717
180, 14, 45, 18.9853, 5.48746
181, 14, 45, 18.5702, 5.50077
182, 14, 45, 18.4003, 5.5399
183, 14, 45, 18.2474, 5.61616
184, 14, 44, 18.0152, 5.63439
185, 14, 43, 19.3634, 5.69139
186, 14, 42, 20.1266, 5.71024
187, 14, 41, 20.8898, 5.73287
188, 14, 40, 21.8898, 5.76901
189, 14, 40, 21.4747, 5.78736
190, 14, 40, 21.3048, 5.8223
191, 14, 39, 22.068, 5.92053
192, 14, 39, 21.6945, 5.95797
193, 14, 39, 21.3209, 5.98841
194, 14, 39, 21.168, 6.04667
195, 14, 38, 21.4093, 6.07132
196, 14, 38, 21.6313, 6.09373
197, 14, 38, 21.5381, 6.09966
198, 14, 38, 21.445, 6.11898
199, 14, 38, 21.3612, 6.12467
200, 14, 38, 21.2083, 6.15018
201, 14, 37, 21.398, 6.15582
202, 14, 37, 21.3049, 6.21316
203, 14, 37, 21.1004, 6.29454
204, 15, 37, 21.0073, 6.30435
205, 15, 37, 20.9235, 6.39389
206, 15, 36, 21.0865, 6.39978
207, 15, 36, 20.8231, 6.42023
208, 15, 35, 21.5863, 6.43524
209, 15, 35, 21.2128, 6.44721
210, 15, 35, 20.8392, 6.48227
211, 15, 35, 20.6863, 6.49292
212, 15, 35, 20.5334, 6.55406
213, 15, 34, 21.2965, 6.59393
214, 15, 33, 22.2965, 6.65733
215, 15, 33, 21.8815, 6.66309
216, 15, 33, 21.7116, 6.72753
217, 15, 33, 21.2266, 6.76226
218, 15, 33, 20.8531, 6.82198
219, 15, 33, 20.6486, 6.82773
220, 16, 33, 20.5554, 6.87879
221, 16, 33, 20.4716, 6.91576
222, 16, 33, 20.3878, 6.9211
223, 16, 33, 20.2367, 6.94874
224, 16, 33, 20.1436, 6.97053
225, 16, 33, 20.0598, 6.9866
226, 16, 33, 19.976, 6.99178
227, 16, 33, 19.8922, 7.01388
228, 16, 33, 19.7393, 7.01946
229, 16, 33, 19.6462, 7.02993
230, 16, 33, 19.553, 7.04878
231, 16, 33, 19.775, 7.07611
232, 16, 33, 19.6645, 7.09381
233, 16, 33, 19.5807, 7.12482
234, 16, 33, 19.4969, 7.15066
235, 17, 33, 19.438, 7.16279
236, 17, 33, 19.385, 7.17891
237, 17, 33, 19.332, 7.20449
238, 17, 32, 19.5217, 7.21015
239, 17, 32, 19.4379, 7.23892
240, 17, 32, 19.3541, 7.26152
241, 17, 32, 19.2703, 7.26688
242, 17, 32, 19.1772, 7.29952
243, 17, 32, 19.0667, 7.32603
244, 17, 32, 18.9829, 7.33134
245, 17, 32, 18.8991, 7.35041
246, 17, 32, 18.806, 7.36367
247, 17, 32, 18.7222, 7.40441
248, 17, 32, 18.6549, 7.43001
249, 17, 32, 18.5711, 7.4547
250, 17, 32, 18.5122, 7.48385
251, 17, 32, 18.4533, 7.5221
252, 17, 32, 18.1898, 7.54263
253, 17, 32, 18.106, 7.54832
254, 17, 32, 17.9955, 7.57923
255, 17, 32, 17.885, 7.59424
256, 17, 32, 17.8012, 7.63375
257, 17, 32, 17.7174, 7.6595
258, 17, 32, 17.5645, 7.70276
259, 17, 32, 17.454, 7.73501
260, 17, 32, 17.3702, 7.76035
261, 17, 32, 17.3172, 7.76818
262, 17, 32, 17.2642, 7.79648
263, 17, 32, 17.2053, 7.80416
264, 17, 32, 17.1523, 7.82736
265, 18, 32, 17.0934, 7.89801
266, 18, 32, 17.2565, 7.91644
267, 18, 32, 17.4195, 7.93827
268, 18, 32, 17.3754, 7.94643
269, 18, 32, 17.3388, 7.96948
270, 19, 32, 17.2982, 7.97589
271, 19, 32, 17.147, 8.00081
272, 19, 32, 17.094, 8.04644
273, 19, 32, 17.041, 8.05217
274, 19, 32, 16.988, 8.0577
275, 19, 32, 16.935, 8.0689
276, 19, 31, 17.1248, 8.10615
277, 19, 31, 17.0659, 8.15037
278, 19, 31, 17.007, 8.19488
279, 19, 31, 16.954, 8.21914
280, 19, 31, 16.8028, 8.24209
281, 19, 31, 16.6923, 8.25392
282, 19, 31, 16.4289, 8.29023
283, 19, 31, 16.3451, 8.29571
284, 19, 31, 16.2346, 8.30123
285, 19, 31, 16.1508, 8.40714
286, 19, 31, 16.0978, 8.41258
287, 19, 31, 16.014, 8.41803
288, 19, 31, 15.9551, 8.43014
289, 19, 31, 15.804, 8.4753
290, 20, 31, 15.7451, 8.49025
291, 20, 31, 15.6346, 8.52444
292, 20, 31, 15.5415, 8.55549
293, 20, 31, 15.4483, 8.59538
294, 20, 31, 15.3645, 8.61833
295, 20, 31, 15.2541, 8.65482
296, 21, 31, 15.1952, 8.68514
297, 21, 31, 15.1114, 8.72352
298, 21, 31, 15.2744, 8.72893
299, 21, 31, 15.2155, 8.73461
300, 21, 31, 15.1625, 8.75112
301, 21, 31, 15.0952, 8.75652
302, 21, 31, 15.0278, 8.76203
303, 21, 31, 14.9748, 8.77685
304, 21, 31, 14.9159, 8.81354
305, 21, 31, 14.857, 8.85689
306, 21, 31, 14.7599, 8.89442
307, 21, 31, 14.7069, 8.8998
308, 21, 30, 14.87, 8.92395
309, 21, 30, 14.7862, 8.94405
310, 21, 30, 14.7188, 8.94949
311, 22, 30, 14.6782, 8.96122
312, 22, 30, 14.6108, 8.97126
313, 22, 30, 14.5435, 9.01756
314, 22, 30, 14.4761, 9.08981
315, 22, 30, 14.4396, 9.12253
316, 22, 30, 14.3866, 9.16609
317, 22, 30, 14.3028, 9.17196
318, 22, 30, 14.2498, 9.17788
319, 22, 30, 14.1909, 9.19962
320, 22, 30, 14.1543, 9.22619
321, 22, 30, 14.0869, 9.23962
322, 23, 30, 14.0463, 9.29749
323, 23, 30, 13.9933, 9.31895
324, 23, 30, 13.8422, 9.33576
325, 23, 30, 13.7584, 9.39132
326, 23, 30, 13.691, 9.41462
327, 23, 30, 13.6321, 9.44008
328, 23, 30, 13.5732, 9.4765
329, 23, 29, 13.7363, 9.4902
330, 23, 29, 13.6956, 9.49628
331, 23, 29, 13.655, 9.54161
332, 23, 29, 13.602, 9.58993
333, 24, 29, 13.5613, 9.6147
334, 24, 29, 13.5083, 9.63958
335, 24, 29, 13.441, 9.66438
336, 24, 29, 13.388, 9.66985
337, 24, 29, 13.335, 9.68532
338, 24, 28, 13.5247, 9.70276
339, 24, 28, 13.4881, 9.72528
340, 24, 28, 13.6223, 9.75055
341, 24, 28, 13.5857, 9.80878
342, 24, 28, 13.5184, 9.82934
343, 24, 28, 13.4777, 9.8577
344, 24, 28, 13.5704, 9.86697
345, 24, 28, 13.4506, 9.90493
346, 24, 28, 13.4065, 9.92894
347, 24, 28, 13.5289, 9.96139
348, 24, 28, 13.4923, 10.0083
349, 24, 27, 13.641, 10.0245
350, 25, 27, 13.6112, 10.0412
351, 25, 27, 13.5747, 10.0766
352, 25, 27, 13.5479, 10.0825
353, 25, 26, 13.6891, 10.1024
354, 25, 26, 13.7817, 10.1314
355, 25, 26, 13.7515, 10.1418
356, 25, 26, 13.7217, 10.2101
357, 25, 26, 13.692, 10.264
358, 25, 25, 13.8332, 10.2934
359, 25, 25, 13.7361, 10.3148
360, 25, 25, 13.639, 10.3208
361, 25, 25, 13.5722, 10.3804
362, 25, 25, 13.5316, 10.4002
363, 25, 25, 13.495, 10.4392
364, 25, 24, 13.6437, 10.4934
365, 25, 24, 13.5907, 10.5339
366, 25, 24, 13.5541, 10.5398
367, 25, 24, 13.5011, 10.5696
368, 25, 24, 13.4645, 10.6019
369, 25, 24, 13.4115, 10.6133
370, 25, 24, 13.3442, 10.619
371, 25, 24, 13.2912, 10.6243
372, 25, 24, 13.2546, 10.6774
373, 25, 24, 13.218, 10.6942
374, 25, 24, 13.165, 10.7044
375, 25, 24, 13.3289, 10.716
376, 25, 24, 13.2882, 10.7364
377, 25, 24, 13.2476, 10.7422
378, 25, 24, 13.2035, 10.7948
379, 25, 24, 13.1594, 10.8125
380, 25, 24, 13.2521, 10.8232
381, 25, 24, 13.2155, 10.8488
382, 25, 24, 13.1625, 10.8633
383, 25, 24, 13.1259, 10.9026
384, 25, 24, 13.0154, 10.9316
385, 25, 24, 12.9183, 10.9808
386, 25, 24, 12.8818, 10.9909
387, 25, 24, 12.855, 11.044
388, 25, 24, 12.802, 11.0502
389, 25, 24, 12.6211, 11.056
390, 25, 24, 12.5804, 11.0616
391, 25, 24, 12.5537, 11.0917
392, 26, 24, 12.5239, 11.1337
393, 26, 24, 12.6581, 11.14
394, 26, 24, 12.6278, 11.1558
395, 26, 24, 12.5913, 11.1866
396, 26, 24, 12.5547, 11.2149
397, 26, 24, 12.5279, 11.2204
398, 26, 24, 12.4873, 11.2316
399, 26, 24, 12.4605, 11.2858
400, 26, 24, 12.4164, 11.3223
401, 26, 24, 12.3723, 11.3728
402, 26, 24, 12.3282, 11.3978
403, 26, 24, 12.2917, 11.411
404, 26, 24, 12.2249, 11.4276
405, 26, 24, 12.1883, 11.444
406, 26, 24, 12.1476, 11.4811
407, 26, 24, 12.107, 11.5089
408, 26, 24, 12.0629, 11.5585
409, 27, 24, 12.0332, 11.6223
410, 27, 24, 11.9966, 11.6648
411, 27, 24, 11.9668, 11.6947
412, 27, 24, 11.9366, 11.7058
413, 27, 24, 11.9098, 11.7116
414, 27, 24, 11.8801, 11.7467
415, 27, 24, 11.8503, 11.7525
416, 27, 24, 11.8022, 11.7714
417, 27, 24, 11.7724, 11.8015
418, 27, 23, 11.9136, 11.8618
419, 27, 22, 12.0548, 11.8767
420, 27, 22, 12.0344, 11.894
421, 27, 22, 11.9903, 11.8999
422, 27, 22, 11.9537, 11.9377
423, 27, 22, 11.9269, 11.9621
424, 27, 22, 11.9002, 12.0029
425, 27, 22, 11.8636, 12.0088
426, 27, 22, 11.827, 12.0578
427, 27, 22, 11.8002, 12.0692
428, 27, 22, 11.7841, 12.0751
429, 27, 22, 11.7539, 12.1037
430, 27, 22, 11.7098, 12.1438
431, 27, 22, 11.683, 12.1681
432, 27, 22, 11.6563, 12.174
433, 27, 22, 11.6156, 12.2328
434, 27, 22, 11.575, 12.2644
435, 27, 22, 11.5384, 12.282
436, 27, 22, 11.4716, 12.3056
437, 27, 22, 11.4042, 12.3502
438, 28, 22, 11.3815, 12.4289
439, 28, 22, 11.5099, 12.4769
440, 28, 22, 11.4886, 12.5275
441, 28, 22, 11.4588, 12.5537
442, 28, 22, 11.4384, 12.5704
443, 28, 22, 11.3902, 12.5801
444, 28, 22, 11.3698, 12.611
445, 28, 22, 11.34, 12.6596
446, 28, 22, 11.2732, 12.7004
447, 28, 22, 11.2464, 12.7064
448, 28, 22, 11.1796, 12.737
449, 28, 22, 11.1592, 12.7786
450, 28, 22, 11.1387, 12.8201
451, 28, 22, 11.1022, 12.8258
452, 28, 22, 11.0724, 12.8315
453, 28, 22, 11.0427, 12.8372
454, 28, 22, 10.9229, 12.8823
455, 28, 22, 10.8961, 12.9185
456, 28, 22, 10.8693, 13.0045
457, 29, 22, 10.8396, 13.0369
458, 29, 22, 10.803, 13.062
459, 29, 22, 10.7728, 13.0842
460, 29, 22, 10.7425, 13.1282
461, 29, 22, 10.7221, 13.1919
462, 29, 22, 10.7016, 13.2231
463, 29, 22, 10.6714, 13.2415
464, 29, 22, 10.6412, 13.2915
465, 30, 22, 10.6185, 13.3076
466, 30, 22, 10.5917, 13.3134
467, 30, 22, 10.5615, 13.339
468, 30, 22, 10.5347, 13.3787
469, 30, 22, 10.5079, 13.4336
470, 30, 22, 10.4777, 13.4817
471, 30, 22, 10.4109, 13.5165
472, 30, 22, 10.5044, 13.5718
473, 30, 22, 10.4817, 13.5777
474, 30, 22, 10.4589, 13.6112
475, 30, 22, 10.3963, 13.6805
476, 30, 22, 10.3736, 13.696
477, 30, 22, 10.3522, 13.7018
478, 30, 22, 10.3318, 13.7234
479, 30, 22, 10.309, 13.7891
480, 30, 22, 10.2863, 13.8013
481, 30, 22, 10.2504, 13.835
482, 30, 22, 10.2277, 13.8406
483, 30, 22, 10.1975, 13.8692
484, 31, 22, 10.1748, 13.9412
485, 31, 21, 10.316, 13.9591
486, 32, 21, 10.298, 13.9664
487, 32, 21, 10.2767, 14.014
488, 32, 21, 10.2562, 14.0292
489, 32, 21, 10.2294, 14.0576
490, 32, 21, 10.1992, 14.076
491, 32, 21, 10.1788, 14.0866
492, 32, 21, 10.1626, 14.1074
493, 32, 21, 10.2001, 14.1745
494, 32, 21, 10.184, 14.2501
495, 32, 21, 10.171, 14.2678
496, 32, 21, 10.1548, 14.2791
497, 32, 21, 10.1387, 14.2852
498, 32, 21, 10.116, 14.3259
499, 32, 21, 10.0892, 14.3426
500, 32, 21, 10.0665, 14.3819
501, 32, 21, 10.0438, 14.4584
502, 32, 21, 10.0224, 14.4642
503, 32, 21, 10.0923, 14.4705
504, 33, 21, 10.0778, 14.499
505, 33, 21, 10.0648, 14.5046
506, 33, 21, 10.0434, 14.5169
507, 33, 21, 10.0326, 14.5641
508, 33, 21, 10.0112, 14.5903
509, 33, 21, 9.98985, 14.6148
510, 33, 21, 9.9694, 14.6669
511, 33, 21, 9.92125, 14.6729
512, 33, 21, 9.89102, 14.7225
513, 34, 21, 9.8683, 14.7423
514, 34, 21, 9.83808, 14.7575
515, 34, 21, 9.8113, 14.8149
516, 34, 21, 9.78993, 14.8676
517, 34, 21, 9.76948, 14.9139
518, 34, 21, 9.7481, 14.9493
519, 34, 21, 9.72672, 14.9876
520, 34, 21, 9.65992, 15.0117
521, 34, 21, 9.57519, 15.0177
522, 34, 21, 9.52704, 15.0239
523, 34, 20, 9.66477, 15.0408
524, 34, 20, 9.64205, 15.0577
525, 34, 20, 9.62067, 15.0911
526, 34, 20, 9.57659, 15.1306
527, 34, 20, 9.61409, 15.1503
528, 34, 20, 9.56594, 15.1888
529, 34, 20, 9.54981, 15.2392
530, 34, 20, 9.53189, 15.2454
531, 34, 20, 9.59892, 15.2513
532, 34, 20, 9.53627, 15.2641
533, 34, 20, 9.5004, 15.2907
534, 34, 20, 9.46452, 15.3201
535, 34, 20, 9.42043, 15.3262
536, 34, 20, 9.40501, 15.3588
537, 34, 20, 9.38456, 15.4039
538, 34, 20, 9.47806, 15.4223
539, 34, 20, 9.46193, 15.4375
540, 34, 20, 9.44149, 15.4567
541, 34, 20, 9.42011, 15.4905
542, 34, 20, 9.39966, 15.5799
543, 34, 20, 9.37828, 15.619
544, 34, 20, 9.36215, 15.648
545, 34, 20, 9.3491, 15.6882
546, 34, 20, 9.33297, 15.7219
547, 35, 20, 9.31505, 15.7295
548, 35, 20, 9.17732, 15.7535
549, 35, 20, 9.14757, 15.7791
550, 35, 20, 9.11783, 15.877
551, 35, 20, 9.09105, 15.9079
552, 35, 20, 8.99183, 15.9422
553, 35, 20, 8.96911, 15.9728
554, 35, 20, 8.94638, 15.9789
555, 35, 20, 8.91616, 15.9962
556, 35, 20, 9.00018, 16.0246
557, 35, 20, 8.97278, 16.0368
558, 35, 20, 8.94255, 16.0534
559, 35, 20, 8.90668, 16.1081
560, 35, 20, 8.8853, 16.1376
561, 35, 20, 8.81068, 16.1499
562, 35, 20, 8.79276, 16.1788
563, 35, 20, 8.77483, 16.2042
564, 35, 20, 8.75439, 16.2224
565, 36, 20, 8.73989, 16.2866
566, 36, 20, 8.72861, 16.2931
567, 36, 20, 8.71069, 16.299
568, 36, 20, 8.69024, 16.3302
569, 36, 20, 8.60552, 16.3658
570, 36, 20, 8.59247, 16.3993
571, 36, 20, 8.53456, 16.4054
572, 36, 20, 8.52006, 16.411
573, 36, 20, 8.50556, 16.4519
574, 36, 20, 8.48419, 16.4984
575, 36, 20, 8.46969, 16.5324
576, 36, 20, 8.43223, 16.5529
577, 36, 20, 8.4161, 16.588
578, 36, 20, 8.40783, 16.6398
579, 36, 20, 8.3917, 16.6879
580, 36, 20, 8.37865, 16.6937
581, 36, 20, 8.3696, 16.71
582, 36, 20, 8.35168, 16.7465
583, 36, 20, 8.3409, 16.7748
584, 36, 19, 8.47863, 16.827
585, 36, 19, 8.45726, 16.8619
586, 37, 19, 8.43933, 16.9049
587, 37, 19, 8.41889, 16.9379
588, 37, 19, 8.40346, 16.987
589, 37, 19, 8.38733, 17.0296
590, 38, 19, 8.36941, 17.0482
591, 38, 19, 8.34803, 17.0756
592, 38, 19, 8.32758, 17.1173
593, 38, 19, 8.31453, 17.171
594, 38, 19, 8.30148, 17.1916
595, 38, 19, 8.28535, 17.2539
596, 38, 19, 8.26992, 17.3357
597, 38, 19, 8.25449, 17.3553
598, 38, 18, 8.3913, 17.3733
599, 38, 18, 8.37517, 17.425
600, 38, 18, 8.35724, 17.4451
601, 38, 18, 8.43625, 17.4605
602, 38, 18, 8.42012, 17.472
603, 38, 18, 8.40707, 17.4781
604, 39, 18, 8.39257, 17.531
605, 39, 18, 8.37714, 17.5782
606, 39, 18, 8.35922, 17.6175
607, 39, 18, 8.3413, 17.6235
608, 39, 18, 8.29345, 17.674
609, 39, 18, 8.28218, 17.6799
610, 40, 18, 8.26768, 17.6987
611, 40, 18, 8.25225, 17.758
612, 40, 18, 8.23433, 17.7739
613, 40, 18, 8.21641, 17.799
614, 40, 18, 8.28344, 17.8132
615, 40, 18, 8.26801, 17.8482
616, 40, 18, 8.25188, 17.8921
617, 40, 18, 8.2305, 17.9036
618, 40, 18, 8.21508, 18.007
619, 40, 18, 8.17762, 18.0534
620, 40, 18, 8.16857, 18.0875
621, 40, 18, 8.15314, 18.1041
622, 40, 18, 8.14009, 18.1565
623, 40, 18, 8.12559, 18.1843
624, 40, 18, 8.07774, 18.2095
625, 40, 18, 8.06231, 18.2428
626, 40, 18, 8.03491, 18.2486
627, 40, 18, 8.09189, 18.3125
628, 40, 18, 8.03399, 18.3576
629, 40, 18, 8.02272, 18.3968
630, 40, 18, 8.00822, 18.4026
631, 40, 18, 7.99372, 18.4367
632, 40, 18, 7.95626, 18.4664
633, 40, 18, 7.91881, 18.49
634, 40, 18, 7.90754, 18.5363
635, 40, 18, 7.89211, 18.5421
636, 40, 18, 7.88084, 18.5614
637, 40, 18, 7.87256, 18.5904
638, 40, 18, 7.86129, 18.5966
639, 40, 18, 7.84679, 18.6067
640, 40, 18, 7.83229, 18.6207
641, 40, 18, 7.8977, 18.6268
642, 40, 18, 7.88643, 18.6828
643, 41, 18, 7.87446, 18.7434
644, 41, 18, 7.86141, 18.7495
645, 41, 18, 7.85013, 18.7847
646, 41, 18, 7.83471, 18.7907
647, 41, 18, 7.82166, 18.8177
648, 41, 18, 7.80968, 18.8642
649, 41, 18, 7.76367, 18.9038
650, 42, 18, 7.75169, 18.9324
651, 42, 18, 7.76717, 18.9655
652, 42, 18, 7.7559, 19.0169
653, 42, 18, 7.73977, 19.0828
654, 42, 18, 7.72434, 19.1043
655, 42, 18, 7.70984, 19.1735
656, 42, 18, 7.69441, 19.197
657, 42, 18, 7.66701, 19.2401
658, 42, 18, 7.60436, 19.2703
659, 42, 18, 7.59358, 19.2843
660, 42, 17, 7.73287, 19.3385
661, 42, 17, 7.72209, 19.3668
662, 42, 17, 7.71438, 19.4275
663, 42, 17, 7.70668, 19.4498
664, 42, 17, 7.69541, 19.4621
665, 42, 17, 7.68463, 19.7626
666, 42, 17, 7.67158, 19.779
667, 42, 17, 7.66081, 19.8311
668, 42, 17, 7.63948, 19.9392
669, 42, 17, 7.60959, 19.9578
670, 42, 17, 7.59654, 19.9736
671, 42, 17, 7.58577, 20.0464
672, 42, 17, 7.57034, 20.0761
673, 43, 17, 7.55837, 20.1
674, 43, 17, 7.53097, 20.1355
675, 43, 17, 7.51792, 20.1636
676, 43, 17, 7.50664, 20.2193
677, 43, 17, 7.49537, 20.2608
678, 43, 17, 7.48931, 20.2909
679, 43, 17, 7.47318, 20.308
680, 43, 17, 7.45526, 20.388
681, 43, 17, 7.43734, 20.3945
682, 43, 17, 7.42284, 20.412
683, 43, 17, 7.40834, 20.4377
684, 43, 17, 7.39291, 20.4738
685, 43, 17, 7.34476, 20.4959
686, 43, 17, 7.28211, 20.5621
687, 43, 17, 7.26761, 20.5814
688, 43, 17, 7.25456, 20.6009
689, 43, 17, 7.24259, 20.6546
690, 43, 17, 7.23061, 20.6869
691, 43, 17, 7.18276, 20.7169
692, 43, 17, 7.16971, 20.7438
693, 43, 17, 7.16144, 20.7828
694, 43, 17, 7.15066, 20.8163
695, 43, 17, 7.14627, 20.8454
696, 43, 17, 7.1343, 20.8516
697, 43, 17, 7.12352, 20.8953
698, 43, 17, 7.11447, 20.9188
699, 44, 17, 7.1025, 20.9624
700, 44, 17, 7.08117, 21.0284
701, 44, 17, 7.07213, 21.0464
702, 44, 17, 7.06135, 21.0883
703, 44, 17, 7.05365, 21.1092
704, 44, 17, 7.01777, 21.1149
705, 44, 17, 7.0433, 21.1361
706, 44, 17, 7.00584, 21.1423
707, 44, 17, 6.99507, 21.1777
708, 44, 17, 6.98501, 21.2129
709, 44, 17, 6.97496, 21.2672
710, 44, 17, 6.95364, 21.2917
711, 45, 17, 6.94358, 21.3142
712, 45, 17, 6.93694, 21.3287
713, 45, 17, 6.92567, 21.3451
714, 45, 17, 6.91988, 21.4029
715, 45, 17, 6.90861, 21.4464
716, 45, 17, 6.89664, 21.4523
717, 45, 17, 6.88467, 21.458
718, 45, 17, 6.87639, 21.4754
719, 45, 17, 6.86812, 21.514
720, 45, 17, 6.83085, 21.5838
721, 45, 17, 6.81888, 21.6148
722, 45, 17, 6.81223, 21.621
723, 45, 17, 6.80319, 21.6347
724, 45, 17, 6.88721, 21.6408
725, 45, 17, 6.88115, 21.6506
726, 45, 17, 6.8721, 21.6566
727, 45, 17, 6.82608, 21.7717
728, 45, 17, 6.81411, 21.8125
729, 45, 17, 6.80214, 21.8484
730, 45, 17, 6.78671, 21.8743
731, 45, 17, 6.76249, 21.908
732, 45, 17, 6.75422, 21.9376
733, 46, 17, 6.74416, 21.9683
734, 46, 17, 6.72284, 22.0054
735, 46, 17, 6.71206, 22.0649
736, 46, 17, 6.70379, 22.0916
737, 46, 17, 6.69181, 22.1429
738, 46, 17, 6.68575, 22.1491
739, 46, 17, 6.67498, 22.1825
740, 46, 17, 6.6637, 22.2254
741, 46, 17, 6.65543, 22.242
742, 46, 17, 6.64537, 22.2559
743, 46, 17, 6.63532, 22.2845
744, 46, 17, 6.60468, 22.3198
745, 46, 17, 6.59462, 22.3506
746, 46, 17, 6.58884, 22.3802
747, 46, 17, 6.58056, 22.3971
748, 46, 17, 6.56751, 22.4714
749, 46, 17, 6.55924, 22.4894
750, 47, 17, 6.54918, 22.5266
751, 47, 17, 6.54014, 22.5546
752, 47, 17, 6.52936, 22.5705
753, 47, 17, 6.5233, 22.6102
754, 47, 17, 6.49341, 22.6674
755, 47, 17, 6.48144, 22.6925
756, 47, 17, 6.46947, 22.7085
757, 47, 17, 6.46119, 22.7447
758, 47, 17, 6.45291, 22.7977
759, 47, 17, 6.44387, 22.8429
760, 48, 17, 6.43381, 22.8875
761, 48, 17, 6.41697, 22.9206
762, 48, 17, 6.38709, 22.9541
763, 48, 17, 6.37703, 22.9667
764, 48, 17, 6.43506, 23.0041
765, 48, 17, 6.43067, 23.0832
766, 48, 17, 6.42162, 23.1439
767, 48, 17, 6.41556, 23.1894
768, 48, 17, 6.40728, 23.2132
769, 48, 17, 6.39651, 23.2498
770, 48, 17, 6.36662, 23.2558
771, 48, 17, 6.35357, 23.2835
772, 48, 17, 6.35046, 23.3076
773, 48, 17, 6.3404, 23.3969
774, 48, 16, 6.48517, 23.4357
775, 48, 16, 6.47612, 23.462
776, 48, 16, 6.46948, 23.468
777, 48, 16, 6.4644, 23.5088
778, 48, 16, 6.45932, 23.5518
779, 48, 16, 6.45161, 23.5683
780, 48, 16, 6.39371, 23.5977
781, 48, 16, 6.38764, 23.6972
782, 49, 16, 6.37908, 23.7251
783, 49, 16, 6.37138, 23.7684
784, 49, 16, 6.36233, 23.7953
785, 49, 16, 6.35462, 23.8087
786, 49, 16, 6.33778, 23.8212
787, 49, 16, 6.30052, 23.8613
788, 49, 16, 6.28707, 23.8981
789, 49, 16, 6.27702, 23.9042
790, 49, 16, 6.26697, 23.9323
791, 49, 16, 6.2609, 23.9472
792, 50, 16, 6.25234, 24.0082
793, 50, 16, 6.2389, 24.0593
794, 50, 16, 6.22885, 24.0654
795, 50, 16, 6.20463, 24.0884
796, 50, 16, 6.19458, 24.0943
797, 50, 16, 6.18452, 24.133
798, 50, 16, 6.17325, 24.1689
799, 50, 16, 6.15338, 24.1919
800, 50, 16, 6.14433, 24.1983
801, 50, 16, 6.13577, 24.2186
802, 50, 16, 6.1159, 24.2321
803, 50, 16, 6.10513, 24.2581
804, 50, 16, 6.06786, 24.2773
805, 50, 16, 6.0593, 24.2943
806, 50, 16, 6.05074, 24.3275
807, 50, 16, 6.04169, 24.3683
808, 51, 16, 6.03313, 24.3852
809, 51, 16, 6.01629, 24.4208
810, 51, 16, 6.01023, 24.4502
811, 51, 16, 6.00811, 24.4562
812, 51, 16, 5.99906, 24.4687
813, 51, 16, 5.98222, 24.4937
814, 51, 16, 6.03064, 24.5176
815, 51, 16, 6.00324, 24.5468
816, 51, 16, 5.97335, 24.5932
817, 51, 16, 5.96479, 24.6719
818, 51, 16, 5.96039, 24.7091
819, 52, 16, 5.95301, 24.7168
820, 52, 16, 5.93957, 24.7342
821, 52, 16, 5.93052, 24.7404
822, 52, 16, 5.93006, 24.7608
823, 52, 16, 5.924, 24.7666
824, 52, 15, 6.06578, 24.8092
825, 52, 15, 6.05972, 24.8155
826, 52, 15, 6.05201, 24.834
827, 52, 15, 6.04762, 24.8584
828, 52, 15, 6.04715, 24.9206
829, 52, 15, 6.04137, 24.9808
830, 53, 15, 6.03281, 25.0116
831, 53, 15, 6.00859, 25.0435
832, 53, 15, 5.96257, 25.07
833, 53, 15, 5.9543, 25.1756
834, 53, 15, 5.94602, 25.2128
835, 53, 15, 5.94152, 25.2188
836, 53, 15, 5.93546, 25.2623
837, 53, 15, 5.92939, 25.2924
838, 53, 15, 5.92333, 25.3384
839, 53, 15, 5.91477, 25.3731
840, 53, 15, 5.90621, 25.3909
841, 53, 15, 5.88069, 25.4058
842, 53, 15, 5.87213, 25.4353
843, 53, 15, 5.86774, 25.5239
844, 53, 15, 5.86334, 25.5389
845, 53, 15, 5.85564, 25.551
846, 53, 15, 5.85124, 25.5761
847, 53, 15, 5.84047, 25.6409
848, 53, 15, 5.83607, 25.661
849, 54, 15, 5.82869, 25.6877
850, 54, 15, 5.82205, 25.7276
851, 54, 15, 5.81349, 25.7613
852, 54, 15, 5.81038, 25.7954
853, 54, 15, 5.80598, 25.8463
854, 54, 15, 5.78451, 25.9363
855, 54, 15, 5.78001, 25.9845
856, 54, 14, 5.92809, 26.0266
857, 54, 14, 5.92203, 26.0451
858, 54, 14, 5.91465, 26.1249
859, 54, 14, 5.92157, 26.1482
860, 54, 14, 5.91468, 26.1783
861, 54, 14, 5.91066, 26.1844
862, 54, 14, 5.90755, 26.1949
863, 54, 14, 5.90091, 26.2168
864, 54, 14, 5.89484, 26.2447
865, 54, 14, 5.89045, 26.263
866, 54, 14, 5.88274, 26.2747
867, 54, 14, 5.87192, 26.3021
868, 54, 14, 5.84128, 26.321
869, 54, 14, 5.81706, 26.3627
870, 54, 13, 5.96183, 26.3978
871, 54, 13, 5.93631, 26.4041
872, 54, 13, 5.92775, 26.4494
873, 54, 13, 5.91919, 26.4777
874, 54, 13, 5.9148, 26.5246
875, 54, 13, 5.90398, 26.5474
876, 54, 13, 5.8966, 26.5838
877, 54, 13, 5.88922, 26.611
878, 54, 13, 5.88233, 26.6827
879, 54, 13, 5.86246, 26.7251
880, 54, 13, 5.85508, 26.741
881, 54, 13, 5.83361, 26.8184
882, 54, 13, 5.82718, 26.9038
883, 54, 13, 5.82076, 26.9524
884, 54, 13, 5.80429, 26.9842
885, 54, 13, 5.7999, 26.9913
886, 54, 13, 5.79411, 27.047
887, 54, 13, 5.78329, 27.0534
888, 54, 13, 5.75265, 27.0732
889, 55, 13, 5.74527, 27.101
890, 55, 13, 5.73651, 27.1205
891, 55, 13, 5.72004, 27.1495
892, 55, 13, 5.71234, 27.2011
893, 55, 13, 5.69587, 27.2248
894, 55, 13, 5.68816, 27.286
895, 55, 13, 5.72278, 27.31
896, 55, 13, 5.69213, 27.367
897, 55, 13, 5.68386, 27.391
898, 55, 13, 5.67648, 27.4607
899, 55, 13, 5.65096, 27.4728
900, 56, 13, 5.64454, 27.4805
901, 56, 13, 5.64014, 27.4991
902, 56, 13, 5.63138, 27.5839
903, 56, 13, 5.62926, 27.6141
904, 56, 13, 5.62348, 27.6274
905, 56, 13, 5.61705, 27.6388
906, 56, 13, 5.61394, 27.6635
907, 56, 13, 5.60886, 27.6813
908, 56, 13, 5.60174, 27.6967
909, 56, 13, 5.58798, 27.7684
910, 56, 13, 5.5806, 27.8021
911, 56, 13, 5.57322, 27.8557
912, 56, 13, 5.56658, 27.8616
913, 56, 13, 5.54904, 27.8929
914, 57, 13, 5.54261, 27.9335
915, 57, 13, 5.52614, 27.9401
916, 57, 13, 5.52175, 27.9764
917, 57, 13, 5.49624, 28.0037
918, 57, 13, 5.49017, 28.0269
919, 57, 13, 5.47641, 28.0699
920, 57, 13, 5.4733, 28.0884
921, 57, 13, 5.46822, 28.1267
922, 58, 13, 5.46084, 28.1349
923, 58, 13, 5.51782, 28.1507
924, 58, 13, 5.5138, 28.1852
925, 58, 13, 5.50738, 28.2111
926, 58, 13, 5.50378, 28.2278
927, 58, 13, 5.50166, 28.2637
928, 58, 13, 5.49261, 28.3207
929, 58, 13, 5.48949, 28.3375
930, 58, 13, 5.48285, 28.357
931, 58, 13, 5.47974, 28.3851
932, 58, 13, 5.46892, 28.4607
933, 58, 13, 5.46121, 28.4669
934, 58, 13, 5.42394, 28.4919
935, 58, 13, 5.42183, 28.5385
936, 58, 13, 5.41306, 28.5561
937, 58, 13, 5.40536, 28.5622
938, 58, 13, 5.3968, 28.5963
939, 58, 13, 5.38823, 28.602
940, 58, 13, 5.37479, 28.6243
941, 59, 13, 5.36837, 28.6951
942, 59, 13, 5.41997, 28.7013
943, 59, 13, 5.39008, 28.7643
944, 59, 13, 5.36587, 28.8045
945, 59, 13, 5.35849, 28.8495
946, 59, 13, 5.35185, 28.8556
947, 59, 13, 5.34447, 28.9073
948, 59, 13, 5.33709, 28.9593
949, 59, 13, 5.38869, 28.9651
950, 59, 13, 5.38227, 28.9856
951, 59, 13, 5.37584, 29.0251
952, 59, 13, 5.36502, 29.0472
953, 59, 13, 5.3408, 29.0654
954, 59, 13, 5.31529, 29.1103
955, 59, 13, 5.31217, 29.1514
956, 59, 13, 5.30638, 29.1876
957, 59, 13, 5.29974, 29.2088
958, 59, 13, 5.29523, 29.2233
959, 59, 13, 5.26972, 29.2482
960, 59, 13, 5.26308, 29.3036
961, 59, 13, 5.26096, 29.3163
962, 59, 13, 5.25384, 29.3225
963, 59, 13, 5.24741, 29.3374
964, 59, 13, 5.24163, 29.3474
965, 59, 13, 5.22016, 29.388
966, 59, 13, 5.21438, 29.4247
967, 59, 13, 5.20859, 29.471
968, 59, 13, 5.20195, 29.5062
969, 59, 13, 5.19884, 29.5325
970, 59, 13, 5.1922, 29.5779
971, 59, 13, 5.18577, 29.6444
972, 59, 13, 5.17419, 29.6748
973, 59, 13, 5.16776, 29.7187
974, 59, 13, 5.16134, 29.7705
975, 59, 13, 5.15555, 29.8375
976, 59, 13, 5.14179, 29.8532
977, 59, 13, 5.13868, 29.8776
978, 60, 13, 5.13303, 29.9159
979, 60, 13, 5.12832, 29.9309
980, 60, 13, 5.1262, 29.9467
981, 60, 13, 5.10473, 29.9829
982, 60, 13, 5.10034, 30.0144
983, 60, 13, 5.08876, 30.047
984, 60, 13, 5.08742, 30.0907
985, 60, 13, 5.05678, 30.0971
986, 60, 13, 5.05238, 30.1221
987, 60, 13, 5.03894, 30.1406
988, 61, 13, 5.03329, 30.1802
989, 61, 13, 5.01183, 30.1941
990, 61, 13, 5.00674, 30.246
991, 61, 13, 5.00096, 30.3116
992, 61, 13, 4.99326, 30.3731
993, 61, 13, 4.99114, 30.3924
994, 62, 13, 4.98471, 30.4218
995, 62, 13, 4.9816, 30.4898
996, 62, 13, 4.97422, 30.5041
997, 62, 13, 4.96684, 30.5411
998, 62, 13, 4.96372, 30.555
999, 62, 13, 4.9616, 30.5733
