Seed is: 36
Number of samples is: 1000
Simulation name is: Simulation_4TV.sim
TimeStep, Distraction Rate, Missed States, Model Accuracy, Time (ms)
0, 0, 112, 0, 6e-05
1, 0, 111, 0.763197, 0.019237
2, 0, 110, 1.7632, 0.025829
3, 0, 110, 1.34816, 0.053923
4, 0, 110, 1.17823, 0.06804
5, 0, 109, 1.94143, 0.112775
6, 0, 109, 1.5679, 0.129447
7, 0, 109, 1.19436, 0.145988
8, 0, 109, 1.04143, 0.191214
9, 0, 109, 0.888499, 0.196685
10, 0, 108, 1.6517, 0.214038
11, 0, 107, 2.41489, 0.247411
12, 0, 106, 2.76766, 0.265175
13, 0, 106, 2.2827, 0.289622
14, 0, 106, 1.90917, 0.315451
15, 0, 106, 1.70463, 0.373752
16, 0, 106, 1.5517, 0.39384
17, 0, 105, 2.31489, 0.422375
18, 0, 104, 3.07809, 0.460147
19, 0, 103, 4.07809, 0.487248
20, 0, 103, 3.66305, 0.506996
21, 0, 103, 3.49313, 0.523998
22, 0, 102, 3.26094, 0.559686
23, 0, 101, 4.6091, 0.57744
24, 0, 101, 4.23556, 0.593541
25, 0, 101, 3.7506, 0.598209
26, 0, 100, 4.5138, 0.60914
27, 0, 99, 5.27699, 0.630311
28, 0, 99, 4.90346, 0.647824
29, 0, 99, 4.52993, 0.658254
30, 0, 99, 4.37699, 0.692689
31, 0, 99, 4.22406, 0.751031
32, 1, 98, 5.22406, 0.785767
33, 2, 98, 4.80902, 0.791287
34, 3, 98, 4.6391, 0.828318
35, 3, 97, 5.4023, 0.839659
36, 3, 97, 5.02876, 0.844529
37, 3, 97, 4.65523, 0.849458
38, 3, 97, 4.5023, 0.896207
39, 3, 97, 4.34936, 0.901146
40, 3, 96, 5.11256, 0.927316
41, 3, 95, 5.87576, 0.946443
42, 4, 94, 6.87576, 0.955931
43, 5, 94, 6.46072, 1.01337
44, 6, 94, 6.2908, 1.05937
45, 6, 93, 7.05399, 1.06459
46, 6, 93, 6.68046, 1.10559
47, 6, 93, 6.30693, 1.15676
48, 6, 93, 6.15399, 1.1982
49, 6, 93, 6.00106, 1.24105
50, 6, 92, 6.76426, 1.26564
51, 6, 91, 7.52745, 1.29905
52, 6, 91, 7.15392, 1.34534
53, 6, 91, 6.78039, 1.3837
54, 6, 91, 6.62745, 1.42126
55, 6, 91, 6.47452, 1.43745
56, 6, 90, 7.23772, 1.442
57, 6, 90, 6.86419, 1.44685
58, 6, 90, 6.49065, 1.47675
59, 6, 90, 6.33772, 1.50937
60, 6, 90, 6.18479, 1.54934
61, 6, 89, 6.37452, 1.5917
62, 6, 88, 6.56426, 1.60613
63, 6, 87, 6.75399, 1.66057
64, 6, 87, 6.64349, 1.66585
65, 6, 86, 7.40669, 1.722
66, 6, 85, 8.16989, 1.76331
67, 6, 85, 7.79635, 1.8336
68, 6, 85, 7.42282, 1.88207
69, 6, 85, 7.26989, 1.9224
70, 6, 85, 7.11696, 1.92769
71, 6, 84, 7.88015, 1.98677
72, 6, 83, 8.64335, 1.99775
73, 6, 82, 9.40655, 2.02074
74, 6, 82, 9.03301, 2.03736
75, 6, 82, 8.65948, 2.04221
76, 6, 82, 8.50655, 2.06377
77, 6, 82, 8.35361, 2.08789
78, 6, 81, 9.35361, 2.09286
79, 6, 81, 8.93858, 2.11965
80, 6, 81, 8.76865, 2.1639
81, 6, 80, 9.53185, 2.16869
82, 6, 80, 9.15832, 2.21552
83, 6, 80, 8.78478, 2.26591
84, 6, 80, 8.63185, 2.28512
85, 6, 80, 8.47892, 2.29011
86, 6, 79, 9.24211, 2.33115
87, 6, 78, 10.0053, 2.35471
88, 6, 77, 10.7685, 2.4002
89, 6, 77, 10.395, 2.43014
90, 6, 77, 10.0214, 2.43525
91, 6, 77, 9.86851, 2.44815
92, 6, 77, 9.71558, 2.51346
93, 6, 76, 10.4788, 2.5241
94, 6, 76, 10.1052, 2.55068
95, 6, 76, 9.73171, 2.58337
96, 6, 76, 9.57877, 2.61645
97, 6, 76, 9.42584, 2.63403
98, 6, 76, 9.34204, 2.65795
99, 7, 75, 10.342, 2.66968
100, 8, 75, 9.927, 2.6753
101, 9, 75, 9.75708, 2.72059
102, 9, 74, 10.5203, 2.73833
103, 9, 73, 11.5203, 2.74329
104, 9, 73, 11.1052, 2.76188
105, 9, 73, 10.9353, 2.80006
106, 9, 72, 11.9353, 2.83236
107, 9, 72, 11.5203, 2.83746
108, 9, 72, 11.3504, 2.86747
109, 9, 71, 12.1135, 2.8933
110, 9, 71, 11.74, 2.90709
111, 9, 71, 11.3665, 2.95736
112, 9, 71, 11.2135, 2.96793
113, 9, 71, 11.0606, 3.00552
114, 9, 70, 11.8238, 3.06404
115, 9, 69, 12.8238, 3.09638
116, 9, 69, 12.4088, 3.13424
117, 9, 69, 12.2389, 3.14679
118, 9, 68, 13.002, 3.19758
119, 9, 68, 12.6285, 3.22861
120, 9, 68, 12.255, 3.2603
121, 9, 68, 12.102, 3.28793
122, 9, 68, 11.9491, 3.2934
123, 10, 68, 11.856, 3.31952
124, 10, 68, 11.7722, 3.32484
125, 10, 68, 11.6791, 3.33957
126, 10, 68, 11.586, 3.39822
127, 10, 68, 11.5022, 3.42627
128, 10, 68, 11.4184, 3.45886
129, 10, 68, 11.3346, 3.5296
130, 10, 68, 11.2508, 3.59387
131, 10, 67, 11.0186, 3.62257
132, 10, 66, 12.3668, 3.62818
133, 10, 65, 13.13, 3.64633
134, 10, 64, 13.8932, 3.6612
135, 10, 63, 14.6564, 3.66644
136, 10, 62, 15.6564, 3.6775
137, 10, 62, 15.2413, 3.70044
138, 10, 62, 15.0714, 3.79097
139, 10, 61, 15.8346, 3.82616
140, 10, 61, 15.4611, 3.86163
141, 10, 61, 15.0875, 3.90359
142, 10, 61, 14.9346, 3.91766
143, 10, 61, 14.7817, 3.92262
144, 10, 60, 15.5449, 3.93188
145, 10, 60, 15.1713, 3.96189
146, 10, 60, 14.7978, 3.982
147, 10, 60, 14.6449, 4.00502
148, 10, 59, 14.8862, 4.03461
149, 10, 58, 15.6494, 4.09494
150, 10, 57, 16.4126, 4.12688
151, 10, 57, 16.0391, 4.16492
152, 10, 57, 15.6655, 4.17518
153, 10, 57, 15.5126, 4.19689
154, 10, 57, 15.3597, 4.22371
155, 10, 56, 16.3597, 4.22894
156, 10, 56, 15.9446, 4.24335
157, 10, 56, 15.7747, 4.25049
158, 10, 56, 15.5702, 4.25603
159, 10, 55, 16.3334, 4.29464
160, 10, 55, 15.9598, 4.32119
161, 10, 55, 15.5863, 4.33342
162, 10, 55, 15.4334, 4.3387
163, 10, 55, 15.2804, 4.36081
164, 10, 54, 16.2804, 4.36633
165, 10, 54, 15.8654, 4.37178
166, 10, 54, 15.6955, 4.41938
167, 10, 53, 16.4587, 4.47348
168, 10, 53, 15.9737, 4.4977
169, 10, 53, 15.6002, 4.54981
170, 10, 53, 15.3956, 4.57576
171, 10, 52, 16.3956, 4.58101
172, 10, 52, 15.9806, 4.59728
173, 10, 52, 15.8107, 4.6138
174, 10, 52, 15.7269, 4.61877
175, 10, 51, 16.4901, 4.64798
176, 10, 50, 17.2533, 4.66007
177, 10, 50, 16.8797, 4.68863
178, 10, 50, 16.5062, 4.7029
179, 10, 50, 16.3533, 4.7082
180, 10, 50, 16.2003, 4.72765
181, 11, 49, 17.2003, 4.74827
182, 12, 49, 16.7853, 4.76177
183, 13, 49, 16.6154, 4.7737
184, 14, 49, 16.5222, 4.79329
185, 14, 49, 16.4385, 4.81382
186, 14, 49, 16.3547, 4.81912
187, 14, 48, 17.1178, 4.82423
188, 14, 47, 16.8857, 4.85879
189, 14, 46, 18.2338, 4.87257
190, 14, 45, 18.0016, 4.90599
191, 14, 44, 19.3498, 4.91882
192, 14, 43, 20.3498, 4.96415
193, 14, 43, 19.9347, 4.96978
194, 14, 43, 19.7648, 4.99325
195, 14, 42, 20.528, 5.02933
196, 14, 41, 20.2958, 5.04634
197, 14, 40, 21.644, 5.05212
198, 14, 39, 22.4072, 5.10664
199, 14, 39, 22.0336, 5.14646
200, 14, 39, 21.6601, 5.15799
201, 14, 39, 21.5072, 5.17555
202, 14, 39, 21.3542, 5.23383
203, 14, 38, 22.3542, 5.27925
204, 14, 38, 21.9392, 5.28501
205, 14, 38, 21.7693, 5.33586
206, 14, 38, 21.6855, 5.34136
207, 15, 38, 21.5924, 5.41494
208, 15, 38, 21.1074, 5.45076
209, 15, 38, 20.6225, 5.47723
210, 15, 38, 20.2489, 5.5253
211, 15, 38, 20.0444, 5.55469
212, 15, 38, 19.8915, 5.58522
213, 15, 38, 19.4065, 5.60221
214, 15, 38, 19.3227, 5.64863
215, 15, 38, 19.2389, 5.70819
216, 15, 38, 19.1551, 5.72736
217, 15, 38, 19.062, 5.76911
218, 15, 38, 18.9689, 5.78739
219, 15, 37, 19.1586, 5.81914
220, 15, 37, 19.1056, 5.90631
221, 16, 37, 19.0467, 5.93336
222, 16, 37, 18.8422, 5.95446
223, 16, 37, 18.7491, 6.02317
224, 16, 36, 18.9388, 6.08167
225, 16, 36, 19.1018, 6.09593
226, 16, 36, 19.0429, 6.11127
227, 16, 36, 18.9324, 6.1253
228, 16, 36, 18.8651, 6.14918
229, 16, 36, 18.7813, 6.18675
230, 16, 36, 18.6882, 6.25029
231, 16, 36, 18.6044, 6.28116
232, 16, 36, 18.4515, 6.32557
233, 16, 36, 18.3583, 6.36496
234, 16, 36, 18.2652, 6.37028
235, 16, 36, 18.0607, 6.44128
236, 17, 36, 17.9676, 6.47022
237, 17, 36, 17.8838, 6.5265
238, 17, 36, 17.8, 6.54162
239, 17, 36, 17.7162, 6.59923
240, 17, 36, 17.6324, 6.64394
241, 17, 36, 17.5393, 6.65628
242, 17, 36, 17.4555, 6.66177
243, 17, 36, 17.3717, 6.66702
244, 17, 36, 17.2879, 6.69016
245, 17, 36, 17.2041, 6.76614
246, 17, 36, 17.1203, 6.81134
247, 17, 36, 17.0365, 6.84616
248, 17, 36, 16.9527, 6.88399
249, 17, 36, 16.8422, 6.88921
250, 17, 36, 16.6377, 6.93781
251, 17, 36, 16.5847, 6.96416
252, 17, 36, 16.5009, 6.96928
253, 17, 36, 16.4171, 6.99139
254, 17, 36, 16.3333, 6.99662
255, 17, 36, 16.2228, 7.00984
256, 17, 36, 16.139, 7.03758
257, 17, 36, 16.0285, 7.0746
258, 17, 36, 15.9755, 7.11624
259, 17, 36, 15.8824, 7.16407
260, 17, 36, 15.7719, 7.18449
261, 17, 36, 15.6881, 7.18985
262, 17, 36, 15.5949, 7.20153
263, 17, 36, 15.5018, 7.21803
264, 17, 36, 15.3489, 7.24778
265, 17, 36, 15.2384, 7.29863
266, 17, 35, 15.4014, 7.3217
267, 17, 35, 15.3425, 7.37364
268, 17, 35, 15.2836, 7.39993
269, 17, 35, 15.1999, 7.40509
270, 17, 35, 15.1161, 7.41042
271, 17, 35, 15.0323, 7.45459
272, 17, 35, 14.9793, 7.49266
273, 17, 35, 14.9262, 7.53819
274, 17, 35, 14.8674, 7.57053
275, 17, 35, 14.8143, 7.65245
276, 17, 35, 14.7613, 7.68565
277, 17, 35, 14.7248, 7.69148
278, 17, 35, 14.6718, 7.71115
279, 17, 35, 14.6129, 7.72398
280, 17, 35, 14.554, 7.74421
281, 17, 35, 14.4435, 7.79143
282, 17, 35, 14.3846, 7.82506
283, 17, 35, 14.3172, 7.86661
284, 18, 35, 14.2583, 7.92808
285, 18, 35, 14.2053, 7.99086
286, 18, 35, 14.1613, 8.01927
287, 18, 35, 14.1082, 8.03926
288, 18, 35, 14.0409, 8.04489
289, 19, 35, 14.0003, 8.07698
290, 19, 35, 13.9473, 8.0962
291, 19, 35, 13.8943, 8.15107
292, 19, 35, 13.8577, 8.16172
293, 19, 35, 13.8047, 8.16724
294, 19, 35, 13.7517, 8.1725
295, 20, 35, 13.6928, 8.20225
296, 20, 35, 13.6398, 8.20842
297, 20, 35, 13.5868, 8.22679
298, 20, 35, 13.5338, 8.23909
299, 21, 35, 13.4749, 8.28052
300, 21, 35, 13.3911, 8.30742
301, 21, 35, 13.2806, 8.63571
302, 21, 35, 13.2276, 8.66083
303, 21, 35, 13.1746, 8.68249
304, 21, 35, 13.1216, 8.70098
305, 21, 35, 13.0686, 8.72366
306, 21, 35, 13.0156, 8.75595
307, 21, 35, 12.9567, 8.78932
308, 21, 34, 13.1197, 8.90505
309, 21, 34, 13.0831, 8.94321
310, 22, 34, 13.0425, 8.97394
311, 22, 34, 12.9895, 9.00077
312, 22, 34, 12.9057, 9.03285
313, 22, 34, 12.8383, 9.05568
314, 22, 34, 12.7942, 9.08409
315, 22, 34, 12.7577, 9.10973
316, 22, 34, 12.7047, 9.13925
317, 22, 34, 12.6517, 9.17956
318, 22, 34, 12.5843, 9.18509
319, 22, 34, 12.5313, 9.20309
320, 22, 34, 12.464, 9.20866
321, 22, 34, 12.411, 9.21388
322, 22, 34, 12.358, 9.25381
323, 22, 34, 12.3214, 9.27126
324, 22, 34, 12.2109, 9.32678
325, 22, 34, 12.0597, 9.35914
326, 22, 34, 12.0008, 9.38838
327, 22, 34, 11.9419, 9.39986
328, 22, 34, 11.9013, 9.46651
329, 22, 34, 11.8607, 9.47189
330, 22, 34, 11.7933, 9.49399
331, 22, 34, 11.7567, 9.52783
332, 22, 34, 11.7037, 9.53296
333, 22, 34, 11.8668, 9.58691
334, 22, 34, 11.8261, 9.62944
335, 22, 34, 11.782, 9.67802
336, 22, 34, 11.9044, 9.71327
337, 22, 34, 11.8604, 9.73353
338, 22, 34, 11.8073, 9.79132
339, 22, 34, 11.7708, 9.80759
340, 22, 34, 11.7342, 9.8345
341, 22, 34, 11.6976, 9.87388
342, 22, 34, 11.661, 9.9189
343, 22, 34, 11.6245, 9.96215
344, 22, 34, 11.5977, 9.97056
345, 22, 34, 11.5447, 9.99944
346, 22, 34, 11.4917, 10.0629
347, 22, 34, 11.4615, 10.0843
348, 22, 34, 11.4249, 10.121
349, 22, 34, 11.3883, 10.1507
350, 22, 34, 11.3615, 10.1593
351, 23, 34, 11.3209, 10.1815
352, 23, 34, 11.2843, 10.2106
353, 23, 34, 11.217, 10.2168
354, 23, 34, 11.1804, 10.2475
355, 23, 34, 11.1397, 10.2698
356, 23, 34, 11.0991, 10.2996
357, 23, 34, 11.0723, 10.3349
358, 24, 34, 11.0426, 10.3689
359, 24, 34, 11.165, 10.4213
360, 24, 34, 11.1382, 10.4756
361, 24, 34, 11.0941, 10.4916
362, 24, 34, 11.0535, 10.5201
363, 24, 34, 11.0232, 10.5259
364, 24, 34, 10.9965, 10.5378
365, 24, 34, 10.9599, 10.5735
366, 24, 34, 11.0823, 10.6269
367, 24, 34, 11.0457, 10.6607
368, 25, 34, 11.0051, 10.6837
369, 25, 34, 10.9685, 10.7176
370, 25, 34, 10.9319, 10.7495
371, 25, 34, 10.9051, 10.7748
372, 25, 34, 10.8645, 10.8329
373, 25, 34, 10.7674, 10.8508
374, 25, 34, 10.7144, 10.8863
375, 25, 34, 10.6876, 10.8921
376, 25, 34, 10.651, 10.8975
377, 25, 34, 10.598, 10.9034
378, 25, 34, 10.5713, 10.9202
379, 25, 34, 10.5124, 10.9715
380, 25, 34, 10.4535, 10.9774
381, 25, 34, 10.4169, 11.0065
382, 25, 34, 10.3763, 11.0496
383, 25, 34, 10.3089, 11.0771
384, 25, 34, 10.2683, 11.0825
385, 25, 34, 10.2276, 11.132
386, 25, 34, 10.1911, 11.1493
387, 25, 34, 10.1706, 11.1756
388, 25, 34, 10.1438, 11.2013
389, 25, 34, 10.1171, 11.207
390, 25, 34, 10.0805, 11.2257
391, 25, 34, 10.0507, 11.232
392, 25, 34, 10.0067, 11.2378
393, 25, 34, 9.97691, 11.2681
394, 25, 34, 9.94716, 11.2736
395, 25, 34, 9.92039, 11.3215
396, 26, 34, 9.89064, 11.3426
397, 26, 34, 9.85406, 11.3982
398, 26, 34, 9.81749, 11.4287
399, 26, 34, 9.78726, 11.4344
400, 26, 34, 9.76048, 11.4587
401, 26, 34, 9.73371, 11.4777
402, 26, 34, 9.66691, 11.4837
403, 26, 34, 9.62626, 11.495
404, 26, 34, 9.58562, 11.5006
405, 26, 34, 9.54154, 11.5064
406, 26, 34, 9.50496, 11.5118
407, 26, 34, 9.47521, 11.5607
408, 26, 34, 9.44546, 11.6021
409, 26, 34, 9.41524, 11.6458
410, 27, 34, 9.38549, 11.7014
411, 27, 34, 9.34891, 11.7182
412, 27, 34, 9.31233, 11.7913
413, 27, 34, 9.29188, 11.7974
414, 27, 34, 9.26511, 11.8031
415, 27, 34, 9.24466, 11.8339
416, 27, 34, 9.21789, 11.8394
417, 27, 34, 9.18814, 11.8454
418, 27, 34, 9.1584, 11.878
419, 27, 34, 9.12817, 11.8957
420, 27, 34, 9.09842, 11.9015
421, 27, 34, 9.07704, 11.9615
422, 27, 34, 9.0566, 11.9757
423, 27, 34, 9.02982, 11.9893
424, 27, 34, 8.99324, 12.0365
425, 27, 34, 8.95667, 12.0535
426, 28, 34, 8.93395, 12.1212
427, 28, 34, 8.91782, 12.1563
428, 28, 34, 8.89104, 12.2016
429, 28, 34, 8.86427, 12.2505
430, 28, 34, 8.84382, 12.2872
431, 29, 34, 8.81408, 12.3168
432, 29, 34, 8.7775, 12.364
433, 29, 34, 8.73341, 12.3844
434, 29, 34, 8.70664, 12.4012
435, 29, 34, 8.66255, 12.4072
436, 30, 34, 8.63983, 12.4293
437, 30, 34, 8.61306, 12.4743
438, 30, 34, 8.51597, 12.5481
439, 30, 34, 8.41888, 12.609
440, 30, 34, 8.3823, 12.6146
441, 30, 34, 8.23116, 12.6533
442, 31, 34, 8.20844, 12.6805
443, 31, 34, 8.11135, 12.7288
444, 31, 34, 8.0816, 12.7556
445, 31, 34, 8.05138, 12.7863
446, 31, 34, 8.03, 12.8021
447, 31, 34, 7.99342, 12.8079
448, 31, 34, 7.92662, 12.8362
449, 31, 34, 7.85981, 12.8482
450, 31, 34, 7.83006, 12.854
451, 31, 34, 7.80031, 12.8722
452, 31, 34, 7.77354, 12.9082
453, 31, 34, 7.75082, 12.9135
454, 31, 34, 7.72944, 12.9289
455, 31, 34, 7.70807, 12.9687
456, 31, 34, 7.68129, 13.0104
457, 31, 34, 7.66085, 13.0668
458, 31, 34, 7.6311, 13.073
459, 31, 34, 7.61065, 13.0784
460, 31, 34, 7.58388, 13.1233
461, 31, 34, 7.55711, 13.164
462, 31, 34, 7.54168, 13.1864
463, 31, 34, 7.52123, 13.2174
464, 32, 34, 7.49851, 13.2508
465, 32, 34, 7.47806, 13.2965
466, 32, 34, 7.42991, 13.3027
467, 32, 34, 7.39333, 13.3085
468, 32, 34, 7.36656, 13.3291
469, 32, 34, 7.34611, 13.3554
470, 32, 34, 7.31934, 13.3631
471, 32, 34, 7.29889, 13.4064
472, 32, 34, 7.27844, 13.4389
473, 32, 34, 7.25167, 13.4445
474, 32, 34, 7.23122, 13.4568
475, 32, 34, 7.21509, 13.4746
476, 32, 34, 7.19237, 13.5549
477, 32, 33, 7.32918, 13.5997
478, 32, 33, 7.2933, 13.6365
479, 32, 33, 7.27192, 13.6422
480, 32, 33, 7.24515, 13.6628
481, 32, 33, 7.21838, 13.6788
482, 32, 33, 7.20225, 13.7275
483, 32, 33, 7.1818, 13.7336
484, 32, 33, 7.16135, 13.7396
485, 32, 33, 7.1409, 13.7477
486, 32, 33, 7.11413, 13.7811
487, 32, 33, 7.0839, 13.8318
488, 32, 33, 7.06345, 13.852
489, 32, 33, 7.04073, 13.8863
490, 32, 33, 7.01801, 13.9293
491, 32, 33, 6.98778, 13.9576
492, 32, 33, 6.96101, 13.9943
493, 32, 33, 6.94488, 14.0271
494, 32, 33, 6.92443, 14.0625
495, 32, 33, 6.90901, 14.0964
496, 32, 32, 7.04581, 14.1062
497, 32, 32, 7.02536, 14.1358
498, 32, 31, 7.16655, 14.1573
499, 32, 31, 7.15042, 14.1831
500, 32, 31, 7.13737, 14.2279
501, 32, 31, 7.11465, 14.2935
502, 32, 31, 7.09922, 14.361
503, 32, 31, 7.07245, 14.3674
504, 32, 31, 7.04973, 14.4229
505, 32, 31, 7.02701, 14.4865
506, 32, 31, 7.00023, 14.5072
507, 32, 31, 6.97283, 14.5279
508, 32, 31, 6.9574, 14.5549
509, 32, 31, 6.94435, 14.6047
510, 32, 31, 6.9313, 14.6289
511, 32, 31, 6.91086, 14.6403
512, 32, 31, 6.89473, 14.6781
513, 32, 31, 6.8786, 14.7195
514, 32, 31, 6.84837, 14.7531
515, 32, 31, 6.82792, 14.779
516, 32, 31, 6.8052, 14.8172
517, 32, 31, 6.78382, 14.8529
518, 32, 31, 6.76337, 14.8876
519, 32, 31, 6.74725, 14.9077
520, 32, 31, 6.72453, 14.9329
521, 32, 31, 6.7018, 14.9574
522, 32, 30, 6.83861, 14.9875
523, 32, 30, 6.82248, 14.993
524, 32, 30, 6.80705, 15.0282
525, 32, 30, 6.78913, 15.0849
526, 32, 30, 6.77121, 15.0903
527, 32, 30, 6.75816, 15.1545
528, 32, 30, 6.73771, 15.1879
529, 32, 30, 6.72158, 15.2323
530, 32, 30, 6.70545, 15.2787
531, 32, 30, 6.68753, 15.2883
532, 32, 30, 6.6721, 15.3378
533, 32, 30, 6.65165, 15.3773
534, 32, 30, 6.63552, 15.4209
535, 32, 30, 6.60529, 15.4685
536, 33, 30, 6.58737, 15.5154
537, 33, 30, 6.56692, 15.5427
538, 33, 30, 6.55079, 15.6233
539, 33, 30, 6.52807, 15.6625
540, 33, 30, 6.50535, 15.703
541, 33, 30, 6.48397, 15.7386
542, 33, 30, 6.46353, 15.7544
543, 33, 29, 6.60281, 15.8136
544, 33, 29, 6.58738, 15.88
545, 33, 29, 6.56693, 15.9225
546, 33, 29, 6.5508, 15.9333
547, 33, 29, 6.48399, 15.9394
548, 33, 29, 6.43584, 15.9454
549, 33, 29, 6.41447, 15.9514
550, 34, 29, 6.39654, 15.9985
551, 34, 29, 6.3761, 16.0314
552, 34, 29, 6.36305, 16.051
553, 34, 29, 6.34692, 16.084
554, 34, 29, 6.32647, 16.1117
555, 34, 29, 6.22938, 16.16
556, 35, 29, 6.21146, 16.1752
557, 35, 29, 6.16331, 16.1933
558, 35, 29, 6.14788, 16.2098
559, 35, 29, 6.09973, 16.2355
560, 35, 29, 6.08181, 16.2931
561, 35, 29, 6.015, 16.3718
562, 35, 29, 5.99887, 16.3912
563, 35, 29, 5.9876, 16.428
564, 36, 29, 5.9731, 16.4703
565, 36, 29, 5.93722, 16.4878
566, 36, 29, 5.92595, 16.5034
567, 36, 29, 5.90457, 16.5418
568, 36, 28, 6.04138, 16.5479
569, 37, 28, 6.02688, 16.5987
570, 37, 28, 6.01075, 16.6047
571, 37, 28, 5.99282, 16.6247
572, 37, 28, 5.97669, 16.6752
573, 37, 27, 6.1142, 16.711
574, 37, 27, 6.09375, 16.7167
575, 37, 27, 6.08248, 16.7549
576, 37, 27, 6.06943, 16.7776
577, 38, 27, 6.05151, 16.7939
578, 38, 27, 6.03846, 16.8211
579, 38, 27, 6.02303, 16.8448
580, 39, 27, 6.00853, 16.9072
581, 39, 27, 5.99548, 16.936
582, 39, 27, 5.98421, 16.9563
583, 39, 27, 5.96808, 16.9812
584, 39, 27, 5.9573, 16.9871
585, 40, 27, 5.94533, 17.0545
586, 40, 27, 5.93455, 17.0847
587, 40, 27, 5.91323, 17.109
588, 40, 27, 5.89531, 17.1252
589, 40, 27, 5.87738, 17.1582
590, 40, 27, 5.86611, 17.1726
591, 40, 27, 5.84566, 17.2084
592, 40, 27, 5.82522, 17.2231
593, 40, 27, 5.80909, 17.2809
594, 40, 26, 5.94659, 17.3155
595, 40, 26, 5.92521, 17.3281
596, 41, 26, 5.91071, 17.3568
597, 41, 26, 5.89458, 17.3796
598, 41, 26, 5.88331, 17.3855
599, 41, 26, 5.87254, 17.4309
600, 41, 25, 6.01182, 17.4535
601, 41, 25, 5.99877, 17.5116
602, 41, 25, 5.97832, 17.5173
603, 41, 25, 5.96705, 17.5404
604, 41, 25, 5.95092, 17.5563
605, 41, 25, 5.94014, 17.5921
606, 41, 25, 5.93187, 17.625
607, 41, 25, 5.91394, 17.6542
608, 41, 25, 5.9009, 17.7187
609, 41, 25, 5.88297, 17.7446
610, 41, 25, 5.86505, 17.772
611, 41, 25, 5.852, 17.8184
612, 41, 25, 5.83587, 17.8424
613, 41, 25, 5.82044, 17.8588
614, 41, 25, 5.80594, 17.8642
615, 41, 25, 5.79517, 17.8697
616, 41, 25, 5.78067, 17.894
617, 41, 25, 5.76617, 17.9107
618, 41, 25, 5.75539, 17.9654
619, 41, 25, 5.74234, 17.9711
620, 41, 25, 5.73628, 17.9764
621, 41, 25, 5.72015, 18.0023
622, 41, 25, 5.70402, 18.0548
623, 41, 25, 5.78303, 18.0845
624, 41, 25, 5.77475, 18.0951
625, 41, 24, 5.91156, 18.1411
626, 41, 24, 5.90028, 18.1686
627, 41, 24, 5.88901, 18.2125
628, 41, 24, 5.87451, 18.2573
629, 41, 24, 5.86001, 18.2715
630, 41, 24, 5.84924, 18.2871
631, 41, 23, 5.98852, 18.3073
632, 41, 23, 5.97402, 18.3198
633, 41, 23, 5.96097, 18.3436
634, 41, 23, 5.94792, 18.3594
635, 41, 23, 5.93665, 18.3762
636, 41, 23, 5.92122, 18.4213
637, 41, 23, 5.90579, 18.4551
638, 41, 23, 5.89274, 18.4913
639, 41, 23, 5.87482, 18.5085
640, 41, 23, 5.8569, 18.5285
641, 41, 23, 5.84077, 18.5527
642, 41, 23, 5.80489, 18.5586
643, 41, 23, 5.84239, 18.5997
644, 41, 23, 5.82789, 18.617
645, 41, 23, 5.81339, 18.6649
646, 41, 23, 5.78599, 18.7041
647, 41, 23, 5.77294, 18.7363
648, 41, 23, 5.76467, 18.772
649, 41, 23, 5.75389, 18.7779
650, 41, 23, 5.74084, 18.7874
651, 41, 23, 5.72634, 18.8173
652, 41, 23, 5.71807, 18.8331
653, 41, 23, 5.70979, 18.8724
654, 41, 23, 5.70151, 18.9529
655, 42, 23, 5.68954, 18.9628
656, 42, 23, 5.66214, 18.9907
657, 42, 23, 5.61399, 19.0098
658, 42, 23, 5.60094, 19.0566
659, 42, 23, 5.58967, 19.0812
660, 42, 23, 5.58139, 19.1108
661, 42, 23, 5.56834, 19.1474
662, 42, 23, 5.55637, 19.1743
663, 42, 23, 5.54732, 19.1921
664, 42, 23, 5.53535, 19.1979
665, 42, 23, 5.52338, 19.2215
666, 42, 23, 5.51433, 19.2374
667, 42, 23, 5.50355, 19.2432
668, 42, 23, 5.4905, 19.2765
669, 42, 23, 5.44265, 19.3117
670, 42, 23, 5.41525, 19.3375
671, 42, 23, 5.40328, 19.3532
672, 42, 23, 5.39131, 19.3677
673, 42, 23, 5.38053, 19.3906
674, 42, 23, 5.36856, 19.3962
675, 42, 23, 5.37547, 19.4191
676, 42, 23, 5.45448, 19.4676
677, 42, 23, 5.43316, 19.4895
678, 42, 23, 5.41183, 19.4948
679, 42, 23, 5.3964, 19.5035
680, 42, 23, 5.40332, 19.528
681, 42, 23, 5.39205, 19.5451
682, 43, 23, 5.38007, 19.553
683, 44, 23, 5.37002, 19.5641
684, 44, 23, 5.36097, 19.5754
685, 44, 23, 5.40939, 19.6134
686, 44, 23, 5.39934, 19.6393
687, 44, 23, 5.38928, 19.6451
688, 44, 22, 5.53106, 19.6527
689, 44, 22, 5.50685, 19.6714
690, 44, 22, 5.49607, 19.6814
691, 44, 22, 5.48779, 19.7077
692, 44, 22, 5.47652, 19.7175
693, 44, 22, 5.46347, 19.7408
694, 44, 22, 5.4552, 19.7613
695, 44, 22, 5.44322, 19.7669
696, 44, 22, 5.45014, 19.7725
697, 44, 22, 5.43936, 19.7782
698, 44, 22, 5.42809, 19.7839
699, 44, 22, 5.42203, 19.8024
700, 44, 22, 5.41764, 19.8334
701, 44, 22, 5.41157, 19.8664
702, 45, 22, 5.3996, 19.8845
703, 45, 22, 5.38347, 19.9165
704, 45, 22, 5.36897, 19.9453
705, 45, 22, 5.35447, 19.9513
706, 45, 22, 5.3462, 19.9681
707, 45, 22, 5.33715, 19.9982
708, 45, 22, 5.32172, 20.014
709, 45, 22, 5.30867, 20.0347
710, 45, 22, 5.29254, 20.0996
711, 45, 22, 5.27804, 20.1472
712, 45, 22, 5.2612, 20.1679
713, 45, 22, 5.24923, 20.181
714, 45, 22, 5.23726, 20.2134
715, 45, 22, 5.22421, 20.2321
716, 45, 22, 5.21116, 20.2374
717, 45, 22, 5.20288, 20.2432
718, 45, 22, 5.1946, 20.2567
719, 45, 22, 5.18383, 20.2918
720, 45, 22, 5.17478, 20.3279
721, 45, 22, 5.16872, 20.3342
722, 45, 22, 5.15675, 20.3512
723, 45, 22, 5.14477, 20.3621
724, 45, 22, 5.1365, 20.3708
725, 45, 22, 5.12745, 20.4078
726, 45, 22, 5.11548, 20.4233
727, 45, 22, 5.10941, 20.4357
728, 46, 22, 5.09936, 20.4661
729, 46, 22, 5.08858, 20.4868
730, 46, 22, 5.07781, 20.5132
731, 46, 22, 5.06876, 20.5538
732, 46, 22, 5.05571, 20.5769
733, 46, 22, 5.04744, 20.6193
734, 46, 22, 5.03839, 20.6413
735, 46, 22, 5.02934, 20.6467
736, 46, 22, 5.02328, 20.6904
737, 46, 22, 5.01557, 20.7045
738, 46, 22, 5.0048, 20.71
739, 46, 22, 4.99873, 20.7482
740, 46, 22, 4.98529, 20.7585
741, 46, 22, 4.97451, 20.785
742, 46, 22, 4.96446, 20.8166
743, 46, 22, 4.96007, 20.8223
744, 46, 22, 4.95102, 20.8362
745, 46, 22, 4.94496, 20.8617
746, 46, 22, 4.9349, 20.9161
747, 46, 22, 4.93051, 20.9216
748, 46, 22, 4.92046, 20.9275
749, 46, 22, 4.9104, 21.0035
750, 46, 22, 4.9027, 21.0157
751, 46, 22, 4.94374, 21.0422
752, 46, 22, 4.93469, 21.0808
753, 46, 22, 4.92564, 21.1161
754, 46, 22, 4.91437, 21.1407
755, 47, 22, 4.90431, 21.1677
756, 47, 22, 4.89661, 21.1819
757, 47, 22, 4.8889, 21.2017
758, 47, 22, 4.88284, 21.2136
759, 47, 22, 4.86151, 21.2603
760, 47, 22, 4.85146, 21.2768
761, 47, 22, 4.83462, 21.3021
762, 47, 22, 4.81475, 21.3234
763, 47, 22, 4.80348, 21.3823
764, 47, 22, 4.79521, 21.4002
765, 47, 22, 4.78616, 21.4059
766, 47, 22, 4.7776, 21.4217
767, 47, 22, 4.7707, 21.4274
768, 47, 22, 4.763, 21.433
769, 47, 22, 4.75472, 21.4707
770, 47, 22, 4.71727, 21.5063
771, 47, 22, 4.70383, 21.5317
772, 47, 22, 4.69038, 21.5414
773, 47, 22, 4.6973, 21.5529
774, 47, 22, 4.68959, 21.6043
775, 48, 22, 4.68103, 21.6476
776, 48, 22, 4.67439, 21.685
777, 48, 22, 4.66357, 21.6959
778, 48, 22, 4.65751, 21.7128
779, 48, 22, 4.64673, 21.7588
780, 48, 22, 4.63368, 21.7838
781, 48, 22, 4.62291, 21.7892
782, 48, 22, 4.61851, 21.8304
783, 48, 22, 4.61162, 21.8671
784, 48, 22, 4.60723, 21.8831
785, 49, 22, 4.59717, 21.9335
786, 49, 22, 4.5864, 21.9728
787, 49, 22, 4.57812, 22.0582
788, 49, 22, 4.57373, 22.1014
789, 49, 22, 4.56295, 22.1371
790, 49, 22, 4.5529, 22.1539
791, 49, 22, 4.54285, 22.1668
792, 49, 22, 4.53845, 22.1876
793, 49, 22, 4.5294, 22.202
794, 49, 22, 4.51935, 22.2642
795, 49, 22, 4.51164, 22.2904
796, 49, 22, 4.50159, 22.3074
797, 49, 22, 4.49154, 22.313
798, 49, 21, 4.6363, 22.3308
799, 49, 21, 4.63024, 22.3367
800, 49, 21, 4.61947, 22.3421
801, 49, 21, 4.61635, 22.3858
802, 49, 21, 4.6073, 22.3913
803, 49, 20, 4.74658, 22.4135
804, 49, 20, 4.74447, 22.461
805, 50, 20, 4.7359, 22.479
806, 50, 20, 4.72685, 22.4975
807, 50, 20, 4.71829, 22.5632
808, 50, 20, 4.70973, 22.5783
809, 50, 20, 4.70534, 22.5839
810, 50, 20, 4.6885, 22.5964
811, 50, 20, 4.64065, 22.6231
812, 51, 20, 4.63327, 22.6443
813, 51, 20, 4.62556, 22.6967
814, 51, 20, 4.6168, 22.708
815, 51, 20, 4.61369, 22.7372
816, 52, 20, 4.60513, 22.7725
817, 52, 20, 4.59608, 22.8012
818, 52, 20, 4.58703, 22.8721
819, 52, 20, 4.57827, 22.9054
820, 52, 20, 4.56971, 22.9561
821, 52, 20, 4.56115, 22.9619
822, 52, 20, 4.55425, 22.9788
823, 52, 20, 4.54655, 22.9847
824, 52, 20, 4.5375, 23.0281
825, 52, 20, 4.53144, 23.0563
826, 52, 20, 4.52704, 23.0621
827, 52, 20, 4.50718, 23.0679
828, 52, 20, 4.49947, 23.0734
829, 52, 20, 4.49341, 23.0933
830, 52, 20, 4.48259, 23.113
831, 52, 20, 4.47652, 23.1188
832, 53, 20, 4.46796, 23.1363
833, 53, 20, 4.45969, 23.1699
834, 53, 20, 4.45657, 23.196
835, 53, 20, 4.44752, 23.2017
836, 53, 20, 4.41764, 23.2155
837, 53, 20, 4.40907, 23.2393
838, 53, 20, 4.39563, 23.2523
839, 53, 20, 4.37917, 23.2848
840, 54, 20, 4.37179, 23.3051
841, 54, 20, 4.36408, 23.3271
842, 54, 20, 4.34761, 23.3387
843, 54, 20, 4.34097, 23.3445
844, 54, 20, 4.33241, 23.3828
845, 54, 20, 4.32385, 23.3978
846, 54, 20, 4.31945, 23.4397
847, 54, 20, 4.31207, 23.4536
848, 54, 20, 4.30331, 23.481
849, 54, 20, 4.29892, 23.4918
850, 54, 20, 4.29286, 23.5016
851, 54, 20, 4.28204, 23.5125
852, 54, 20, 4.27433, 23.531
853, 54, 20, 4.28981, 23.5371
854, 54, 20, 4.28317, 23.5615
855, 54, 20, 4.28183, 23.5922
856, 54, 20, 4.26839, 23.6184
857, 54, 20, 4.25757, 23.6513
858, 54, 20, 4.25019, 23.657
859, 54, 20, 4.24281, 23.6625
860, 54, 20, 4.28377, 23.6791
861, 54, 20, 4.28065, 23.7283
862, 54, 20, 4.2432, 23.7342
863, 54, 20, 4.23549, 23.7397
864, 54, 20, 4.2311, 23.7551
865, 54, 20, 4.22254, 23.7608
866, 54, 20, 4.2159, 23.7667
867, 54, 20, 4.21278, 23.8138
868, 54, 20, 4.20614, 23.8255
869, 54, 20, 4.22162, 23.8312
870, 54, 20, 4.2145, 23.8654
871, 54, 20, 4.21238, 23.8714
872, 54, 20, 4.20467, 23.8873
873, 54, 20, 4.19562, 23.9217
874, 54, 20, 4.18792, 23.9592
875, 54, 20, 4.1637, 23.9815
876, 54, 20, 4.18767, 24.0058
877, 54, 20, 4.18124, 24.0378
878, 54, 20, 4.17248, 24.0609
879, 54, 20, 4.16605, 24.0893
880, 54, 20, 4.15963, 24.0953
881, 54, 20, 4.14141, 24.112
882, 54, 20, 4.13562, 24.143
883, 54, 20, 4.12004, 24.1849
884, 55, 20, 4.11361, 24.2114
885, 55, 20, 4.10697, 24.2244
886, 55, 20, 4.10033, 24.2618
887, 55, 20, 4.09369, 24.3144
888, 55, 20, 4.08598, 24.3328
889, 55, 20, 4.08552, 24.3642
890, 55, 20, 4.07696, 24.37
891, 55, 20, 4.06839, 24.4221
892, 55, 20, 4.06175, 24.4281
893, 55, 20, 4.05299, 24.4476
894, 55, 20, 4.04217, 24.5023
895, 55, 20, 4.03447, 24.5179
896, 55, 20, 4.02783, 24.5237
897, 55, 20, 4.02343, 24.5614
898, 55, 20, 4.01487, 24.6115
899, 55, 20, 4.01175, 24.6661
900, 56, 20, 4.00438, 24.6873
901, 56, 20, 3.99859, 24.7544
902, 56, 20, 3.99089, 24.7915
903, 56, 20, 4.0393, 24.8453
904, 56, 20, 4.03491, 24.878
905, 56, 20, 4.02147, 24.9293
906, 56, 20, 4.01271, 24.9914
907, 56, 20, 4.00692, 24.997
908, 56, 19, 4.155, 25.0128
909, 57, 19, 4.14858, 25.2989
910, 57, 19, 4.14349, 25.3052
911, 57, 19, 4.13637, 25.3116
912, 57, 19, 4.12973, 25.3586
913, 57, 19, 4.12235, 25.3646
914, 57, 19, 4.10982, 25.3965
915, 57, 19, 4.10317, 25.459
916, 57, 19, 4.09628, 25.4654
917, 57, 19, 4.0905, 25.5226
918, 57, 19, 4.0847, 25.5364
919, 57, 19, 4.07733, 25.542
920, 57, 19, 4.07599, 25.5907
921, 57, 19, 4.06935, 25.6125
922, 57, 19, 4.04513, 25.6666
923, 58, 19, 4.03775, 25.7381
924, 58, 19, 4.03004, 25.7476
925, 58, 19, 4.02266, 25.7852
926, 58, 19, 4.01529, 25.826
927, 58, 19, 4.00652, 25.8318
928, 59, 19, 4.0001, 25.8463
929, 59, 19, 3.99346, 25.8562
930, 59, 19, 3.99274, 25.9013
931, 59, 19, 3.9861, 25.9322
932, 59, 19, 3.98032, 25.9586
933, 59, 19, 3.97452, 25.9772
934, 59, 19, 3.9681, 26.0021
935, 59, 19, 3.96167, 26.0531
936, 59, 19, 3.95455, 26.0787
937, 59, 19, 3.94877, 26.1211
938, 59, 19, 3.94298, 26.1774
939, 59, 19, 3.9356, 26.2282
940, 59, 19, 3.92822, 26.3062
941, 59, 19, 3.92511, 26.3224
942, 59, 19, 3.91868, 26.3636
943, 59, 19, 3.9136, 26.3827
944, 59, 19, 3.90717, 26.4278
945, 59, 19, 3.90075, 26.4572
946, 59, 19, 3.89863, 26.5165
947, 60, 19, 3.8922, 26.5498
948, 60, 19, 3.88642, 26.5903
949, 60, 19, 3.93484, 26.6199
950, 60, 19, 3.93412, 26.6628
951, 60, 19, 3.92748, 26.6882
952, 60, 19, 3.92615, 26.7256
953, 60, 19, 3.91533, 26.7569
954, 60, 19, 3.88544, 26.8064
955, 61, 19, 3.87979, 26.8319
956, 61, 19, 3.87471, 26.8657
957, 61, 19, 3.86807, 26.8716
958, 61, 19, 3.86595, 26.9078
959, 61, 19, 3.88145, 26.9318
960, 61, 19, 3.87567, 26.9611
961, 61, 19, 3.89964, 26.9743
962, 61, 19, 3.89652, 26.9876
963, 61, 18, 4.04813, 27.0039
964, 61, 18, 4.04373, 27.02
965, 61, 18, 4.02386, 27.0516
966, 61, 18, 4.01228, 27.1078
967, 61, 18, 4.01017, 27.148
968, 62, 18, 4.00452, 27.1881
969, 62, 18, 4.0024, 27.2047
970, 62, 18, 3.99502, 27.2532
971, 62, 18, 3.98924, 27.2843
972, 62, 18, 3.98345, 27.3088
973, 62, 18, 3.96358, 27.3497
974, 62, 18, 3.9578, 27.3827
975, 62, 18, 3.95469, 27.4087
976, 62, 18, 3.95157, 27.4239
977, 62, 18, 3.93781, 27.4488
978, 62, 18, 3.93647, 27.4742
979, 62, 18, 3.92935, 27.4908
980, 62, 18, 3.92197, 27.5216
981, 62, 18, 3.9146, 27.5598
982, 62, 18, 3.90583, 27.6121
983, 62, 17, 4.05391, 27.6448
984, 62, 17, 4.0508, 27.6506
985, 62, 17, 4.04501, 27.6782
986, 62, 17, 4.03859, 27.6843
987, 62, 17, 4.03351, 27.69
988, 62, 17, 4.02842, 27.7066
989, 62, 17, 4.02392, 27.7411
990, 62, 17, 4.0175, 27.7574
991, 62, 17, 4.01171, 27.7854
992, 62, 17, 4.00295, 27.8415
993, 62, 17, 3.99583, 27.8681
994, 63, 17, 3.99019, 27.8838
995, 63, 17, 3.98707, 27.9119
996, 63, 17, 3.97625, 27.9255
997, 63, 17, 4.01275, 27.9316
998, 63, 17, 4.01142, 27.9877
999, 63, 17, 3.9872, 28.0193
