Seed is: 43
Number of samples is: 1000
Simulation name is: Simulation_4TV.sim
TimeStep, Distraction Rate, Missed States, Model Accuracy, Time (ms)
0, 0, 112, 0, 6.1e-05
1, 0, 111, 0.763197, 0.034426
2, 0, 110, 1.7632, 0.047832
3, 0, 110, 1.34816, 0.092847
4, 0, 110, 1.17823, 0.098568
5, 0, 109, 1.94143, 0.124027
6, 0, 109, 1.5679, 0.165826
7, 0, 109, 1.19436, 0.181196
8, 0, 109, 1.04143, 0.185995
9, 0, 109, 0.888499, 0.208417
10, 0, 108, 1.6517, 0.26734
11, 0, 107, 2.41489, 0.272249
12, 0, 107, 2.04136, 0.299351
13, 0, 107, 1.66783, 0.328606
14, 0, 107, 1.51489, 0.354405
15, 0, 107, 1.36196, 0.359155
16, 0, 106, 2.12516, 0.390324
17, 0, 105, 2.88836, 0.395534
18, 0, 104, 3.88836, 0.450739
19, 0, 104, 3.47332, 0.488751
20, 0, 104, 3.30339, 0.51972
21, 0, 103, 4.06659, 0.533687
22, 0, 103, 3.69306, 0.568864
23, 0, 103, 3.31952, 0.596096
24, 0, 102, 3.56086, 0.625482
25, 0, 102, 3.35633, 0.652624
26, 0, 102, 3.20339, 0.674635
27, 0, 101, 3.96659, 0.683873
28, 0, 100, 4.72979, 0.700895
29, 0, 100, 4.35625, 0.711756
30, 0, 100, 3.98272, 0.716495
31, 0, 100, 3.82979, 0.721324
32, 0, 100, 3.67686, 0.736193
33, 1, 99, 4.67686, 0.759357
34, 2, 99, 4.26182, 0.786709
35, 3, 99, 4.09189, 0.792129
36, 3, 98, 4.85509, 0.822617
37, 3, 98, 4.48156, 0.888593
38, 3, 98, 4.10802, 0.935252
39, 3, 98, 3.95509, 0.968355
40, 3, 98, 3.80216, 0.973485
41, 3, 97, 4.56535, 1.0023
42, 3, 96, 5.32855, 1.03206
43, 4, 95, 6.32855, 1.0406
44, 5, 95, 5.91351, 1.06262
45, 6, 95, 5.74359, 1.09518
46, 6, 94, 6.50679, 1.11316
47, 6, 94, 6.13325, 1.11799
48, 6, 94, 5.75972, 1.14255
49, 6, 94, 5.60679, 1.14734
50, 6, 93, 5.84813, 1.15986
51, 6, 92, 6.61132, 1.194
52, 6, 91, 7.37452, 1.25249
53, 6, 90, 8.37452, 1.28105
54, 6, 90, 7.95948, 1.28577
55, 6, 90, 7.78956, 1.31866
56, 6, 89, 8.55276, 1.33477
57, 6, 89, 8.17922, 1.37144
58, 6, 89, 7.80569, 1.37659
59, 6, 89, 7.65276, 1.3816
60, 6, 89, 7.49982, 1.38616
61, 6, 88, 7.26763, 1.42128
62, 6, 87, 8.61579, 1.44757
63, 6, 87, 8.24226, 1.46775
64, 6, 87, 7.75729, 1.48078
65, 6, 86, 7.5251, 1.48611
66, 6, 85, 8.87326, 1.54255
67, 6, 84, 9.87326, 1.55971
68, 6, 84, 9.45822, 1.60224
69, 6, 84, 9.2883, 1.61262
70, 6, 83, 10.0515, 1.63499
71, 6, 82, 10.8147, 1.7226
72, 6, 82, 10.4412, 1.75691
73, 6, 82, 10.0676, 1.76907
74, 6, 82, 9.91469, 1.77417
75, 6, 81, 10.156, 1.80598
76, 6, 80, 10.9192, 1.8656
77, 6, 79, 11.6824, 1.87719
78, 6, 79, 11.3089, 1.88832
79, 6, 79, 10.9354, 1.90388
80, 6, 79, 10.7824, 1.91444
81, 6, 79, 10.6295, 1.97123
82, 6, 78, 11.3927, 1.98021
83, 6, 77, 12.1559, 2.03748
84, 6, 76, 12.9191, 2.04277
85, 6, 76, 12.5456, 2.04784
86, 6, 76, 12.172, 2.07012
87, 6, 76, 12.0191, 2.10276
88, 6, 76, 11.8662, 2.12402
89, 6, 75, 12.6294, 2.14265
90, 6, 75, 12.2558, 2.17154
91, 6, 75, 11.8823, 2.19524
92, 6, 74, 12.1236, 2.22473
93, 6, 74, 11.9191, 2.22997
94, 6, 74, 11.7662, 2.235
95, 6, 74, 11.6824, 2.26009
96, 6, 73, 11.8721, 2.30762
97, 6, 73, 11.779, 2.33281
98, 6, 73, 11.5744, 2.36086
99, 6, 73, 11.4215, 2.38028
100, 6, 73, 11.3377, 2.42927
101, 6, 73, 11.2539, 2.48053
102, 6, 72, 12.0171, 2.50056
103, 6, 71, 12.7803, 2.5351
104, 6, 71, 12.4068, 2.55641
105, 6, 71, 12.0332, 2.57751
106, 6, 71, 11.8803, 2.60355
107, 6, 71, 11.7274, 2.62149
108, 6, 70, 12.4906, 2.64126
109, 6, 69, 13.2538, 2.67045
110, 6, 68, 14.017, 2.73694
111, 6, 68, 13.6434, 2.74189
112, 6, 68, 13.2699, 2.7839
113, 6, 68, 13.117, 2.78916
114, 6, 68, 12.964, 2.81631
115, 6, 67, 13.964, 2.8396
116, 6, 67, 13.549, 2.90429
117, 6, 67, 13.3791, 2.9376
118, 6, 66, 14.1423, 2.94372
119, 6, 66, 13.7687, 2.95899
120, 6, 66, 13.3952, 3.0223
121, 6, 66, 13.2423, 3.09548
122, 6, 66, 13.0893, 3.12257
123, 6, 65, 13.8525, 3.12752
124, 6, 64, 14.6157, 3.14917
125, 6, 63, 15.3789, 3.16068
126, 6, 63, 15.0054, 3.19569
127, 6, 63, 14.6319, 3.20082
128, 6, 63, 14.4789, 3.226
129, 6, 63, 14.326, 3.26868
130, 6, 62, 15.0892, 3.27405
131, 6, 61, 15.442, 3.30114
132, 6, 61, 14.957, 3.34582
133, 6, 61, 14.5835, 3.35129
134, 6, 61, 14.3789, 3.40453
135, 6, 61, 14.226, 3.43813
136, 6, 61, 14.1422, 3.49036
137, 7, 60, 15.1422, 3.51659
138, 8, 60, 14.7272, 3.54748
139, 9, 60, 14.5572, 3.5855
140, 9, 59, 15.3204, 3.61791
141, 9, 58, 16.3204, 3.91338
142, 9, 58, 15.9054, 3.95656
143, 9, 58, 15.7355, 3.97928
144, 9, 57, 16.7355, 3.98815
145, 9, 57, 16.3204, 4.02002
146, 9, 57, 16.1505, 4.0352
147, 9, 56, 16.9137, 4.0766
148, 9, 56, 16.5402, 4.10495
149, 9, 55, 16.8929, 4.16209
150, 9, 55, 16.408, 4.19404
151, 9, 55, 16.255, 4.22641
152, 9, 55, 16.0505, 4.25399
153, 9, 54, 16.8137, 4.27118
154, 9, 53, 17.8137, 4.27652
155, 9, 53, 17.3987, 4.28182
156, 9, 53, 17.2287, 4.33672
157, 9, 52, 17.9919, 4.34721
158, 9, 52, 17.6184, 4.38949
159, 9, 52, 17.2449, 4.41661
160, 9, 52, 17.0919, 4.42196
161, 9, 52, 16.939, 4.44452
162, 10, 52, 16.8459, 4.47788
163, 10, 52, 16.7621, 4.49491
164, 10, 51, 16.5299, 4.51582
165, 10, 50, 17.8781, 4.57391
166, 10, 49, 18.6413, 4.5889
167, 10, 48, 19.4045, 4.61836
168, 10, 48, 19.0309, 4.63962
169, 10, 48, 18.6574, 4.67062
170, 10, 48, 18.5045, 4.6926
171, 10, 48, 18.3515, 4.71456
172, 10, 47, 19.3515, 4.72014
173, 10, 47, 18.9365, 4.74438
174, 10, 47, 18.7666, 4.75905
175, 10, 46, 19.5298, 4.84124
176, 10, 46, 19.0448, 4.858
177, 10, 46, 18.6713, 4.87462
178, 10, 46, 18.4667, 4.90173
179, 10, 45, 19.4667, 4.94229
180, 10, 45, 19.0517, 4.97663
181, 10, 45, 18.8818, 4.98196
182, 10, 45, 18.798, 5.01484
183, 10, 44, 18.5658, 5.06003
184, 10, 43, 19.9139, 5.07213
185, 10, 42, 19.6817, 5.14037
186, 10, 41, 21.0299, 5.15419
187, 11, 40, 22.0299, 5.18316
188, 12, 40, 21.6149, 5.22473
189, 13, 40, 21.4449, 5.28033
190, 14, 40, 21.3518, 5.34023
191, 14, 40, 20.8669, 5.36917
192, 14, 40, 20.3819, 5.40979
193, 14, 40, 20.2981, 5.41549
194, 14, 40, 19.9246, 5.43427
195, 14, 39, 20.6878, 5.47943
196, 14, 38, 21.6878, 5.49848
197, 14, 38, 21.2727, 5.50406
198, 14, 38, 21.1028, 5.52352
199, 14, 38, 20.8983, 5.57611
200, 14, 37, 21.6615, 5.59461
201, 15, 37, 21.5684, 5.63054
202, 15, 37, 21.0834, 5.636
203, 15, 37, 20.7099, 5.67168
204, 15, 37, 20.9318, 5.69072
205, 15, 37, 21.1537, 5.71339
206, 15, 37, 20.8903, 5.7485
207, 15, 36, 21.8903, 5.78615
208, 15, 36, 21.4752, 5.80424
209, 15, 36, 21.3053, 5.83602
210, 15, 36, 21.2215, 5.8621
211, 15, 36, 21.1377, 5.88791
212, 15, 36, 21.0847, 5.91673
213, 15, 36, 20.9916, 5.92191
214, 15, 36, 20.8387, 5.98022
215, 15, 35, 21.1915, 5.99271
216, 15, 35, 20.7065, 6.03104
217, 15, 35, 20.6227, 6.07203
218, 15, 35, 20.5389, 6.0774
219, 15, 35, 20.3877, 6.10556
220, 15, 35, 20.2946, 6.1236
221, 15, 35, 20.2015, 6.14039
222, 15, 35, 20.0486, 6.2329
223, 16, 35, 19.9897, 6.26715
224, 16, 35, 19.7263, 6.28293
225, 16, 35, 19.6425, 6.31925
226, 16, 34, 19.8322, 6.34892
227, 16, 34, 19.7484, 6.381
228, 16, 34, 19.5439, 6.38655
229, 16, 34, 19.4334, 6.42154
230, 16, 34, 19.3804, 6.4268
231, 16, 33, 19.5434, 6.47137
232, 16, 33, 19.4904, 6.4956
233, 16, 33, 19.4066, 6.53971
234, 16, 33, 19.3228, 6.59554
235, 17, 33, 19.2297, 6.60172
236, 17, 33, 19.1459, 6.60752
237, 17, 33, 19.0621, 6.64817
238, 17, 33, 18.969, 6.67038
239, 17, 33, 18.8759, 6.70645
240, 17, 33, 18.7921, 6.72343
241, 17, 33, 18.699, 6.73387
242, 17, 33, 18.6152, 6.73928
243, 17, 33, 18.5047, 6.76895
244, 17, 33, 18.4116, 6.80621
245, 17, 33, 18.3185, 6.83301
246, 17, 32, 18.5082, 6.87416
247, 17, 32, 18.4244, 6.90347
248, 17, 32, 18.3139, 6.91888
249, 17, 32, 18.1627, 6.96183
250, 17, 32, 18.1097, 7.00019
251, 17, 32, 17.9992, 7.00621
252, 17, 32, 17.9061, 7.01947
253, 17, 32, 17.8223, 7.05501
254, 17, 32, 17.7385, 7.0606
255, 17, 32, 17.6547, 7.08596
256, 17, 32, 17.5709, 7.12662
257, 17, 32, 17.4604, 7.18367
258, 17, 32, 17.4074, 7.19079
259, 17, 32, 17.3236, 7.1963
260, 17, 32, 17.2131, 7.22621
261, 17, 32, 17.1601, 7.27039
262, 17, 32, 17.1071, 7.34463
263, 17, 32, 17.0541, 7.35046
264, 17, 32, 16.9703, 7.3557
265, 17, 32, 16.8598, 7.37298
266, 17, 32, 16.776, 7.43449
267, 17, 32, 16.723, 7.45131
268, 17, 32, 16.67, 7.47465
269, 17, 32, 16.5862, 7.48065
270, 17, 32, 16.5332, 7.49383
271, 17, 32, 16.4227, 7.5089
272, 17, 32, 16.3638, 7.53204
273, 17, 32, 16.3049, 7.53765
274, 17, 32, 16.1944, 7.59218
275, 18, 32, 16.1355, 7.62601
276, 18, 32, 16.0825, 7.64967
277, 18, 32, 16.0295, 7.67499
278, 18, 32, 15.9706, 7.70518
279, 18, 32, 15.9117, 7.73549
280, 18, 32, 15.8587, 7.76555
281, 18, 32, 15.7998, 7.7827
282, 18, 32, 15.7468, 7.78823
283, 18, 32, 15.6795, 7.81545
284, 18, 32, 15.6265, 7.84412
285, 18, 32, 15.5735, 7.88015
286, 18, 31, 15.7222, 7.89833
287, 18, 31, 15.6856, 7.90412
288, 18, 31, 15.649, 7.92175
289, 18, 31, 15.596, 7.97641
290, 18, 31, 15.4855, 7.98204
291, 18, 31, 15.3924, 7.99731
292, 18, 31, 15.2993, 8.01537
293, 18, 31, 15.1464, 8.03359
294, 18, 31, 15.0626, 8.05479
295, 19, 31, 15.0037, 8.08286
296, 19, 31, 14.9507, 8.10348
297, 19, 31, 14.8833, 8.13039
298, 19, 31, 14.8468, 8.14573
299, 19, 31, 14.7879, 8.15633
300, 19, 31, 14.7205, 8.1767
301, 19, 31, 14.6675, 8.19184
302, 19, 31, 14.5837, 8.19767
303, 19, 31, 14.5248, 8.20342
304, 19, 31, 14.4659, 8.23918
305, 19, 31, 14.4294, 8.24483
306, 20, 31, 14.3705, 8.27761
307, 20, 31, 14.1659, 8.28334
308, 20, 31, 14.0986, 8.29402
309, 20, 31, 14.0545, 8.29945
310, 20, 31, 13.9707, 8.32019
311, 20, 31, 13.9177, 8.37285
312, 21, 31, 13.877, 8.39673
313, 21, 31, 13.824, 8.4025
314, 21, 31, 13.771, 8.44157
315, 21, 31, 13.718, 8.48505
316, 21, 31, 13.6913, 8.50033
317, 21, 31, 13.6645, 8.55062
318, 21, 31, 13.6115, 8.57146
319, 21, 31, 13.4069, 8.60696
320, 21, 31, 13.3704, 8.6464
321, 21, 31, 13.3115, 8.6698
322, 21, 31, 13.2441, 8.68256
323, 22, 31, 13.2035, 8.71019
324, 22, 31, 13.1505, 8.74133
325, 22, 31, 13.1237, 8.75694
326, 22, 31, 13.2867, 8.76283
327, 22, 31, 13.26, 8.80654
328, 22, 31, 13.2234, 8.88983
329, 22, 31, 13.1129, 8.92091
330, 22, 31, 13.0456, 8.98796
331, 22, 31, 12.9867, 9.0169
332, 22, 31, 12.9278, 9.04615
333, 22, 31, 12.844, 9.06727
334, 22, 31, 12.9781, 9.09502
335, 22, 31, 12.8943, 9.11508
336, 22, 31, 12.8354, 9.12655
337, 22, 31, 12.7681, 9.15434
338, 23, 31, 12.7274, 9.1611
339, 23, 31, 12.6304, 9.20546
340, 23, 31, 12.5773, 9.21836
341, 23, 31, 12.5243, 9.26082
342, 23, 31, 12.457, 9.28011
343, 23, 31, 12.5794, 9.30818
344, 23, 31, 12.5388, 9.31377
345, 23, 31, 12.4981, 9.34714
346, 23, 31, 12.4615, 9.37143
347, 23, 31, 12.4209, 9.3771
348, 23, 31, 12.3843, 9.39262
349, 23, 31, 12.3477, 9.40748
350, 23, 31, 12.4404, 9.43201
351, 23, 31, 12.3963, 9.43793
352, 23, 31, 12.2992, 9.45975
353, 24, 31, 12.2586, 9.4663
354, 24, 30, 12.4216, 9.47201
355, 24, 30, 12.385, 9.48516
356, 24, 30, 12.3484, 9.50624
357, 24, 30, 12.3078, 9.53481
358, 24, 30, 12.2672, 9.59692
359, 24, 30, 12.2306, 9.60256
360, 24, 30, 12.1899, 9.64654
361, 24, 30, 12.1534, 9.68281
362, 24, 30, 12.1093, 9.69949
363, 24, 30, 12.0425, 9.71894
364, 25, 30, 12.0127, 9.75245
365, 25, 30, 11.9454, 9.76284
366, 25, 30, 11.878, 9.80655
367, 25, 30, 11.8415, 9.82322
368, 25, 30, 11.8147, 9.83337
369, 25, 30, 11.7781, 9.87271
370, 25, 30, 11.734, 9.89853
371, 25, 30, 11.6899, 9.93197
372, 25, 30, 11.6458, 9.97058
373, 25, 29, 11.7945, 10.0266
374, 25, 29, 11.7505, 10.0328
375, 25, 29, 11.6975, 10.056
376, 25, 29, 11.6672, 10.0617
377, 25, 29, 11.6306, 10.0672
378, 25, 29, 11.5633, 10.0828
379, 25, 29, 11.7263, 10.1006
380, 25, 29, 11.6823, 10.1063
381, 25, 29, 11.6416, 10.112
382, 25, 29, 11.605, 10.1989
383, 25, 29, 11.5783, 10.208
384, 25, 29, 11.5417, 10.2138
385, 25, 29, 11.5051, 10.2342
386, 25, 29, 11.461, 10.2573
387, 25, 29, 11.3099, 10.2632
388, 26, 29, 11.2801, 10.2716
389, 26, 29, 11.2436, 10.2775
390, 26, 29, 11.2029, 10.3164
391, 26, 29, 11.1623, 10.3279
392, 26, 29, 11.1093, 10.3516
393, 26, 29, 11.079, 10.3887
394, 26, 29, 11.0586, 10.4242
395, 26, 28, 11.1963, 10.4527
396, 26, 28, 11.0452, 10.4586
397, 26, 28, 11.015, 10.4814
398, 26, 28, 10.9784, 10.4872
399, 26, 28, 10.9418, 10.5148
400, 26, 28, 10.8977, 10.5556
401, 26, 28, 10.8611, 10.5769
402, 26, 28, 10.8407, 10.603
403, 27, 28, 10.8109, 10.6387
404, 27, 28, 10.7905, 10.6694
405, 27, 28, 10.7607, 10.6749
406, 27, 28, 10.734, 10.7001
407, 27, 28, 10.7072, 10.721
408, 27, 28, 10.6774, 10.7374
409, 27, 28, 10.6477, 10.7432
410, 27, 27, 10.7889, 10.7594
411, 27, 27, 10.7587, 10.8264
412, 28, 27, 10.7359, 10.8832
413, 28, 27, 10.7092, 10.8891
414, 28, 27, 10.6824, 10.9175
415, 28, 26, 10.8201, 10.9341
416, 28, 26, 10.7899, 10.9816
417, 28, 26, 10.7685, 11.0128
418, 28, 26, 10.7481, 11.0377
419, 28, 26, 10.7213, 11.0676
420, 28, 26, 10.6945, 11.0736
421, 28, 26, 10.7645, 11.1192
422, 28, 26, 10.7417, 11.1301
423, 28, 26, 10.719, 11.2029
424, 28, 26, 10.771, 11.2147
425, 28, 26, 10.7229, 11.2208
426, 28, 26, 10.6931, 11.2267
427, 28, 26, 10.6663, 11.2416
428, 28, 26, 10.6396, 11.2814
429, 28, 26, 10.6128, 11.3144
430, 28, 26, 10.5967, 11.3444
431, 28, 26, 10.5805, 11.3659
432, 28, 26, 10.5538, 11.3823
433, 28, 26, 10.5172, 11.399
434, 28, 26, 10.4498, 11.4433
435, 28, 26, 10.4092, 11.4856
436, 28, 26, 10.3651, 11.5058
437, 28, 26, 10.3285, 11.5217
438, 28, 26, 10.3018, 11.5275
439, 28, 26, 10.2652, 11.6002
440, 28, 26, 10.1454, 11.6282
441, 28, 26, 10.1047, 11.642
442, 28, 26, 10.0641, 11.6934
443, 28, 25, 10.2271, 11.6995
444, 28, 25, 10.1598, 11.7116
445, 28, 25, 10.2712, 11.7525
446, 29, 25, 10.2415, 11.7919
447, 29, 25, 10.2049, 11.8078
448, 29, 25, 10.1781, 11.823
449, 29, 25, 10.1513, 11.8348
450, 29, 25, 10.1216, 11.8606
451, 29, 25, 10.0548, 11.8764
452, 29, 25, 9.97007, 11.8923
453, 29, 25, 9.94032, 11.9169
454, 29, 25, 9.91057, 11.9287
455, 29, 25, 9.8838, 11.9588
456, 29, 25, 9.83971, 11.9817
457, 29, 25, 9.81294, 12.0081
458, 29, 25, 9.78319, 12.0226
459, 29, 25, 9.75345, 12.0285
460, 29, 24, 9.90214, 12.0694
461, 29, 24, 9.88601, 12.0975
462, 30, 24, 9.86329, 12.1046
463, 30, 24, 9.84191, 12.1238
464, 30, 24, 9.81169, 12.1393
465, 30, 24, 9.7676, 12.1716
466, 30, 24, 9.68287, 12.1776
467, 30, 24, 9.6561, 12.1836
468, 30, 24, 9.63472, 12.1978
469, 30, 24, 9.72737, 12.2319
470, 30, 24, 9.7006, 12.2691
471, 31, 24, 9.67787, 12.3104
472, 31, 24, 9.6511, 12.3256
473, 31, 24, 9.62087, 12.3319
474, 31, 24, 9.59113, 12.3617
475, 31, 24, 9.56138, 12.3829
476, 31, 24, 9.53461, 12.3884
477, 31, 24, 9.51189, 12.4345
478, 31, 24, 9.46374, 12.4403
479, 31, 24, 9.40109, 12.4882
480, 31, 24, 9.38064, 12.5139
481, 31, 24, 9.35089, 12.5242
482, 31, 24, 9.33044, 12.5875
483, 31, 24, 9.26364, 12.6039
484, 31, 24, 9.24092, 12.6095
485, 31, 24, 9.21069, 12.639
486, 31, 24, 9.19526, 12.6664
487, 31, 24, 9.17388, 12.6722
488, 31, 24, 9.15116, 12.6887
489, 31, 24, 9.12844, 12.7065
490, 31, 24, 9.11231, 12.712
491, 31, 24, 9.09094, 12.7177
492, 31, 24, 8.99385, 12.7234
493, 31, 24, 9.12799, 12.7288
494, 31, 24, 9.18, 12.7407
495, 31, 24, 9.15322, 12.7854
496, 31, 24, 9.1378, 12.8061
497, 31, 24, 9.12167, 12.8245
498, 31, 24, 9.10122, 12.837
499, 31, 24, 9.07984, 12.8512
500, 31, 24, 9.04961, 12.9035
501, 31, 24, 8.9298, 12.9375
502, 31, 24, 8.90935, 12.9729
503, 31, 24, 8.88663, 12.9846
504, 31, 24, 8.86391, 12.9902
505, 31, 24, 8.81983, 13.0161
506, 31, 24, 8.87183, 13.0504
507, 31, 24, 8.84911, 13.0676
508, 31, 24, 8.82866, 13.0931
509, 31, 24, 8.79279, 13.1295
510, 31, 24, 8.77234, 13.1398
511, 31, 24, 8.75189, 13.1605
512, 31, 24, 8.71601, 13.1762
513, 31, 24, 8.69329, 13.2038
514, 31, 23, 8.83102, 13.2097
515, 31, 23, 8.81058, 13.2229
516, 31, 23, 8.79013, 13.2465
517, 31, 23, 8.76968, 13.3129
518, 31, 23, 8.75176, 13.3473
519, 31, 23, 8.73384, 13.3598
520, 31, 23, 8.70644, 13.3907
521, 31, 23, 8.68506, 13.3966
522, 32, 23, 8.66234, 13.4143
523, 32, 23, 8.63211, 13.444
524, 32, 23, 8.70203, 13.4588
525, 32, 23, 8.68159, 13.4707
526, 32, 23, 8.66021, 13.5111
527, 32, 23, 8.61206, 13.5454
528, 32, 23, 8.58183, 13.5595
529, 32, 23, 8.55911, 13.5648
530, 32, 23, 8.53639, 13.6072
531, 32, 23, 8.50051, 13.6199
532, 33, 23, 8.48259, 13.6506
533, 33, 23, 8.46214, 13.6564
534, 33, 23, 8.44671, 13.6623
535, 33, 23, 8.49872, 13.6679
536, 33, 23, 8.47734, 13.6975
537, 33, 23, 8.45689, 13.7063
538, 33, 23, 8.43644, 13.7302
539, 33, 23, 8.42101, 13.7401
540, 33, 22, 8.55875, 13.785
541, 33, 22, 8.5383, 13.8112
542, 33, 22, 8.49015, 13.848
543, 34, 22, 8.47565, 13.8826
544, 34, 22, 8.45952, 13.9021
545, 34, 22, 8.4416, 13.9359
546, 34, 22, 8.42547, 13.9712
547, 34, 22, 8.40934, 13.9931
548, 34, 22, 8.44684, 14.0737
549, 34, 22, 8.43071, 14.0889
550, 34, 22, 8.41528, 14.1213
551, 34, 22, 8.39736, 14.1594
552, 34, 22, 8.37944, 14.1993
553, 34, 22, 8.36331, 14.2107
554, 34, 22, 8.32743, 14.2367
555, 34, 22, 8.42343, 14.2427
556, 35, 22, 8.40551, 14.2837
557, 35, 22, 8.38506, 14.3077
558, 35, 22, 8.36714, 14.3521
559, 35, 22, 8.35101, 14.3663
560, 35, 22, 8.33974, 14.4131
561, 35, 22, 8.29159, 14.4287
562, 35, 22, 8.27367, 14.4678
563, 35, 22, 8.25754, 14.4956
564, 35, 22, 8.24627, 14.5231
565, 35, 22, 8.23322, 14.5482
566, 35, 21, 8.37072, 14.5577
567, 35, 21, 8.34934, 14.5884
568, 35, 21, 8.26461, 14.6053
569, 36, 21, 8.24669, 14.6402
570, 36, 21, 8.17989, 14.6879
571, 36, 21, 8.15944, 14.7041
572, 36, 21, 8.13806, 14.7499
573, 36, 21, 8.09021, 14.7559
574, 36, 21, 8.05998, 14.7695
575, 36, 21, 7.98536, 14.7984
576, 36, 21, 8.02286, 14.8336
577, 36, 21, 8.00673, 14.8482
578, 36, 21, 7.99368, 14.8617
579, 36, 21, 8.06072, 14.8733
580, 36, 21, 8.04945, 14.879
581, 36, 21, 8.11648, 14.911
582, 36, 21, 8.10198, 14.9299
583, 36, 21, 8.08748, 14.9687
584, 36, 20, 8.22499, 15.0043
585, 36, 20, 8.18753, 15.0448
586, 36, 20, 8.15165, 15.0937
587, 36, 20, 8.21869, 15.0999
588, 36, 20, 8.23417, 15.133
589, 36, 20, 8.22339, 15.1517
590, 36, 20, 8.20889, 15.1801
591, 36, 20, 8.17144, 15.1989
592, 36, 20, 8.13398, 15.2047
593, 36, 20, 8.11606, 15.2504
594, 36, 20, 8.09814, 15.3187
595, 36, 20, 8.08509, 15.3436
596, 36, 20, 8.06966, 15.3747
597, 36, 20, 8.04828, 15.3972
598, 37, 20, 8.03378, 15.4683
599, 37, 20, 8.01765, 15.5067
600, 37, 20, 8.0046, 15.5133
601, 37, 20, 7.96872, 15.6236
602, 37, 20, 7.9533, 15.6935
603, 37, 20, 7.92341, 15.7172
604, 37, 20, 7.91036, 15.757
605, 37, 20, 7.89731, 15.7726
606, 37, 20, 7.88118, 15.7784
607, 37, 20, 7.86991, 15.8532
608, 38, 20, 7.85793, 15.8885
609, 38, 20, 7.84716, 15.9115
610, 38, 20, 7.83103, 15.9308
611, 38, 20, 7.79515, 15.9509
612, 38, 20, 7.7747, 16.0294
613, 38, 20, 7.76165, 16.067
614, 38, 20, 7.7242, 16.0787
615, 38, 20, 7.71293, 16.0991
616, 39, 20, 7.69501, 16.1342
617, 39, 20, 7.68196, 16.1733
618, 39, 20, 7.64608, 16.2281
619, 39, 20, 7.63303, 16.234
620, 39, 20, 7.6169, 16.2399
621, 39, 20, 7.58667, 16.3066
622, 39, 20, 7.56875, 16.3834
623, 39, 20, 7.55262, 16.389
624, 39, 20, 7.53649, 16.4259
625, 39, 20, 7.60352, 16.4639
626, 39, 20, 7.66051, 16.5026
627, 39, 20, 7.64601, 16.5259
628, 39, 20, 7.63151, 16.5471
629, 39, 20, 7.59405, 16.5815
630, 40, 20, 7.57955, 16.5996
631, 40, 20, 7.56878, 16.6212
632, 40, 20, 7.55265, 16.6472
633, 40, 20, 7.52524, 16.674
634, 40, 20, 7.49784, 16.7084
635, 40, 20, 7.47992, 16.7916
636, 40, 20, 7.462, 16.8062
637, 40, 20, 7.45122, 16.8282
638, 40, 20, 7.43995, 16.8468
639, 40, 20, 7.42452, 16.8625
640, 41, 20, 7.41002, 16.8813
641, 41, 20, 7.39697, 16.8871
642, 41, 20, 7.3756, 16.8931
643, 41, 20, 7.3611, 16.8986
644, 41, 20, 7.33977, 16.9043
645, 41, 20, 7.32527, 16.91
646, 41, 20, 7.31077, 16.9155
647, 41, 20, 7.30172, 16.921
648, 41, 20, 7.25357, 16.927
649, 41, 20, 7.19092, 16.9676
650, 41, 20, 7.2064, 16.9953
651, 42, 20, 7.19443, 17.0528
652, 42, 20, 7.15855, 17.0762
653, 42, 20, 7.14778, 17.1064
654, 42, 20, 7.1395, 17.1319
655, 42, 20, 7.12645, 17.1381
656, 42, 20, 7.19186, 17.1762
657, 42, 20, 7.16197, 17.2023
658, 42, 20, 7.14747, 17.2144
659, 42, 20, 7.13443, 17.2395
660, 42, 20, 7.12245, 17.2716
661, 42, 20, 7.11048, 17.3015
662, 42, 20, 7.08626, 17.3824
663, 42, 20, 7.07549, 17.4402
664, 42, 20, 7.06006, 17.4597
665, 42, 20, 7.04393, 17.4654
666, 42, 20, 7.03565, 17.4953
667, 42, 20, 7.01433, 17.5139
668, 42, 20, 7.00128, 17.5253
669, 43, 20, 6.9893, 17.5565
670, 43, 20, 6.98026, 17.577
671, 43, 20, 6.96721, 17.6098
672, 43, 20, 6.95816, 17.673
673, 43, 20, 6.94511, 17.7346
674, 43, 20, 6.93314, 17.83
675, 43, 20, 6.92409, 17.8668
676, 43, 20, 6.91803, 17.8829
677, 43, 20, 6.9019, 17.9407
678, 43, 20, 6.89062, 17.9535
679, 43, 20, 6.87757, 18.0009
680, 43, 20, 6.8417, 18.0359
681, 43, 20, 6.8272, 18.0602
682, 43, 20, 6.81415, 18.0869
683, 43, 20, 6.8011, 18.1091
684, 43, 20, 6.7737, 18.1151
685, 43, 20, 6.74629, 18.141
686, 43, 20, 6.71641, 18.1576
687, 43, 20, 6.70563, 18.1777
688, 43, 20, 6.68879, 18.198
689, 43, 20, 6.66139, 18.2332
690, 43, 20, 6.6315, 18.3085
691, 43, 20, 6.61701, 18.3207
692, 43, 20, 6.60251, 18.3549
693, 43, 19, 6.74179, 18.4178
694, 43, 19, 6.72636, 18.4437
695, 44, 19, 6.71439, 18.4632
696, 44, 19, 6.65648, 18.4731
697, 44, 19, 6.62908, 18.4792
698, 44, 19, 6.61781, 18.5123
699, 44, 19, 6.59041, 18.5283
700, 44, 19, 6.54256, 18.5563
701, 44, 18, 6.68184, 18.6039
702, 44, 18, 6.665, 18.6263
703, 44, 18, 6.65373, 18.6379
704, 44, 18, 6.64176, 18.7318
705, 44, 18, 6.62978, 18.7534
706, 44, 18, 6.62151, 18.7595
707, 44, 18, 6.60953, 18.8305
708, 44, 18, 6.59876, 18.8481
709, 44, 18, 6.57743, 18.8774
710, 44, 18, 6.63547, 18.9019
711, 44, 18, 6.62242, 18.9341
712, 44, 18, 6.59253, 18.9402
713, 45, 18, 6.58247, 18.9883
714, 45, 18, 6.5717, 19.013
715, 45, 18, 6.56342, 19.0447
716, 45, 18, 6.55215, 19.0769
717, 45, 18, 6.54018, 19.1081
718, 45, 18, 6.5294, 19.1204
719, 45, 18, 6.52036, 19.1495
720, 45, 18, 6.51429, 19.1555
721, 45, 18, 6.50232, 19.1609
722, 45, 18, 6.49035, 19.2025
723, 45, 18, 6.46613, 19.2288
724, 45, 18, 6.45708, 19.27
725, 45, 18, 6.44881, 19.3061
726, 46, 18, 6.43875, 19.344
727, 46, 18, 6.42748, 19.3574
728, 46, 18, 6.4192, 19.3824
729, 46, 18, 6.40915, 19.4004
730, 46, 18, 6.4001, 19.4282
731, 46, 18, 6.38666, 19.4652
732, 46, 18, 6.3806, 19.4707
733, 46, 18, 6.36982, 19.5042
734, 46, 18, 6.3485, 19.5104
735, 46, 18, 6.34022, 19.5509
736, 47, 18, 6.33017, 19.5576
737, 47, 18, 6.31672, 19.6177
738, 47, 18, 6.3322, 19.6399
739, 47, 18, 6.32215, 19.6458
740, 47, 18, 6.3131, 19.6513
741, 47, 18, 6.30232, 19.6848
742, 47, 18, 6.281, 19.7194
743, 47, 18, 6.25967, 19.7632
744, 47, 18, 6.24885, 19.7732
745, 47, 18, 6.23202, 19.8167
746, 47, 18, 6.22297, 19.8395
747, 47, 18, 6.21857, 19.8874
748, 47, 18, 6.20852, 19.9088
749, 47, 18, 6.19847, 19.9556
750, 47, 18, 6.1786, 20.0092
751, 47, 18, 6.17089, 20.0424
752, 47, 18, 6.16012, 20.0635
753, 47, 18, 6.12285, 20.1025
754, 47, 18, 6.11514, 20.1647
755, 47, 18, 6.10317, 20.1958
756, 47, 18, 6.08633, 20.2498
757, 47, 18, 6.0709, 20.2805
758, 47, 18, 6.06013, 20.3208
759, 48, 18, 6.05007, 20.3286
760, 48, 18, 6.0393, 20.3457
761, 48, 18, 6.01943, 20.3699
762, 48, 18, 6.00938, 20.4007
763, 48, 18, 6.00167, 20.4351
764, 48, 18, 5.99728, 20.5201
765, 48, 18, 5.99064, 20.558
766, 48, 18, 5.97986, 20.5818
767, 48, 18, 6.02828, 20.6052
768, 48, 18, 6.02057, 20.6321
769, 48, 18, 6.0123, 20.6608
770, 48, 18, 5.97484, 20.6856
771, 48, 18, 5.96657, 20.6911
772, 48, 18, 5.95459, 20.7188
773, 48, 18, 5.94262, 20.7242
774, 48, 18, 5.93492, 20.76
775, 48, 18, 5.91359, 20.7747
776, 48, 18, 5.88937, 20.8126
777, 48, 18, 5.87593, 20.8414
778, 48, 18, 5.86588, 20.8845
779, 48, 18, 5.85582, 20.9287
780, 48, 18, 5.84455, 20.9409
781, 48, 18, 5.8345, 20.9886
782, 48, 18, 5.82545, 21.0372
783, 48, 18, 5.8164, 21.0641
784, 48, 18, 5.81201, 21.0963
785, 48, 18, 5.78212, 21.1355
786, 48, 18, 5.77606, 21.1683
787, 48, 17, 5.92414, 21.2138
788, 48, 17, 5.91557, 21.2559
789, 48, 17, 5.90701, 21.2687
790, 48, 17, 5.89874, 21.3104
791, 48, 17, 5.88969, 21.3262
792, 48, 17, 5.87664, 21.3529
793, 48, 17, 5.86586, 21.3787
794, 48, 17, 5.8598, 21.3846
795, 49, 17, 5.85124, 21.4441
796, 49, 17, 5.84296, 21.4728
797, 49, 17, 5.8369, 21.5384
798, 49, 17, 5.89493, 21.5615
799, 49, 17, 5.88723, 21.6319
800, 49, 17, 5.86301, 21.6379
801, 49, 17, 5.85396, 21.658
802, 49, 17, 5.84625, 21.6963
803, 49, 17, 5.83769, 21.7566
804, 49, 17, 5.8308, 21.79
805, 49, 17, 5.80016, 21.8026
806, 49, 17, 5.75414, 21.8086
807, 49, 17, 5.7407, 21.8305
808, 49, 17, 5.71005, 21.9144
809, 49, 17, 5.69878, 21.9661
810, 50, 17, 5.69022, 21.9904
811, 50, 17, 5.66471, 22.0144
812, 50, 17, 5.65465, 22.0485
813, 50, 17, 5.6446, 22.0631
814, 50, 17, 5.63854, 22.0802
815, 50, 17, 5.63247, 22.086
816, 51, 17, 5.62391, 22.1035
817, 51, 17, 5.61309, 22.1616
818, 51, 17, 5.60538, 22.1673
819, 51, 17, 5.59634, 22.2089
820, 51, 17, 5.5795, 22.2387
821, 51, 17, 5.57286, 22.2521
822, 51, 16, 5.71464, 22.2762
823, 51, 16, 5.708, 22.3098
824, 51, 16, 5.71491, 22.366
825, 51, 16, 5.7118, 22.3718
826, 52, 16, 5.70323, 22.4025
827, 52, 16, 5.69745, 22.4194
828, 52, 16, 5.68663, 22.4545
829, 52, 16, 5.68057, 22.4777
830, 52, 16, 5.67201, 22.5028
831, 52, 16, 5.6643, 22.5235
832, 52, 16, 5.65525, 22.5556
833, 52, 16, 5.6452, 22.6015
834, 52, 16, 5.63514, 22.6297
835, 52, 16, 5.6045, 22.6555
836, 52, 15, 5.74378, 22.6851
837, 52, 15, 5.73608, 22.7139
838, 52, 15, 5.71961, 22.723
839, 52, 15, 5.71105, 22.7656
840, 52, 15, 5.70665, 22.8101
841, 52, 15, 5.68982, 22.8291
842, 52, 15, 5.68106, 22.8543
843, 52, 15, 5.72947, 22.8689
844, 52, 15, 5.71865, 22.9217
845, 52, 15, 5.71095, 22.9707
846, 52, 15, 5.68543, 22.9878
847, 52, 15, 5.66397, 23.0155
848, 52, 15, 5.6554, 23.0777
849, 52, 15, 5.64684, 23.1106
850, 52, 15, 5.66232, 23.1368
851, 52, 15, 5.65793, 23.1598
852, 52, 15, 5.64109, 23.2133
853, 52, 15, 5.63371, 23.267
854, 52, 15, 5.62633, 23.28
855, 52, 15, 5.62321, 23.2858
856, 52, 15, 5.61465, 23.333
857, 52, 15, 5.61026, 23.3391
858, 52, 15, 5.59342, 23.3725
859, 52, 15, 5.58678, 23.383
860, 52, 15, 5.57773, 23.3888
861, 52, 15, 5.57167, 23.414
862, 52, 15, 5.56311, 23.4603
863, 52, 15, 5.55454, 23.4833
864, 52, 15, 5.52903, 23.5005
865, 53, 15, 5.52165, 23.5602
866, 53, 15, 5.51337, 23.6047
867, 53, 15, 5.51125, 23.6106
868, 53, 15, 5.50617, 23.617
869, 53, 15, 5.49847, 23.6335
870, 53, 15, 5.4786, 23.7106
871, 53, 15, 5.47196, 23.7497
872, 53, 15, 5.46531, 23.7932
873, 53, 15, 5.45155, 23.7991
874, 53, 15, 5.44577, 23.8254
875, 53, 15, 5.43806, 23.8591
876, 53, 15, 5.4182, 23.8963
877, 53, 15, 5.40475, 23.9352
878, 53, 15, 5.39705, 23.9465
879, 53, 15, 5.37283, 24.0082
880, 53, 15, 5.36619, 24.048
881, 53, 15, 5.36307, 24.0907
882, 53, 15, 5.33886, 24.1265
883, 54, 15, 5.33148, 24.1538
884, 54, 15, 5.32708, 24.1707
885, 54, 15, 5.32397, 24.1902
886, 54, 15, 5.31521, 24.2234
887, 54, 15, 5.30783, 24.2412
888, 54, 15, 5.30471, 24.2562
889, 54, 15, 5.29127, 24.2681
890, 54, 15, 5.28549, 24.2959
891, 54, 15, 5.27885, 24.3268
892, 54, 15, 5.27173, 24.3842
893, 54, 15, 5.26402, 24.439
894, 54, 15, 5.25058, 24.4718
895, 55, 15, 5.2432, 24.5
896, 55, 15, 5.23742, 24.5297
897, 55, 15, 5.23004, 24.5591
898, 55, 15, 5.22564, 24.623
899, 55, 15, 5.21826, 24.6291
900, 55, 15, 5.21088, 24.6484
901, 55, 15, 5.18942, 24.6754
902, 56, 15, 5.18299, 24.6944
903, 56, 15, 5.17849, 24.749
904, 56, 15, 5.17111, 24.7609
905, 56, 14, 5.31919, 24.7874
906, 56, 14, 5.31043, 24.8226
907, 56, 14, 5.30305, 24.8711
908, 56, 14, 5.29567, 24.901
909, 56, 14, 5.29127, 24.9199
910, 56, 14, 5.28549, 24.9518
911, 56, 14, 5.29241, 24.9821
912, 56, 14, 5.28662, 25.0453
913, 56, 14, 5.27504, 25.0709
914, 56, 14, 5.27193, 25.0856
915, 56, 14, 5.27884, 25.1327
916, 56, 14, 5.2654, 25.1625
917, 56, 14, 5.25876, 25.1895
918, 56, 14, 5.25212, 25.1951
919, 56, 14, 5.2413, 25.2529
920, 57, 14, 5.23487, 25.2778
921, 57, 14, 5.22979, 25.2884
922, 57, 14, 5.22471, 25.3285
923, 57, 14, 5.21389, 25.3858
924, 57, 14, 5.19402, 25.4339
925, 58, 14, 5.18759, 25.463
926, 58, 14, 5.18448, 25.4912
927, 58, 14, 5.18236, 25.5035
928, 58, 14, 5.17524, 25.5457
929, 58, 14, 5.16946, 25.5859
930, 58, 14, 5.1607, 25.6141
931, 59, 14, 5.15332, 25.6642
932, 59, 14, 5.11605, 25.6819
933, 59, 14, 5.11393, 25.7046
934, 59, 14, 5.15989, 25.7104
935, 59, 14, 5.15325, 25.7306
936, 59, 14, 5.14613, 25.7363
937, 59, 14, 5.12791, 25.7696
938, 59, 14, 5.12579, 25.7753
939, 59, 14, 5.11234, 25.7877
940, 59, 14, 5.09551, 25.7936
941, 59, 14, 5.08887, 25.8181
942, 59, 14, 5.0801, 25.8363
943, 59, 14, 5.07154, 25.8418
944, 59, 14, 5.06298, 25.891
945, 59, 14, 5.04651, 25.8971
946, 59, 14, 5.03307, 25.9167
947, 59, 14, 5.03261, 25.966
948, 59, 14, 5.02523, 25.9875
949, 59, 14, 5.01785, 25.9933
950, 59, 14, 5.00703, 26.0167
951, 59, 14, 4.99965, 26.1064
952, 59, 14, 4.97818, 26.1128
953, 60, 14, 4.97175, 26.1208
954, 60, 14, 4.96597, 26.1266
955, 60, 14, 4.95885, 26.1777
956, 60, 14, 4.95243, 26.2679
957, 60, 14, 4.946, 26.2977
958, 60, 14, 4.93724, 26.351
959, 60, 14, 4.93081, 26.4269
960, 60, 14, 4.92503, 26.4451
961, 60, 14, 4.91924, 26.4758
962, 60, 14, 4.90102, 26.4819
963, 60, 14, 4.88544, 26.527
964, 60, 14, 4.87902, 26.5502
965, 60, 14, 4.87259, 26.5831
966, 60, 14, 4.91363, 26.5888
967, 60, 14, 4.91229, 26.6309
968, 60, 14, 4.90587, 26.67
969, 60, 14, 4.90375, 26.6759
970, 60, 14, 4.89293, 26.6817
971, 60, 14, 4.88784, 26.699
972, 60, 14, 4.88014, 26.7428
973, 60, 14, 4.87371, 26.795
974, 60, 14, 4.8706, 26.8785
975, 60, 14, 4.86417, 26.9265
976, 60, 14, 4.85775, 26.9424
977, 60, 14, 4.83952, 26.9484
978, 60, 14, 4.83551, 26.9659
979, 60, 14, 4.82908, 27.0209
980, 60, 14, 4.82597, 27.0439
981, 60, 14, 4.8095, 27.0913
982, 61, 14, 4.80386, 27.1277
983, 61, 14, 4.79806, 27.1902
984, 61, 14, 4.79298, 27.2196
985, 61, 14, 4.77311, 27.2337
986, 61, 14, 4.76229, 27.2621
987, 61, 14, 4.75664, 27.3181
988, 61, 14, 4.751, 27.3345
989, 61, 14, 4.75028, 27.3642
990, 61, 14, 4.74578, 27.3811
991, 61, 14, 4.73914, 27.4048
992, 61, 14, 4.72267, 27.4107
993, 61, 14, 4.72134, 27.4484
994, 62, 14, 4.71569, 27.4647
995, 62, 14, 4.70225, 27.4707
996, 62, 13, 4.85386, 27.4964
997, 62, 13, 4.84509, 27.5143
998, 62, 13, 4.83931, 27.5276
999, 62, 13, 4.83352, 27.5411
