Seed is: 62
Number of samples is: 1000
Simulation name is: Simulation_4TV.sim
TimeStep, Distraction Rate, Missed States, Model Accuracy, Time (ms)
0, 0, 112, 0, 5e-05
1, 0, 111, -0.232193, 0.03118
2, 0, 110, 1.11597, 0.076286
3, 0, 109, 2.11597, 0.082538
4, 0, 109, 1.70093, 0.096855
5, 0, 109, 1.531, 0.129637
6, 0, 108, 2.2942, 0.178651
7, 0, 107, 3.0574, 0.198879
8, 0, 106, 3.8206, 0.217875
9, 0, 106, 3.44706, 0.273501
10, 0, 106, 3.07353, 0.285484
11, 0, 106, 2.9206, 0.290684
12, 0, 106, 2.76766, 0.295904
13, 0, 105, 3.53086, 0.300803
14, 0, 104, 4.29406, 0.329869
15, 0, 103, 5.29406, 0.364695
16, 0, 103, 4.87902, 0.406905
17, 0, 103, 4.7091, 0.428486
18, 0, 102, 5.47229, 0.449797
19, 0, 102, 5.09876, 0.514921
20, 0, 102, 4.72523, 0.533687
21, 0, 102, 4.57229, 0.55655
22, 0, 102, 4.41936, 0.581839
23, 0, 101, 5.18256, 0.593731
24, 0, 100, 5.94575, 0.649968
25, 0, 100, 5.57222, 0.669496
26, 0, 100, 5.19869, 0.694072
27, 0, 100, 5.04575, 0.70879
28, 0, 100, 4.89282, 0.72954
29, 1, 99, 5.89282, 0.769787
30, 2, 99, 5.47778, 0.800856
31, 3, 99, 5.30786, 0.842054
32, 3, 98, 6.07106, 0.89216
33, 3, 98, 5.69752, 0.93454
34, 3, 98, 5.32399, 1.0004
35, 3, 98, 5.17106, 1.02464
36, 3, 98, 5.01812, 1.04872
37, 3, 97, 5.78132, 1.07938
38, 3, 96, 6.54452, 1.1271
39, 4, 95, 7.54452, 1.14871
40, 5, 95, 7.12948, 1.16571
41, 6, 95, 6.95956, 1.18049
42, 6, 94, 6.72736, 1.26901
43, 6, 93, 8.07552, 1.29894
44, 6, 93, 7.70199, 1.33399
45, 6, 93, 7.21703, 1.4045
46, 6, 92, 7.98022, 1.45145
47, 6, 91, 8.74342, 1.50503
48, 6, 91, 8.36989, 1.52091
49, 6, 91, 7.99635, 1.58922
50, 6, 91, 7.84342, 1.61599
51, 6, 91, 7.69049, 1.65132
52, 6, 90, 7.4583, 1.69586
53, 6, 90, 7.41679, 1.71142
54, 6, 89, 9.12149, 1.73709
55, 6, 89, 8.74796, 1.75844
56, 6, 89, 9.01139, 1.77636
57, 6, 88, 9.77459, 1.78921
58, 6, 87, 10.5378, 1.81789
59, 6, 86, 11.5378, 1.82294
60, 6, 86, 11.1227, 1.85263
61, 6, 86, 10.9528, 1.85786
62, 6, 85, 11.716, 1.886
63, 6, 85, 11.3425, 1.90464
64, 6, 85, 10.969, 1.94397
65, 6, 85, 10.816, 1.98924
66, 6, 85, 10.6631, 2.01333
67, 6, 84, 11.4263, 2.02422
68, 6, 83, 11.1941, 2.02926
69, 6, 82, 12.5423, 2.04908
70, 6, 82, 12.1687, 2.07547
71, 6, 82, 11.6838, 2.09414
72, 6, 81, 12.447, 2.13715
73, 6, 81, 12.0734, 2.16567
74, 6, 80, 12.4262, 2.18246
75, 6, 80, 11.9412, 2.19888
76, 6, 80, 11.7883, 2.23116
77, 6, 80, 11.5838, 2.24709
78, 6, 80, 11.4308, 2.27786
79, 6, 79, 12.194, 2.30633
80, 6, 79, 11.8205, 2.31113
81, 6, 79, 11.3355, 2.33887
82, 6, 78, 12.0987, 2.39488
83, 6, 77, 13.0987, 2.41742
84, 6, 77, 12.6837, 2.43834
85, 6, 77, 12.5138, 2.50338
86, 6, 76, 13.277, 2.50877
87, 6, 76, 12.9034, 2.52178
88, 6, 76, 12.5299, 2.53892
89, 6, 76, 12.377, 2.59159
90, 6, 76, 12.224, 2.61652
91, 6, 75, 12.9872, 2.64514
92, 6, 75, 12.6137, 2.67333
93, 6, 75, 12.2402, 2.69823
94, 6, 75, 12.0872, 2.72145
95, 6, 75, 11.9343, 2.75111
96, 6, 75, 11.8505, 2.78837
97, 6, 75, 11.7667, 2.79329
98, 6, 75, 11.6736, 2.82626
99, 6, 75, 11.5805, 2.83437
100, 6, 75, 11.4967, 2.84633
101, 7, 75, 11.4036, 2.85243
102, 7, 75, 11.3198, 2.85745
103, 7, 75, 11.236, 2.95329
104, 7, 75, 11.1429, 3.00975
105, 7, 75, 11.0591, 3.04275
106, 7, 74, 11.8223, 3.07893
107, 7, 73, 12.5855, 3.09985
108, 7, 73, 12.2119, 3.10515
109, 7, 73, 11.8384, 3.1643
110, 7, 73, 11.6855, 3.19048
111, 7, 73, 11.5325, 3.22069
112, 8, 73, 11.4394, 3.22664
113, 8, 73, 11.3556, 3.25585
114, 8, 72, 12.3556, 3.29087
115, 8, 72, 11.9406, 3.33757
116, 8, 72, 11.7707, 3.37468
117, 8, 72, 11.6775, 3.3894
118, 8, 72, 11.5844, 3.44766
119, 8, 72, 11.5006, 3.45244
120, 8, 71, 12.5006, 3.45758
121, 8, 71, 12.0856, 3.46244
122, 8, 71, 11.9157, 3.48354
123, 8, 71, 11.7627, 3.53091
124, 8, 70, 12.5259, 3.53622
125, 8, 69, 13.2891, 3.59547
126, 8, 69, 12.9156, 3.60068
127, 8, 69, 12.5421, 3.64592
128, 8, 69, 12.3891, 3.6513
129, 8, 68, 12.6305, 3.72575
130, 8, 67, 13.6305, 3.74274
131, 8, 67, 13.2154, 3.75067
132, 8, 67, 13.0455, 3.79518
133, 8, 66, 13.8087, 3.85665
134, 8, 65, 14.5719, 3.90273
135, 8, 64, 15.3351, 3.9464
136, 8, 64, 14.9616, 3.96376
137, 8, 64, 14.588, 3.97617
138, 8, 64, 14.4351, 4.00481
139, 8, 64, 14.2822, 4.02265
140, 8, 63, 15.2822, 4.08554
141, 8, 63, 14.8671, 4.14238
142, 8, 63, 14.6972, 4.15698
143, 8, 62, 15.4604, 4.1625
144, 8, 61, 16.2236, 4.21108
145, 8, 60, 16.9868, 4.21651
146, 8, 60, 16.6133, 4.25337
147, 8, 60, 16.2397, 4.25842
148, 8, 60, 16.0868, 4.26395
149, 8, 60, 15.9339, 4.30066
150, 9, 59, 16.9339, 4.37314
151, 10, 59, 16.5188, 4.38964
152, 11, 59, 16.3489, 4.42306
153, 11, 58, 16.1167, 4.44629
154, 11, 57, 17.4649, 4.47643
155, 11, 56, 18.2281, 4.51176
156, 11, 55, 18.9913, 4.54866
157, 11, 55, 18.6177, 4.56188
158, 11, 55, 18.2442, 4.63916
159, 11, 55, 18.0913, 4.66273
160, 11, 55, 17.9383, 4.69565
161, 11, 54, 18.9383, 4.72011
162, 11, 54, 18.5233, 4.72534
163, 11, 54, 18.3534, 4.74599
164, 11, 53, 19.3534, 4.75128
165, 11, 53, 18.9383, 4.78637
166, 11, 53, 18.7684, 4.80133
167, 11, 52, 19.5316, 4.8067
168, 11, 51, 20.2948, 4.85587
169, 11, 51, 19.9213, 4.89243
170, 11, 51, 19.5477, 4.94123
171, 11, 51, 19.3948, 4.97163
172, 11, 51, 19.2419, 5.00882
173, 11, 50, 20.0051, 5.04776
174, 11, 49, 20.3578, 5.09
175, 11, 49, 19.8729, 5.1209
176, 11, 49, 19.4993, 5.1385
177, 11, 49, 19.2948, 5.15169
178, 11, 49, 19.1419, 5.17299
179, 11, 48, 20.1419, 5.19294
180, 11, 48, 19.7268, 5.22122
181, 11, 48, 19.5569, 5.25933
182, 11, 48, 19.3524, 5.28967
183, 11, 47, 19.1202, 5.33711
184, 11, 46, 20.4683, 5.37004
185, 11, 45, 21.2315, 5.44169
186, 11, 44, 21.9947, 5.467
187, 11, 43, 22.9947, 5.49439
188, 11, 43, 22.5797, 5.52217
189, 11, 43, 22.4098, 5.53237
190, 11, 42, 23.173, 5.56518
191, 11, 42, 22.7994, 5.59182
192, 11, 42, 22.4259, 5.6117
193, 11, 41, 22.6672, 5.61718
194, 11, 41, 22.4627, 5.64166
195, 11, 41, 22.3098, 5.67008
196, 11, 40, 23.073, 5.70759
197, 11, 40, 22.6994, 5.7202
198, 11, 40, 22.3259, 5.75048
199, 11, 40, 22.173, 5.76564
200, 11, 39, 22.4143, 5.79042
201, 11, 39, 22.2098, 5.84435
202, 11, 38, 22.973, 5.88012
203, 12, 37, 23.973, 5.95579
204, 13, 37, 23.5579, 5.98299
205, 14, 37, 23.388, 6.05105
206, 15, 37, 23.2949, 6.09722
207, 15, 37, 22.8099, 6.14475
208, 15, 37, 22.4364, 6.17623
209, 15, 37, 22.2319, 6.2116
210, 15, 37, 22.1481, 6.25688
211, 15, 37, 22.0376, 6.29819
212, 15, 37, 21.9445, 6.31936
213, 15, 37, 21.8607, 6.32515
214, 15, 37, 21.7769, 6.34805
215, 15, 37, 21.6931, 6.37216
216, 15, 37, 21.3195, 6.39856
217, 16, 37, 21.2264, 6.42334
218, 16, 37, 20.7415, 6.47465
219, 16, 37, 20.6577, 6.4967
220, 16, 37, 20.6046, 6.51194
221, 16, 37, 20.5115, 6.55784
222, 16, 37, 20.4184, 6.59267
223, 16, 37, 20.2655, 6.61486
224, 16, 37, 20.1817, 6.62045
225, 16, 37, 20.0979, 6.64641
226, 16, 37, 19.945, 6.67424
227, 16, 37, 19.8612, 6.68369
228, 16, 37, 19.7082, 6.71284
229, 16, 37, 19.6244, 6.73687
230, 16, 37, 19.5313, 6.80038
231, 16, 37, 19.4382, 6.82836
232, 16, 37, 19.3277, 6.86078
233, 16, 37, 19.2439, 6.88347
234, 16, 37, 19.1601, 6.91291
235, 16, 37, 18.5232, 6.9279
236, 16, 37, 18.4394, 6.95785
237, 16, 37, 18.3556, 6.96944
238, 16, 37, 18.2718, 7.01132
239, 16, 37, 18.188, 7.04221
240, 17, 37, 18.1291, 7.07301
241, 17, 37, 17.9245, 7.10989
242, 17, 37, 17.8715, 7.16464
243, 17, 37, 17.7877, 7.19216
244, 17, 37, 17.9508, 7.23105
245, 17, 37, 17.8978, 7.25771
246, 17, 36, 18.0875, 7.27782
247, 17, 36, 17.883, 7.28868
248, 17, 35, 18.1243, 7.34254
249, 17, 35, 18.0713, 7.38331
250, 17, 35, 17.8668, 7.44353
251, 17, 35, 17.783, 7.47301
252, 17, 35, 17.6992, 7.49611
253, 17, 35, 17.6462, 7.54087
254, 17, 35, 17.553, 7.58058
255, 17, 35, 17.4692, 7.61048
256, 17, 35, 17.2647, 7.64948
257, 17, 35, 17.1542, 7.6716
258, 17, 35, 17.0704, 7.71178
259, 17, 35, 17.0174, 7.82745
260, 17, 35, 16.9336, 7.85179
261, 18, 35, 16.8747, 7.86614
262, 18, 35, 16.8217, 7.87978
263, 18, 35, 16.7687, 7.90256
264, 18, 34, 16.9317, 7.95231
265, 18, 34, 16.8728, 7.9721
266, 18, 34, 16.814, 7.99768
267, 18, 34, 16.7609, 8.00601
268, 18, 34, 16.5564, 8.0344
269, 18, 34, 16.4459, 8.0688
270, 18, 34, 16.3621, 8.11712
271, 18, 34, 16.2783, 8.15251
272, 18, 34, 15.9742, 8.16064
273, 18, 34, 15.9212, 8.20995
274, 18, 34, 15.8539, 8.21941
275, 18, 34, 15.8009, 8.22867
276, 19, 34, 15.742, 8.24666
277, 19, 34, 15.689, 8.25477
278, 19, 34, 15.6216, 8.26305
279, 19, 34, 15.5686, 8.29357
280, 19, 34, 15.5321, 8.30333
281, 19, 33, 15.7218, 8.35006
282, 19, 33, 15.6629, 8.41415
283, 19, 33, 15.604, 8.4377
284, 19, 33, 15.5674, 8.45442
285, 19, 33, 15.5085, 8.51863
286, 19, 33, 15.4555, 8.5282
287, 19, 33, 15.419, 8.55089
288, 19, 33, 15.3085, 8.60387
289, 19, 33, 15.2496, 8.62006
290, 19, 33, 15.213, 8.64389
291, 19, 33, 15.1025, 8.65763
292, 19, 33, 15.0495, 8.68471
293, 19, 33, 14.9906, 8.69604
294, 19, 32, 15.1536, 8.72875
295, 19, 32, 15.0863, 8.73456
296, 19, 32, 15.0333, 8.79421
297, 19, 32, 14.9495, 8.79974
298, 19, 32, 14.8564, 8.81181
299, 19, 31, 15.0461, 8.83934
300, 19, 31, 14.9872, 8.8451
301, 19, 31, 14.8767, 8.85784
302, 19, 31, 14.7662, 8.88767
303, 20, 31, 14.7073, 8.92157
304, 20, 31, 14.5968, 8.94105
305, 20, 31, 14.513, 8.9561
306, 20, 31, 14.46, 8.96175
307, 20, 31, 14.3927, 9.00325
308, 20, 30, 14.5557, 9.02031
309, 20, 30, 14.4884, 9.06723
310, 20, 30, 14.4295, 9.07268
311, 20, 30, 14.3706, 9.07802
312, 20, 30, 14.3032, 9.08375
313, 20, 30, 14.1927, 9.08943
314, 20, 30, 14.1397, 9.09496
315, 20, 30, 14.0808, 9.1226
316, 20, 30, 14.0219, 9.13217
317, 20, 30, 13.9854, 9.13766
318, 20, 30, 13.9413, 9.17833
319, 20, 30, 13.9047, 9.20329
320, 20, 30, 13.8517, 9.24559
321, 20, 29, 14.0147, 9.29189
322, 20, 29, 13.8636, 9.31084
323, 20, 29, 13.8106, 9.34478
324, 20, 29, 13.7576, 9.36095
325, 20, 28, 13.9206, 9.37576
326, 20, 28, 13.8676, 9.42172
327, 20, 28, 13.8235, 9.44693
328, 20, 28, 13.787, 9.4971
329, 21, 28, 13.7463, 9.50399
330, 21, 28, 13.6933, 9.52903
331, 21, 28, 13.626, 9.5347
332, 21, 28, 13.5894, 9.58727
333, 21, 28, 13.5626, 9.61166
334, 21, 28, 13.4521, 9.65038
335, 21, 28, 13.3416, 9.65649
336, 21, 28, 13.301, 9.66238
337, 21, 28, 13.2603, 9.7065
338, 21, 28, 13.2336, 9.75163
339, 21, 28, 13.1929, 9.81648
340, 21, 28, 13.1563, 9.83554
341, 21, 28, 13.2905, 9.86524
342, 21, 28, 13.2231, 9.8825
343, 22, 28, 13.1825, 9.91322
344, 22, 28, 13.1152, 9.95214
345, 22, 28, 13.0786, 9.96941
346, 23, 28, 13.0488, 9.98329
347, 23, 28, 13.0123, 10.0147
348, 23, 28, 12.9855, 10.0404
349, 23, 28, 12.9325, 10.0851
350, 23, 28, 12.8795, 10.105
351, 23, 28, 12.8429, 10.1468
352, 23, 28, 12.7899, 10.1647
353, 24, 28, 12.7492, 10.1972
354, 24, 28, 12.8716, 10.2028
355, 24, 27, 13.0203, 10.2317
356, 25, 27, 12.9906, 10.2385
357, 25, 27, 12.9638, 10.3078
358, 25, 27, 12.9232, 10.3521
359, 25, 27, 12.8825, 10.3708
360, 25, 26, 13.0312, 10.4044
361, 25, 26, 13.0045, 10.4415
362, 25, 26, 12.9638, 10.4678
363, 25, 26, 12.9272, 10.4849
364, 25, 26, 12.8975, 10.5093
365, 25, 26, 12.8677, 10.5153
366, 25, 26, 12.8473, 10.5361
367, 25, 26, 12.78, 10.5726
368, 26, 26, 12.7393, 10.6102
369, 26, 26, 12.672, 10.6443
370, 26, 26, 12.619, 10.6502
371, 26, 26, 12.5824, 10.7115
372, 26, 26, 12.5522, 10.7414
373, 26, 26, 12.5254, 10.7675
374, 26, 26, 12.4724, 10.8796
375, 26, 26, 12.4358, 10.919
376, 26, 26, 12.3952, 10.9504
377, 26, 26, 12.3545, 10.9843
378, 26, 26, 12.3104, 11.0254
379, 26, 26, 12.2698, 11.057
380, 26, 26, 12.2257, 11.0724
381, 26, 26, 12.1816, 11.1014
382, 26, 26, 12.1375, 11.1216
383, 26, 26, 12.101, 11.1596
384, 26, 26, 12.0569, 11.1764
385, 26, 26, 11.9895, 11.2025
386, 26, 26, 11.9222, 11.2549
387, 26, 26, 12.0148, 11.2861
388, 26, 26, 11.9881, 11.3234
389, 26, 26, 11.9578, 11.329
390, 26, 26, 11.9311, 11.3533
391, 26, 26, 11.8945, 11.41
392, 26, 26, 11.8271, 11.4607
393, 26, 26, 11.7906, 11.4822
394, 26, 26, 11.754, 11.5098
395, 26, 26, 11.6435, 11.5158
396, 26, 26, 11.6069, 11.5214
397, 26, 26, 11.5865, 11.5376
398, 26, 26, 11.5499, 11.5528
399, 26, 26, 11.369, 11.5624
400, 26, 26, 11.3249, 11.6161
401, 26, 26, 11.2843, 11.6311
402, 26, 26, 11.2575, 11.6731
403, 26, 26, 11.1604, 11.6985
404, 26, 26, 11.1238, 11.7205
405, 26, 26, 11.0797, 11.7296
406, 26, 25, 11.2209, 11.7618
407, 26, 25, 11.1536, 11.7992
408, 26, 25, 11.1095, 11.8313
409, 27, 25, 11.0797, 11.8422
410, 27, 25, 11.0432, 11.8818
411, 27, 25, 11.0025, 11.9283
412, 27, 25, 10.9619, 11.9486
413, 27, 25, 10.9178, 11.9922
414, 27, 25, 10.891, 12.0222
415, 27, 25, 10.8706, 12.0347
416, 27, 25, 10.8408, 12.0867
417, 27, 25, 10.8111, 12.0988
418, 27, 25, 10.7906, 12.1527
419, 27, 25, 10.7609, 12.1821
420, 27, 25, 10.7341, 12.2046
421, 27, 25, 10.6143, 12.2506
422, 27, 25, 10.5777, 12.2823
423, 27, 25, 10.7001, 12.31
424, 27, 25, 10.6704, 12.3418
425, 27, 25, 10.8045, 12.3477
426, 27, 25, 10.7743, 12.3865
427, 27, 25, 10.7445, 12.3922
428, 27, 25, 10.7148, 12.4075
429, 27, 25, 10.6846, 12.4221
430, 27, 25, 10.6578, 12.4766
431, 28, 25, 10.6351, 12.5055
432, 28, 25, 10.7277, 12.5383
433, 28, 25, 10.7073, 12.548
434, 28, 25, 10.6225, 12.5651
435, 28, 25, 10.586, 12.5829
436, 28, 25, 10.5655, 12.6004
437, 28, 25, 10.5289, 12.6537
438, 28, 25, 10.4616, 12.695
439, 28, 25, 10.4175, 12.7219
440, 29, 25, 10.3878, 12.7528
441, 29, 25, 10.361, 12.7633
442, 29, 25, 10.3308, 12.7934
443, 29, 25, 10.3005, 12.8323
444, 29, 25, 10.2738, 12.8501
445, 29, 25, 10.154, 12.8846
446, 29, 25, 10.1272, 12.9159
447, 30, 25, 10.1045, 12.9527
448, 30, 25, 10.1971, 12.9924
449, 30, 25, 10.1757, 13.0305
450, 30, 25, 10.149, 13.0666
451, 30, 25, 10.1328, 13.0845
452, 30, 25, 10.1026, 13.1048
453, 30, 25, 10.0728, 13.1456
454, 30, 25, 10.0524, 13.2096
455, 30, 25, 10.032, 13.2489
456, 30, 25, 10.0158, 13.2737
457, 30, 25, 9.98608, 13.2862
458, 30, 25, 9.9647, 13.3047
459, 30, 25, 9.93793, 13.3324
460, 30, 25, 9.9077, 13.3475
461, 30, 25, 9.88725, 13.36
462, 30, 25, 9.86453, 13.3916
463, 30, 25, 9.84181, 13.4525
464, 30, 25, 9.82043, 13.495
465, 31, 25, 9.80251, 13.5498
466, 31, 25, 9.7357, 13.5643
467, 31, 25, 9.70893, 13.6025
468, 31, 25, 9.80158, 13.6326
469, 31, 25, 9.77886, 13.6387
470, 31, 25, 9.75614, 13.6921
471, 31, 25, 9.74309, 13.7061
472, 31, 25, 9.72037, 13.7698
473, 31, 25, 9.70494, 13.7991
474, 31, 25, 9.58513, 13.8116
475, 31, 25, 9.55835, 13.8525
476, 31, 25, 9.53158, 13.8771
477, 32, 25, 9.50886, 13.8839
478, 32, 25, 9.44206, 13.9024
479, 32, 25, 9.42593, 13.914
480, 32, 25, 9.39915, 13.9328
481, 32, 25, 9.31443, 13.9477
482, 32, 25, 9.2842, 13.965
483, 32, 25, 9.25743, 13.9822
484, 32, 25, 9.23065, 14.0191
485, 32, 25, 9.20042, 14.0456
486, 32, 25, 9.17068, 14.1144
487, 32, 25, 9.14093, 14.1201
488, 32, 25, 9.1107, 14.1539
489, 32, 25, 9.08393, 14.1894
490, 32, 25, 9.05716, 14.2217
491, 32, 25, 9.10916, 14.2462
492, 32, 25, 9.07893, 14.2809
493, 32, 25, 9.01213, 14.3114
494, 32, 25, 8.98941, 14.3543
495, 32, 25, 8.96803, 14.3787
496, 32, 25, 8.94665, 14.4004
497, 32, 25, 8.86192, 14.4284
498, 32, 25, 8.84147, 14.4568
499, 32, 25, 8.82605, 14.4919
500, 32, 24, 8.96378, 14.5216
501, 32, 24, 8.94333, 14.5278
502, 32, 24, 8.92288, 14.5338
503, 32, 24, 8.85608, 14.5542
504, 32, 24, 8.94872, 14.5765
505, 32, 24, 8.926, 14.6067
506, 32, 24, 8.90328, 14.6262
507, 32, 24, 8.88715, 14.642
508, 32, 24, 8.8667, 14.691
509, 33, 24, 8.84398, 14.7138
510, 33, 23, 8.98171, 14.7443
511, 33, 23, 8.96127, 14.7568
512, 33, 23, 8.93855, 14.7755
513, 33, 23, 8.91583, 14.8086
514, 33, 23, 8.96783, 14.8734
515, 33, 23, 8.94738, 14.8889
516, 33, 23, 8.9033, 14.9083
517, 33, 23, 8.88192, 14.9684
518, 33, 23, 8.8592, 15.0046
519, 33, 23, 8.83782, 15.0491
520, 33, 23, 8.82169, 15.0821
521, 33, 23, 8.80556, 15.1124
522, 33, 23, 8.77533, 15.1337
523, 33, 23, 8.76228, 15.1615
524, 33, 23, 8.74615, 15.2028
525, 33, 23, 8.67935, 15.256
526, 34, 23, 8.66143, 15.2634
527, 34, 23, 8.61328, 15.3006
528, 34, 23, 8.59283, 15.3156
529, 34, 23, 8.57238, 15.3483
530, 34, 23, 8.55446, 15.3685
531, 34, 23, 8.53654, 15.4097
532, 34, 23, 8.52576, 15.423
533, 34, 23, 8.51449, 15.4515
534, 34, 23, 8.49404, 15.6052
535, 34, 23, 8.48099, 15.6437
536, 34, 23, 8.43284, 15.6569
537, 35, 23, 8.41834, 15.6826
538, 35, 23, 8.38246, 15.7256
539, 35, 23, 8.31981, 15.7666
540, 35, 23, 8.29844, 15.8263
541, 36, 23, 8.28051, 15.864
542, 36, 23, 8.25914, 15.879
543, 36, 23, 8.24301, 15.8932
544, 36, 23, 8.22996, 15.9224
545, 36, 23, 8.20724, 15.9361
546, 36, 23, 8.18679, 15.9547
547, 36, 23, 8.12414, 15.9957
548, 36, 23, 8.10369, 16.0098
549, 36, 23, 8.09064, 16.0652
550, 36, 23, 8.06927, 16.118
551, 36, 23, 8.05622, 16.1238
552, 36, 23, 8.03577, 16.1597
553, 36, 23, 7.99989, 16.1929
554, 36, 23, 7.98376, 16.2168
555, 36, 23, 7.96331, 16.2482
556, 36, 23, 7.94286, 16.271
557, 36, 23, 7.89501, 16.315
558, 36, 23, 7.87959, 16.3649
559, 36, 23, 7.84936, 16.4356
560, 36, 23, 7.83393, 16.4552
561, 36, 23, 7.8178, 16.4612
562, 36, 23, 7.79988, 16.4668
563, 36, 23, 7.78196, 16.4955
564, 36, 23, 7.74608, 16.5095
565, 36, 23, 7.73065, 16.5314
566, 36, 22, 7.86745, 16.5803
567, 36, 22, 7.84953, 16.6422
568, 36, 22, 7.83648, 16.6583
569, 36, 22, 7.76967, 16.7276
570, 37, 22, 7.75175, 16.7403
571, 37, 22, 7.73562, 16.7591
572, 37, 22, 7.71425, 16.77
573, 37, 22, 7.6661, 16.8219
574, 37, 22, 7.64817, 16.8683
575, 37, 22, 7.63025, 16.9235
576, 37, 22, 7.61948, 16.9387
577, 37, 22, 7.60643, 16.9665
578, 38, 22, 7.59193, 17.0489
579, 38, 21, 7.72873, 17.0835
580, 38, 21, 7.71746, 17.1184
581, 38, 21, 7.75496, 17.1889
582, 38, 21, 7.74419, 17.202
583, 38, 21, 7.69604, 17.2589
584, 38, 21, 7.64789, 17.2852
585, 38, 21, 7.62996, 17.3421
586, 38, 21, 7.61453, 17.3791
587, 38, 21, 7.59661, 17.4027
588, 38, 21, 7.57869, 17.4174
589, 38, 21, 7.56326, 17.4899
590, 38, 21, 7.51511, 17.5095
591, 38, 21, 7.49719, 17.5398
592, 38, 21, 7.47581, 17.5666
593, 38, 21, 7.45968, 17.5937
594, 38, 21, 7.44425, 17.6232
595, 38, 21, 7.54025, 17.6296
596, 38, 21, 7.52412, 17.6636
597, 39, 21, 7.50962, 17.7277
598, 39, 21, 7.49657, 17.7592
599, 39, 21, 7.46917, 17.7921
600, 39, 21, 7.45467, 17.826
601, 39, 21, 7.4439, 17.8682
602, 39, 21, 7.43085, 17.8979
603, 39, 21, 7.4178, 17.9038
604, 39, 21, 7.39988, 17.9349
605, 39, 21, 7.3891, 18.0001
606, 39, 21, 7.3617, 18.0277
607, 39, 21, 7.34557, 18.0517
608, 39, 21, 7.33729, 18.0799
609, 39, 21, 7.29984, 18.0984
610, 39, 21, 7.28371, 18.1171
611, 39, 21, 7.27293, 18.1602
612, 39, 21, 7.26166, 18.1763
613, 39, 21, 7.24623, 18.2093
614, 39, 21, 7.23173, 18.2359
615, 39, 21, 7.21723, 18.2802
616, 39, 21, 7.20646, 18.3054
617, 39, 21, 7.19196, 18.3112
618, 39, 21, 7.17058, 18.3269
619, 39, 21, 7.15931, 18.3485
620, 39, 21, 7.14853, 18.3549
621, 39, 21, 7.12113, 18.3921
622, 40, 21, 7.10916, 18.4148
623, 40, 21, 7.09373, 18.4357
624, 40, 21, 7.0776, 18.452
625, 40, 21, 7.06147, 18.4718
626, 40, 21, 7.04009, 18.4995
627, 40, 21, 7.03105, 18.5563
628, 40, 21, 7.02027, 18.5625
629, 40, 20, 7.16205, 18.5807
630, 40, 20, 7.14755, 18.594
631, 40, 20, 7.13305, 18.6177
632, 40, 20, 7.21206, 18.6487
633, 40, 20, 7.206, 18.6665
634, 40, 20, 7.18987, 18.6724
635, 40, 20, 7.17789, 18.7555
636, 40, 20, 7.16592, 18.807
637, 40, 20, 7.16153, 18.8506
638, 40, 20, 7.14703, 18.8658
639, 40, 20, 7.1316, 18.8718
640, 41, 20, 7.1171, 18.9032
641, 41, 20, 7.10583, 18.9343
642, 41, 20, 7.0904, 18.9624
643, 41, 20, 7.07497, 18.985
644, 41, 20, 7.03909, 19.015
645, 41, 20, 7.02459, 19.0439
646, 41, 20, 7.01009, 19.0498
647, 41, 20, 6.97422, 19.0875
648, 41, 20, 6.93834, 19.158
649, 41, 20, 6.92384, 19.1691
650, 41, 20, 6.91257, 19.2208
651, 41, 20, 6.9013, 19.2473
652, 41, 20, 6.86542, 19.2772
653, 41, 20, 6.89095, 19.313
654, 41, 20, 6.89787, 19.3313
655, 41, 20, 6.88589, 19.3372
656, 41, 20, 6.94287, 19.3917
657, 41, 20, 6.92982, 19.3975
658, 41, 20, 6.92671, 19.4189
659, 41, 20, 6.91327, 19.4549
660, 41, 20, 6.90249, 19.4958
661, 41, 20, 6.88636, 19.52
662, 41, 20, 6.81174, 19.5347
663, 41, 20, 6.79561, 19.5681
664, 41, 20, 6.78733, 19.5738
665, 41, 20, 6.7712, 19.5899
666, 41, 20, 6.75816, 19.6112
667, 41, 20, 6.74734, 19.6171
668, 41, 20, 6.71745, 19.6919
669, 41, 20, 6.7044, 19.754
670, 41, 20, 6.65655, 19.795
671, 41, 20, 6.64528, 19.8011
672, 41, 19, 6.78706, 19.8135
673, 41, 19, 6.76573, 19.825
674, 41, 19, 6.75668, 19.8639
675, 41, 19, 6.74763, 19.8856
676, 41, 19, 6.81467, 19.9328
677, 41, 19, 6.8027, 19.9442
678, 41, 19, 6.79365, 19.9831
679, 41, 19, 6.80913, 19.9889
680, 41, 19, 6.80008, 20.0031
681, 41, 19, 6.7881, 20.0205
682, 41, 19, 6.77613, 20.0624
683, 41, 19, 6.76708, 20.1072
684, 41, 19, 6.75581, 20.1972
685, 41, 19, 6.73449, 20.2182
686, 41, 19, 6.72321, 20.2247
687, 41, 19, 6.71494, 20.2517
688, 41, 19, 6.70297, 20.287
689, 41, 19, 6.68754, 20.3497
690, 41, 18, 6.82682, 20.378
691, 41, 18, 6.81377, 20.4592
692, 41, 18, 6.80472, 20.4652
693, 41, 18, 6.79167, 20.471
694, 41, 18, 6.77862, 20.4768
695, 41, 18, 6.76412, 20.4902
696, 41, 18, 6.74962, 20.5184
697, 41, 18, 6.73835, 20.5745
698, 41, 18, 6.7253, 20.6081
699, 42, 18, 6.71333, 20.6621
700, 42, 18, 6.70255, 20.6953
701, 42, 18, 6.69128, 20.7128
702, 42, 18, 6.66388, 20.7475
703, 42, 18, 6.63648, 20.7977
704, 42, 18, 6.60908, 20.8044
705, 42, 18, 6.69236, 20.8195
706, 42, 18, 6.68039, 20.8757
707, 42, 18, 6.69586, 20.8918
708, 42, 18, 6.68509, 20.9436
709, 43, 18, 6.67504, 20.9748
710, 43, 18, 6.65371, 20.9998
711, 43, 18, 6.58724, 21.0055
712, 43, 18, 6.5742, 21.0147
713, 43, 18, 6.55736, 21.0404
714, 43, 18, 6.54908, 21.0962
715, 44, 18, 6.53711, 21.1286
716, 44, 18, 6.54402, 21.1508
717, 44, 18, 6.53325, 21.1808
718, 44, 18, 6.52128, 21.2018
719, 44, 18, 6.5093, 21.252
720, 44, 18, 6.50103, 21.258
721, 44, 18, 6.49097, 21.2745
722, 44, 18, 6.47753, 21.3044
723, 44, 18, 6.47147, 21.3499
724, 45, 18, 6.46142, 21.3824
725, 45, 18, 6.52845, 21.4273
726, 45, 18, 6.51501, 21.4469
727, 45, 18, 6.50196, 21.5012
728, 45, 18, 6.48891, 21.5182
729, 46, 18, 6.47694, 21.5344
730, 46, 18, 6.45561, 21.5992
731, 46, 18, 6.44483, 21.6179
732, 46, 18, 6.43579, 21.6238
733, 46, 18, 6.38794, 21.6297
734, 47, 18, 6.37788, 21.6367
735, 47, 18, 6.36245, 21.6426
736, 47, 18, 6.35475, 21.6484
737, 47, 18, 6.34704, 21.654
738, 47, 18, 6.33699, 21.6594
739, 47, 18, 6.32694, 21.6649
740, 47, 18, 6.28948, 21.6704
741, 47, 18, 6.27264, 21.6759
742, 47, 18, 6.33067, 21.6814
743, 47, 18, 6.32163, 21.6868
744, 48, 18, 6.31306, 21.6934
745, 48, 18, 6.33859, 21.6989
746, 48, 18, 6.32515, 21.7044
747, 48, 18, 6.31745, 21.7098
748, 48, 18, 6.30667, 21.7152
749, 48, 18, 6.29762, 21.7206
750, 48, 18, 6.28757, 21.726
751, 48, 18, 6.27752, 21.7313
752, 48, 18, 6.27705, 21.7367
753, 48, 18, 6.27099, 21.7422
754, 48, 18, 6.21759, 21.7476
755, 48, 18, 6.20932, 21.753
756, 48, 18, 6.19248, 21.7584
757, 48, 18, 6.18477, 21.7638
758, 48, 18, 6.1728, 21.7691
759, 48, 18, 6.16083, 21.7745
760, 48, 18, 6.15312, 21.7798
761, 48, 18, 6.11567, 21.7852
762, 48, 18, 6.07821, 21.7906
763, 48, 17, 6.21749, 21.7961
764, 48, 17, 6.22441, 21.8017
765, 48, 17, 6.21363, 21.8072
766, 48, 17, 6.20458, 21.8126
767, 48, 17, 6.19553, 21.818
768, 48, 17, 6.18947, 21.8234
769, 48, 17, 6.1812, 21.8318
770, 49, 17, 6.17114, 21.8415
771, 49, 17, 6.21956, 21.85
772, 49, 17, 6.21129, 21.8587
773, 49, 17, 6.20051, 21.8667
774, 49, 16, 6.33979, 21.8906
775, 49, 16, 6.30915, 21.9578
776, 49, 16, 6.30309, 21.9641
777, 49, 16, 6.29303, 21.9806
778, 49, 16, 6.28176, 22.0199
779, 49, 16, 6.27348, 22.0635
780, 49, 16, 6.26521, 22.084
781, 49, 16, 6.24388, 22.1443
782, 49, 16, 6.30086, 22.1505
783, 49, 16, 6.29081, 22.2175
784, 49, 16, 6.28076, 22.2364
785, 49, 16, 6.27411, 22.2592
786, 49, 16, 6.26641, 22.2652
787, 49, 16, 6.2587, 22.3235
788, 49, 16, 6.251, 22.3629
789, 49, 16, 6.24272, 22.4281
790, 49, 16, 6.23267, 22.479
791, 49, 16, 6.22261, 22.5067
792, 49, 16, 6.20578, 22.5337
793, 50, 16, 6.19721, 22.5803
794, 50, 16, 6.19115, 22.5862
795, 50, 16, 6.18509, 22.6505
796, 50, 16, 6.16087, 22.6894
797, 50, 16, 6.15082, 22.7226
798, 50, 16, 6.14418, 22.7553
799, 50, 16, 6.11429, 22.8036
800, 51, 16, 6.10573, 22.8371
801, 51, 16, 6.15414, 22.9062
802, 51, 16, 6.14644, 22.9641
803, 51, 16, 6.14205, 22.9933
804, 51, 16, 6.13765, 23.0235
805, 51, 16, 6.12909, 23.0301
806, 51, 16, 6.136, 23.0429
807, 51, 16, 6.12773, 23.0742
808, 51, 16, 6.12167, 23.1049
809, 51, 16, 6.10822, 23.1113
810, 51, 16, 6.17364, 23.1302
811, 51, 16, 6.16699, 23.1426
812, 51, 16, 6.16035, 23.1615
813, 51, 16, 6.15179, 23.1866
814, 51, 16, 6.14323, 23.2282
815, 51, 16, 6.13659, 23.2396
816, 51, 16, 6.12995, 23.2609
817, 51, 16, 6.1233, 23.267
818, 51, 16, 6.12118, 23.2952
819, 51, 16, 6.11242, 23.3272
820, 51, 16, 6.10578, 23.3437
821, 51, 16, 6.09751, 23.3498
822, 51, 16, 6.07199, 23.3944
823, 51, 15, 6.21377, 23.4285
824, 51, 15, 6.20938, 23.4349
825, 51, 15, 6.17949, 23.4819
826, 51, 15, 6.17044, 23.488
827, 51, 15, 6.13299, 23.5436
828, 51, 15, 6.12293, 23.6146
829, 51, 15, 6.11216, 23.6206
830, 51, 15, 6.11082, 23.6524
831, 51, 15, 6.08093, 23.6962
832, 52, 15, 6.07237, 23.7215
833, 52, 15, 6.06155, 23.7279
834, 52, 15, 6.05385, 23.7605
835, 52, 14, 6.19861, 23.776
836, 52, 14, 6.16872, 23.833
837, 52, 14, 6.16016, 23.8563
838, 52, 14, 6.13594, 23.8887
839, 53, 14, 6.12857, 23.9126
840, 53, 14, 6.12417, 23.9265
841, 53, 14, 6.11561, 23.9712
842, 53, 14, 6.10705, 24.0081
843, 53, 14, 6.10265, 24.0191
844, 53, 14, 6.09183, 24.0595
845, 53, 14, 6.08101, 24.1129
846, 53, 14, 6.0568, 24.1227
847, 53, 14, 6.04968, 24.168
848, 53, 14, 6.0414, 24.2032
849, 53, 14, 6.03235, 24.2417
850, 53, 14, 6.02379, 24.2503
851, 53, 14, 6.01523, 24.317
852, 53, 14, 5.98534, 24.3439
853, 53, 14, 5.97452, 24.3577
854, 53, 14, 5.96681, 24.4898
855, 53, 14, 5.94549, 24.5565
856, 53, 14, 5.93811, 24.5719
857, 53, 14, 5.93205, 24.6352
858, 53, 14, 5.92765, 24.647
859, 53, 14, 5.97926, 24.6746
860, 54, 14, 5.97188, 24.6947
861, 54, 14, 5.97141, 24.7851
862, 54, 14, 5.96563, 24.8175
863, 54, 14, 5.95219, 24.8278
864, 54, 14, 5.92667, 24.8768
865, 54, 14, 5.91811, 24.9226
866, 54, 14, 5.88084, 24.9673
867, 54, 14, 5.87478, 25.0148
868, 54, 14, 5.85794, 25.0527
869, 54, 14, 5.84938, 25.0617
870, 54, 14, 5.84082, 25.0843
871, 54, 14, 5.83504, 25.0968
872, 54, 13, 5.98664, 25.1423
873, 54, 12, 6.13825, 25.1651
874, 54, 12, 6.13087, 25.236
875, 54, 12, 6.10022, 25.2455
876, 54, 12, 6.0894, 25.2909
877, 54, 12, 6.06389, 25.3224
878, 54, 12, 6.06078, 25.3553
879, 54, 12, 6.05766, 25.3616
880, 54, 12, 6.04422, 25.3675
881, 54, 12, 6.03684, 25.3873
882, 54, 12, 6.02946, 25.3931
883, 54, 12, 6.02368, 25.3988
884, 54, 12, 6.01789, 25.4047
885, 55, 12, 6.01051, 25.443
886, 55, 12, 6.00473, 25.4491
887, 55, 12, 6.00402, 25.4865
888, 55, 12, 5.99664, 25.4921
889, 55, 12, 5.98893, 25.5347
890, 55, 12, 5.98155, 25.5877
891, 55, 12, 5.97417, 25.6522
892, 55, 12, 5.94995, 25.6737
893, 55, 12, 5.94119, 25.7085
894, 55, 12, 5.93541, 25.7274
895, 55, 12, 5.92636, 25.7335
896, 55, 12, 5.88267, 25.757
897, 55, 12, 5.92371, 25.7894
898, 55, 12, 5.91764, 25.8227
899, 55, 12, 5.89618, 25.8357
900, 55, 12, 5.88929, 25.9039
901, 55, 12, 5.88617, 25.9193
902, 55, 12, 5.8647, 25.9658
903, 55, 12, 5.86259, 25.9828
904, 55, 12, 5.83837, 26.0211
905, 55, 12, 5.83173, 26.0442
906, 55, 12, 5.80751, 26.0504
907, 55, 12, 5.7998, 26.0741
908, 55, 12, 5.7921, 26.1161
909, 56, 12, 5.78472, 26.1498
910, 56, 12, 5.7605, 26.1737
911, 56, 12, 5.75194, 26.209
912, 56, 12, 5.74456, 26.2396
913, 56, 12, 5.7358, 26.2461
914, 56, 12, 5.73268, 26.2525
915, 56, 12, 5.72604, 26.3068
916, 56, 12, 5.7126, 26.3161
917, 56, 12, 5.70522, 26.3351
918, 56, 12, 5.69784, 26.3499
919, 56, 12, 5.74945, 26.4168
920, 56, 12, 5.74436, 26.4409
921, 56, 12, 5.74303, 26.4693
922, 56, 12, 5.7366, 26.4877
923, 56, 12, 5.73018, 26.5029
924, 56, 12, 5.70466, 26.5202
925, 56, 12, 5.68479, 26.5264
926, 56, 12, 5.74595, 26.5739
927, 56, 12, 5.73883, 26.6069
928, 56, 12, 5.73145, 26.6215
929, 56, 12, 5.72407, 26.6673
930, 56, 12, 5.71531, 26.6735
931, 56, 12, 5.7122, 26.7288
932, 56, 12, 5.70577, 26.7518
933, 56, 12, 5.69934, 26.7951
934, 56, 12, 5.69222, 26.8206
935, 56, 12, 5.68346, 26.8266
936, 56, 11, 5.83154, 26.8495
937, 56, 11, 5.8249, 26.8559
938, 56, 11, 5.81847, 26.8674
939, 56, 11, 5.81269, 26.8738
940, 57, 11, 5.80626, 26.8968
941, 57, 11, 5.80048, 26.9223
942, 57, 11, 5.79609, 26.9699
943, 57, 11, 5.78527, 26.9871
944, 57, 11, 5.7638, 27.0111
945, 57, 11, 5.75872, 27.0245
946, 57, 11, 5.7566, 27.0342
947, 57, 11, 5.75054, 27.0649
948, 57, 10, 5.89861, 27.0946
949, 57, 10, 5.89353, 27.126
950, 57, 10, 5.87366, 27.1504
951, 57, 10, 5.8538, 27.2353
952, 57, 10, 5.85068, 27.2831
953, 58, 10, 5.84426, 27.2932
954, 58, 10, 5.82439, 27.306
955, 58, 10, 5.81859, 27.3483
956, 58, 10, 5.81253, 27.3736
957, 58, 10, 5.79266, 27.4027
958, 58, 10, 5.78554, 27.4314
959, 58, 10, 5.78508, 27.4552
960, 58, 10, 5.78296, 27.4754
961, 58, 10, 5.76649, 27.5082
962, 58, 10, 5.76006, 27.5529
963, 58, 10, 5.75342, 27.5718
964, 58, 10, 5.75321, 27.6134
965, 58, 10, 5.74849, 27.6509
966, 58, 10, 5.7943, 27.6574
967, 58, 10, 5.79119, 27.6755
968, 59, 10, 5.78476, 27.7005
969, 59, 10, 5.77968, 27.7128
970, 59, 10, 5.77325, 27.7192
971, 59, 10, 5.76683, 27.7472
972, 59, 10, 5.74696, 27.7533
973, 59, 10, 5.73984, 27.7746
974, 59, 10, 5.73544, 27.7977
975, 59, 10, 5.72966, 27.8299
976, 59, 10, 5.71319, 27.8528
977, 59, 10, 5.76161, 27.9256
978, 60, 10, 5.75597, 27.9411
979, 60, 10, 5.814, 27.9718
980, 60, 9, 5.97301, 27.997
981, 60, 9, 5.96722, 28.0259
982, 60, 9, 5.9651, 28.062
983, 61, 9, 5.9601, 28.101
984, 61, 9, 5.95538, 28.1655
985, 61, 9, 5.95088, 28.1919
986, 61, 9, 5.9451, 28.216
987, 61, 9, 5.9393, 28.2414
988, 61, 9, 5.93718, 28.2734
989, 61, 9, 5.9321, 28.3066
990, 62, 9, 5.92645, 28.3335
991, 62, 9, 5.90999, 28.3402
992, 62, 9, 5.8687, 28.3579
993, 62, 9, 5.91465, 28.3677
994, 62, 9, 5.90957, 28.4593
995, 62, 9, 5.90393, 28.4853
996, 62, 9, 5.89921, 28.519
997, 62, 9, 5.89341, 28.557
998, 63, 9, 5.88777, 28.569
999, 63, 9, 5.88565, 28.5902
