Seed is: 80
Number of samples is: 1000
Simulation name is: Simulation_4TV.sim
TimeStep, Distraction Rate, Missed States, Model Accuracy, Time (ms)
0, 0, 112, 0, 6e-05
1, 0, 111, 0.763197, 0.050546
2, 0, 110, 1.7632, 0.065104
3, 0, 110, 1.34816, 0.086645
4, 0, 110, 1.17823, 0.164443
5, 0, 109, 1.94143, 0.224337
6, 0, 109, 1.5679, 0.246459
7, 0, 109, 1.19436, 0.270064
8, 0, 109, 1.04143, 0.299591
9, 0, 109, 0.888499, 0.337553
10, 0, 108, 1.6517, 0.365005
11, 0, 107, 2.41489, 0.416754
12, 0, 107, 2.04136, 0.434097
13, 0, 107, 1.66783, 0.478511
14, 0, 107, 1.51489, 0.499962
15, 0, 107, 1.36196, 0.544387
16, 0, 106, 2.12516, 0.572881
17, 0, 105, 2.88836, 0.589833
18, 0, 104, 3.88836, 0.604712
19, 0, 104, 3.47332, 0.633146
20, 0, 104, 3.30339, 0.65618
21, 0, 103, 4.06659, 0.682069
22, 0, 103, 3.69306, 0.710794
23, 0, 103, 3.31952, 0.774776
24, 0, 103, 3.16659, 0.803871
25, 0, 103, 3.01366, 0.83486
26, 0, 102, 3.77686, 0.839599
27, 0, 101, 4.54005, 0.844268
28, 0, 100, 4.89282, 0.853987
29, 0, 100, 4.40786, 0.897149
30, 0, 99, 4.76063, 0.902589
31, 0, 99, 5.07567, 0.924882
32, 0, 99, 4.49759, 0.951582
33, 0, 99, 4.71952, 1.00253
34, 1, 98, 5.71952, 1.00767
35, 2, 98, 5.30449, 1.01264
36, 3, 98, 5.13456, 1.03375
37, 3, 97, 5.89776, 1.06655
38, 3, 97, 5.52422, 1.09763
39, 3, 97, 5.15069, 1.10237
40, 3, 97, 4.99776, 1.12664
41, 3, 97, 4.84483, 1.14485
42, 3, 96, 5.60802, 1.17276
43, 3, 95, 6.37122, 1.18443
44, 4, 94, 7.37122, 1.19348
45, 5, 94, 6.95618, 1.21157
46, 6, 94, 6.78626, 1.25431
47, 6, 93, 7.54945, 1.26235
48, 6, 93, 7.17592, 1.28933
49, 6, 92, 7.52869, 1.31335
50, 6, 92, 7.04373, 1.31863
51, 6, 92, 6.8908, 1.38362
52, 6, 92, 7.11272, 1.38868
53, 6, 91, 7.87592, 1.40105
54, 6, 90, 8.63912, 1.42808
55, 6, 89, 9.63912, 1.44355
56, 6, 89, 9.22408, 1.45467
57, 6, 89, 9.05416, 1.49381
58, 6, 88, 9.81735, 1.51828
59, 6, 88, 9.44382, 1.56597
60, 6, 88, 9.07029, 1.58953
61, 6, 88, 8.91735, 1.60229
62, 6, 88, 8.76442, 1.62409
63, 6, 87, 9.52762, 1.63489
64, 6, 87, 9.15408, 1.66437
65, 6, 86, 9.50685, 1.67035
66, 6, 86, 9.02189, 1.67565
67, 6, 86, 8.86896, 1.68926
68, 6, 86, 8.66442, 1.73742
69, 6, 85, 9.42762, 1.74926
70, 6, 84, 10.4276, 1.77007
71, 6, 84, 10.0126, 1.78662
72, 6, 84, 9.84265, 1.80755
73, 6, 83, 9.61046, 1.83243
74, 6, 82, 10.9586, 1.84759
75, 6, 81, 11.7218, 1.86689
76, 6, 80, 12.485, 1.89763
77, 6, 80, 12.1115, 1.91191
78, 6, 80, 11.7379, 1.92978
79, 6, 80, 11.585, 1.96361
80, 6, 80, 11.4321, 2.01115
81, 7, 80, 11.339, 2.02399
82, 7, 80, 11.2552, 2.0383
83, 7, 79, 12.2552, 2.05131
84, 7, 79, 11.8401, 2.06439
85, 7, 79, 11.6702, 2.09595
86, 7, 79, 11.1853, 2.16567
87, 7, 79, 10.8117, 2.17653
88, 7, 79, 10.6072, 2.2063
89, 7, 78, 11.3704, 2.23043
90, 7, 77, 12.1336, 2.23555
91, 7, 77, 11.76, 2.24586
92, 7, 76, 12.1128, 2.31272
93, 7, 76, 11.6278, 2.34859
94, 7, 76, 11.4749, 2.35332
95, 7, 76, 11.2704, 2.3847
96, 7, 75, 12.0336, 2.39482
97, 7, 74, 12.7968, 2.3996
98, 7, 73, 13.56, 2.42435
99, 7, 73, 13.1864, 2.44638
100, 7, 73, 12.8129, 2.48184
101, 7, 73, 12.66, 2.48693
102, 7, 73, 12.507, 2.50276
103, 7, 72, 13.2702, 2.52302
104, 7, 72, 12.8967, 2.54185
105, 7, 72, 12.5232, 2.55883
106, 7, 72, 12.3702, 2.57251
107, 7, 72, 12.2173, 2.57742
108, 7, 72, 12.1335, 2.58557
109, 7, 72, 12.0497, 2.62009
110, 7, 72, 11.9566, 2.65592
111, 7, 72, 11.8635, 2.68373
112, 7, 72, 11.7797, 2.71038
113, 7, 72, 11.5163, 2.72809
114, 7, 71, 12.2795, 2.73297
115, 7, 70, 13.0426, 2.74898
116, 7, 70, 12.6691, 2.75812
117, 7, 70, 12.2956, 2.78614
118, 7, 70, 12.1426, 2.80246
119, 7, 70, 11.9897, 2.82507
120, 7, 69, 12.9897, 2.82989
121, 7, 69, 12.5747, 2.85376
122, 7, 69, 12.4048, 2.85889
123, 7, 68, 13.168, 2.87211
124, 7, 67, 13.9311, 2.90004
125, 7, 66, 14.6943, 2.92477
126, 7, 66, 14.3208, 2.95682
127, 7, 66, 13.9473, 2.98262
128, 7, 66, 13.7943, 3.00245
129, 7, 65, 14.0357, 3.05244
130, 8, 64, 15.0357, 3.09011
131, 9, 64, 14.6206, 3.14698
132, 10, 64, 14.4507, 3.18146
133, 10, 63, 15.2139, 3.25644
134, 10, 62, 16.2139, 3.28437
135, 10, 62, 15.7989, 3.3037
136, 10, 62, 15.629, 3.33464
137, 10, 61, 16.629, 3.3668
138, 10, 61, 16.2139, 3.37191
139, 10, 61, 16.044, 3.40961
140, 10, 60, 16.8072, 3.42764
141, 10, 60, 16.4337, 3.44254
142, 10, 60, 16.0601, 3.50983
143, 10, 59, 16.3015, 3.52521
144, 10, 59, 16.0969, 3.54928
145, 10, 58, 16.3383, 3.56317
146, 10, 58, 16.1337, 3.57899
147, 10, 57, 16.8969, 3.59275
148, 10, 56, 16.6647, 3.60494
149, 10, 55, 18.0129, 3.63749
150, 10, 54, 18.7761, 3.64287
151, 10, 53, 19.7761, 3.65774
152, 10, 53, 19.3611, 3.66325
153, 10, 53, 19.1911, 3.68046
154, 10, 52, 19.9543, 3.69745
155, 10, 52, 19.5808, 3.7182
156, 10, 52, 19.2073, 3.74943
157, 10, 52, 19.0543, 3.79851
158, 10, 52, 18.9014, 3.80402
159, 11, 52, 18.8083, 3.8166
160, 11, 52, 18.6037, 3.82919
161, 11, 51, 19.3669, 3.85306
162, 11, 51, 18.9934, 3.88207
163, 11, 50, 19.3462, 3.91097
164, 11, 50, 18.8612, 3.926
165, 11, 50, 18.7083, 3.95785
166, 11, 50, 18.9302, 4.00032
167, 11, 49, 19.6934, 4.04474
168, 11, 49, 19.3199, 4.05391
169, 11, 48, 20.0831, 4.10799
170, 11, 47, 20.8463, 4.18238
171, 11, 46, 21.6095, 4.23302
172, 11, 45, 21.9622, 4.25358
173, 11, 45, 21.4773, 4.30082
174, 11, 45, 21.1037, 4.33413
175, 11, 45, 20.8992, 4.35571
176, 11, 45, 20.7463, 4.41011
177, 11, 44, 21.7463, 4.43507
178, 11, 44, 21.3312, 4.46721
179, 11, 44, 21.1613, 4.4875
180, 11, 43, 21.9245, 4.53777
181, 11, 43, 21.551, 4.55732
182, 11, 43, 21.1774, 4.58982
183, 11, 43, 21.0245, 4.68202
184, 11, 43, 20.8716, 4.6875
185, 11, 43, 20.3866, 4.70788
186, 11, 42, 20.1544, 4.72703
187, 11, 41, 21.5026, 4.76359
188, 11, 41, 21.129, 4.78809
189, 11, 41, 21.4441, 4.80649
190, 11, 41, 21.7075, 4.8408
191, 11, 40, 22.4707, 4.84912
192, 11, 39, 23.2339, 4.92263
193, 11, 39, 22.8604, 4.95376
194, 11, 38, 23.2131, 4.96227
195, 11, 38, 22.7282, 4.98339
196, 11, 38, 22.5752, 5.01247
197, 11, 38, 22.3707, 5.04416
198, 11, 38, 21.7337, 5.06686
199, 11, 38, 21.5808, 5.09776
200, 11, 38, 21.2767, 5.13009
201, 11, 38, 21.1929, 5.13537
202, 11, 37, 21.3827, 5.17766
203, 11, 37, 21.2722, 5.22842
204, 11, 37, 21.1791, 5.24328
205, 11, 37, 21.086, 5.27312
206, 11, 37, 21.0022, 5.2881
207, 11, 37, 20.7387, 5.32036
208, 12, 37, 20.6456, 5.38631
209, 12, 37, 20.5618, 5.41363
210, 12, 37, 20.478, 5.42839
211, 12, 37, 20.3849, 5.44965
212, 12, 37, 20.3011, 5.45521
213, 12, 37, 20.2173, 5.46551
214, 12, 37, 19.9539, 5.48172
215, 12, 37, 19.8701, 5.49263
216, 12, 37, 19.7596, 5.54283
217, 12, 37, 19.6491, 5.5868
218, 12, 37, 19.5653, 5.65124
219, 12, 37, 19.4815, 5.65665
220, 12, 37, 19.3977, 5.6623
221, 12, 37, 19.3139, 5.66752
222, 12, 36, 20.0771, 5.68459
223, 12, 35, 20.4299, 5.71587
224, 12, 35, 19.9449, 5.73641
225, 12, 35, 19.5714, 5.76439
226, 12, 35, 19.3668, 5.79383
227, 12, 35, 19.2139, 5.79946
228, 12, 34, 20.2139, 5.80485
229, 12, 34, 19.7989, 5.82528
230, 12, 34, 19.6289, 5.83075
231, 12, 34, 19.476, 5.90054
232, 12, 34, 19.3829, 5.90642
233, 12, 34, 19.2898, 5.92325
234, 12, 34, 19.1793, 5.93787
235, 12, 34, 19.0862, 6.0155
236, 12, 34, 18.9757, 6.06533
237, 12, 34, 18.8919, 6.07924
238, 12, 34, 18.7389, 6.10707
239, 12, 33, 18.9287, 6.14158
240, 12, 33, 18.8356, 6.14714
241, 12, 33, 18.631, 6.16637
242, 12, 33, 18.5472, 6.19963
243, 13, 32, 19.5472, 6.21575
244, 14, 32, 19.1322, 6.23817
245, 15, 32, 18.9623, 6.28508
246, 16, 32, 18.8692, 6.31624
247, 16, 32, 18.7854, 6.33677
248, 16, 31, 19.7854, 6.35144
249, 16, 31, 19.3703, 6.37139
250, 16, 31, 19.2004, 6.38613
251, 16, 31, 19.1073, 6.41185
252, 16, 31, 19.0142, 6.42927
253, 16, 31, 18.9037, 6.43504
254, 16, 31, 19.0667, 6.45639
255, 16, 31, 19.0137, 6.5085
256, 16, 31, 18.9299, 6.54031
257, 16, 30, 19.1196, 6.55449
258, 16, 30, 19.0091, 6.57587
259, 16, 30, 18.9503, 6.58146
260, 16, 30, 18.8914, 6.62375
261, 16, 30, 18.824, 6.63838
262, 17, 30, 18.7651, 6.65766
263, 17, 30, 18.6546, 6.67003
264, 17, 30, 18.5708, 6.72828
265, 17, 30, 18.487, 6.75488
266, 17, 29, 18.6768, 6.77951
267, 17, 29, 18.8813, 6.81298
268, 17, 29, 18.8283, 6.81868
269, 17, 29, 18.7445, 6.83438
270, 18, 29, 18.6856, 6.84806
271, 18, 29, 18.5751, 6.85918
272, 18, 29, 18.4646, 6.8726
273, 18, 29, 18.1605, 6.91058
274, 18, 29, 18.0767, 6.93519
275, 18, 29, 17.9929, 6.94073
276, 18, 29, 17.8418, 6.94664
277, 18, 29, 17.7744, 6.97674
278, 18, 28, 17.9642, 7.00761
279, 18, 28, 17.9112, 7.03631
280, 18, 28, 17.8582, 7.08219
281, 18, 28, 17.9806, 7.11405
282, 19, 28, 17.9399, 7.12079
283, 19, 28, 17.9033, 7.14951
284, 19, 28, 17.8503, 7.16045
285, 19, 28, 17.7914, 7.18304
286, 19, 28, 17.6809, 7.20216
287, 19, 28, 17.5001, 7.25128
288, 19, 28, 17.4163, 7.29914
289, 19, 28, 17.3325, 7.33062
290, 19, 28, 17.222, 7.3527
291, 20, 28, 17.1631, 7.39938
292, 20, 28, 17.0526, 7.41957
293, 20, 28, 16.9852, 7.44005
294, 20, 28, 16.9179, 7.44607
295, 20, 28, 16.8649, 7.45169
296, 20, 28, 16.7718, 7.46172
297, 20, 27, 16.9615, 7.51868
298, 20, 27, 16.8104, 7.54977
299, 20, 27, 16.6592, 7.5825
300, 20, 27, 16.5487, 7.63504
301, 20, 27, 16.3976, 7.70514
302, 20, 27, 16.3387, 7.77147
303, 20, 27, 16.2857, 7.77723
304, 20, 27, 16.2268, 7.84748
305, 20, 27, 16.1679, 7.87079
306, 20, 27, 16.1313, 7.94022
307, 20, 27, 16.0342, 7.96211
308, 21, 27, 15.9753, 7.99111
309, 21, 27, 15.9223, 8.03646
310, 21, 27, 15.8693, 8.06805
311, 21, 27, 15.8163, 8.11032
312, 21, 27, 15.6354, 8.12783
313, 21, 27, 15.5824, 8.15849
314, 21, 27, 15.4986, 8.1854
315, 21, 27, 15.4397, 8.22739
316, 21, 27, 15.3808, 8.24986
317, 21, 27, 15.3135, 8.26509
318, 21, 27, 15.2546, 8.28889
319, 21, 27, 15.2105, 8.30065
320, 21, 27, 15.1739, 8.34424
321, 21, 27, 15.1209, 8.36157
322, 21, 27, 15.0104, 8.38919
323, 21, 27, 14.9574, 8.46258
324, 21, 26, 15.1205, 8.4856
325, 21, 26, 15.0675, 8.52655
326, 21, 25, 15.2305, 8.58599
327, 21, 25, 15.1716, 8.6274
328, 21, 25, 15.1127, 8.64803
329, 21, 24, 15.2757, 8.66094
330, 21, 24, 15.2084, 8.70652
331, 21, 24, 15.1554, 8.7324
332, 21, 24, 15.0881, 8.76961
333, 21, 24, 15.0292, 8.79338
334, 21, 24, 14.9926, 8.82061
335, 21, 24, 14.9519, 8.84432
336, 21, 24, 14.9113, 8.84981
337, 21, 24, 14.8672, 8.89633
338, 21, 24, 14.7999, 8.9132
339, 21, 24, 14.7469, 8.92449
340, 21, 24, 14.6939, 8.98806
341, 21, 24, 14.6265, 8.99381
342, 21, 24, 14.5735, 9.0358
343, 21, 24, 14.5205, 9.04137
344, 21, 24, 14.4839, 9.0795
345, 21, 24, 14.4474, 9.13676
346, 21, 24, 14.3944, 9.17306
347, 21, 24, 14.2745, 9.18527
348, 21, 24, 14.1775, 9.21527
349, 21, 24, 14.1106, 9.24661
350, 22, 24, 14.07, 9.28147
351, 22, 24, 13.9729, 9.29646
352, 22, 24, 14.0953, 9.31323
353, 22, 24, 14.0547, 9.36517
354, 22, 24, 14.0181, 9.40948
355, 22, 24, 13.9507, 9.41543
356, 23, 24, 13.9101, 9.43483
357, 23, 24, 13.866, 9.44057
358, 23, 24, 13.8254, 9.46584
359, 23, 24, 13.7847, 9.51153
360, 23, 24, 13.758, 9.54511
361, 23, 24, 13.7312, 9.56896
362, 23, 24, 13.6871, 9.57502
363, 23, 24, 13.643, 9.62597
364, 23, 24, 13.6064, 9.64181
365, 23, 24, 13.5699, 9.64739
366, 23, 24, 13.5025, 9.67901
367, 23, 24, 13.4352, 9.73153
368, 23, 24, 13.3945, 9.74338
369, 23, 24, 13.4872, 9.76895
370, 23, 24, 13.4431, 9.77459
371, 23, 24, 13.4065, 9.82554
372, 23, 23, 13.5695, 9.89709
373, 23, 23, 13.5289, 9.92667
374, 23, 23, 13.4883, 9.97198
375, 23, 23, 13.5809, 10.0126
376, 23, 23, 13.5136, 10.0423
377, 24, 23, 13.4729, 10.0761
378, 24, 23, 13.3531, 10.1201
379, 24, 23, 13.2858, 10.1747
380, 24, 23, 13.2492, 10.212
381, 24, 23, 13.2126, 10.2388
382, 24, 23, 13.1596, 10.2671
383, 24, 23, 13.1155, 10.3208
384, 25, 23, 13.0858, 10.365
385, 25, 23, 13.059, 10.4015
386, 25, 23, 12.9922, 10.4074
387, 25, 23, 12.9516, 10.4413
388, 25, 23, 12.8986, 10.4474
389, 25, 23, 12.8015, 10.4878
390, 25, 23, 12.7712, 10.5362
391, 25, 23, 12.7445, 10.5833
392, 25, 23, 12.7079, 10.6059
393, 25, 23, 12.6108, 10.6117
394, 25, 23, 12.5578, 10.6267
395, 25, 23, 12.4904, 10.6661
396, 25, 23, 12.4539, 10.679
397, 25, 23, 12.4173, 10.6954
398, 25, 23, 12.3732, 10.7008
399, 25, 23, 12.4431, 10.7702
400, 25, 23, 12.4164, 10.7974
401, 25, 23, 12.3723, 10.8253
402, 26, 23, 12.3425, 10.864
403, 26, 23, 12.3059, 10.8805
404, 26, 23, 12.2757, 10.939
405, 26, 23, 12.246, 10.9579
406, 26, 23, 12.1792, 11.0126
407, 26, 23, 12.1426, 11.0186
408, 26, 23, 12.0758, 11.0783
409, 26, 23, 12.0276, 11.1126
410, 26, 23, 12.0009, 11.1364
411, 26, 23, 11.9741, 11.1592
412, 26, 22, 12.1228, 11.1921
413, 26, 22, 12.056, 11.2112
414, 26, 22, 11.9589, 11.2827
415, 26, 22, 11.9223, 11.2965
416, 26, 21, 12.071, 11.3247
417, 26, 21, 11.9863, 11.3313
418, 26, 21, 11.9595, 11.3626
419, 26, 21, 11.9327, 11.4211
420, 26, 21, 11.9123, 11.4274
421, 26, 21, 11.8825, 11.4333
422, 26, 21, 11.8528, 11.4392
423, 26, 21, 11.8226, 11.4672
424, 27, 21, 11.7998, 11.5009
425, 27, 21, 11.7517, 11.5131
426, 27, 21, 11.7219, 11.5427
427, 27, 21, 11.7015, 11.5588
428, 27, 21, 11.6717, 11.6073
429, 27, 21, 11.642, 11.6219
430, 27, 21, 11.6118, 11.6496
431, 28, 21, 11.582, 11.6672
432, 28, 21, 11.5147, 11.6818
433, 28, 21, 11.4473, 11.7146
434, 28, 21, 11.4033, 11.7552
435, 29, 21, 11.3735, 11.7984
436, 29, 21, 11.3467, 11.8294
437, 29, 21, 11.3061, 11.8846
438, 29, 21, 11.2654, 11.9179
439, 29, 21, 11.2289, 11.9637
440, 29, 21, 11.1882, 11.9791
441, 29, 21, 11.1441, 12.0094
442, 29, 21, 11.1139, 12.0337
443, 29, 21, 11.0935, 12.0486
444, 29, 21, 11.0267, 12.0671
445, 29, 21, 10.9826, 12.1036
446, 29, 21, 10.9385, 12.1161
447, 29, 21, 10.8944, 12.1597
448, 29, 21, 10.8647, 12.2108
449, 29, 21, 10.8349, 12.253
450, 29, 21, 10.8081, 12.2785
451, 29, 21, 10.7784, 12.311
452, 29, 21, 10.7343, 12.3404
453, 29, 21, 10.7075, 12.3463
454, 29, 21, 10.6871, 12.366
455, 29, 21, 10.6569, 12.3971
456, 29, 21, 10.59, 12.4032
457, 29, 21, 10.5633, 12.4203
458, 29, 21, 10.5192, 12.4653
459, 29, 21, 10.4924, 12.5232
460, 29, 20, 10.6336, 12.5392
461, 29, 20, 10.6132, 12.567
462, 29, 20, 10.5691, 12.5731
463, 29, 20, 10.5388, 12.5946
464, 29, 20, 10.5086, 12.6305
465, 29, 20, 10.4605, 12.6359
466, 29, 20, 10.4246, 12.6453
467, 29, 20, 10.3978, 12.6723
468, 29, 20, 10.3764, 12.6967
469, 29, 20, 10.3283, 12.7266
470, 29, 20, 10.3078, 12.7446
471, 29, 20, 10.2811, 12.7824
472, 29, 20, 10.2184, 12.7882
473, 29, 20, 10.198, 12.8025
474, 29, 20, 10.1712, 12.8166
475, 29, 20, 10.1507, 12.8224
476, 29, 19, 10.2885, 12.8283
477, 29, 18, 10.4262, 12.8573
478, 29, 17, 10.563, 12.9076
479, 29, 17, 10.5426, 12.926
480, 29, 17, 10.5067, 12.9703
481, 29, 17, 10.484, 13.0071
482, 29, 17, 10.4678, 13.0312
483, 29, 17, 10.4465, 13.0828
484, 30, 17, 10.4237, 13.1049
485, 30, 17, 10.3935, 13.1264
486, 30, 17, 10.3633, 13.1576
487, 30, 17, 10.3406, 13.1632
488, 30, 17, 10.3178, 13.1811
489, 30, 17, 10.2974, 13.1872
490, 30, 17, 10.2747, 13.2135
491, 30, 17, 10.2533, 13.2472
492, 30, 17, 10.2319, 13.2761
493, 30, 17, 10.2092, 13.2958
494, 30, 17, 10.1865, 13.3323
495, 30, 17, 10.1711, 13.3896
496, 31, 17, 10.1531, 13.3971
497, 31, 17, 10.2051, 13.4317
498, 31, 17, 10.1838, 13.4534
499, 31, 17, 10.1535, 13.5056
500, 31, 17, 10.1331, 13.5117
501, 31, 17, 10.1063, 13.5176
502, 31, 17, 10.0216, 13.5528
503, 31, 17, 9.99135, 13.5589
504, 31, 17, 9.95478, 13.5649
505, 31, 17, 9.88797, 13.5807
506, 31, 17, 9.85822, 13.6011
507, 31, 17, 9.83684, 13.6276
508, 31, 17, 9.80662, 13.7261
509, 31, 17, 9.78524, 13.7453
510, 31, 17, 9.76386, 13.7646
511, 31, 17, 9.72728, 13.777
512, 31, 17, 9.69754, 13.8211
513, 31, 17, 9.66779, 13.8796
514, 31, 17, 9.61964, 13.9181
515, 31, 17, 9.59692, 13.9336
516, 31, 17, 9.57015, 13.9799
517, 31, 17, 9.53992, 14.0084
518, 32, 17, 9.5172, 14.0539
519, 32, 17, 9.48697, 14.0994
520, 32, 17, 9.43882, 14.123
521, 32, 17, 9.41837, 14.1633
522, 32, 17, 9.39565, 14.2057
523, 32, 17, 9.37293, 14.2432
524, 32, 17, 9.35155, 14.3119
525, 33, 17, 9.33363, 14.3237
526, 33, 17, 9.31225, 14.3645
527, 33, 17, 9.28953, 14.3801
528, 33, 17, 9.27341, 14.4059
529, 33, 17, 9.25069, 14.4244
530, 33, 17, 9.22797, 14.4413
531, 33, 17, 9.20659, 14.4714
532, 34, 17, 9.18867, 14.4909
533, 34, 17, 9.16822, 14.4964
534, 34, 17, 9.15279, 14.5219
535, 34, 17, 9.2318, 14.541
536, 34, 17, 9.19592, 14.5966
537, 34, 17, 9.13327, 14.6275
538, 34, 16, 9.271, 14.6735
539, 34, 16, 9.25557, 14.6869
540, 34, 16, 9.2288, 14.6927
541, 35, 16, 9.20608, 14.7238
542, 35, 16, 9.15793, 14.818
543, 35, 16, 9.13748, 14.8631
544, 35, 16, 9.1016, 14.869
545, 35, 16, 9.08116, 14.8749
546, 35, 16, 9.17466, 14.8808
547, 35, 16, 9.15853, 14.9091
548, 35, 16, 9.13716, 14.9311
549, 36, 16, 9.11923, 14.95
550, 36, 16, 9.10618, 14.978
551, 36, 16, 9.08826, 14.9837
552, 36, 16, 9.07034, 15.0141
553, 36, 16, 9.05421, 15.0445
554, 36, 16, 9.03283, 15.0906
555, 36, 16, 9.0174, 15.1248
556, 36, 16, 8.95475, 15.1698
557, 36, 16, 8.93431, 15.1756
558, 36, 16, 8.88646, 15.2118
559, 36, 16, 8.85623, 15.2442
560, 36, 16, 8.83831, 15.2874
561, 36, 16, 8.81693, 15.3278
562, 36, 16, 8.8008, 15.3517
563, 36, 16, 8.78467, 15.3866
564, 36, 16, 8.73682, 15.3929
565, 36, 16, 8.80675, 15.4176
566, 36, 16, 8.77087, 15.4618
567, 36, 16, 8.72272, 15.4953
568, 36, 16, 8.70659, 15.5454
569, 36, 15, 8.84339, 15.5516
570, 36, 15, 8.82796, 15.5721
571, 36, 15, 8.80658, 15.5869
572, 36, 15, 8.79046, 15.6046
573, 36, 15, 8.77253, 15.6173
574, 36, 15, 8.75461, 15.6456
575, 36, 15, 8.73918, 15.6809
576, 36, 15, 8.72375, 15.7084
577, 36, 15, 8.70583, 15.7677
578, 36, 15, 8.69278, 15.799
579, 36, 15, 8.67486, 15.8184
580, 36, 15, 8.65694, 15.8311
581, 36, 15, 8.64567, 15.837
582, 36, 15, 8.59782, 15.8484
583, 36, 15, 8.57644, 15.8539
584, 36, 15, 8.54904, 15.8766
585, 36, 15, 8.50119, 15.8916
586, 36, 15, 8.48992, 15.9581
587, 36, 15, 8.47449, 16.0103
588, 36, 15, 8.45311, 16.0591
589, 36, 15, 8.43768, 16.0988
590, 36, 15, 8.41723, 16.1331
591, 36, 15, 8.37978, 16.1827
592, 36, 15, 8.33163, 16.2096
593, 36, 15, 8.3162, 16.2212
594, 36, 15, 8.30007, 16.2467
595, 36, 14, 8.43757, 16.2864
596, 36, 14, 8.50461, 16.3193
597, 36, 14, 8.48668, 16.3475
598, 36, 14, 8.47541, 16.4374
599, 36, 14, 8.45749, 16.4815
600, 36, 14, 8.43957, 16.4916
601, 36, 14, 8.4283, 16.505
602, 36, 14, 8.41287, 16.5368
603, 36, 14, 8.39744, 16.5423
604, 37, 14, 8.38294, 16.5833
605, 37, 14, 8.34706, 16.6312
606, 37, 14, 8.31966, 16.6547
607, 37, 14, 8.28378, 16.6715
608, 37, 14, 8.24791, 16.6888
609, 37, 14, 8.23663, 16.7161
610, 37, 14, 8.22359, 16.7606
611, 37, 14, 8.18613, 16.7709
612, 37, 14, 8.17, 16.8303
613, 37, 14, 8.15873, 16.8725
614, 37, 14, 8.15045, 16.9341
615, 37, 14, 8.13253, 16.9797
616, 37, 14, 8.1164, 17.0036
617, 38, 14, 8.1019, 17.0287
618, 38, 14, 8.06602, 17.059
619, 38, 14, 8.04989, 17.0761
620, 38, 14, 8.02249, 17.0943
621, 38, 14, 8.00799, 17.1097
622, 38, 14, 7.99494, 17.1242
623, 38, 14, 7.95749, 17.1547
624, 38, 14, 7.94444, 17.1926
625, 38, 13, 8.08194, 17.2226
626, 38, 13, 8.06651, 17.2534
627, 39, 13, 8.05201, 17.2711
628, 39, 13, 8.03896, 17.2996
629, 39, 13, 8.02446, 17.3242
630, 39, 13, 8.00996, 17.3474
631, 39, 13, 7.99869, 17.3596
632, 39, 13, 7.98742, 17.4134
633, 39, 13, 7.97292, 17.4544
634, 39, 13, 7.96215, 17.4642
635, 39, 13, 7.94672, 17.4793
636, 39, 13, 7.91932, 17.5224
637, 39, 13, 7.90482, 17.5374
638, 39, 13, 7.87493, 17.5806
639, 40, 13, 7.86043, 17.5988
640, 40, 13, 7.8443, 17.6146
641, 40, 13, 7.8298, 17.6656
642, 40, 13, 7.8153, 17.6718
643, 40, 13, 7.80403, 17.7181
644, 41, 13, 7.79206, 17.754
645, 41, 13, 7.77073, 17.7603
646, 41, 13, 7.76245, 17.7663
647, 41, 13, 7.74795, 17.828
648, 41, 13, 7.73345, 17.8793
649, 41, 13, 7.72518, 17.8855
650, 41, 13, 7.69778, 17.9014
651, 41, 13, 7.68165, 17.9662
652, 41, 13, 7.66027, 17.9998
653, 41, 13, 7.69777, 18.0336
654, 41, 13, 7.68327, 18.0622
655, 41, 13, 7.72078, 18.0683
656, 41, 13, 7.70951, 18.0942
657, 41, 13, 7.69823, 18.1383
658, 41, 13, 7.67083, 18.1535
659, 41, 13, 7.73624, 18.1835
660, 41, 12, 7.87305, 18.2022
661, 41, 12, 7.85762, 18.2493
662, 41, 12, 7.84564, 18.2684
663, 41, 12, 7.82432, 18.2877
664, 41, 12, 7.81354, 18.3051
665, 41, 12, 7.80748, 18.3245
666, 41, 12, 7.79443, 18.3561
667, 41, 12, 7.77311, 18.3926
668, 41, 12, 7.76183, 18.4164
669, 41, 12, 7.75056, 18.4516
670, 41, 12, 7.71311, 18.5098
671, 41, 12, 7.69768, 18.523
672, 41, 12, 7.68641, 18.5292
673, 41, 12, 7.67336, 18.5402
674, 41, 12, 7.65793, 18.5641
675, 41, 11, 7.79543, 18.6177
676, 41, 11, 7.78238, 18.6356
677, 41, 11, 7.77411, 18.6548
678, 41, 11, 7.75278, 18.6955
679, 42, 11, 7.74081, 18.746
680, 42, 11, 7.73003, 18.7673
681, 42, 11, 7.71806, 18.8038
682, 42, 11, 7.70609, 18.8164
683, 42, 11, 7.69781, 18.8534
684, 42, 11, 7.68953, 18.886
685, 42, 11, 7.76351, 18.9317
686, 42, 11, 7.75446, 18.9578
687, 42, 11, 7.74249, 18.984
688, 42, 11, 7.73051, 19.0228
689, 42, 11, 7.72445, 19.0295
690, 42, 11, 7.71248, 19.0517
691, 42, 11, 7.66646, 19.0826
692, 42, 11, 7.65103, 19.102
693, 42, 11, 7.63419, 19.1435
694, 42, 11, 7.64111, 19.1794
695, 43, 11, 7.63106, 19.2075
696, 43, 11, 7.60117, 19.2139
697, 43, 11, 7.5899, 19.2678
698, 43, 11, 7.55263, 19.3
699, 43, 11, 7.5313, 19.3075
700, 43, 11, 7.50709, 19.3464
701, 43, 11, 7.49025, 19.4033
702, 43, 11, 7.46285, 19.4217
703, 43, 11, 7.43545, 19.4279
704, 44, 11, 7.42347, 19.4963
705, 44, 11, 7.4152, 19.524
706, 44, 11, 7.40442, 19.5608
707, 44, 11, 7.39245, 19.6094
708, 44, 11, 7.38639, 19.6156
709, 44, 11, 7.37441, 19.6624
710, 44, 11, 7.36244, 19.6779
711, 44, 11, 7.35638, 19.6929
712, 44, 11, 7.33505, 19.7193
713, 44, 11, 7.322, 19.7459
714, 44, 11, 7.30657, 19.7928
715, 44, 11, 7.2958, 19.8174
716, 44, 11, 7.28275, 19.832
717, 44, 11, 7.27447, 19.8439
718, 45, 11, 7.26442, 19.8687
719, 45, 11, 7.25836, 19.8928
720, 45, 11, 7.24931, 19.9431
721, 45, 11, 7.22798, 19.9701
722, 45, 11, 7.21721, 20.0022
723, 45, 11, 7.23269, 20.0082
724, 45, 11, 7.22441, 20.0142
725, 45, 11, 7.20308, 20.0372
726, 45, 11, 7.19481, 20.0667
727, 45, 11, 7.16741, 20.0924
728, 45, 11, 7.15291, 20.1213
729, 45, 11, 7.13841, 20.1334
730, 45, 11, 7.12713, 20.1727
731, 46, 11, 7.11516, 20.1848
732, 46, 11, 7.08527, 20.2134
733, 46, 11, 7.074, 20.2193
734, 46, 11, 7.0466, 20.2409
735, 46, 10, 7.18588, 20.2821
736, 46, 10, 7.17391, 20.2992
737, 46, 10, 7.16563, 20.3112
738, 46, 10, 7.15436, 20.3535
739, 46, 10, 7.14309, 20.3682
740, 46, 10, 7.13231, 20.3826
741, 46, 10, 7.12404, 20.4022
742, 47, 10, 7.11399, 20.4094
743, 47, 10, 7.10271, 20.4237
744, 47, 10, 7.08588, 20.4585
745, 47, 10, 7.0776, 20.479
746, 47, 10, 7.05338, 20.5287
747, 47, 10, 7.04899, 20.5347
748, 47, 10, 7.04071, 20.541
749, 47, 10, 7.03166, 20.5585
750, 47, 10, 7.01969, 20.5757
751, 47, 10, 7.00772, 20.5847
752, 47, 10, 6.99944, 20.6199
753, 48, 10, 6.98939, 20.6482
754, 48, 10, 6.96806, 20.6694
755, 48, 10, 6.95729, 20.6753
756, 48, 10, 6.94045, 20.6914
757, 48, 10, 6.9304, 20.7176
758, 48, 10, 6.92433, 20.7332
759, 48, 10, 6.91663, 20.7513
760, 48, 10, 6.90657, 20.789
761, 48, 10, 6.89652, 20.7983
762, 48, 10, 6.88575, 20.838
763, 48, 10, 6.86442, 20.858
764, 48, 10, 6.85537, 20.879
765, 48, 10, 6.83853, 20.907
766, 48, 10, 6.82948, 20.9125
767, 48, 10, 6.82121, 20.95
768, 48, 10, 6.79057, 20.9588
769, 48, 10, 6.77373, 20.9794
770, 48, 10, 6.76367, 21.0006
771, 48, 10, 6.75928, 21.0069
772, 48, 10, 6.74923, 21.034
773, 48, 10, 6.73917, 21.0534
774, 48, 10, 6.73871, 21.0868
775, 48, 10, 6.731, 21.1185
776, 48, 10, 6.71113, 21.1321
777, 48, 10, 6.69769, 21.1904
778, 48, 10, 6.68085, 21.2144
779, 48, 10, 6.67181, 21.2342
780, 48, 10, 6.66053, 21.2586
781, 48, 10, 6.62327, 21.2725
782, 48, 10, 6.61499, 21.3045
783, 48, 10, 6.60594, 21.3535
784, 48, 10, 6.59589, 21.3802
785, 48, 10, 6.58583, 21.4207
786, 48, 10, 6.58144, 21.4686
787, 48, 10, 6.57374, 21.4859
788, 48, 10, 6.56767, 21.4983
789, 49, 10, 6.55911, 21.5159
790, 49, 10, 6.55083, 21.5346
791, 49, 10, 6.53739, 21.5404
792, 49, 10, 6.52912, 21.5593
793, 49, 10, 6.52305, 21.5951
794, 49, 10, 6.51228, 21.6011
795, 49, 10, 6.504, 21.607
796, 49, 10, 6.47979, 21.6221
797, 49, 10, 6.50532, 21.6489
798, 49, 10, 6.56059, 21.6734
799, 49, 10, 6.55288, 21.6925
800, 49, 10, 6.54682, 21.7444
801, 49, 10, 6.52549, 21.7707
802, 49, 10, 6.51544, 21.8238
803, 49, 10, 6.502, 21.8578
804, 49, 10, 6.49593, 21.9197
805, 50, 10, 6.48737, 21.9516
806, 50, 10, 6.47053, 21.9966
807, 50, 10, 6.46447, 22.0258
808, 50, 10, 6.46136, 22.0362
809, 50, 10, 6.45231, 22.0927
810, 50, 10, 6.44226, 22.1357
811, 50, 10, 6.4322, 22.163
812, 50, 10, 6.43912, 22.1818
813, 50, 10, 6.48016, 22.1938
814, 50, 10, 6.5212, 22.1998
815, 50, 10, 6.51263, 22.2139
816, 50, 10, 6.50407, 22.228
817, 50, 10, 6.4842, 22.2413
818, 50, 10, 6.47564, 22.247
819, 50, 10, 6.47518, 22.2668
820, 50, 10, 6.46747, 22.3101
821, 50, 10, 6.4476, 22.3245
822, 50, 10, 6.43855, 22.3482
823, 50, 10, 6.42209, 22.3622
824, 50, 10, 6.40865, 22.3781
825, 50, 10, 6.39859, 22.3959
826, 50, 10, 6.38515, 22.4088
827, 51, 10, 6.37659, 22.4303
828, 51, 10, 6.35672, 22.4365
829, 51, 10, 6.35066, 22.4501
830, 51, 10, 6.33984, 22.5098
831, 51, 10, 6.33127, 22.5157
832, 51, 10, 6.30063, 22.5455
833, 51, 10, 6.29235, 22.5717
834, 51, 10, 6.28571, 22.5999
835, 51, 10, 6.2826, 22.6351
836, 51, 10, 6.27178, 22.659
837, 52, 10, 6.2644, 22.6893
838, 52, 10, 6.24793, 22.7352
839, 52, 10, 6.24187, 22.7867
840, 52, 10, 6.23748, 22.8026
841, 52, 10, 6.22064, 22.8192
842, 52, 10, 6.2038, 22.8448
843, 52, 10, 6.19475, 22.8751
844, 52, 10, 6.17791, 22.8968
845, 52, 10, 6.17185, 22.9372
846, 52, 10, 6.16579, 22.9432
847, 52, 10, 6.15723, 22.9571
848, 52, 10, 6.14039, 22.9896
849, 52, 10, 6.13433, 22.9963
850, 52, 10, 6.11446, 23.0303
851, 52, 10, 6.10102, 23.0718
852, 52, 10, 6.09662, 23.1186
853, 53, 10, 6.08806, 23.1321
854, 53, 10, 6.08367, 23.1593
855, 53, 10, 6.0751, 23.1791
856, 53, 10, 6.06654, 23.2018
857, 53, 10, 6.05572, 23.212
858, 54, 10, 6.04834, 23.2475
859, 54, 10, 6.0349, 23.2944
860, 54, 10, 6.02146, 23.3185
861, 54, 10, 6.00802, 23.3626
862, 54, 10, 5.99457, 23.3929
863, 54, 10, 5.99018, 23.4152
864, 54, 10, 5.97674, 23.4294
865, 54, 10, 5.96903, 23.4495
866, 54, 10, 5.96592, 23.4972
867, 54, 10, 5.95903, 23.5089
868, 54, 10, 5.94821, 23.5317
869, 54, 10, 5.9405, 23.5376
870, 54, 10, 5.93444, 23.5435
871, 54, 10, 5.92673, 23.6146
872, 54, 10, 5.91817, 23.6365
873, 54, 10, 5.90961, 23.6564
874, 54, 10, 5.90522, 23.6703
875, 54, 10, 5.8944, 23.6857
876, 54, 10, 5.88583, 23.7126
877, 54, 10, 5.88272, 23.7455
878, 54, 10, 5.87608, 23.7725
879, 54, 10, 5.85961, 23.796
880, 55, 10, 5.85223, 23.8363
881, 55, 10, 5.84617, 23.8815
882, 55, 10, 5.83535, 23.9234
883, 55, 10, 5.83323, 23.9294
884, 55, 10, 5.83276, 23.9522
885, 55, 10, 5.82194, 23.9919
886, 55, 10, 5.8153, 24.0101
887, 55, 10, 5.80674, 24.0386
888, 55, 10, 5.79818, 24.0757
889, 55, 10, 5.79379, 24.1026
890, 55, 10, 5.78034, 24.1323
891, 55, 10, 5.77296, 24.1464
892, 55, 10, 5.7642, 24.1624
893, 56, 10, 5.75682, 24.1703
894, 56, 10, 5.75104, 24.1969
895, 56, 10, 5.74366, 24.2585
896, 56, 10, 5.73628, 24.2881
897, 56, 10, 5.73317, 24.3341
898, 57, 10, 5.72674, 24.3552
899, 57, 10, 5.71027, 24.3706
900, 57, 10, 5.70981, 24.4067
901, 57, 10, 5.67929, 24.4358
902, 57, 10, 5.66847, 24.511
903, 57, 10, 5.66109, 24.5549
904, 57, 10, 5.65027, 24.5667
905, 57, 9, 5.79504, 24.59
906, 57, 9, 5.7884, 24.596
907, 57, 9, 5.78528, 24.6284
908, 57, 9, 5.8199, 24.6536
909, 57, 9, 5.81411, 24.6595
910, 57, 9, 5.80972, 24.6757
911, 57, 9, 5.80308, 24.7118
912, 57, 9, 5.7957, 24.7679
913, 57, 9, 5.78832, 24.7736
914, 57, 9, 5.7852, 24.792
915, 57, 9, 5.77644, 24.807
916, 57, 9, 5.77432, 24.8129
917, 57, 9, 5.76695, 24.8443
918, 57, 9, 5.75957, 24.8502
919, 57, 9, 5.75378, 24.9112
920, 57, 9, 5.74002, 24.9609
921, 58, 9, 5.73359, 24.976
922, 58, 9, 5.7292, 25.0066
923, 58, 9, 5.72314, 25.0354
924, 58, 9, 5.77841, 25.078
925, 58, 9, 5.77103, 25.0844
926, 58, 9, 5.76524, 25.1098
927, 58, 9, 5.76313, 25.1586
928, 58, 9, 5.75436, 25.1802
929, 58, 9, 5.7456, 25.2049
930, 58, 9, 5.71509, 25.236
931, 58, 9, 5.70633, 25.3334
932, 58, 9, 5.70193, 25.3666
933, 58, 9, 5.69529, 25.3837
934, 58, 9, 5.6909, 25.4276
935, 58, 9, 5.68319, 25.4717
936, 58, 9, 5.66943, 25.5032
937, 58, 9, 5.66279, 25.5729
938, 58, 9, 5.65541, 25.6001
939, 58, 9, 5.64803, 25.635
940, 58, 9, 5.63156, 25.6676
941, 58, 9, 5.62444, 25.6984
942, 58, 9, 5.61068, 25.7552
943, 58, 9, 5.59986, 25.7615
944, 58, 9, 5.58904, 25.7791
945, 58, 9, 5.57822, 25.8111
946, 58, 9, 5.5674, 25.8614
947, 58, 9, 5.55658, 25.9014
948, 58, 9, 5.55219, 25.9508
949, 58, 9, 5.54779, 25.9707
950, 58, 9, 5.54137, 25.9897
951, 58, 9, 5.53425, 26.0222
952, 59, 9, 5.52782, 26.0766
953, 59, 9, 5.51406, 26.1464
954, 59, 9, 5.51272, 26.2077
955, 59, 9, 5.50608, 26.2277
956, 59, 9, 5.49966, 26.2344
957, 59, 9, 5.49323, 26.2618
958, 59, 9, 5.48165, 26.2823
959, 59, 9, 5.47587, 26.3061
960, 59, 9, 5.4621, 26.3393
961, 59, 9, 5.45568, 26.3806
962, 59, 9, 5.44692, 26.3969
963, 59, 9, 5.44003, 26.419
964, 59, 9, 5.43691, 26.4864
965, 60, 9, 5.43127, 26.5149
966, 60, 9, 5.41969, 26.5803
967, 60, 9, 5.41093, 26.5865
968, 60, 9, 5.46262, 26.6041
969, 60, 9, 5.45684, 26.6183
970, 60, 9, 5.45373, 26.6509
971, 60, 9, 5.45061, 26.6566
972, 60, 9, 5.44483, 26.6853
973, 60, 9, 5.4384, 26.7031
974, 60, 9, 5.43198, 26.7208
975, 60, 9, 5.41944, 26.7266
976, 60, 9, 5.4181, 26.7504
977, 60, 9, 5.41302, 26.7565
978, 60, 9, 5.40737, 26.8104
979, 60, 9, 5.40173, 26.8863
980, 60, 9, 5.39461, 26.9274
981, 60, 9, 5.38749, 26.9659
982, 60, 9, 5.38106, 26.9723
983, 60, 9, 5.37973, 27.0342
984, 60, 9, 5.37096, 27.059
985, 60, 9, 5.3622, 27.0735
986, 60, 9, 5.35344, 27.086
987, 60, 9, 5.34468, 27.1428
988, 60, 9, 5.34029, 27.1679
989, 60, 9, 5.33153, 27.1855
990, 60, 9, 5.32415, 27.2231
991, 60, 9, 5.31333, 27.2516
992, 60, 9, 5.30669, 27.277
993, 60, 9, 5.30457, 27.3145
994, 61, 9, 5.29814, 27.3318
995, 61, 9, 5.29503, 27.355
996, 61, 9, 5.2886, 27.4005
997, 61, 9, 5.27984, 27.4528
998, 61, 9, 5.27341, 27.4926
999, 61, 9, 5.26699, 27.5182
