Seed is: 41
Number of samples is: 1000
Simulation name is: Simulation_1TV.sim
TimeStep, Distraction Rate, Missed States, Model Accuracy, Time (ms)
0, 0, 165, 0, 4e-05
1, 0, 164, 0.763197, 0.009918
2, 0, 163, 1.7632, 0.019567
3, 0, 162, 2.52639, 0.028744
4, 0, 161, 2.2942, 0.037421
5, 0, 160, 3.2942, 0.046137
6, 0, 160, 2.87916, 0.054313
7, 0, 159, 4.22732, 0.062459
8, 0, 158, 4.99052, 0.070534
9, 0, 157, 5.99052, 0.07901
10, 0, 156, 6.99052, 0.087356
11, 0, 155, 7.99052, 0.095572
12, 0, 154, 8.75372, 0.103897
13, 0, 153, 9.75372, 0.111983
14, 0, 152, 10.5169, 0.120209
15, 0, 151, 11.2801, 0.128304
16, 0, 150, 12.2801, 0.13656
17, 0, 149, 13.0433, 0.145096
18, 0, 148, 14.0433, 0.153392
19, 0, 147, 15.0433, 0.161838
20, 0, 146, 15.8065, 0.170354
21, 0, 146, 15.3915, 0.179081
22, 0, 146, 15.0179, 0.187737
23, 0, 145, 14.7857, 0.196113
24, 0, 144, 15.5489, 0.204689
25, 0, 143, 16.3121, 0.212995
26, 0, 142, 17.0753, 0.221762
27, 0, 141, 17.8385, 0.230208
28, 0, 140, 18.6017, 0.239095
29, 0, 139, 19.3649, 0.247571
30, 0, 138, 20.1281, 0.256097
31, 0, 137, 21.1281, 0.264593
32, 0, 136, 21.8913, 0.27325
33, 0, 135, 22.6545, 0.282187
34, 0, 134, 23.4177, 0.290944
35, 0, 133, 24.1809, 0.29962
36, 0, 132, 24.9441, 0.308447
37, 0, 132, 24.5291, 0.317424
38, 0, 132, 24.114, 0.326381
39, 0, 132, 23.7405, 0.335388
40, 0, 132, 23.3255, 0.344345
41, 0, 132, 22.9519, 0.353172
42, 0, 131, 23.3047, 0.362059
43, 0, 131, 23.6197, 0.371627
44, 0, 131, 23.0417, 0.381085
45, 1, 130, 24.0417, 0.389922
46, 1, 130, 23.6681, 0.398829
47, 1, 129, 24.4313, 0.407546
48, 1, 128, 25.4313, 0.416212
49, 1, 127, 26.1945, 0.424939
50, 1, 127, 26.0246, 0.434357
51, 1, 127, 25.8547, 0.443624
52, 1, 127, 25.7616, 0.452111
53, 1, 127, 25.6685, 0.460497
54, 1, 127, 25.5155, 0.469704
55, 1, 127, 25.3456, 0.478591
56, 1, 127, 25.1927, 0.487508
57, 1, 126, 25.5454, 0.496555
58, 1, 126, 25.0605, 0.505913
59, 1, 126, 24.9767, 0.514449
60, 1, 125, 26.3248, 0.523837
61, 1, 124, 27.088, 0.532484
62, 1, 124, 26.6031, 0.542102
63, 1, 123, 27.6031, 0.550969
64, 1, 122, 28.3663, 0.559906
65, 1, 121, 29.1295, 0.569053
66, 1, 120, 29.8927, 0.578141
67, 1, 120, 29.4776, 0.586887
68, 1, 120, 29.0626, 0.595925
69, 1, 120, 28.8927, 0.604531
70, 1, 120, 28.4776, 0.613678
71, 1, 120, 28.1041, 0.622876
72, 1, 120, 27.9342, 0.632083
73, 1, 120, 27.7812, 0.641231
74, 1, 120, 27.7223, 0.649907
75, 1, 120, 27.4589, 0.659335
76, 1, 120, 27.0854, 0.667922
77, 1, 120, 27.0016, 0.677269
78, 1, 120, 26.9085, 0.686377
79, 1, 120, 26.8154, 0.695524
80, 1, 120, 26.7316, 0.704591
81, 1, 120, 26.5804, 0.713889
82, 1, 120, 26.2069, 0.722987
83, 1, 119, 26.9701, 0.731964
84, 1, 118, 27.7333, 0.74081
85, 1, 117, 28.4965, 0.750048
86, 1, 116, 29.4965, 0.759125
87, 1, 115, 30.2597, 0.768423
88, 1, 115, 29.8861, 0.778362
89, 1, 114, 30.8861, 0.787479
90, 1, 113, 31.8861, 0.796817
91, 1, 113, 31.5126, 0.806165
92, 1, 113, 31.3427, 0.815533
93, 1, 113, 31.1728, 0.824881
94, 1, 113, 31.0198, 0.834098
95, 1, 113, 30.9609, 0.843326
96, 1, 113, 30.9079, 0.852593
97, 1, 113, 30.5344, 0.862392
98, 1, 112, 31.5344, 0.87162
99, 1, 112, 31.1609, 0.880967
100, 1, 112, 31.102, 0.890566
101, 1, 112, 31.049, 0.900134
102, 1, 112, 30.9901, 0.909321
103, 1, 112, 30.9371, 0.918589
104, 1, 112, 30.84, 0.928147
105, 2, 112, 30.4249, 0.937725
106, 3, 112, 30.255, 0.947644
107, 4, 112, 30.1619, 0.958315
108, 5, 112, 30.103, 0.968815
109, 6, 112, 30.0624, 0.979986
110, 7, 112, 30.0326, 0.991989
111, 8, 112, 30.0099, 1.0047
112, 9, 112, 29.992, 1.01867
113, 9, 112, 29.839, 1.02746
114, 9, 111, 30.839, 1.03665
115, 9, 111, 30.4655, 1.04592
116, 9, 111, 30.3126, 1.06104
117, 9, 110, 31.3126, 1.07026
118, 9, 110, 30.939, 1.07949
119, 9, 110, 30.524, 1.08831
120, 9, 109, 31.2872, 1.09738
121, 9, 108, 32.2872, 1.10639
122, 9, 107, 33.0504, 1.1157
123, 9, 106, 33.8136, 1.12499
124, 9, 105, 34.5768, 1.13417
125, 9, 104, 35.5768, 1.14336
126, 9, 103, 36.34, 1.15271
127, 9, 102, 37.34, 1.16205
128, 9, 101, 38.34, 1.17142
129, 9, 100, 39.1032, 1.18165
130, 9, 99, 40.1032, 1.19121
131, 9, 99, 39.6881, 1.20078
132, 9, 99, 39.3146, 1.20992
133, 9, 99, 38.9411, 1.21945
134, 9, 98, 39.7043, 1.22867
135, 9, 97, 40.7043, 1.23788
136, 9, 96, 41.4675, 1.2472
137, 9, 95, 41.2353, 1.25653
138, 9, 94, 41.9985, 1.266
139, 9, 94, 41.9054, 1.27713
140, 9, 94, 41.8123, 1.28658
141, 9, 94, 41.7192, 1.29634
142, 9, 93, 41.9089, 1.30614
143, 9, 93, 41.7984, 1.31633
144, 9, 93, 41.7577, 1.32597
145, 9, 93, 41.7212, 1.33575
146, 9, 93, 41.5166, 1.34593
147, 9, 93, 41.476, 1.35555
148, 9, 93, 41.4394, 1.36523
149, 9, 93, 41.3726, 1.3751
150, 9, 93, 41.2197, 1.39043
151, 9, 93, 41.179, 1.40026
152, 9, 93, 41.1384, 1.41019
153, 9, 93, 41.1018, 1.42004
154, 9, 93, 41.0721, 1.42959
155, 9, 93, 41.0423, 1.43863
156, 9, 93, 41.0155, 1.44821
157, 9, 93, 40.811, 1.45858
158, 9, 92, 41.5742, 1.46827
159, 9, 91, 42.3374, 1.4777
160, 9, 91, 41.9224, 1.48756
161, 9, 91, 41.5488, 1.49737
162, 9, 91, 41.3959, 1.50772
163, 9, 91, 40.9809, 1.51745
164, 9, 91, 40.5658, 1.52714
165, 9, 91, 40.1923, 1.53684
166, 9, 91, 40.0394, 1.54699
167, 9, 91, 39.6243, 1.55671
168, 9, 91, 39.4714, 1.56583
169, 9, 91, 39.6344, 1.57598
170, 9, 91, 39.5239, 1.58618
171, 9, 91, 39.1504, 1.59584
172, 9, 91, 39.0666, 1.6061
173, 9, 91, 38.9137, 1.61581
174, 9, 91, 38.8463, 1.62576
175, 9, 91, 38.8195, 1.63534
176, 9, 91, 38.7928, 1.64456
177, 9, 91, 38.7723, 1.65385
178, 9, 91, 38.6885, 1.66419
179, 9, 91, 38.5356, 1.67393
180, 9, 91, 38.4874, 1.68388
181, 10, 91, 38.4729, 1.69934
182, 11, 91, 38.461, 1.71617
183, 12, 91, 38.4509, 1.73482
184, 13, 91, 38.4423, 1.75531
185, 14, 91, 38.435, 1.77772
186, 15, 91, 38.4285, 1.80194
187, 16, 91, 38.4229, 1.82834
188, 16, 91, 38.3391, 1.85714
189, 16, 91, 37.9656, 1.86684
190, 16, 91, 37.8818, 1.89563
191, 16, 91, 37.5082, 1.90541
192, 16, 90, 38.5082, 1.91506
193, 16, 89, 39.2714, 1.92483
194, 16, 88, 40.2714, 1.93435
195, 16, 87, 41.0346, 1.94403
196, 16, 87, 40.6196, 1.9539
197, 16, 87, 40.2461, 1.96371
198, 16, 86, 41.0093, 1.97306
199, 16, 86, 40.6357, 1.98298
200, 16, 85, 41.3989, 1.99291
201, 16, 84, 42.3989, 2.0024
202, 16, 84, 42.0254, 2.01212
203, 16, 84, 41.6518, 2.02197
204, 16, 84, 41.4819, 2.03176
205, 16, 84, 41.312, 2.04152
206, 16, 84, 41.2282, 2.0513
207, 16, 84, 41.1985, 2.06142
208, 16, 84, 41.1687, 2.07151
209, 16, 84, 41.1328, 2.08146
210, 16, 84, 41.049, 2.11009
211, 16, 84, 41.0263, 2.12022
212, 16, 84, 41.0036, 2.13022
213, 16, 84, 40.9831, 2.14012
214, 16, 84, 40.9604, 2.14983
215, 16, 84, 40.9377, 2.1597
216, 16, 84, 40.9173, 2.16944
217, 16, 84, 40.8899, 2.17952
218, 17, 84, 40.8849, 2.20845
219, 18, 84, 40.8804, 2.23997
220, 19, 84, 40.8764, 2.27574
221, 20, 84, 40.8728, 2.3134
222, 21, 84, 40.8695, 2.35422
223, 21, 84, 40.8165, 2.36361
224, 21, 84, 40.4015, 2.37362
225, 21, 84, 40.2485, 2.38353
226, 22, 84, 40.2455, 2.42766
227, 23, 84, 40.2428, 2.47643
228, 24, 84, 40.2403, 2.53159
229, 25, 84, 40.238, 2.59702
230, 25, 84, 40.185, 2.66023
231, 25, 83, 40.5378, 2.67039
232, 25, 83, 40.0528, 2.68054
233, 25, 83, 39.6793, 2.69059
234, 25, 83, 39.6613, 2.70094
235, 25, 83, 39.6434, 2.71104
236, 25, 83, 39.6273, 2.72117
237, 25, 83, 39.6094, 2.73141
238, 25, 83, 39.5932, 2.74154
239, 25, 83, 39.5259, 2.75219
240, 25, 83, 39.373, 2.76218
241, 25, 83, 39.2218, 2.7727
242, 25, 83, 39.2039, 2.78273
243, 25, 82, 39.3407, 2.79265
244, 25, 82, 39.3253, 2.80305
245, 25, 82, 39.304, 2.81334
246, 25, 82, 39.2509, 2.87716
247, 25, 82, 39.2341, 2.88749
248, 26, 82, 39.232, 2.95116
249, 27, 82, 39.23, 3.02088
250, 28, 82, 39.2282, 3.09547
251, 29, 82, 39.2264, 3.17548
252, 30, 82, 39.2248, 3.26111
253, 31, 82, 39.2233, 3.35156
254, 32, 82, 39.2219, 3.44886
255, 33, 82, 39.2206, 3.54902
256, 34, 82, 39.2193, 3.55858
257, 35, 82, 39.2182, 3.6748
258, 35, 82, 39.1816, 3.80026
259, 35, 82, 38.7666, 3.81063
260, 35, 82, 38.562, 3.82089
261, 35, 82, 38.4091, 3.8304
262, 35, 82, 38.3946, 3.84071
263, 35, 82, 38.3801, 3.85095
264, 35, 82, 38.367, 3.86118
265, 35, 82, 38.3558, 3.87142
266, 35, 82, 38.3423, 3.88159
267, 35, 82, 38.3057, 4.00726
268, 35, 82, 38.1528, 4.01733
269, 35, 82, 37.7378, 4.02783
270, 35, 82, 37.3642, 4.03842
271, 35, 82, 36.9907, 4.04834
272, 35, 82, 36.8976, 4.05831
273, 35, 82, 36.8138, 4.06823
274, 35, 82, 36.7167, 4.07765
275, 35, 82, 36.7084, 4.08784
276, 35, 82, 36.6965, 4.09797
277, 35, 82, 36.6845, 4.10811
278, 35, 82, 36.6737, 4.11822
279, 35, 82, 36.6676, 4.12875
280, 35, 82, 36.6568, 4.13899
281, 35, 82, 36.6202, 4.26476
282, 35, 82, 36.6102, 4.275
283, 35, 82, 36.6001, 4.28685
284, 35, 82, 36.5911, 4.29708
285, 35, 82, 36.5766, 4.30749
286, 35, 82, 36.5635, 4.31773
287, 35, 82, 36.5195, 4.32835
288, 35, 82, 36.3495, 4.33839
289, 35, 82, 36.1966, 4.34839
290, 35, 81, 37.1966, 4.35833
291, 35, 80, 37.9598, 4.36841
292, 35, 79, 38.723, 4.37807
293, 35, 79, 38.3495, 4.38827
294, 35, 79, 38.1795, 4.39844
295, 35, 79, 38.0096, 4.40855
296, 35, 79, 37.8567, 4.41817
297, 35, 79, 37.8037, 4.42885
298, 35, 79, 37.7199, 4.43896
299, 35, 79, 37.6758, 4.4485
300, 35, 79, 37.6613, 4.45879
301, 35, 79, 37.6569, 4.46905
302, 35, 79, 37.6483, 4.47861
303, 35, 79, 37.6396, 4.4889
304, 36, 79, 37.6385, 4.61519
305, 37, 79, 37.6374, 4.74896
306, 38, 79, 37.6364, 4.88995
307, 39, 79, 37.6355, 5.0397
308, 40, 79, 37.6346, 5.19999
309, 41, 79, 37.6337, 5.36727
310, 42, 79, 37.6329, 5.54674
311, 43, 79, 37.6321, 5.7263
312, 44, 79, 37.6314, 5.93241
313, 45, 79, 37.6306, 5.9431
314, 45, 78, 37.7718, 5.95295
315, 45, 78, 37.7416, 6.16908
316, 45, 77, 37.9829, 6.18007
317, 45, 77, 37.7784, 6.19091
318, 45, 77, 37.6853, 6.20149
319, 45, 77, 37.6323, 6.21186
320, 45, 77, 37.6252, 6.22261
321, 45, 77, 37.6038, 6.43819
322, 45, 77, 37.4339, 6.44892
323, 45, 77, 37.3234, 6.45941
324, 45, 77, 37.2704, 6.46939
325, 45, 77, 37.2174, 6.48007
326, 45, 77, 37.1585, 6.49034
327, 45, 77, 37.0996, 6.50042
328, 45, 77, 37.063, 6.51045
329, 45, 77, 37.0544, 6.52085
330, 45, 77, 37.0467, 6.53111
331, 45, 77, 37.0436, 6.5415
332, 45, 77, 37.0378, 6.55196
333, 45, 77, 37.011, 6.56161
334, 45, 76, 37.2524, 6.57224
335, 45, 76, 37.0478, 6.583
336, 45, 75, 38.0478, 6.59325
337, 45, 74, 38.4006, 6.60349
338, 45, 74, 37.9157, 6.61431
339, 45, 73, 38.157, 6.62524
340, 45, 73, 37.9525, 6.63658
341, 46, 73, 37.9518, 6.85388
342, 47, 73, 37.9511, 7.07937
343, 47, 73, 37.9243, 7.32607
344, 47, 73, 37.917, 7.33661
345, 47, 73, 37.9096, 7.34743
346, 47, 73, 37.9029, 7.35798
347, 47, 73, 37.891, 7.36879
348, 47, 73, 37.8802, 7.37936
349, 47, 73, 37.85, 7.39018
350, 47, 72, 38.0913, 7.40066
351, 47, 72, 37.8868, 7.41129
352, 47, 72, 37.4717, 7.42167
353, 47, 72, 37.0982, 7.43197
354, 47, 72, 36.9877, 7.44255
355, 47, 72, 36.6142, 7.45279
356, 47, 72, 36.1991, 7.46307
357, 47, 72, 36.0462, 7.47329
358, 47, 71, 36.2359, 7.48382
359, 47, 71, 36.1254, 7.49478
360, 48, 71, 36.1248, 7.73795
361, 49, 71, 36.1242, 8.0516
362, 49, 71, 36.1038, 8.06174
363, 49, 71, 35.9338, 8.07336
364, 49, 71, 35.8233, 8.08435
365, 49, 71, 35.4498, 8.09483
366, 49, 70, 36.213, 8.10504
367, 49, 69, 36.9762, 8.11525
368, 49, 68, 37.7394, 8.12553
369, 49, 68, 37.3244, 8.13636
370, 49, 68, 37.1198, 8.14697
371, 49, 68, 37.0093, 8.15817
372, 49, 68, 36.9939, 8.41854
373, 49, 68, 36.9101, 8.42984
374, 49, 68, 36.7402, 8.44017
375, 49, 67, 36.9299, 8.45003
376, 49, 67, 37.0929, 8.46008
377, 49, 67, 36.94, 8.47077
378, 49, 67, 36.7871, 8.48163
379, 49, 67, 36.7464, 8.49222
380, 49, 67, 36.7099, 8.5025
381, 49, 67, 36.643, 8.51319
382, 49, 67, 36.6311, 8.52367
383, 49, 67, 36.629, 8.5342
384, 49, 67, 36.6242, 8.54459
385, 50, 67, 36.6237, 8.8017
386, 51, 67, 36.6231, 9.0709
387, 52, 67, 36.6226, 9.37168
388, 53, 67, 36.6221, 9.66105
389, 54, 67, 36.6216, 9.96417
390, 55, 67, 36.6211, 10.2801
391, 56, 67, 36.6206, 10.6093
392, 57, 67, 36.6202, 10.95
393, 58, 67, 36.6198, 11.3198
394, 59, 67, 36.6193, 11.7025
395, 59, 67, 36.6081, 12.1021
396, 59, 67, 36.515, 12.1131
397, 59, 67, 36.4476, 12.124
398, 60, 67, 36.4472, 12.5246
399, 60, 67, 36.4268, 12.955
400, 60, 67, 36.4203, 12.9657
401, 60, 67, 36.4139, 12.9765
402, 60, 67, 36.4081, 12.9889
403, 60, 67, 36.3981, 12.9997
404, 60, 67, 36.389, 13.0103
405, 60, 67, 36.3524, 13.0211
406, 60, 67, 36.2593, 13.0314
407, 60, 67, 36.1662, 13.0415
408, 60, 67, 36.0824, 13.0517
409, 60, 67, 36.0459, 13.0627
410, 60, 67, 36.0052, 13.0731
411, 60, 67, 35.9784, 13.0832
412, 60, 67, 35.9746, 13.0936
413, 61, 67, 35.9742, 13.5052
414, 62, 67, 35.9739, 13.9386
415, 63, 67, 35.9735, 14.3865
416, 64, 67, 35.9731, 14.857
417, 65, 67, 35.9728, 15.3375
418, 66, 67, 35.9725, 15.8442
419, 67, 67, 35.9721, 16.3717
420, 68, 67, 35.9718, 16.9307
421, 69, 67, 35.9715, 16.9411
422, 70, 67, 35.9712, 17.5393
423, 70, 67, 35.9867, 18.1577
424, 71, 67, 35.9864, 18.7874
425, 72, 67, 35.9861, 19.4477
426, 73, 67, 35.9859, 20.1256
427, 74, 67, 35.9856, 20.8096
428, 75, 67, 35.9854, 21.5163
429, 76, 67, 35.9851, 21.5266
430, 76, 67, 35.969, 22.3932
431, 76, 67, 35.8585, 22.4096
432, 76, 67, 35.4434, 22.4218
433, 76, 67, 35.2735, 22.4365
434, 76, 67, 35.1206, 22.4515
435, 76, 67, 34.7055, 22.4668
436, 76, 67, 34.2905, 22.4884
437, 76, 67, 33.917, 22.5134
438, 76, 67, 33.747, 22.5333
439, 76, 67, 33.6539, 22.5508
440, 76, 67, 33.5701, 22.5671
441, 76, 67, 33.5645, 22.584
442, 76, 67, 33.5588, 22.6115
443, 76, 67, 33.5538, 22.6285
444, 76, 67, 33.5452, 22.6447
445, 76, 67, 33.5351, 22.6623
446, 76, 67, 33.5338, 22.6791
447, 76, 67, 33.5307, 22.695
448, 76, 67, 33.5146, 23.9506
449, 76, 67, 33.5121, 23.9704
450, 77, 67, 33.5119, 25.3206
451, 78, 67, 33.5116, 26.308
452, 79, 67, 33.5114, 27.1532
453, 80, 67, 33.5112, 27.1639
454, 81, 67, 33.511, 28.0634
455, 82, 67, 33.5108, 28.9881
456, 83, 67, 33.5105, 29.9413
457, 83, 67, 33.4975, 29.9515
458, 83, 67, 33.4301, 29.9615
459, 83, 67, 33.2602, 29.9724
460, 83, 67, 33.1073, 29.9832
461, 83, 67, 32.6923, 29.9939
462, 83, 67, 32.3187, 30.0046
463, 83, 67, 32.2349, 30.0178
464, 83, 67, 32.065, 30.0277
465, 83, 67, 31.9121, 30.0381
466, 83, 67, 31.5385, 30.0481
467, 83, 67, 31.165, 30.0586
468, 83, 67, 30.75, 30.0692
469, 83, 67, 30.3764, 30.0797
470, 83, 67, 30.2926, 30.0898
471, 83, 67, 29.9191, 30.1013
472, 83, 66, 30.6823, 30.112
473, 83, 65, 31.6823, 30.1224
474, 83, 64, 32.4455, 30.1333
475, 83, 63, 33.2087, 30.1438
476, 83, 63, 33.0388, 30.1547
477, 83, 63, 32.8858, 30.1653
478, 83, 63, 32.7159, 30.1759
479, 83, 63, 32.563, 30.1864
480, 83, 63, 32.4699, 30.197
481, 83, 63, 32.411, 30.2076
482, 83, 63, 32.3521, 30.2176
483, 83, 62, 32.5151, 30.2281
484, 83, 62, 32.6375, 30.2401
485, 83, 61, 32.8005, 30.251
486, 83, 61, 32.7332, 30.2622
487, 83, 61, 32.6401, 30.2727
488, 83, 61, 32.547, 30.2832
489, 83, 61, 32.4632, 30.2938
490, 83, 61, 32.4191, 30.3051
491, 83, 61, 32.3661, 30.3156
492, 83, 61, 32.2132, 30.326
493, 83, 61, 31.7981, 30.3367
494, 83, 61, 31.4246, 30.3473
495, 83, 60, 32.1878, 30.3577
496, 83, 59, 32.951, 30.3685
497, 83, 58, 33.7142, 30.3792
498, 83, 58, 33.6553, 30.3901
499, 83, 58, 33.5964, 30.4007
500, 83, 58, 33.5434, 30.4114
501, 83, 58, 33.4463, 30.4232
502, 83, 58, 33.4413, 30.4342
503, 83, 58, 33.4363, 30.4452
504, 83, 58, 33.4318, 30.4561
505, 83, 58, 33.4241, 30.467
506, 83, 58, 33.4027, 30.4782
507, 83, 58, 33.3189, 30.4892
508, 83, 58, 33.2708, 30.5007
509, 83, 58, 33.2622, 30.5118
510, 83, 58, 33.2615, 30.5228
511, 83, 58, 33.257, 30.5328
512, 83, 58, 33.2551, 30.5436
513, 84, 58, 33.2549, 31.5168
514, 85, 58, 33.2547, 32.5115
515, 86, 58, 33.2545, 33.551
516, 87, 58, 33.2543, 34.5783
517, 87, 58, 33.2374, 36.241
518, 87, 58, 33.1701, 36.2523
519, 87, 58, 33.1404, 36.2628
520, 87, 58, 33.1136, 36.2733
521, 87, 58, 33.1926, 36.2833
522, 87, 58, 33.1658, 36.2943
523, 87, 58, 33.1128, 36.305
524, 87, 58, 33.0539, 36.3158
525, 87, 58, 32.995, 36.3266
526, 87, 58, 32.9361, 36.3375
527, 87, 58, 32.9059, 36.3483
528, 87, 58, 32.9057, 36.3591
529, 87, 58, 32.9017, 36.3691
530, 87, 58, 32.8972, 36.3803
531, 87, 58, 32.8932, 36.3911
532, 87, 58, 32.8858, 36.4018
533, 87, 58, 32.8792, 36.4126
534, 87, 58, 32.8524, 36.4237
535, 87, 58, 32.8227, 36.4344
536, 87, 58, 32.8022, 36.4449
537, 87, 58, 32.8007, 36.4557
538, 87, 58, 32.7873, 36.4657
539, 87, 58, 32.7432, 36.4756
540, 88, 58, 32.743, 38.2933
541, 89, 58, 32.7428, 41.028
542, 90, 58, 32.7426, 42.7842
543, 91, 58, 32.7425, 44.56
544, 91, 58, 32.7317, 44.5705
545, 91, 58, 32.6386, 44.5824
546, 91, 58, 32.5712, 44.5938
547, 91, 58, 32.5582, 46.4061
548, 91, 58, 32.5542, 46.4177
549, 91, 57, 32.7208, 46.429
550, 91, 57, 32.721, 46.4404
551, 91, 57, 32.7136, 46.4516
552, 91, 57, 32.7072, 46.462
553, 91, 57, 32.7074, 46.4727
554, 91, 57, 32.7079, 46.4838
555, 91, 57, 32.7014, 46.4945
556, 91, 57, 32.6957, 46.5052
557, 91, 57, 32.6802, 46.5162
558, 91, 57, 32.6129, 46.5263
559, 91, 57, 32.443, 46.5362
560, 91, 57, 32.29, 46.5466
561, 91, 57, 32.1969, 46.5573
562, 91, 57, 32.1131, 46.5683
563, 91, 57, 31.6981, 46.579
564, 91, 57, 31.3245, 46.5895
565, 91, 56, 32.0877, 46.5999
566, 91, 55, 32.8509, 46.6101
567, 91, 54, 33.6141, 46.6206
568, 91, 54, 33.1292, 46.6319
569, 91, 53, 33.8924, 46.6426
570, 91, 52, 34.6556, 46.6527
571, 91, 51, 35.6556, 46.6632
572, 91, 51, 35.2405, 46.6733
573, 91, 50, 36.2405, 46.6838
574, 91, 50, 35.867, 46.6948
575, 91, 49, 36.867, 46.7055
576, 91, 48, 37.6302, 46.7165
577, 91, 48, 37.5713, 46.7274
578, 91, 48, 37.5124, 46.7379
579, 91, 48, 37.4594, 46.7486
580, 91, 48, 37.4481, 46.7603
581, 91, 48, 37.404, 46.7711
582, 91, 48, 37.2511, 46.7816
583, 91, 48, 37.0812, 46.7923
584, 91, 48, 36.9881, 46.8031
585, 91, 48, 36.9043, 46.8139
586, 91, 47, 37.094, 46.8244
587, 91, 47, 36.9835, 46.8354
588, 91, 47, 36.9674, 46.8455
589, 91, 47, 36.9682, 46.8566
590, 91, 47, 36.9687, 46.8674
591, 91, 47, 36.9697, 46.8788
592, 91, 47, 36.964, 46.8899
593, 91, 47, 36.959, 46.9008
594, 91, 47, 36.9385, 46.9119
595, 91, 47, 36.9019, 46.9225
596, 91, 47, 36.8613, 46.9333
597, 91, 47, 36.8206, 46.9436
598, 91, 47, 36.78, 46.9562
599, 91, 47, 36.832, 46.9674
600, 91, 47, 36.8023, 46.9786
601, 91, 47, 36.7725, 46.9896
602, 91, 47, 36.7428, 47.0007
603, 91, 47, 36.72, 47.0111
604, 91, 47, 36.6842, 47.0222
605, 91, 47, 36.6785, 47.0333
606, 91, 47, 36.6426, 47.0445
607, 91, 47, 36.6376, 47.0556
608, 91, 47, 36.6331, 47.0668
609, 91, 46, 36.7709, 47.0784
610, 91, 46, 36.7495, 47.0903
611, 91, 46, 36.7268, 47.1017
612, 91, 46, 36.7063, 47.1143
613, 91, 46, 36.7438, 47.1267
614, 91, 46, 36.7164, 47.1385
615, 91, 46, 36.6937, 47.1494
616, 91, 46, 36.6758, 47.1605
617, 91, 46, 36.6597, 47.1716
618, 91, 46, 36.6118, 47.1834
619, 91, 46, 36.6068, 47.1947
620, 91, 46, 36.6049, 47.2059
621, 91, 46, 36.5638, 47.2173
622, 91, 46, 36.5626, 47.2287
623, 91, 46, 36.5582, 47.24
624, 91, 46, 36.5541, 47.2511
625, 91, 46, 36.5459, 47.2628
626, 91, 46, 36.4929, 47.274
627, 91, 46, 36.4767, 47.2859
628, 91, 46, 36.4361, 47.3059
629, 91, 46, 36.3955, 47.3168
630, 91, 46, 36.3589, 47.3277
631, 91, 46, 36.3376, 47.3394
632, 91, 46, 36.3196, 47.3499
633, 91, 46, 36.3066, 47.3603
634, 91, 46, 36.3054, 47.3717
635, 91, 45, 36.4447, 47.3821
636, 91, 45, 36.4365, 47.3926
637, 91, 45, 36.4356, 47.404
638, 91, 45, 36.432, 47.4143
639, 91, 45, 36.3946, 47.4259
640, 91, 45, 36.3906, 47.4361
641, 91, 45, 36.3861, 47.4472
642, 91, 45, 36.3846, 47.4583
643, 91, 45, 36.3838, 47.4695
644, 92, 45, 36.3836, 47.4802
645, 92, 45, 36.3776, 49.3619
646, 92, 45, 36.374, 49.3737
647, 92, 45, 36.3703, 49.3927
648, 92, 45, 36.3698, 49.4044
649, 92, 45, 36.3658, 49.4166
650, 92, 45, 36.3639, 49.4278
651, 92, 45, 36.3603, 49.4388
652, 92, 45, 36.357, 49.4499
653, 92, 45, 36.351, 49.4616
654, 92, 45, 36.2921, 49.4724
655, 92, 45, 36.2391, 49.4833
656, 92, 45, 35.8655, 49.494
657, 92, 45, 35.8353, 49.5048
658, 92, 45, 35.7422, 49.5157
659, 92, 45, 35.6584, 49.5265
660, 92, 45, 35.6218, 49.5373
661, 92, 45, 35.605, 49.5486
662, 92, 45, 35.5905, 49.5591
663, 92, 45, 35.5774, 49.5696
664, 92, 45, 35.6428, 49.581
665, 92, 45, 35.6298, 49.5923
666, 92, 45, 35.603, 49.6029
667, 92, 45, 35.5803, 49.6129
668, 92, 45, 35.5576, 49.6237
669, 92, 45, 35.5302, 49.6344
670, 92, 45, 35.5266, 49.6452
671, 92, 45, 35.5233, 49.656
672, 92, 45, 35.5228, 49.6671
673, 93, 45, 35.5226, 51.5594
674, 94, 45, 35.5224, 53.5019
675, 94, 45, 35.518, 56.4391
676, 94, 45, 35.5148, 56.4632
677, 94, 45, 35.5115, 56.4806
678, 94, 45, 35.5112, 56.4981
679, 94, 45, 35.5084, 56.5151
680, 94, 45, 35.5081, 56.5321
681, 95, 45, 35.5079, 58.7131
682, 96, 45, 35.5078, 60.7371
683, 97, 45, 35.5076, 62.8067
684, 98, 45, 35.5075, 64.9179
685, 99, 45, 35.5073, 67.1204
686, 99, 45, 35.4983, 67.1306
687, 99, 45, 35.4309, 67.142
688, 99, 45, 35.4007, 67.1531
689, 99, 45, 35.3641, 67.1641
690, 99, 45, 35.2112, 67.1748
691, 99, 45, 34.8377, 67.1854
692, 99, 45, 34.6677, 67.1965
693, 99, 45, 34.5572, 67.2073
694, 99, 45, 34.5132, 67.2186
695, 99, 45, 34.42, 67.2287
696, 99, 45, 34.3363, 67.2395
697, 99, 45, 34.1663, 67.2502
698, 99, 45, 34.0134, 67.2609
699, 99, 45, 33.9466, 67.272
700, 99, 45, 33.9436, 67.2832
701, 99, 45, 33.9406, 67.2944
702, 99, 45, 33.9405, 67.3055
703, 99, 45, 33.9373, 67.3167
704, 99, 45, 33.9343, 67.3276
705, 99, 45, 33.9299, 67.3391
706, 99, 45, 33.8893, 67.35
707, 99, 45, 33.8527, 67.361
708, 99, 45, 33.6998, 67.3717
709, 99, 45, 33.67, 67.3827
710, 99, 45, 33.6403, 67.3937
711, 99, 45, 33.6135, 67.4047
712, 99, 45, 33.6, 67.418
713, 99, 45, 33.5893, 67.4282
714, 99, 45, 33.5892, 67.4393
715, 100, 45, 33.589, 69.6868
716, 100, 45, 33.5859, 69.6974
717, 100, 45, 33.5832, 69.709
718, 100, 45, 33.5805, 69.7205
719, 100, 45, 33.5805, 69.7322
720, 100, 45, 33.5773, 69.7453
721, 100, 45, 33.5864, 69.757
722, 100, 45, 33.5834, 69.7685
723, 100, 45, 33.5807, 69.7799
724, 100, 45, 33.5435, 69.7918
725, 100, 45, 33.5405, 69.8031
726, 100, 45, 33.5364, 69.8145
727, 100, 45, 33.5365, 69.826
728, 101, 45, 33.5363, 72.1416
729, 102, 45, 33.5362, 74.5518
730, 103, 45, 33.536, 76.9781
731, 104, 45, 33.5359, 79.448
732, 105, 45, 33.5358, 81.9801
733, 106, 45, 33.5357, 84.5986
734, 107, 45, 33.5355, 87.3458
735, 108, 45, 33.5354, 89.9992
736, 109, 45, 33.5353, 92.6833
737, 110, 45, 33.5352, 95.4639
738, 111, 45, 33.535, 98.303
739, 111, 44, 33.6798, 98.3142
740, 111, 44, 33.6754, 101.221
741, 111, 44, 33.7681, 101.234
742, 111, 44, 33.724, 101.246
743, 111, 44, 33.6833, 101.257
744, 111, 44, 33.6427, 101.268
745, 111, 44, 33.6213, 101.28
746, 111, 44, 33.5807, 101.29
747, 111, 44, 33.5539, 101.301
748, 111, 44, 33.4608, 101.311
749, 111, 44, 33.377, 101.322
750, 111, 44, 33.3364, 101.333
751, 111, 44, 33.2998, 101.344
752, 111, 44, 33.2516, 101.355
753, 111, 44, 33.2519, 101.366
754, 111, 44, 33.2491, 101.377
755, 111, 44, 33.2467, 101.388
756, 111, 44, 33.2436, 101.4
757, 111, 44, 33.2956, 101.413
758, 111, 44, 33.2688, 101.424
759, 111, 44, 33.258, 101.436
760, 111, 44, 33.2376, 101.447
761, 111, 44, 33.2197, 101.459
762, 111, 44, 33.2017, 101.472
763, 111, 44, 33.1838, 101.483
764, 111, 44, 33.1625, 101.495
765, 111, 44, 33.1598, 101.506
766, 111, 44, 33.1749, 101.517
767, 111, 44, 33.1724, 101.529
768, 111, 43, 33.3576, 101.54
769, 111, 43, 33.3589, 101.552
770, 111, 43, 33.3282, 101.563
771, 111, 43, 33.3297, 101.574
772, 111, 43, 33.3189, 101.587
773, 111, 43, 33.3044, 101.599
774, 111, 43, 33.2924, 101.61
775, 111, 43, 33.2816, 101.621
776, 111, 43, 33.2795, 101.632
777, 111, 43, 33.2497, 101.643
778, 111, 43, 33.223, 101.655
779, 111, 43, 33.053, 101.666
780, 111, 43, 32.9001, 101.677
781, 111, 43, 32.4851, 101.689
782, 111, 43, 32.1115, 101.7
783, 111, 43, 31.9586, 101.711
784, 111, 43, 31.9227, 101.723
785, 111, 43, 31.8389, 101.734
786, 111, 43, 31.7458, 101.745
787, 111, 43, 31.5947, 101.757
788, 111, 43, 31.5506, 101.768
789, 111, 43, 31.5386, 101.779
790, 111, 43, 31.5296, 101.79
791, 111, 43, 31.5298, 101.801
792, 111, 43, 31.5277, 101.812
793, 111, 43, 31.5252, 101.822
794, 111, 43, 31.5227, 101.833
795, 111, 43, 31.5231, 101.844
796, 111, 43, 31.5179, 101.855
797, 111, 43, 31.5183, 101.866
798, 111, 43, 31.5152, 104.852
799, 111, 43, 31.4563, 104.865
800, 111, 43, 31.4261, 104.878
801, 111, 43, 31.333, 104.889
802, 111, 43, 31.2656, 104.901
803, 111, 43, 31.2354, 104.913
804, 111, 43, 31.22, 104.923
805, 111, 43, 31.1902, 104.935
806, 111, 43, 31.1605, 104.946
807, 111, 43, 31.1337, 104.957
808, 111, 43, 31.104, 104.968
809, 111, 43, 31.0742, 104.98
810, 111, 43, 31.0383, 104.991
811, 111, 43, 31.036, 105.003
812, 111, 43, 31.0337, 105.015
813, 111, 43, 31.0342, 105.025
814, 111, 43, 31.0357, 105.037
815, 111, 43, 31.0267, 105.049
816, 111, 43, 31.004, 105.06
817, 111, 43, 30.9813, 105.072
818, 111, 43, 30.9608, 105.082
819, 111, 43, 30.952, 105.094
820, 111, 43, 30.942, 105.105
821, 111, 43, 30.9329, 105.116
822, 111, 43, 30.9074, 105.128
823, 111, 43, 30.9051, 105.139
824, 111, 43, 30.9067, 105.15
825, 111, 43, 30.9054, 105.162
826, 111, 43, 30.885, 105.174
827, 111, 43, 30.8778, 105.185
828, 111, 43, 30.8678, 105.196
829, 111, 43, 30.8601, 105.207
830, 111, 43, 30.8447, 105.219
831, 111, 43, 30.8439, 105.229
832, 112, 43, 30.8438, 108.264
833, 113, 43, 30.8437, 111.311
834, 114, 43, 30.8436, 114.412
835, 115, 43, 30.8434, 117.618
836, 115, 43, 30.8326, 120.765
837, 115, 43, 30.7796, 120.778
838, 115, 43, 30.7207, 120.789
839, 115, 43, 30.6618, 120.8
840, 115, 43, 30.6088, 120.812
841, 115, 43, 30.5415, 120.823
842, 115, 43, 30.5329, 120.835
843, 115, 43, 30.5252, 120.846
844, 115, 43, 30.5175, 120.858
845, 115, 42, 30.6543, 120.869
846, 115, 42, 30.6389, 120.881
847, 115, 42, 30.6221, 120.892
848, 115, 42, 30.6237, 120.904
849, 115, 42, 30.623, 120.916
850, 115, 42, 30.6003, 120.927
851, 115, 41, 30.738, 120.938
852, 115, 41, 30.7167, 120.95
853, 115, 41, 30.6329, 120.961
854, 115, 41, 30.6216, 120.973
855, 115, 41, 30.6071, 120.984
856, 115, 41, 30.5951, 120.994
857, 115, 41, 30.5806, 121.006
858, 115, 41, 30.5661, 121.017
859, 115, 41, 30.6072, 121.028
860, 115, 41, 30.5952, 121.04
861, 115, 41, 30.5851, 121.05
862, 115, 41, 30.5732, 121.061
863, 115, 41, 30.5646, 121.072
864, 115, 41, 30.5447, 121.084
865, 115, 41, 30.5465, 121.096
866, 115, 41, 30.525, 121.11
867, 115, 41, 30.5268, 121.122
868, 115, 41, 30.521, 121.134
869, 115, 41, 30.5124, 121.145
870, 115, 41, 30.5058, 121.156
871, 115, 41, 30.5037, 121.166
872, 115, 41, 30.5015, 121.178
873, 115, 41, 30.5021, 121.189
874, 115, 41, 30.5039, 121.201
875, 115, 41, 30.5037, 121.213
876, 115, 41, 30.4883, 121.224
877, 115, 41, 30.3952, 121.235
878, 115, 41, 30.3114, 121.246
879, 115, 41, 30.1584, 121.257
880, 115, 40, 30.5112, 121.268
881, 115, 40, 30.8263, 121.28
882, 115, 40, 30.4527, 121.291
883, 115, 40, 30.2828, 121.303
884, 115, 40, 30.1129, 121.314
885, 115, 40, 29.9599, 121.325
886, 115, 40, 29.8761, 121.336
887, 115, 40, 29.8649, 121.348
888, 115, 40, 29.8119, 121.359
889, 115, 40, 29.8273, 121.37
890, 115, 40, 29.8094, 121.381
891, 115, 40, 29.7915, 121.393
892, 115, 39, 29.9283, 121.404
893, 115, 39, 29.9129, 121.416
894, 115, 39, 29.8947, 121.428
895, 115, 39, 29.8921, 121.439
896, 115, 39, 29.894, 121.45
897, 115, 39, 29.8784, 121.461
898, 115, 39, 29.8761, 121.473
899, 115, 39, 29.878, 121.484
900, 115, 39, 29.8713, 121.496
901, 115, 39, 29.86, 121.507
902, 115, 39, 29.8466, 121.518
903, 115, 39, 29.8647, 121.529
904, 115, 39, 29.8666, 121.541
905, 115, 39, 29.8619, 121.555
906, 115, 39, 29.8545, 121.566
907, 115, 39, 29.8479, 121.578
908, 115, 39, 29.8481, 121.59
909, 115, 39, 29.8207, 121.602
910, 115, 39, 29.7766, 121.613
911, 115, 39, 29.7692, 121.625
912, 115, 39, 29.7634, 121.636
913, 115, 39, 29.7641, 121.648
914, 115, 39, 29.762, 121.659
915, 115, 39, 29.7598, 121.671
916, 115, 39, 29.7539, 121.685
917, 115, 39, 29.7519, 121.708
918, 115, 39, 29.7499, 121.719
919, 115, 39, 29.7494, 121.731
920, 116, 39, 29.7492, 124.848
921, 117, 39, 29.7491, 127.728
922, 118, 39, 29.749, 131.298
923, 119, 39, 29.7489, 134.979
924, 119, 39, 29.7468, 134.99
925, 119, 39, 29.68, 135.001
926, 120, 39, 29.6799, 140.559
927, 121, 39, 29.6798, 144.479
928, 122, 39, 29.6797, 148.438
929, 123, 39, 29.6796, 152.495
930, 124, 39, 29.6795, 156.635
931, 124, 39, 29.7085, 156.647
932, 125, 39, 29.7084, 160.844
933, 126, 39, 29.7083, 165.099
934, 127, 39, 29.7082, 169.48
935, 128, 39, 29.7081, 173.84
936, 129, 39, 29.708, 178.252
937, 130, 39, 29.708, 182.519
938, 131, 39, 29.7079, 186.972
939, 132, 39, 29.7078, 191.506
940, 133, 39, 29.7077, 196.11
941, 134, 39, 29.7076, 200.954
942, 135, 39, 29.7075, 207.294
943, 136, 39, 29.7075, 212.108
944, 137, 39, 29.7074, 216.967
945, 137, 39, 29.7061, 222.656
946, 137, 39, 29.6654, 222.685
947, 137, 39, 29.7174, 222.707
948, 137, 39, 29.696, 222.727
949, 137, 39, 29.6848, 222.748
950, 137, 39, 29.662, 222.766
951, 137, 39, 29.6416, 222.787
952, 137, 39, 29.5578, 222.807
953, 137, 39, 29.1843, 222.827
954, 137, 39, 28.7692, 222.847
955, 137, 38, 29.122, 222.866
956, 137, 38, 28.637, 222.886
957, 137, 38, 28.2635, 222.908
958, 137, 38, 28.0936, 222.928
959, 137, 38, 27.6785, 222.953
960, 137, 38, 27.305, 222.984
961, 137, 37, 27.6578, 223.004
962, 137, 37, 27.1728, 223.025
963, 137, 37, 27.089, 223.045
964, 137, 37, 26.9361, 223.067
965, 137, 37, 26.8831, 223.089
966, 137, 37, 26.7301, 223.114
967, 137, 37, 26.6861, 223.143
968, 137, 37, 26.6379, 223.178
969, 137, 37, 26.6366, 223.204
970, 137, 37, 26.6176, 223.226
971, 137, 37, 26.6158, 223.251
972, 137, 37, 26.6139, 223.279
973, 137, 37, 26.6135, 223.307
974, 138, 37, 26.6134, 228.766
975, 139, 37, 26.6133, 233.73
976, 140, 37, 26.6133, 233.742
977, 141, 37, 26.6132, 233.769
978, 142, 37, 26.6131, 240.572
979, 143, 37, 26.6131, 246.025
980, 144, 37, 26.613, 251.481
981, 144, 37, 26.5992, 251.493
982, 144, 37, 26.5403, 251.505
983, 144, 37, 26.5101, 251.516
984, 145, 37, 26.51, 258.326
985, 146, 37, 26.51, 264
986, 146, 37, 26.5093, 264.012
987, 146, 37, 26.509, 264.025
988, 146, 37, 26.5109, 264.037
989, 146, 37, 26.5051, 264.049
990, 146, 37, 26.4968, 264.061
991, 146, 37, 26.493, 264.073
992, 146, 37, 26.4865, 264.084
993, 146, 37, 26.4808, 264.095
994, 146, 37, 26.4813, 264.107
995, 146, 37, 26.473, 264.118
996, 146, 37, 26.4141, 264.129
997, 146, 37, 26.3611, 264.14
998, 146, 37, 26.2773, 264.151
999, 146, 37, 25.8623, 264.162
