Seed is: 10
Number of samples is: 1000
Simulation name is: Simulation_1TV.sim
TimeStep, Distraction Rate, Missed States, Model Accuracy, Time (ms)
0, 0, 165, 0, 6e-05
1, 0, 164, 1, 0.010219
2, 0, 163, 1.7632, 0.020308
3, 0, 162, 2.7632, 0.029376
4, 0, 161, 3.52639, 0.038072
5, 0, 160, 4.28959, 0.046909
6, 0, 159, 5.05279, 0.055175
7, 0, 158, 5.81599, 0.063941
8, 0, 157, 6.57918, 0.072317
9, 0, 156, 7.57918, 0.080583
10, 0, 155, 8.34238, 0.088829
11, 0, 154, 9.10558, 0.097065
12, 0, 153, 10.1056, 0.10515
13, 0, 152, 11.1056, 0.113466
14, 0, 151, 12.1056, 0.121822
15, 0, 150, 12.8688, 0.130428
16, 0, 149, 13.8688, 0.138543
17, 0, 148, 14.632, 0.1471
18, 0, 147, 15.3952, 0.155516
19, 0, 146, 16.3952, 0.164082
20, 0, 145, 16.163, 0.172819
21, 0, 145, 15.7479, 0.181626
22, 0, 145, 15.3744, 0.190573
23, 0, 144, 16.1376, 0.199019
24, 0, 143, 16.9008, 0.207455
25, 0, 142, 17.664, 0.216151
26, 0, 141, 18.4272, 0.224668
27, 0, 141, 18.0122, 0.233605
28, 0, 141, 17.5971, 0.242471
29, 0, 141, 17.1821, 0.251278
30, 0, 141, 16.8085, 0.260115
31, 0, 141, 16.3935, 0.268982
32, 0, 140, 17.7417, 0.277819
33, 0, 139, 18.7417, 0.286676
34, 0, 138, 19.7417, 0.295342
35, 0, 137, 20.5049, 0.304079
36, 0, 137, 20.0199, 0.313386
37, 0, 136, 20.7831, 0.322123
38, 1, 135, 21.7831, 0.330669
39, 1, 134, 22.5463, 0.339526
40, 1, 133, 23.3095, 0.348133
41, 1, 132, 24.3095, 0.356809
42, 1, 131, 25.0727, 0.365676
43, 1, 130, 25.4255, 0.374313
44, 1, 129, 25.1933, 0.382919
45, 1, 128, 25.9565, 0.392106
46, 1, 127, 26.9565, 0.400713
47, 1, 126, 27.7197, 0.40965
48, 1, 126, 27.3046, 0.418907
49, 1, 126, 27.1347, 0.427514
50, 1, 126, 26.7197, 0.436571
51, 1, 126, 26.3461, 0.445678
52, 1, 126, 26.5681, 0.455006
53, 1, 126, 26.3981, 0.464254
54, 1, 126, 26.305, 0.4727
55, 1, 126, 26.1521, 0.482208
56, 1, 125, 26.9153, 0.491496
57, 1, 124, 27.6785, 0.500192
58, 1, 124, 27.305, 0.50927
59, 1, 123, 28.0682, 0.518287
60, 1, 122, 28.8313, 0.526993
61, 2, 122, 28.4163, 0.53573
62, 2, 121, 29.1795, 0.545258
63, 2, 121, 29.0096, 0.554466
64, 2, 121, 28.8566, 0.563623
65, 2, 121, 28.6867, 0.573191
66, 2, 121, 28.5936, 0.581878
67, 2, 121, 28.7982, 0.591145
68, 2, 121, 28.7144, 0.600353
69, 2, 121, 28.3408, 0.60942
70, 2, 121, 28.5217, 0.618668
71, 2, 121, 28.4628, 0.627775
72, 2, 121, 28.129, 0.636342
73, 2, 121, 27.9761, 0.645359
74, 3, 121, 27.8061, 0.654767
75, 3, 121, 27.4326, 0.664796
76, 3, 120, 28.4326, 0.674103
77, 3, 120, 27.9476, 0.683501
78, 3, 119, 28.7108, 0.692499
79, 3, 118, 29.7108, 0.701335
80, 3, 117, 30.474, 0.710363
81, 3, 116, 31.474, 0.719149
82, 3, 116, 31.1005, 0.727826
83, 3, 116, 31.0074, 0.736963
84, 3, 116, 30.9143, 0.746061
85, 3, 116, 30.8305, 0.755148
86, 3, 116, 30.7775, 0.764586
87, 3, 116, 30.4039, 0.773693
88, 3, 115, 31.4039, 0.78263
89, 3, 114, 32.1671, 0.791657
90, 3, 113, 32.9303, 0.800504
91, 3, 112, 33.9303, 0.809531
92, 3, 112, 33.5153, 0.818298
93, 3, 111, 34.5153, 0.827516
94, 3, 110, 35.2785, 0.836813
95, 3, 110, 34.905, 0.846081
96, 3, 110, 34.5314, 0.855319
97, 3, 110, 34.3615, 0.864626
98, 3, 110, 34.1916, 0.873834
99, 3, 110, 34.0217, 0.883051
100, 3, 110, 33.8687, 0.892149
101, 3, 110, 33.8098, 0.901677
102, 3, 110, 33.6062, 0.911225
103, 3, 110, 33.5224, 0.920463
104, 4, 110, 33.4293, 0.92931
105, 4, 110, 33.0558, 0.939749
106, 4, 110, 32.6822, 0.948496
107, 4, 110, 32.3087, 0.958896
108, 4, 110, 32.2498, 0.968093
109, 4, 110, 32.1909, 0.977281
110, 4, 110, 32.1379, 0.986528
111, 4, 110, 32.0973, 0.996007
112, 4, 110, 32.0607, 1.00555
113, 4, 110, 31.6872, 1.01475
114, 4, 109, 32.4504, 1.0235
115, 4, 109, 32.2974, 1.0327
116, 4, 109, 32.2568, 1.04232
117, 4, 109, 32.1191, 1.05185
118, 4, 109, 32.0661, 1.06137
119, 5, 109, 32.0072, 1.0721
120, 5, 109, 31.8542, 1.08094
121, 5, 109, 31.8136, 1.09026
122, 5, 109, 31.7729, 1.09945
123, 5, 109, 31.7364, 1.10883
124, 5, 109, 31.7066, 1.11833
125, 5, 109, 31.6798, 1.12722
126, 5, 109, 31.5269, 1.13667
127, 5, 108, 32.2901, 1.14601
128, 5, 107, 33.0533, 1.15507
129, 5, 107, 32.6798, 1.16444
130, 5, 107, 32.6432, 1.17393
131, 6, 107, 32.6026, 1.18495
132, 7, 107, 32.5728, 1.19698
133, 8, 107, 32.5501, 1.20998
134, 9, 107, 32.5322, 1.22394
135, 9, 107, 32.3792, 1.23286
136, 9, 106, 33.1424, 1.24218
137, 9, 105, 33.9056, 1.25126
138, 9, 104, 34.6688, 1.26077
139, 9, 103, 35.6688, 1.27019
140, 9, 102, 36.6688, 1.27981
141, 9, 102, 36.2538, 1.28937
142, 9, 102, 35.8803, 1.29882
143, 9, 102, 35.7273, 1.30828
144, 9, 102, 35.3123, 1.31757
145, 9, 102, 34.9388, 1.32699
146, 9, 102, 34.7858, 1.33641
147, 9, 102, 34.3708, 1.34578
148, 9, 102, 34.2178, 1.35508
149, 9, 102, 34.1881, 1.36456
150, 9, 102, 34.1584, 1.37396
151, 9, 102, 34.1316, 1.38326
152, 9, 102, 34.1018, 1.39295
153, 9, 102, 34.0026, 1.40278
154, 9, 102, 33.9758, 1.41229
155, 9, 102, 33.8229, 1.42729
156, 9, 101, 35.1711, 1.4373
157, 10, 101, 35.1566, 1.45225
158, 11, 101, 35.1446, 1.46844
159, 12, 101, 35.1345, 1.48651
160, 13, 101, 35.126, 1.50605
161, 14, 101, 35.1186, 1.52789
162, 15, 101, 35.1122, 1.55124
163, 16, 101, 35.1065, 1.57649
164, 16, 101, 35.0227, 1.60447
165, 16, 101, 34.5378, 1.61458
166, 16, 101, 34.454, 1.64219
167, 16, 100, 35.454, 1.65173
168, 16, 100, 35.301, 1.66081
169, 16, 100, 35.2172, 1.68849
170, 16, 100, 35.1945, 1.69791
171, 16, 100, 35.1718, 1.70732
172, 16, 100, 35.1513, 1.7167
173, 16, 100, 35.1286, 1.72645
174, 16, 100, 35.1082, 1.73603
175, 16, 100, 35.0244, 1.74535
176, 16, 100, 35.0017, 1.75502
177, 16, 100, 34.927, 1.76467
178, 16, 99, 35.0648, 1.77409
179, 16, 99, 35.0434, 1.78385
180, 17, 99, 35.0384, 1.81211
181, 18, 99, 35.0339, 1.8428
182, 18, 98, 35.197, 1.85205
183, 18, 98, 35.3194, 1.88559
184, 19, 98, 35.3154, 1.91915
185, 20, 98, 35.3117, 1.95592
186, 21, 98, 35.3085, 1.99646
187, 22, 98, 35.3055, 2.04027
188, 23, 98, 35.3028, 2.08786
189, 24, 98, 35.3002, 2.13912
190, 25, 98, 35.2979, 2.19409
191, 25, 97, 35.461, 2.25818
192, 25, 97, 35.3936, 2.26732
193, 25, 97, 35.0201, 2.27711
194, 25, 96, 36.0201, 2.28656
195, 25, 95, 35.7879, 2.29602
196, 25, 94, 36.7879, 2.30565
197, 25, 93, 37.1407, 2.31554
198, 25, 93, 36.6557, 2.32566
199, 25, 93, 36.2822, 2.33522
200, 25, 93, 36.1122, 2.34464
201, 25, 93, 35.9593, 2.3541
202, 25, 93, 35.8755, 2.36361
203, 25, 93, 35.502, 2.37317
204, 25, 93, 35.4182, 2.3827
205, 25, 93, 35.2653, 2.39216
206, 25, 93, 35.1721, 2.40157
207, 25, 93, 35.079, 2.41104
208, 25, 93, 35.0201, 2.42015
209, 25, 93, 34.927, 2.42955
210, 25, 93, 34.8432, 2.43913
211, 25, 93, 34.8253, 2.44893
212, 25, 93, 34.7674, 2.45789
213, 25, 93, 34.752, 2.46769
214, 25, 93, 34.7079, 2.53145
215, 25, 93, 34.2929, 2.54117
216, 25, 93, 34.1399, 2.55069
217, 25, 93, 33.7249, 2.5607
218, 25, 92, 35.073, 2.57052
219, 25, 91, 36.073, 2.58041
220, 25, 90, 36.8362, 2.59015
221, 25, 90, 36.4212, 2.60029
222, 25, 90, 36.0477, 2.61022
223, 25, 89, 37.0477, 2.61945
224, 25, 89, 36.6741, 2.6286
225, 25, 89, 36.5042, 2.65178
226, 25, 89, 36.3343, 2.66955
227, 25, 88, 36.5756, 2.68692
228, 25, 88, 36.4918, 2.7013
229, 25, 88, 36.4329, 2.71128
230, 25, 88, 36.374, 2.72086
231, 25, 87, 36.5371, 2.73052
232, 25, 87, 36.4964, 2.73963
233, 25, 87, 36.6188, 2.74968
234, 25, 87, 36.5217, 2.75961
235, 25, 86, 36.6585, 2.76949
236, 25, 86, 36.6431, 2.77974
237, 25, 86, 36.5593, 2.78933
238, 25, 86, 36.3894, 2.79899
239, 25, 85, 36.5791, 2.80881
240, 25, 85, 36.4686, 2.81885
241, 25, 85, 36.4574, 2.82885
242, 25, 85, 36.4043, 2.89284
243, 25, 85, 36.3961, 2.9028
244, 26, 85, 36.3939, 2.9668
245, 26, 85, 36.2968, 3.03558
246, 26, 85, 35.9233, 3.04566
247, 26, 84, 36.6865, 3.05532
248, 26, 83, 37.4497, 3.06467
249, 26, 82, 38.4497, 3.07405
250, 26, 81, 39.2129, 3.08373
251, 26, 80, 40.2129, 3.09337
252, 26, 79, 41.2129, 3.10319
253, 26, 78, 41.9761, 3.11319
254, 26, 78, 41.5611, 3.12319
255, 26, 78, 41.1875, 3.13339
256, 26, 78, 40.814, 3.1435
257, 26, 77, 41.5772, 3.15402
258, 26, 76, 42.3404, 3.1639
259, 26, 75, 43.3404, 3.17375
260, 26, 74, 44.1036, 3.1837
261, 26, 73, 44.8668, 3.19363
262, 26, 72, 45.63, 3.20352
263, 26, 71, 46.3932, 3.21337
264, 26, 71, 45.9781, 3.22341
265, 26, 71, 45.6046, 3.2334
266, 26, 71, 45.1896, 3.24334
267, 26, 71, 44.7745, 3.25317
268, 26, 71, 44.401, 3.26307
269, 26, 71, 43.986, 3.27295
270, 26, 71, 43.816, 3.28233
271, 26, 71, 43.6631, 3.29221
272, 26, 71, 43.6452, 3.30251
273, 26, 71, 43.6307, 3.31194
274, 26, 71, 43.6128, 3.32197
275, 26, 71, 43.5966, 3.33207
276, 26, 71, 43.5854, 3.34257
277, 26, 71, 43.5324, 3.35252
278, 26, 71, 43.5241, 3.36293
279, 26, 71, 43.4711, 3.37292
280, 26, 71, 43.0975, 3.38295
281, 26, 70, 43.8607, 3.39287
282, 26, 70, 43.3758, 3.40353
283, 26, 70, 43.0022, 3.41349
284, 26, 70, 42.9091, 3.42364
285, 26, 70, 42.8253, 3.43388
286, 26, 69, 42.9884, 3.44379
287, 26, 69, 42.921, 3.45396
288, 26, 69, 42.7165, 3.4641
289, 26, 69, 42.6724, 3.47416
290, 26, 69, 42.5619, 3.48364
291, 26, 69, 42.5089, 3.49318
292, 26, 69, 42.4158, 3.50337
293, 26, 69, 42.3484, 3.51353
294, 26, 69, 42.3424, 3.52366
295, 27, 69, 42.3404, 3.59256
296, 28, 69, 42.3386, 3.66438
297, 28, 69, 42.2718, 3.67395
298, 28, 69, 41.8567, 3.68441
299, 28, 69, 41.6522, 3.69483
300, 28, 69, 41.2371, 3.70417
301, 28, 68, 42.2371, 3.71403
302, 28, 68, 41.8636, 3.72418
303, 28, 68, 41.6591, 3.73485
304, 29, 68, 41.6574, 3.81185
305, 30, 68, 41.6557, 3.89467
306, 31, 68, 41.6542, 3.98135
307, 32, 68, 41.6528, 4.07411
308, 32, 68, 41.6226, 4.1725
309, 32, 68, 41.4697, 4.18265
310, 32, 68, 41.4256, 4.1929
311, 32, 68, 41.4111, 4.20315
312, 32, 68, 41.3991, 4.21266
313, 32, 68, 41.3861, 4.22285
314, 32, 68, 41.3681, 4.23352
315, 32, 68, 41.3751, 4.24301
316, 32, 68, 41.329, 4.25351
317, 32, 68, 41.3247, 4.26365
318, 33, 68, 41.3233, 4.36463
319, 34, 68, 41.3221, 4.47389
320, 35, 68, 41.3209, 4.59501
321, 35, 68, 41.2843, 4.72012
322, 35, 68, 41.2812, 4.73085
323, 36, 68, 41.2801, 4.85558
324, 37, 68, 41.279, 4.9908
325, 38, 68, 41.278, 5.13397
326, 39, 68, 41.2771, 5.28543
327, 40, 68, 41.2762, 5.44535
328, 40, 68, 41.2548, 5.61398
329, 40, 68, 41.0849, 5.62426
330, 40, 67, 41.2746, 5.63455
331, 40, 67, 41.1641, 5.64521
332, 41, 67, 41.1633, 5.8141
333, 42, 67, 41.1624, 6.01964
334, 43, 67, 41.1617, 6.21799
335, 43, 67, 41.1135, 6.41295
336, 43, 67, 40.9436, 6.42275
337, 43, 67, 40.7907, 6.43363
338, 43, 67, 40.6377, 6.444
339, 43, 67, 40.4678, 6.45375
340, 43, 67, 40.3149, 6.46395
341, 43, 67, 39.9413, 6.47411
342, 43, 67, 39.5263, 6.48422
343, 43, 67, 39.1528, 6.49439
344, 43, 67, 38.7792, 6.50403
345, 43, 67, 38.4057, 6.51425
346, 43, 67, 37.9907, 6.52445
347, 43, 67, 37.6171, 6.53472
348, 43, 67, 37.2436, 6.54484
349, 43, 67, 36.8286, 6.55498
350, 43, 67, 36.455, 6.5653
351, 43, 67, 36.0815, 6.57559
352, 43, 67, 35.708, 6.5857
353, 43, 66, 36.4711, 6.59586
354, 43, 66, 36.0976, 6.60597
355, 43, 66, 35.6826, 6.61609
356, 43, 66, 35.309, 6.62613
357, 43, 66, 35.1391, 6.63632
358, 43, 66, 35.046, 6.64655
359, 43, 66, 34.9622, 6.65669
360, 43, 66, 34.9502, 6.66723
361, 43, 66, 34.9395, 6.67766
362, 43, 66, 34.925, 6.68826
363, 43, 66, 34.9105, 6.69894
364, 43, 66, 34.8985, 6.70861
365, 43, 66, 34.885, 6.71932
366, 43, 66, 34.8548, 6.72975
367, 43, 66, 34.7617, 6.74018
368, 43, 66, 34.6686, 6.75056
369, 43, 66, 34.6097, 6.7603
370, 43, 66, 34.5424, 6.77074
371, 43, 66, 34.5058, 6.78123
372, 43, 66, 34.4685, 6.79202
373, 43, 66, 34.4664, 6.80239
374, 44, 66, 34.4657, 6.99773
375, 45, 66, 34.4649, 7.20307
376, 46, 66, 34.4643, 7.42798
377, 47, 66, 34.4636, 7.6634
378, 47, 66, 34.4368, 7.90965
379, 47, 66, 34.4268, 7.92045
380, 47, 66, 34.4167, 7.93095
381, 47, 66, 34.4077, 7.94144
382, 47, 66, 34.3957, 7.95219
383, 47, 66, 34.3849, 7.96297
384, 47, 65, 34.5336, 7.97348
385, 47, 65, 34.4895, 7.98429
386, 47, 65, 34.3366, 7.99427
387, 47, 65, 33.9215, 8.00465
388, 47, 65, 33.548, 8.01454
389, 47, 65, 33.133, 8.02534
390, 47, 65, 32.9284, 8.03622
391, 47, 65, 32.8446, 8.04674
392, 47, 65, 32.6401, 8.05757
393, 47, 65, 32.2665, 8.06781
394, 47, 65, 32.1136, 8.07806
395, 47, 65, 32.0834, 8.08878
396, 47, 65, 31.9135, 8.0991
397, 47, 65, 31.7605, 8.10933
398, 47, 64, 32.5237, 8.11945
399, 47, 63, 33.2869, 8.12939
400, 47, 62, 34.0501, 8.13946
401, 47, 61, 34.8133, 8.14962
402, 47, 60, 35.5765, 8.15994
403, 47, 59, 36.5765, 8.17012
404, 47, 58, 37.5765, 8.18053
405, 47, 57, 37.3443, 8.19106
406, 47, 57, 36.9708, 8.2015
407, 47, 56, 37.9708, 8.21185
408, 47, 55, 37.7386, 8.22221
409, 47, 54, 38.0914, 8.2326
410, 47, 54, 38.4064, 8.24334
411, 47, 54, 38.0329, 8.2539
412, 47, 54, 37.6178, 8.26382
413, 47, 54, 37.2028, 8.2743
414, 47, 53, 38.551, 8.28464
415, 47, 52, 39.3142, 8.29509
416, 47, 52, 39.221, 8.30507
417, 47, 52, 39.1372, 8.31555
418, 47, 52, 39.1007, 8.32654
419, 47, 52, 39.0418, 8.33716
420, 47, 52, 38.9888, 8.34773
421, 47, 52, 38.9674, 8.35868
422, 47, 52, 38.8836, 8.36902
423, 47, 52, 38.4686, 8.37946
424, 47, 52, 38.095, 8.38981
425, 47, 52, 37.6101, 8.39971
426, 47, 52, 37.2365, 8.41018
427, 47, 52, 37.1527, 8.4201
428, 47, 51, 37.3941, 8.43018
429, 47, 51, 37.1895, 8.44091
430, 47, 51, 37.1306, 8.45087
431, 47, 51, 37.0776, 8.46129
432, 47, 51, 37.0563, 8.47216
433, 47, 51, 37.0032, 8.48204
434, 47, 51, 36.9626, 8.49199
435, 47, 51, 36.8958, 8.50273
436, 47, 51, 36.8652, 8.5137
437, 47, 51, 36.8638, 8.52436
438, 48, 51, 36.8632, 8.76947
439, 49, 51, 36.8626, 9.02669
440, 49, 51, 36.8472, 9.29043
441, 49, 50, 37.0369, 9.30165
442, 49, 50, 36.9264, 9.32785
443, 49, 50, 36.8675, 9.34592
444, 49, 50, 36.8373, 9.36467
445, 49, 50, 36.8287, 9.37772
446, 49, 50, 36.8202, 9.38831
447, 49, 49, 36.9649, 9.39889
448, 49, 49, 36.9605, 9.40972
449, 49, 49, 36.9505, 9.42063
450, 49, 49, 36.925, 9.43057
451, 49, 49, 36.9218, 9.44149
452, 49, 49, 36.9118, 9.45243
453, 49, 49, 36.903, 9.46353
454, 49, 49, 36.8763, 9.4744
455, 49, 49, 36.9002, 9.48533
456, 49, 49, 36.8917, 9.49619
457, 49, 49, 36.8831, 9.50695
458, 49, 49, 36.8616, 9.51796
459, 49, 49, 36.8595, 9.5288
460, 49, 49, 36.8479, 9.53972
461, 49, 49, 36.8212, 9.5507
462, 49, 49, 36.7805, 9.56151
463, 49, 49, 36.7508, 9.57161
464, 49, 49, 36.7142, 9.58228
465, 49, 49, 36.6988, 9.59325
466, 49, 49, 36.6458, 9.60379
467, 49, 49, 36.4928, 9.61426
468, 49, 49, 36.4487, 9.62504
469, 49, 49, 36.4333, 9.63598
470, 49, 49, 36.3744, 9.64665
471, 49, 49, 36.3442, 9.65775
472, 49, 49, 36.3237, 9.66776
473, 49, 49, 36.3164, 9.67807
474, 49, 49, 36.2981, 9.68938
475, 49, 49, 36.2968, 9.70039
476, 49, 49, 36.2894, 9.71139
477, 49, 49, 36.2796, 9.72225
478, 49, 49, 36.2684, 9.73326
479, 49, 49, 36.2154, 9.74403
480, 49, 49, 36.0624, 9.75507
481, 49, 49, 36.0218, 9.76577
482, 49, 49, 36.0004, 9.77647
483, 49, 49, 35.9997, 9.78757
484, 49, 49, 36.0415, 9.79863
485, 49, 49, 36.0351, 9.80968
486, 49, 49, 36.0286, 9.82081
487, 49, 49, 36.0203, 9.83183
488, 49, 49, 36.009, 9.84285
489, 49, 49, 35.9725, 9.85353
490, 49, 49, 35.9318, 9.8642
491, 49, 49, 35.8837, 9.87495
492, 49, 49, 35.8766, 9.885
493, 49, 49, 35.8561, 9.89599
494, 49, 49, 35.8293, 9.90671
495, 49, 49, 35.8211, 9.91781
496, 49, 48, 35.9698, 9.92846
497, 49, 48, 35.9257, 9.93931
498, 49, 48, 35.9174, 9.95033
499, 49, 48, 35.8768, 9.96109
500, 49, 48, 35.8361, 9.97187
501, 49, 48, 35.8147, 9.9827
502, 49, 48, 35.7986, 9.99375
503, 49, 48, 35.7794, 10.005
504, 49, 48, 35.7787, 10.0161
505, 50, 48, 35.7781, 10.2784
506, 51, 48, 35.7776, 10.5527
507, 52, 48, 35.777, 10.8462
508, 52, 48, 35.7412, 11.169
509, 52, 48, 35.9042, 11.181
510, 52, 48, 36.0672, 11.1923
511, 52, 48, 35.9834, 11.2037
512, 52, 48, 35.8996, 11.2143
513, 52, 48, 35.7297, 11.2264
514, 52, 48, 35.5768, 11.237
515, 52, 48, 35.4837, 11.2475
516, 52, 48, 35.4248, 11.2579
517, 52, 47, 35.5878, 11.2686
518, 52, 47, 35.5205, 11.2796
519, 52, 47, 35.5203, 11.2907
520, 52, 47, 35.5146, 11.3018
521, 52, 47, 35.509, 11.3129
522, 52, 47, 35.4923, 11.324
523, 52, 47, 35.4921, 11.3366
524, 53, 47, 35.4915, 11.6383
525, 54, 47, 35.4911, 11.9474
526, 55, 47, 35.4906, 12.2779
527, 56, 47, 35.4901, 12.6238
528, 57, 47, 35.4897, 13.0053
529, 58, 47, 35.4892, 13.3908
530, 58, 47, 35.4618, 13.4012
531, 58, 47, 35.3687, 13.413
532, 58, 47, 35.2176, 13.424
533, 58, 47, 34.8026, 13.4346
534, 58, 47, 34.6326, 13.4452
535, 58, 47, 34.4797, 13.4559
536, 58, 47, 34.3286, 13.467
537, 59, 47, 34.3281, 13.4772
538, 59, 47, 34.3169, 13.8894
539, 59, 47, 34.2238, 13.9006
540, 59, 47, 34.1564, 13.9116
541, 60, 47, 34.156, 14.3229
542, 60, 47, 34.1356, 14.7515
543, 60, 47, 34.1282, 14.7627
544, 60, 47, 34.1208, 14.7737
545, 60, 47, 34.121, 14.7848
546, 60, 47, 34.116, 14.7959
547, 60, 47, 34.111, 14.807
548, 60, 47, 34.1049, 14.8181
549, 60, 47, 34.0888, 14.8292
550, 60, 47, 34.059, 14.8403
551, 60, 47, 34.0436, 14.8512
552, 60, 47, 34.0438, 14.8624
553, 61, 47, 34.0434, 15.293
554, 62, 47, 34.043, 15.7404
555, 63, 47, 34.0427, 16.253
556, 64, 47, 34.0423, 16.7428
557, 65, 47, 34.042, 17.237
558, 66, 47, 34.0417, 17.7519
559, 67, 47, 34.0413, 18.2866
560, 68, 47, 34.041, 18.8696
561, 69, 47, 34.0407, 19.4949
562, 70, 47, 34.0404, 20.1169
563, 70, 47, 34.0321, 20.756
564, 70, 47, 33.9881, 20.7663
565, 71, 47, 33.9878, 21.4
566, 72, 47, 33.9875, 22.0632
567, 73, 47, 33.9872, 22.7552
568, 74, 47, 33.987, 23.4566
569, 75, 47, 33.9867, 24.1812
570, 75, 47, 33.9706, 24.9416
571, 75, 47, 33.9641, 24.9528
572, 75, 47, 33.9577, 24.964
573, 75, 47, 33.9248, 24.9752
574, 75, 47, 33.9253, 24.9864
575, 75, 47, 33.9823, 25.7467
576, 76, 47, 33.9821, 26.5396
577, 76, 47, 33.969, 26.5505
578, 76, 47, 33.9634, 26.5617
579, 76, 47, 33.9577, 26.5728
580, 76, 47, 33.9585, 26.584
581, 77, 47, 33.9583, 27.3495
582, 78, 47, 33.958, 28.168
583, 79, 47, 33.9578, 29.0058
584, 80, 47, 33.9576, 29.8976
585, 81, 47, 33.9574, 30.7811
586, 81, 47, 33.9513, 31.6953
587, 81, 47, 34.0737, 31.7066
588, 81, 47, 33.9766, 31.717
589, 81, 47, 33.9653, 31.7298
590, 81, 47, 33.9629, 31.7409
591, 81, 47, 33.9483, 31.7526
592, 81, 47, 33.9493, 31.7638
593, 81, 47, 33.9449, 31.7742
594, 81, 47, 33.8919, 31.7855
595, 81, 47, 33.7219, 31.7968
596, 81, 47, 33.6114, 31.807
597, 81, 47, 33.4415, 31.818
598, 81, 47, 33.2886, 31.8288
599, 81, 47, 33.1187, 31.8401
600, 81, 47, 33.0082, 31.8512
601, 81, 47, 32.9493, 31.8623
602, 81, 47, 32.919, 31.8734
603, 82, 47, 32.9188, 32.8227
604, 83, 47, 32.9186, 33.9406
605, 84, 47, 32.9184, 34.8873
606, 85, 47, 32.9182, 35.8709
607, 86, 47, 32.918, 36.9135
608, 86, 47, 32.9072, 36.9242
609, 86, 47, 32.9022, 36.9356
610, 86, 47, 32.8972, 36.947
611, 86, 47, 32.8953, 36.9583
612, 86, 47, 32.8901, 36.9696
613, 86, 47, 32.884, 36.9808
614, 86, 47, 32.8538, 36.9919
615, 86, 47, 32.8477, 37.0031
616, 86, 47, 32.821, 37.0141
617, 86, 47, 32.7912, 37.0249
618, 86, 47, 32.7615, 37.036
619, 86, 47, 32.7317, 37.047
620, 86, 47, 32.8107, 37.0579
621, 86, 47, 32.788, 37.0689
622, 86, 47, 32.7653, 37.0798
623, 86, 47, 32.7426, 37.0908
624, 86, 47, 32.6947, 37.1018
625, 86, 47, 32.6903, 37.1132
626, 86, 47, 32.6858, 37.1244
627, 86, 47, 32.673, 37.1356
628, 86, 47, 32.6742, 37.1468
629, 87, 47, 32.674, 38.1855
630, 88, 47, 32.6738, 39.8799
631, 89, 47, 32.6736, 41.5691
632, 89, 47, 32.6437, 43.3296
633, 89, 47, 32.5907, 43.3399
634, 89, 47, 32.5466, 43.3508
635, 89, 47, 32.5422, 43.3623
636, 89, 47, 32.5377, 43.3733
637, 89, 47, 32.5362, 43.3844
638, 89, 47, 32.5317, 43.3956
639, 89, 47, 32.5187, 43.4067
640, 89, 47, 32.5074, 43.4179
641, 89, 47, 32.5087, 43.429
642, 90, 47, 32.5085, 45.1809
643, 91, 47, 32.5084, 47.0052
644, 91, 47, 32.5052, 47.0158
645, 91, 47, 32.4384, 47.0271
646, 91, 47, 32.4157, 47.038
647, 91, 46, 32.5534, 47.0489
648, 91, 46, 32.5321, 47.0602
649, 91, 46, 32.519, 47.0714
650, 91, 46, 32.5036, 47.0826
651, 91, 46, 32.4992, 47.0938
652, 91, 46, 32.4586, 47.1049
653, 91, 46, 32.422, 47.1159
654, 91, 46, 32.2521, 47.1266
655, 91, 46, 32.1683, 47.1367
656, 91, 46, 32.1385, 47.1475
657, 91, 46, 32.1088, 47.1584
658, 91, 46, 32.0933, 47.1693
659, 91, 46, 32.0826, 47.1793
660, 91, 46, 32.0786, 47.1904
661, 91, 46, 32.0745, 47.2014
662, 91, 46, 32.0707, 47.2124
663, 91, 46, 32.0663, 47.2234
664, 91, 46, 32.0551, 47.2342
665, 91, 46, 32.052, 47.2443
666, 91, 46, 32.0154, 47.2551
667, 91, 46, 31.9049, 47.2659
668, 91, 46, 31.8835, 47.2766
669, 91, 46, 31.8804, 47.2878
670, 91, 46, 31.8599, 47.2986
671, 91, 46, 31.842, 47.3095
672, 91, 46, 31.8241, 47.3203
673, 91, 46, 31.8062, 47.3309
674, 91, 46, 31.7687, 47.3419
675, 91, 46, 31.7587, 47.3534
676, 91, 46, 31.7547, 47.3647
677, 91, 46, 31.7536, 47.3749
678, 91, 46, 31.7447, 47.3852
679, 91, 46, 31.7407, 47.398
680, 91, 46, 31.7421, 47.4107
681, 92, 46, 31.7419, 49.2219
682, 93, 46, 31.7418, 51.1134
683, 94, 46, 31.7416, 53.0813
684, 95, 46, 31.7414, 55.0668
685, 96, 46, 31.7413, 57.105
686, 97, 46, 31.7411, 59.1679
687, 98, 46, 31.741, 61.2984
688, 99, 46, 31.7408, 63.5028
689, 100, 46, 31.7407, 65.7394
690, 101, 46, 31.7405, 68.162
691, 101, 46, 31.7163, 68.1727
692, 101, 46, 31.6574, 68.184
693, 101, 46, 31.7916, 68.1952
694, 101, 46, 31.6945, 68.2064
695, 102, 46, 31.6944, 70.4831
696, 103, 46, 31.6942, 72.865
697, 104, 46, 31.6941, 75.0319
698, 105, 46, 31.694, 77.749
699, 106, 46, 31.6938, 80.5417
700, 107, 46, 31.6937, 83.3974
701, 108, 46, 31.6936, 86.3006
702, 109, 46, 31.6935, 89.2047
703, 110, 46, 31.6933, 92.2425
704, 111, 46, 31.6932, 95.3936
705, 112, 46, 31.6931, 98.6068
706, 113, 46, 31.693, 101.907
707, 114, 46, 31.6929, 105.197
708, 115, 46, 31.6928, 108.573
709, 116, 46, 31.6927, 112.054
710, 117, 46, 31.6926, 115.591
711, 118, 46, 31.6925, 119.16
712, 118, 46, 31.6726, 122.83
713, 118, 46, 31.5528, 122.841
714, 118, 46, 31.3998, 122.853
715, 118, 46, 31.0263, 122.864
716, 118, 46, 30.8564, 122.875
717, 118, 46, 30.7035, 122.886
718, 118, 46, 30.6197, 122.897
719, 118, 46, 30.4667, 122.907
720, 118, 46, 30.2968, 122.918
721, 118, 45, 30.5381, 122.929
722, 118, 45, 30.3336, 122.94
723, 118, 44, 31.0968, 122.95
724, 118, 44, 30.7233, 122.961
725, 118, 43, 31.7233, 122.972
726, 118, 42, 31.4911, 122.983
727, 118, 42, 31.1175, 122.994
728, 118, 42, 30.7025, 123.004
729, 118, 42, 30.5496, 123.015
730, 118, 42, 30.3796, 123.025
731, 118, 42, 30.2267, 123.036
732, 118, 42, 29.8532, 123.047
733, 118, 41, 30.6164, 123.057
734, 118, 41, 30.5233, 123.068
735, 118, 41, 30.4302, 123.079
736, 118, 41, 30.3464, 123.089
737, 118, 41, 30.2933, 123.101
738, 118, 40, 30.4564, 123.111
739, 118, 40, 30.389, 123.122
740, 118, 39, 30.6304, 123.133
741, 118, 39, 30.4258, 123.144
742, 118, 39, 30.0523, 123.155
743, 118, 39, 29.8824, 123.166
744, 118, 39, 29.7893, 123.176
745, 118, 39, 29.7055, 123.187
746, 118, 39, 29.6387, 123.199
747, 119, 39, 29.6386, 126.875
748, 120, 39, 29.6385, 130.707
749, 121, 39, 29.6384, 134.572
750, 121, 39, 29.6363, 138.484
751, 121, 38, 29.7849, 138.496
752, 121, 38, 29.7409, 138.507
753, 121, 38, 29.6478, 138.519
754, 121, 38, 29.5546, 138.53
755, 121, 38, 29.4873, 138.542
756, 121, 38, 29.4571, 138.553
757, 121, 38, 29.3897, 138.565
758, 121, 38, 29.3059, 138.576
759, 121, 38, 29.2947, 138.587
760, 121, 38, 29.2925, 138.597
761, 121, 38, 29.2628, 138.608
762, 121, 38, 29.236, 138.619
763, 121, 38, 29.0831, 138.63
764, 121, 38, 28.8785, 138.641
765, 121, 38, 28.7256, 138.652
766, 121, 38, 28.6988, 138.663
767, 121, 38, 28.6057, 138.674
768, 121, 38, 28.5219, 138.685
769, 121, 38, 28.4778, 138.696
770, 121, 38, 28.4372, 138.707
771, 121, 38, 28.4158, 138.719
772, 122, 38, 28.4157, 142.663
773, 123, 38, 28.4156, 146.766
774, 124, 38, 28.4155, 150.895
775, 125, 38, 28.4155, 155.057
776, 125, 38, 28.4064, 155.068
777, 125, 38, 28.4056, 155.079
778, 125, 38, 28.402, 155.09
779, 125, 38, 28.3984, 155.102
780, 125, 38, 28.3951, 155.113
781, 125, 38, 28.3843, 155.124
782, 125, 38, 28.3616, 155.135
783, 125, 38, 28.3533, 155.146
784, 125, 38, 28.3512, 155.157
785, 125, 38, 28.3285, 155.167
786, 125, 38, 28.3124, 155.178
787, 125, 38, 28.2825, 155.189
788, 125, 38, 28.2797, 155.201
789, 125, 38, 28.2706, 155.212
790, 125, 38, 28.2674, 155.223
791, 125, 38, 28.2641, 155.235
792, 125, 38, 28.2561, 155.246
793, 125, 38, 28.2577, 155.257
794, 126, 38, 28.2576, 159.521
795, 127, 38, 28.2575, 163.823
796, 128, 38, 28.2574, 168.175
797, 129, 38, 28.2573, 172.69
798, 129, 38, 28.2409, 172.701
799, 129, 38, 28.2043, 172.713
800, 129, 38, 28.1454, 172.724
801, 129, 38, 28.1152, 172.735
802, 129, 38, 28.1116, 172.746
803, 129, 38, 28.1079, 172.758
804, 129, 38, 28.1096, 172.769
805, 129, 38, 28.1019, 172.78
806, 129, 38, 28.1013, 172.791
807, 129, 38, 28.0989, 172.803
808, 129, 38, 28.0899, 172.815
809, 129, 38, 28.072, 172.825
810, 129, 38, 28.0637, 172.837
811, 129, 38, 28.0604, 172.849
812, 129, 38, 28.0571, 172.86
813, 129, 38, 28.0588, 172.872
814, 130, 38, 28.0588, 177.173
815, 131, 38, 28.0587, 181.565
816, 131, 37, 28.2067, 181.577
817, 131, 37, 28.2036, 186.109
818, 131, 37, 28.2033, 186.12
819, 131, 37, 28.2003, 186.132
820, 131, 37, 28.1974, 186.144
821, 131, 37, 28.1903, 186.155
822, 131, 37, 28.1873, 186.167
823, 131, 37, 28.1843, 186.178
824, 131, 37, 28.186, 186.19
825, 131, 37, 28.1839, 190.717
826, 131, 37, 28.1838, 190.728
827, 131, 37, 28.1818, 190.739
828, 131, 37, 28.1805, 190.75
829, 131, 37, 28.1626, 190.761
830, 131, 37, 28.1398, 190.772
831, 131, 37, 28.1316, 190.784
832, 131, 37, 28.1302, 190.795
833, 131, 37, 28.1677, 190.806
834, 131, 37, 28.145, 190.818
835, 131, 36, 28.2827, 190.829
836, 131, 36, 28.2614, 190.84
837, 131, 36, 28.1683, 190.851
838, 131, 36, 28.0845, 190.862
839, 131, 36, 27.9145, 190.873
840, 131, 36, 27.7616, 190.885
841, 131, 36, 27.3466, 190.896
842, 131, 36, 26.7685, 190.907
843, 131, 36, 26.395, 190.918
844, 131, 35, 27.7431, 190.93
845, 131, 35, 27.7252, 190.942
846, 131, 35, 27.7191, 190.955
847, 131, 35, 27.7114, 190.969
848, 131, 35, 27.7051, 190.981
849, 131, 35, 27.7069, 190.993
850, 131, 35, 27.7055, 191.004
851, 131, 35, 27.7575, 191.016
852, 131, 35, 27.7094, 191.028
853, 131, 35, 27.7163, 191.039
854, 131, 35, 27.7029, 191.05
855, 131, 35, 27.7001, 191.062
856, 131, 35, 27.6974, 191.074
857, 131, 35, 27.6862, 191.086
858, 131, 35, 27.688, 191.098
859, 132, 35, 27.6879, 195.579
860, 133, 35, 27.6879, 200.155
861, 134, 35, 27.6878, 204.803
862, 135, 35, 27.6877, 209.563
863, 136, 35, 27.6876, 214.35
864, 137, 35, 27.6875, 219.481
865, 137, 35, 27.67, 224.6
866, 138, 35, 27.6699, 229.643
867, 139, 35, 27.6699, 234.812
868, 140, 35, 27.6698, 240.072
869, 140, 35, 27.6691, 240.083
870, 140, 35, 27.6393, 240.095
871, 140, 35, 27.6239, 240.107
872, 141, 35, 27.6238, 245.426
873, 142, 35, 27.6237, 250.822
874, 142, 35, 27.61, 250.834
875, 142, 35, 27.5693, 250.846
876, 142, 35, 27.5426, 250.856
877, 142, 35, 27.5019, 250.868
878, 142, 35, 27.4613, 250.879
879, 142, 35, 27.4247, 250.89
880, 142, 35, 27.5174, 250.902
881, 142, 35, 27.4585, 250.913
882, 142, 35, 27.3996, 250.924
883, 142, 35, 27.3466, 250.936
884, 142, 35, 27.3252, 250.947
885, 142, 35, 27.3238, 250.958
886, 142, 35, 27.321, 250.97
887, 142, 35, 27.3185, 250.981
888, 142, 35, 27.3158, 250.993
889, 142, 35, 27.3141, 251.005
890, 142, 35, 27.3064, 251.017
891, 142, 35, 27.2885, 251.028
892, 142, 35, 27.2777, 251.039
893, 142, 35, 27.2751, 251.051
894, 142, 35, 27.2726, 251.063
895, 142, 35, 27.2745, 251.074
896, 143, 35, 27.2744, 256.561
897, 144, 35, 27.2743, 262.112
898, 145, 35, 27.2743, 267.744
899, 146, 35, 27.2742, 273.557
900, 147, 35, 27.2741, 279.598
901, 148, 35, 27.2741, 285.654
902, 149, 35, 27.274, 291.705
903, 150, 35, 27.2739, 297.92
904, 151, 35, 27.2739, 304.032
905, 152, 35, 27.2738, 310.37
906, 153, 35, 27.2738, 316.813
907, 154, 35, 27.2737, 323.36
908, 155, 35, 27.2736, 329.962
909, 156, 35, 27.2736, 336.796
910, 157, 35, 27.2735, 343.607
911, 158, 35, 27.2735, 350.568
912, 158, 35, 27.2619, 350.58
913, 158, 35, 27.3554, 350.592
914, 158, 35, 27.2707, 350.603
915, 158, 35, 27.1869, 350.615
916, 158, 35, 27.0169, 350.626
917, 158, 35, 26.864, 350.637
918, 158, 35, 26.8343, 350.648
919, 158, 35, 26.8075, 350.659
920, 158, 35, 26.9189, 350.671
921, 158, 35, 26.8783, 350.682
922, 158, 35, 26.8376, 350.693
923, 158, 35, 26.7529, 350.704
924, 158, 35, 26.6424, 350.715
925, 158, 35, 26.4895, 350.726
926, 158, 35, 26.3964, 350.737
927, 158, 35, 26.3126, 350.749
928, 158, 35, 26.276, 350.76
929, 158, 35, 26.2462, 350.771
930, 158, 35, 26.2308, 350.783
931, 158, 35, 26.2296, 350.794
932, 158, 35, 26.2506, 350.806
933, 158, 35, 26.2481, 350.817
934, 158, 35, 26.2467, 350.829
935, 158, 35, 26.246, 350.84
936, 158, 35, 26.2306, 350.852
937, 158, 35, 26.1468, 350.863
938, 158, 35, 26.1355, 350.874
939, 158, 35, 26.0825, 350.885
940, 158, 35, 26.0695, 350.896
941, 158, 35, 26.055, 350.908
942, 158, 35, 26.0405, 350.919
943, 158, 35, 26.026, 350.93
944, 158, 35, 26.084, 350.943
945, 158, 35, 26.072, 350.954
946, 158, 35, 26.06, 350.965
947, 158, 35, 26.0481, 350.977
948, 158, 35, 26.0174, 350.988
949, 158, 35, 26.0102, 350.999
950, 158, 35, 26.0079, 351.011
951, 158, 35, 26.0056, 351.022
952, 158, 35, 25.9474, 351.034
953, 158, 35, 25.9465, 351.045
954, 158, 35, 25.9453, 351.057
955, 158, 35, 25.9446, 351.069
956, 158, 35, 25.9301, 351.08
957, 158, 35, 25.9156, 351.091
958, 158, 35, 25.9112, 351.103
959, 158, 35, 25.911, 351.114
960, 158, 35, 25.8905, 351.126
961, 158, 35, 25.8232, 351.137
962, 158, 35, 25.8387, 351.148
963, 158, 35, 25.8113, 351.16
964, 158, 35, 25.8111, 351.172
965, 158, 35, 25.8079, 351.183
966, 158, 35, 25.8013, 351.195
967, 158, 35, 25.799, 351.207
968, 158, 35, 25.7967, 351.221
969, 158, 35, 25.7901, 351.233
970, 158, 35, 25.788, 351.244
971, 158, 35, 25.7859, 351.256
972, 158, 35, 25.7851, 351.268
973, 158, 35, 25.7842, 351.279
974, 158, 35, 25.7775, 351.291
975, 158, 35, 25.7715, 351.302
976, 158, 35, 25.7717, 351.313
977, 158, 35, 25.7609, 351.324
978, 158, 35, 25.7508, 351.336
979, 158, 35, 25.7408, 351.347
980, 158, 35, 25.7307, 351.358
981, 158, 35, 25.786, 351.369
982, 158, 35, 25.7774, 351.381
983, 158, 35, 25.7689, 351.391
984, 158, 35, 25.7603, 351.402
985, 158, 35, 25.7298, 351.414
986, 158, 35, 25.7276, 351.425
987, 158, 35, 25.7257, 351.436
988, 158, 35, 25.7235, 351.448
989, 158, 35, 25.7176, 351.459
990, 158, 35, 25.7183, 351.471
991, 159, 35, 25.7182, 358.502
992, 160, 35, 25.7182, 365.64
993, 161, 35, 25.7181, 372.85
994, 161, 35, 25.7179, 372.862
995, 161, 35, 25.682, 372.874
996, 161, 35, 25.6379, 372.886
997, 161, 35, 25.5939, 372.897
998, 161, 35, 25.5759, 372.909
999, 161, 35, 25.5598, 372.921
