Seed is: 34
Number of samples is: 1000
Simulation name is: Simulation_4TV.sim
TimeStep, Distraction Rate, Missed States, Model Accuracy, Time (ms)
0, 0, 112, 0, 9e-05
1, 0, 111, 0.763197, 0.06291
2, 0, 110, 1.7632, 0.102335
3, 0, 110, 1.34816, 0.109218
4, 0, 110, 1.17823, 0.16264
5, 0, 109, 1.94143, 0.191996
6, 0, 109, 1.5679, 0.224598
7, 0, 109, 1.19436, 0.23639
8, 0, 109, 1.04143, 0.284682
9, 0, 109, 0.888499, 0.326612
10, 0, 108, 1.6517, 0.369003
11, 0, 107, 2.41489, 0.412285
12, 0, 107, 2.04136, 0.492007
13, 0, 107, 1.66783, 0.527465
14, 0, 107, 1.51489, 0.572861
15, 0, 107, 1.36196, 0.628597
16, 0, 106, 2.12516, 0.656861
17, 0, 105, 1.89297, 0.705834
18, 0, 104, 3.24113, 0.712086
19, 0, 103, 4.24113, 0.785105
20, 0, 103, 3.82609, 0.838437
21, 0, 103, 3.65616, 0.89257
22, 0, 102, 4.41936, 0.947966
23, 0, 102, 3.9344, 0.968956
24, 0, 102, 3.56086, 1.05255
25, 0, 101, 4.32406, 1.06315
26, 0, 100, 5.08726, 1.10964
27, 0, 100, 4.71372, 1.18129
28, 0, 100, 4.34019, 1.25338
29, 0, 100, 4.18726, 1.30427
30, 0, 100, 4.03433, 1.32891
31, 0, 100, 3.82979, 1.34374
32, 0, 100, 3.67686, 1.4203
33, 1, 99, 4.67686, 1.42576
34, 2, 99, 4.26182, 1.46539
35, 3, 99, 4.09189, 1.49792
36, 4, 99, 3.99878, 1.54234
37, 5, 99, 3.93989, 1.60473
38, 5, 99, 3.82939, 1.66473
39, 5, 98, 4.82939, 1.70311
40, 5, 98, 4.41435, 1.76487
41, 5, 98, 4.24443, 1.78609
42, 5, 97, 5.00762, 1.82796
43, 5, 97, 4.91452, 1.83303
44, 5, 96, 5.67771, 1.9194
45, 5, 95, 6.03048, 1.95751
46, 5, 95, 5.54552, 2.03972
47, 5, 95, 5.17199, 2.04957
48, 5, 95, 4.96745, 2.09402
49, 5, 95, 4.81452, 2.13254
50, 5, 95, 4.70402, 2.13776
51, 5, 94, 4.47182, 2.15752
52, 5, 93, 5.81998, 2.1962
53, 6, 92, 6.81998, 2.22752
54, 7, 92, 6.40495, 2.25982
55, 8, 92, 6.23502, 2.27673
56, 9, 92, 6.14191, 2.31003
57, 10, 92, 6.08302, 2.34672
58, 11, 92, 6.04238, 2.38066
59, 12, 92, 6.01263, 2.45319
60, 13, 92, 5.98991, 2.49975
61, 14, 92, 5.97199, 2.56327
62, 15, 92, 5.95749, 2.61613
63, 15, 91, 6.72068, 2.67166
64, 15, 90, 7.48388, 2.70566
65, 15, 90, 7.11035, 2.77261
66, 15, 90, 6.73681, 2.8277
67, 15, 90, 6.58388, 2.86508
68, 15, 90, 6.43095, 2.89619
69, 15, 89, 7.19415, 2.91464
70, 15, 89, 6.70918, 2.92014
71, 15, 89, 6.33565, 2.97965
72, 15, 89, 6.13111, 3.0124
73, 15, 88, 6.89431, 3.05102
74, 15, 87, 7.65751, 3.08611
75, 15, 87, 7.28397, 3.09718
76, 15, 87, 6.91044, 3.14425
77, 15, 87, 6.75751, 3.22453
78, 15, 86, 7.75751, 3.24933
79, 15, 86, 7.34247, 3.25422
80, 15, 86, 7.17254, 3.28127
81, 15, 85, 7.93574, 3.31574
82, 15, 84, 7.70355, 3.36344
83, 15, 83, 9.05171, 3.47243
84, 15, 83, 8.67817, 3.54543
85, 15, 83, 8.19321, 3.58061
86, 15, 83, 8.04028, 3.58583
87, 15, 83, 7.83574, 3.62758
88, 15, 82, 8.83574, 3.68584
89, 15, 82, 8.4207, 3.69904
90, 15, 82, 8.25078, 3.72412
91, 15, 82, 8.09785, 3.76755
92, 16, 82, 8.08587, 3.81577
93, 16, 82, 8.00207, 3.83797
94, 16, 81, 7.76988, 3.84329
95, 16, 80, 9.11804, 3.87052
96, 16, 79, 9.88124, 3.87542
97, 16, 79, 10.1963, 3.88092
98, 16, 78, 10.9595, 3.93473
99, 16, 78, 10.5859, 3.93985
100, 17, 78, 10.5453, 3.95709
101, 18, 78, 10.5156, 4.02546
102, 18, 77, 11.2787, 4.03074
103, 18, 77, 11.1258, 4.12991
104, 18, 77, 10.7523, 4.13515
105, 18, 76, 10.942, 4.17703
106, 18, 76, 10.8315, 4.24804
107, 19, 76, 10.8088, 4.33681
108, 19, 76, 10.6559, 4.37118
109, 19, 76, 10.5885, 4.41715
110, 20, 76, 10.5706, 4.4848
111, 21, 76, 10.5561, 4.5135
112, 22, 76, 10.5441, 4.6005
113, 22, 76, 10.4603, 4.65076
114, 22, 76, 10.3765, 4.71327
115, 23, 76, 10.3665, 4.75552
116, 23, 76, 10.2827, 4.76077
117, 23, 75, 11.0459, 4.82806
118, 23, 75, 10.6723, 4.86357
119, 23, 75, 10.2988, 4.88355
120, 23, 75, 10.1459, 4.94832
121, 23, 75, 9.99294, 4.97958
122, 23, 75, 9.90914, 5.01405
123, 23, 75, 9.82535, 5.08407
124, 23, 74, 10.5885, 5.13475
125, 23, 73, 11.3517, 5.1827
126, 23, 73, 10.9782, 5.19934
127, 23, 73, 10.6047, 5.23252
128, 23, 73, 10.4517, 5.26622
129, 24, 72, 11.4517, 5.27242
130, 25, 72, 11.0367, 5.29512
131, 26, 72, 10.8668, 5.30331
132, 27, 72, 10.7737, 5.38294
133, 28, 72, 10.7148, 5.40343
134, 29, 72, 10.6741, 5.44877
135, 30, 72, 10.6444, 5.49315
136, 30, 71, 11.4076, 5.55324
137, 30, 70, 12.1708, 5.56247
138, 30, 69, 12.934, 5.56843
139, 30, 69, 12.5604, 5.57855
140, 30, 69, 12.1869, 5.59945
141, 30, 69, 12.034, 5.67352
142, 30, 68, 13.034, 5.69891
143, 30, 68, 12.6189, 5.76499
144, 30, 68, 12.449, 5.77028
145, 30, 67, 13.2122, 5.81108
146, 30, 66, 12.98, 5.85008
147, 30, 65, 14.3282, 5.90592
148, 30, 64, 14.6809, 5.91176
149, 30, 64, 14.196, 5.9447
150, 30, 64, 13.711, 5.95022
151, 30, 64, 13.5065, 5.98799
152, 30, 64, 13.4227, 5.99897
153, 30, 64, 13.0492, 6.0455
154, 30, 63, 14.0492, 6.06884
155, 30, 63, 13.6341, 6.09557
156, 30, 63, 13.4642, 6.14175
157, 30, 62, 14.4642, 6.19584
158, 30, 62, 14.0492, 6.24512
159, 30, 62, 13.8792, 6.31949
160, 30, 61, 14.6424, 6.43529
161, 30, 61, 14.4895, 6.46757
162, 30, 60, 14.8423, 6.53233
163, 30, 60, 14.3573, 6.55586
164, 31, 60, 14.3346, 6.63429
165, 32, 60, 14.3167, 6.66402
166, 32, 60, 14.2329, 6.68319
167, 32, 60, 14.0283, 6.72194
168, 33, 60, 14.0138, 6.7397
169, 34, 60, 14.0018, 6.80908
170, 34, 59, 14.765, 6.82951
171, 34, 58, 15.5282, 6.88366
172, 34, 58, 15.1547, 6.97773
173, 34, 57, 15.9179, 7.01489
174, 34, 56, 16.6811, 7.0811
175, 34, 55, 17.4443, 7.15581
176, 34, 55, 17.0708, 7.19841
177, 34, 55, 16.6972, 7.22175
178, 34, 55, 16.5443, 7.26656
179, 34, 55, 16.3914, 7.3156
180, 34, 54, 17.1546, 7.3823
181, 34, 54, 16.781, 7.46444
182, 34, 54, 16.4075, 7.52968
183, 34, 54, 15.8294, 7.57494
184, 34, 53, 16.5926, 7.6068
185, 34, 52, 17.3558, 7.657
186, 34, 52, 16.9823, 7.68116
187, 34, 51, 17.3351, 7.77976
188, 34, 51, 16.8501, 7.84807
189, 34, 51, 16.4766, 7.90039
190, 34, 51, 16.272, 7.97004
191, 34, 51, 16.1191, 8.01586
192, 34, 51, 15.7456, 8.03759
193, 34, 50, 15.9869, 8.11174
194, 34, 50, 16.2088, 8.13748
195, 35, 50, 16.1988, 8.15765
196, 35, 50, 16.1458, 8.18662
197, 35, 50, 16.0353, 8.22549
198, 35, 50, 15.8823, 8.26521
199, 35, 50, 15.8293, 8.3219
200, 35, 50, 15.7455, 8.35507
201, 35, 49, 16.5087, 8.40175
202, 35, 49, 16.4249, 8.50921
203, 35, 49, 16.272, 8.51479
204, 36, 49, 16.2634, 8.52232
205, 36, 49, 16.2104, 8.52798
206, 36, 49, 15.8369, 8.64181
207, 36, 49, 15.7839, 8.68262
208, 36, 49, 15.6734, 8.73401
209, 36, 48, 16.4366, 8.74723
210, 36, 47, 17.1998, 8.7866
211, 36, 46, 17.963, 8.82313
212, 36, 46, 17.5895, 8.82948
213, 36, 46, 17.2159, 8.86069
214, 36, 46, 17.063, 8.96065
215, 36, 45, 17.8262, 8.98299
216, 36, 44, 18.8262, 9.02879
217, 36, 44, 18.4111, 9.11911
218, 36, 44, 18.2412, 9.15651
219, 36, 43, 19.0044, 9.24869
220, 36, 43, 18.6309, 9.30981
221, 36, 43, 18.2574, 9.39949
222, 36, 43, 18.1044, 9.47112
223, 36, 43, 17.9515, 9.52476
224, 36, 42, 18.1928, 9.56313
225, 36, 42, 17.9883, 9.64699
226, 36, 41, 17.7561, 9.6685
227, 36, 40, 19.1043, 9.70462
228, 36, 40, 18.7307, 9.77837
229, 36, 40, 18.2458, 9.87245
230, 36, 40, 18.0928, 9.89895
231, 37, 39, 19.0928, 9.92426
232, 38, 39, 18.6778, 10.0205
233, 39, 39, 18.5079, 10.06
234, 40, 39, 18.4148, 10.135
235, 41, 39, 18.3559, 10.1941
236, 42, 39, 18.3152, 10.2487
237, 43, 39, 18.2855, 10.3105
238, 44, 39, 18.2628, 10.3269
239, 45, 39, 18.2448, 10.3745
240, 46, 39, 18.2303, 10.3822
241, 47, 39, 18.2184, 10.3893
242, 47, 39, 18.1346, 10.4031
243, 47, 38, 19.1346, 10.4333
244, 47, 38, 18.7195, 10.4764
245, 47, 38, 18.5496, 10.4822
246, 47, 37, 19.5496, 10.5228
247, 47, 37, 19.1346, 10.5937
248, 47, 37, 18.9646, 10.6457
249, 47, 37, 18.8808, 10.6881
250, 47, 37, 18.797, 10.7257
251, 47, 37, 18.7039, 10.793
252, 47, 37, 18.6108, 10.8557
253, 47, 37, 18.5003, 10.8956
254, 48, 37, 18.4903, 10.9032
255, 49, 37, 18.4817, 10.9485
256, 49, 36, 18.6447, 10.995
257, 49, 36, 18.5774, 11.024
258, 49, 36, 18.5244, 11.0297
259, 49, 36, 18.4313, 11.0424
260, 49, 36, 18.3639, 11.0656
261, 49, 35, 19.1271, 11.1255
262, 49, 35, 18.9742, 11.1589
263, 49, 35, 18.6007, 11.1642
264, 49, 35, 18.5169, 11.2087
265, 49, 35, 18.4803, 11.2144
266, 49, 35, 18.4362, 11.2297
267, 49, 35, 18.2833, 11.2461
268, 49, 35, 18.0787, 11.3274
269, 49, 35, 17.9258, 11.3726
270, 49, 35, 17.8327, 11.3927
271, 49, 35, 17.7396, 11.4309
272, 49, 34, 17.9293, 11.4813
273, 49, 34, 17.8188, 11.514
274, 49, 34, 17.7257, 11.5197
275, 49, 34, 17.6419, 11.5408
276, 49, 34, 17.583, 11.5996
277, 49, 34, 17.5241, 11.6276
278, 49, 34, 17.4835, 11.6899
279, 49, 34, 17.6059, 11.7093
280, 49, 34, 17.5385, 11.7306
281, 49, 34, 17.502, 11.737
282, 49, 34, 17.449, 11.7532
283, 49, 34, 17.3652, 11.7984
284, 49, 34, 17.1606, 11.8672
285, 49, 34, 17.1338, 11.8733
286, 49, 34, 17.0808, 11.9157
287, 49, 34, 17.0219, 11.9319
288, 49, 34, 16.9854, 11.9812
289, 49, 34, 16.9265, 12.0117
290, 49, 34, 16.8427, 12.0616
291, 49, 34, 16.8061, 12.0867
292, 49, 34, 16.7655, 12.1553
293, 49, 34, 16.6684, 12.1815
294, 49, 34, 16.6095, 12.214
295, 49, 34, 16.5565, 12.2565
296, 49, 34, 16.5035, 12.2957
297, 49, 34, 16.6665, 12.306
298, 49, 34, 16.6299, 12.3196
299, 49, 34, 16.5626, 12.3567
300, 49, 34, 16.4695, 12.4538
301, 49, 34, 16.3764, 12.4789
302, 49, 34, 16.2926, 12.5062
303, 50, 34, 16.284, 12.5359
304, 50, 34, 16.231, 12.5422
305, 50, 34, 16.1472, 12.5886
306, 50, 34, 15.9943, 12.6506
307, 50, 34, 15.8413, 12.673
308, 50, 34, 15.7575, 12.7188
309, 50, 33, 16.7575, 12.7522
310, 50, 33, 16.6737, 12.8485
311, 51, 33, 16.6664, 12.8897
312, 51, 33, 16.5826, 12.9201
313, 51, 33, 16.1675, 12.9257
314, 51, 33, 15.9976, 12.9462
315, 51, 33, 15.9045, 12.9959
316, 51, 33, 15.794, 13.0021
317, 51, 33, 15.7009, 13.0457
318, 51, 33, 15.6078, 13.0954
319, 51, 33, 15.524, 13.1201
320, 51, 33, 15.4651, 13.1365
321, 51, 33, 15.3977, 13.1429
322, 51, 33, 15.3447, 13.1762
323, 51, 33, 15.2609, 13.2019
324, 51, 33, 15.1771, 13.2262
325, 51, 33, 15.0933, 13.2559
326, 51, 33, 15.0095, 13.2878
327, 52, 33, 14.9995, 13.3135
328, 52, 33, 14.9465, 13.3373
329, 52, 33, 14.683, 13.3616
330, 52, 33, 14.5301, 13.4224
331, 52, 33, 14.4771, 13.4785
332, 52, 33, 14.4241, 13.4949
333, 52, 33, 14.3711, 13.5438
334, 52, 33, 14.3181, 13.6078
335, 52, 33, 14.2815, 13.6235
336, 52, 33, 14.1977, 13.6879
337, 52, 33, 14.1388, 13.7437
338, 52, 33, 14.055, 13.7892
339, 52, 33, 14.002, 13.8465
340, 52, 33, 13.9182, 13.8797
341, 52, 33, 13.8741, 13.9233
342, 52, 32, 14.0228, 13.969
343, 52, 32, 13.9787, 14.0102
344, 52, 32, 13.9422, 14.0498
345, 52, 32, 13.8892, 14.0838
346, 52, 32, 13.7362, 14.1323
347, 52, 32, 13.6257, 14.1597
348, 53, 32, 13.6172, 14.2034
349, 54, 32, 13.6098, 14.2597
350, 54, 32, 13.5732, 14.317
351, 54, 32, 13.5366, 14.3615
352, 54, 32, 13.4528, 14.4052
353, 54, 32, 13.369, 14.4577
354, 54, 32, 13.3101, 14.473
355, 54, 32, 13.2428, 14.4957
356, 54, 32, 13.2022, 14.5077
357, 54, 32, 13.1492, 14.5386
358, 54, 32, 13.0903, 14.5803
359, 54, 32, 13.0496, 14.6339
360, 54, 32, 13.009, 14.687
361, 54, 32, 12.956, 14.7215
362, 54, 32, 12.9119, 14.791
363, 54, 32, 12.8753, 14.8115
364, 55, 32, 12.8679, 14.8329
365, 56, 32, 12.8615, 14.9518
366, 56, 32, 12.8249, 14.9819
367, 56, 32, 12.7982, 15.0698
368, 56, 32, 12.7679, 15.1356
369, 56, 32, 12.7377, 15.2115
370, 57, 32, 12.732, 15.2719
371, 57, 32, 12.7107, 15.2941
372, 57, 32, 12.6577, 15.3648
373, 57, 32, 12.6047, 15.4022
374, 57, 32, 12.5681, 15.4525
375, 57, 32, 12.4576, 15.5318
376, 57, 31, 12.6206, 15.5663
377, 57, 31, 12.743, 15.5865
378, 57, 31, 12.7024, 15.5963
379, 57, 31, 12.5512, 15.698
380, 57, 31, 12.5147, 15.7993
381, 58, 31, 12.5073, 15.8664
382, 58, 31, 12.2438, 15.8759
383, 58, 31, 12.2136, 15.9372
384, 58, 31, 12.1298, 15.9746
385, 58, 31, 12.0932, 16.0586
386, 58, 31, 12.0402, 16.1133
387, 58, 31, 11.9872, 16.176
388, 58, 31, 12.0799, 16.2235
389, 58, 31, 12.0433, 16.311
390, 58, 31, 12.0165, 16.3292
391, 58, 30, 12.1577, 16.4369
392, 58, 30, 12.1275, 16.4559
393, 58, 30, 12.1007, 16.5124
394, 58, 30, 12.0739, 16.5714
395, 58, 30, 12.0209, 16.5922
396, 58, 30, 11.9942, 16.625
397, 58, 30, 11.843, 16.6518
398, 58, 30, 11.8064, 16.6739
399, 58, 30, 11.7624, 16.6805
400, 58, 30, 11.695, 16.7682
401, 58, 30, 11.5845, 16.8303
402, 58, 30, 11.5007, 16.8817
403, 58, 29, 11.6384, 16.9209
404, 58, 29, 11.6171, 16.9442
405, 58, 29, 11.5805, 17.0175
406, 58, 29, 11.5131, 17.0412
407, 58, 29, 11.4601, 17.1185
408, 58, 29, 11.4012, 17.1833
409, 58, 29, 11.3606, 17.2461
410, 58, 29, 11.3017, 17.3308
411, 58, 29, 11.2487, 17.3769
412, 58, 29, 11.1957, 17.3936
413, 58, 29, 11.166, 17.4198
414, 58, 29, 11.1294, 17.4519
415, 58, 29, 11.1026, 17.4578
416, 58, 29, 11.0872, 17.5272
417, 58, 29, 11.0604, 17.5941
418, 58, 29, 11.0238, 17.6241
419, 58, 29, 11.0025, 17.6722
420, 58, 29, 10.982, 17.7072
421, 59, 29, 10.9756, 17.7372
422, 60, 29, 10.9699, 17.7593
423, 60, 29, 10.8188, 17.8422
424, 60, 29, 10.7658, 17.8878
425, 61, 29, 10.7608, 17.9053
426, 61, 29, 10.734, 17.9112
427, 61, 29, 10.6672, 17.9633
428, 61, 29, 10.5701, 17.981
429, 61, 29, 10.554, 17.9871
430, 61, 29, 10.4569, 18.062
431, 61, 29, 10.4203, 18.0682
432, 61, 29, 10.3614, 18.0987
433, 61, 29, 10.3208, 18.1142
434, 61, 29, 10.294, 18.1208
435, 61, 29, 10.2534, 18.2021
436, 61, 29, 10.2266, 18.2269
437, 61, 29, 10.1968, 18.2328
438, 61, 29, 10.1562, 18.2587
439, 61, 29, 10.1358, 18.2648
440, 61, 29, 10.1144, 18.286
441, 61, 29, 10.0939, 18.3334
442, 61, 29, 10.0642, 18.3844
443, 61, 29, 10.0488, 18.3909
444, 61, 29, 10.0326, 18.4207
445, 61, 29, 10.0214, 18.4766
446, 61, 29, 9.96835, 18.4826
447, 61, 29, 9.94158, 18.5071
448, 61, 29, 9.9148, 18.5743
449, 62, 29, 9.90838, 18.6006
450, 62, 29, 9.87815, 18.6145
451, 62, 29, 9.97079, 18.6659
452, 62, 29, 9.95466, 18.7082
453, 62, 29, 9.94639, 18.7341
454, 62, 29, 9.89338, 18.7479
455, 62, 29, 9.79629, 18.761
456, 62, 29, 9.75972, 18.7671
457, 62, 29, 9.72314, 18.8241
458, 62, 29, 9.67013, 18.8596
459, 62, 29, 9.63356, 18.8658
460, 62, 29, 9.59291, 18.9195
461, 62, 29, 9.52611, 18.9736
462, 62, 29, 9.48547, 19.0146
463, 62, 29, 9.45572, 19.0321
464, 62, 29, 9.42597, 19.0962
465, 62, 29, 9.38939, 19.1112
466, 62, 29, 9.35965, 19.1863
467, 62, 29, 9.33287, 19.2443
468, 62, 29, 9.3061, 19.3088
469, 63, 29, 9.29968, 19.3621
470, 63, 29, 9.2631, 19.4129
471, 63, 29, 9.22652, 19.4354
472, 64, 29, 9.22087, 19.4893
473, 64, 29, 9.1941, 19.5547
474, 64, 29, 9.16733, 19.5724
475, 64, 29, 9.11918, 19.6219
476, 64, 29, 9.09646, 19.7064
477, 64, 29, 9.07374, 19.7635
478, 64, 29, 9.04697, 19.7832
479, 64, 29, 9.02019, 19.835
480, 64, 29, 8.99342, 19.8721
481, 64, 29, 8.95684, 19.9233
482, 64, 29, 8.8895, 19.9456
483, 64, 29, 8.86905, 19.983
484, 65, 29, 8.8634, 20.0278
485, 65, 29, 8.83663, 20.0752
486, 65, 29, 8.81618, 20.0966
487, 65, 29, 8.79574, 20.1263
488, 66, 29, 8.79074, 20.1351
489, 66, 29, 8.75416, 20.2004
490, 66, 29, 8.71007, 20.2355
491, 67, 29, 8.70561, 20.2444
492, 67, 29, 8.67884, 20.2756
493, 67, 29, 8.65207, 20.3382
494, 67, 29, 8.60798, 20.3669
495, 67, 29, 8.58753, 20.3727
496, 67, 29, 8.55779, 20.4206
497, 67, 29, 8.52804, 20.4552
498, 67, 29, 8.50759, 20.5058
499, 67, 29, 8.48082, 20.5429
500, 67, 29, 8.38373, 20.5896
501, 67, 29, 8.35398, 20.6006
502, 67, 29, 8.30989, 20.6636
503, 67, 29, 8.28945, 20.6774
504, 67, 29, 8.2221, 20.7541
505, 67, 29, 8.19236, 20.7855
506, 67, 29, 8.17191, 20.7913
507, 68, 29, 8.16691, 20.8715
508, 68, 29, 8.13668, 20.8778
509, 68, 29, 8.11396, 20.8834
510, 68, 29, 8.09124, 20.912
511, 68, 29, 8.07511, 20.9282
512, 68, 29, 8.06384, 20.9344
513, 68, 29, 8.04246, 20.956
514, 68, 29, 8.02201, 20.9789
515, 68, 29, 7.95521, 21.0508
516, 68, 29, 7.92546, 21.1168
517, 68, 29, 7.90274, 21.1855
518, 68, 29, 7.85459, 21.22
519, 68, 29, 7.78778, 21.2796
520, 68, 29, 7.7512, 21.3619
521, 68, 28, 7.88894, 21.3683
522, 68, 28, 7.86756, 21.3836
523, 68, 28, 7.85213, 21.4194
524, 68, 28, 7.8367, 21.4509
525, 68, 28, 7.81625, 21.5081
526, 68, 28, 7.77967, 21.5783
527, 68, 28, 7.76663, 21.6018
528, 69, 28, 7.76217, 21.6208
529, 69, 28, 7.69536, 21.6269
530, 69, 28, 7.65878, 21.6654
531, 69, 28, 7.63833, 21.7068
532, 69, 28, 7.60811, 21.7418
533, 70, 28, 7.6041, 21.8176
534, 70, 28, 7.58797, 21.8648
535, 70, 28, 7.54389, 21.9069
536, 70, 28, 7.52776, 21.9855
537, 71, 28, 7.5233, 22.0117
538, 71, 28, 7.50717, 22.0382
539, 71, 28, 7.48445, 22.0903
540, 71, 28, 7.57796, 22.1545
541, 71, 28, 7.52981, 22.1863
542, 71, 28, 7.51903, 22.2031
543, 72, 28, 7.51542, 22.2215
544, 72, 28, 7.46727, 22.239
545, 72, 28, 7.46121, 22.2887
546, 72, 28, 7.43443, 22.3411
547, 72, 28, 7.36763, 22.3945
548, 72, 28, 7.3515, 22.4006
549, 72, 28, 7.33012, 22.4156
550, 72, 28, 7.30037, 22.4891
551, 72, 28, 7.27765, 22.4951
552, 72, 28, 7.21085, 22.5625
553, 72, 28, 7.19542, 22.5886
554, 72, 28, 7.1727, 22.6448
555, 72, 28, 7.15478, 22.7052
556, 72, 28, 7.13685, 22.7166
557, 72, 28, 7.1238, 22.7555
558, 72, 28, 7.10336, 22.7884
559, 72, 28, 7.09258, 22.8279
560, 72, 28, 7.06986, 22.8622
561, 72, 28, 7.04309, 22.8864
562, 72, 28, 7.00721, 23.0904
563, 72, 28, 7.00282, 23.1133
564, 72, 28, 6.98977, 23.1594
565, 72, 28, 6.97185, 23.269
566, 72, 28, 6.96873, 23.3168
567, 72, 28, 6.94828, 23.3622
568, 72, 28, 6.92784, 23.3887
569, 72, 28, 6.90106, 23.4368
570, 72, 28, 6.85698, 23.5495
571, 72, 28, 6.8302, 23.5806
572, 72, 28, 6.80343, 23.6682
573, 72, 28, 6.79216, 23.7159
574, 72, 28, 6.77603, 23.7625
575, 72, 27, 6.91283, 23.7686
576, 72, 27, 6.8974, 23.7857
577, 72, 27, 6.88127, 23.9244
578, 72, 27, 6.86083, 23.9521
579, 72, 27, 6.83811, 23.9828
580, 72, 27, 6.82198, 23.9886
581, 72, 27, 6.79175, 24.0328
582, 72, 27, 6.76498, 24.0387
583, 72, 27, 6.74453, 24.0636
584, 72, 27, 6.73148, 24.147
585, 72, 27, 6.71356, 24.1761
586, 72, 27, 6.70051, 24.1957
587, 72, 27, 6.69223, 24.2623
588, 72, 27, 6.6768, 24.2869
589, 72, 27, 6.66553, 24.3346
590, 72, 27, 6.6501, 24.3771
591, 72, 27, 6.62872, 24.3832
592, 72, 27, 6.60735, 24.418
593, 72, 27, 6.5869, 24.447
594, 72, 27, 6.57077, 24.4628
595, 72, 27, 6.55285, 24.5213
596, 72, 27, 6.52262, 24.5455
597, 72, 27, 6.50217, 24.6164
598, 72, 27, 6.48604, 24.6399
599, 72, 27, 6.46332, 24.7075
600, 72, 27, 6.44719, 24.7396
601, 72, 27, 6.39904, 24.756
602, 72, 27, 6.38599, 24.7698
603, 72, 27, 6.36554, 24.8289
604, 72, 27, 6.32967, 24.8717
605, 72, 27, 6.31174, 24.8948
606, 72, 27, 6.2913, 24.9308
607, 73, 27, 6.28729, 24.9569
608, 73, 26, 6.4241, 24.9878
609, 73, 26, 6.40867, 25.0346
610, 73, 26, 6.38729, 25.1081
611, 74, 26, 6.38368, 25.1489
612, 74, 26, 6.36323, 25.1849
613, 74, 26, 6.34278, 25.2363
614, 74, 26, 6.32486, 25.2781
615, 74, 26, 6.31181, 25.295
616, 74, 26, 6.29876, 25.3013
617, 75, 26, 6.29549, 25.3214
618, 75, 26, 6.27936, 25.3398
619, 75, 26, 6.26143, 25.3671
620, 75, 26, 6.24694, 25.379
621, 75, 26, 6.23081, 25.4663
622, 75, 26, 6.21776, 25.5285
623, 75, 26, 6.20326, 25.5541
624, 75, 25, 6.34006, 25.6411
625, 75, 25, 6.32463, 25.6668
626, 75, 25, 6.29723, 25.6902
627, 75, 25, 6.28526, 25.7085
628, 75, 25, 6.31079, 25.7521
629, 75, 25, 6.29881, 25.7647
630, 75, 25, 6.28576, 25.8117
631, 75, 25, 6.26963, 25.847
632, 75, 25, 6.26136, 25.858
633, 75, 25, 6.25009, 25.9124
634, 75, 25, 6.21421, 25.9584
635, 75, 25, 6.19376, 26.0166
636, 75, 25, 6.26369, 26.0451
637, 75, 25, 6.25464, 26.0769
638, 75, 25, 6.23851, 26.1044
639, 75, 25, 6.21579, 26.1196
640, 75, 25, 6.19787, 26.1462
641, 75, 25, 6.16199, 26.1707
642, 75, 25, 6.14407, 26.1831
643, 75, 25, 6.08142, 26.203
644, 75, 25, 6.0635, 26.2549
645, 75, 25, 6.04212, 26.3174
646, 75, 25, 6.02907, 26.3529
647, 75, 25, 6.00862, 26.3968
648, 75, 25, 6.00035, 26.4372
649, 75, 25, 5.9522, 26.4721
650, 75, 25, 5.93915, 26.5271
651, 76, 25, 5.93514, 26.5512
652, 76, 25, 5.92209, 26.6018
653, 76, 25, 5.88622, 26.6489
654, 76, 25, 5.87851, 26.6771
655, 76, 25, 5.86546, 26.7159
656, 76, 25, 5.85096, 26.7323
657, 76, 25, 5.83646, 26.7809
658, 76, 25, 5.9035, 26.7936
659, 76, 25, 5.88807, 26.8607
660, 77, 25, 5.88479, 26.8759
661, 77, 25, 5.85739, 26.9092
662, 77, 25, 5.85527, 26.9154
663, 77, 25, 5.8445, 26.9287
664, 78, 25, 5.8395, 27.0204
665, 79, 25, 5.83504, 27.0522
666, 79, 25, 5.82376, 27.0643
667, 79, 25, 5.81472, 27.0983
668, 79, 25, 5.79427, 27.1343
669, 79, 25, 5.77294, 27.1407
670, 79, 25, 5.75681, 27.2164
671, 79, 25, 5.74231, 27.2435
672, 79, 25, 5.69416, 27.2499
673, 79, 25, 5.66394, 27.3334
674, 79, 24, 5.80572, 27.3858
675, 79, 24, 5.79444, 27.3922
676, 79, 24, 5.78139, 27.4093
677, 79, 24, 5.76095, 27.4293
678, 80, 24, 5.75694, 27.4936
679, 80, 24, 5.74081, 27.5381
680, 80, 24, 5.72631, 27.6103
681, 80, 24, 5.71554, 27.6174
682, 80, 24, 5.70476, 27.6574
683, 81, 24, 5.70178, 27.6773
684, 81, 24, 5.69051, 27.7568
685, 81, 24, 5.67601, 27.7754
686, 81, 24, 5.66523, 27.8265
687, 81, 24, 5.64731, 27.8487
688, 81, 24, 5.63654, 27.9225
689, 82, 24, 5.63292, 27.9615
690, 82, 24, 5.62686, 28.0083
691, 82, 24, 5.61559, 28.0425
692, 83, 24, 5.61232, 28.0651
693, 83, 24, 5.59689, 28.0834
694, 83, 24, 5.63439, 28.1127
695, 83, 24, 5.61989, 28.1759
696, 83, 24, 5.61084, 28.1967
697, 83, 24, 5.63637, 28.2028
698, 84, 24, 5.63339, 28.2173
699, 84, 24, 5.629, 28.2813
700, 84, 24, 5.61595, 28.3276
701, 84, 24, 5.60052, 28.3639
702, 85, 24, 5.59779, 28.4013
703, 85, 24, 5.58701, 28.4914
704, 85, 23, 5.72629, 28.5865
705, 85, 23, 5.71802, 28.6189
706, 85, 23, 5.70974, 28.6568
707, 85, 22, 5.84654, 28.681
708, 85, 22, 5.88405, 28.7238
709, 85, 22, 5.875, 28.768
710, 85, 22, 5.8605, 28.7873
711, 85, 22, 5.8331, 28.8023
712, 85, 22, 5.82112, 28.8122
713, 85, 22, 5.79372, 28.8359
714, 85, 22, 5.78545, 28.9039
715, 86, 22, 5.78272, 28.9295
716, 87, 22, 5.78021, 28.9704
717, 88, 22, 5.7779, 28.9805
718, 88, 22, 5.76713, 29.0527
719, 88, 22, 5.71928, 29.1173
720, 88, 22, 5.68182, 29.167
721, 88, 22, 5.67104, 29.1733
722, 88, 22, 5.662, 29.223
723, 88, 22, 5.6475, 29.2553
724, 88, 22, 5.61004, 29.2758
725, 88, 22, 5.59807, 29.3185
726, 88, 22, 5.5868, 29.3437
727, 89, 22, 5.58381, 29.3996
728, 89, 22, 5.57304, 29.4652
729, 89, 22, 5.56107, 29.5421
730, 89, 22, 5.53118, 29.5485
731, 89, 22, 5.50378, 29.5889
732, 89, 22, 5.49073, 29.6611
733, 89, 22, 5.48466, 29.7072
734, 89, 22, 5.47639, 29.7817
735, 89, 22, 5.46189, 29.812
736, 89, 22, 5.44992, 29.8494
737, 89, 22, 5.43794, 29.918
738, 89, 22, 5.40207, 29.9414
739, 90, 22, 5.39845, 30.0055
740, 90, 22, 5.39239, 30.0119
741, 90, 21, 5.53716, 30.0899
742, 90, 21, 5.53669, 30.1693
743, 90, 21, 5.60373, 30.2037
744, 90, 21, 5.59368, 30.2184
745, 90, 21, 5.58511, 30.2651
746, 90, 21, 5.57506, 30.3081
747, 90, 21, 5.56424, 30.3285
748, 90, 21, 5.54974, 30.385
749, 90, 21, 5.53669, 30.3913
750, 90, 21, 5.52793, 30.4409
751, 90, 21, 5.52659, 30.447
752, 90, 21, 5.51582, 30.4959
753, 90, 21, 5.49969, 30.5289
754, 91, 21, 5.49696, 30.5663
755, 91, 20, 5.63624, 30.5729
756, 91, 20, 5.62796, 30.6145
757, 91, 20, 5.62132, 30.7049
758, 91, 20, 5.60448, 30.7704
759, 91, 20, 5.59251, 30.804
760, 91, 20, 5.5918, 30.8248
761, 91, 20, 5.57567, 30.838
762, 91, 20, 5.53979, 30.8637
763, 91, 20, 5.52782, 30.8954
764, 91, 20, 5.50649, 30.9114
765, 91, 20, 5.49036, 30.9592
766, 91, 20, 5.4843, 30.9972
767, 91, 20, 5.47352, 31.0035
768, 91, 20, 5.47306, 31.0577
769, 91, 20, 5.46478, 31.0709
770, 91, 20, 5.45401, 31.1061
771, 91, 20, 5.43788, 31.156
772, 91, 20, 5.4165, 31.191
773, 91, 20, 5.40345, 31.2348
774, 91, 20, 5.3904, 31.3224
775, 91, 20, 5.37963, 31.4058
776, 91, 20, 5.37192, 31.4764
777, 91, 20, 5.35995, 31.5734
778, 91, 20, 5.34798, 31.6203
779, 91, 20, 5.32665, 31.6352
780, 91, 20, 5.31538, 31.6938
781, 91, 20, 5.30233, 31.7847
782, 91, 20, 5.29627, 31.8323
783, 91, 20, 5.28799, 31.8671
784, 91, 20, 5.26059, 31.9235
785, 91, 20, 5.25453, 31.9439
786, 91, 20, 5.24548, 32.0277
787, 92, 20, 5.24297, 32.0967
788, 92, 20, 5.23691, 32.1537
789, 92, 20, 5.22685, 32.1715
790, 92, 20, 5.22021, 32.224
791, 92, 20, 5.21016, 32.2593
792, 92, 20, 5.20245, 32.2686
793, 92, 20, 5.19475, 32.3471
794, 92, 20, 5.16486, 32.3834
795, 92, 20, 5.18034, 32.4394
796, 92, 20, 5.15612, 32.4991
797, 92, 20, 5.13928, 32.5242
798, 92, 20, 5.1335, 32.5865
799, 93, 20, 5.13099, 32.6363
800, 93, 20, 5.12493, 32.6422
801, 93, 20, 5.11415, 32.6488
802, 93, 20, 5.10809, 32.6724
803, 93, 20, 5.09904, 32.7617
804, 93, 20, 5.08707, 32.7899
805, 93, 20, 5.06574, 32.8117
806, 93, 20, 5.05569, 32.8383
807, 93, 20, 5.03437, 32.8925
808, 93, 20, 5.02431, 32.9479
809, 93, 20, 5.01526, 33.0244
810, 93, 20, 5.00756, 33.059
811, 93, 20, 4.99851, 33.1235
812, 93, 20, 4.98846, 33.2244
813, 93, 20, 4.98239, 33.2664
814, 93, 20, 4.97162, 33.3549
815, 93, 20, 4.96391, 33.4161
816, 93, 20, 4.95086, 33.4763
817, 94, 20, 4.94759, 33.5604
818, 94, 20, 4.93454, 33.622
819, 94, 20, 4.92376, 33.6531
820, 94, 20, 4.91937, 33.7219
821, 94, 20, 4.94333, 33.7872
822, 94, 20, 4.90588, 33.8477
823, 95, 20, 4.90289, 33.928
824, 96, 20, 4.90017, 33.9819
825, 96, 20, 4.88474, 34.0445
826, 96, 20, 4.87569, 34.103
827, 96, 20, 4.87547, 34.1327
828, 96, 20, 4.87108, 34.139
829, 96, 20, 4.86668, 34.1453
830, 96, 20, 4.86062, 34.2231
831, 96, 20, 4.8393, 34.2717
832, 96, 19, 4.98738, 34.3238
833, 96, 19, 4.97732, 34.3529
834, 96, 19, 4.97043, 34.4667
835, 96, 19, 4.95359, 34.53
836, 96, 19, 4.94532, 34.5782
837, 97, 19, 4.94301, 34.622
838, 98, 19, 4.94087, 34.6527
839, 98, 19, 4.93648, 34.6971
840, 98, 19, 4.91515, 34.7161
841, 98, 19, 4.91469, 34.7229
842, 98, 19, 4.90564, 34.779
843, 98, 19, 4.89708, 34.837
844, 98, 19, 4.89129, 34.9211
845, 98, 19, 4.88273, 35.0059
846, 98, 19, 4.86929, 35.0938
847, 98, 19, 4.85245, 35.1386
848, 98, 19, 4.84806, 35.187
849, 99, 19, 4.84592, 35.228
850, 99, 19, 4.84281, 35.2603
851, 99, 19, 4.8351, 35.3513
852, 99, 19, 4.82904, 35.3913
853, 99, 19, 4.82133, 35.4369
854, 99, 19, 4.81277, 35.4719
855, 99, 19, 4.80421, 35.5593
856, 99, 19, 4.79982, 35.6123
857, 99, 19, 4.7967, 35.6902
858, 99, 19, 4.78326, 35.751
859, 99, 19, 4.77887, 35.7645
860, 99, 19, 4.75754, 35.8314
861, 99, 19, 4.74672, 35.8579
862, 99, 19, 4.73594, 35.8964
863, 99, 19, 4.72824, 35.917
864, 99, 19, 4.7216, 35.9633
865, 100, 19, 4.71962, 35.9994
866, 100, 19, 4.71057, 36.0513
867, 100, 19, 4.70393, 36.1169
868, 100, 19, 4.68709, 36.1523
869, 100, 19, 4.67971, 36.2257
870, 100, 19, 4.66287, 36.3325
871, 100, 19, 4.65431, 36.3534
872, 100, 19, 4.64526, 36.3752
873, 100, 19, 4.63399, 36.4012
874, 100, 19, 4.62628, 36.4618
875, 100, 19, 4.61323, 36.5691
876, 101, 19, 4.61092, 36.6277
877, 101, 19, 4.60187, 36.6514
878, 101, 19, 4.59182, 36.6977
879, 101, 19, 4.57498, 36.7205
880, 102, 19, 4.57285, 36.7484
881, 102, 19, 4.56514, 36.816
882, 102, 19, 4.55509, 36.8683
883, 102, 19, 4.54653, 36.9126
884, 102, 19, 4.52666, 37.034
885, 102, 19, 4.51761, 37.1111
886, 103, 19, 4.51563, 37.1282
887, 103, 19, 4.50899, 37.1476
888, 103, 19, 4.49893, 37.2154
889, 103, 19, 4.47472, 37.2614
890, 103, 19, 4.46615, 37.2842
891, 103, 19, 4.44969, 37.3518
892, 103, 19, 4.43625, 37.3843
893, 103, 19, 4.4272, 37.411
894, 103, 18, 4.57528, 37.5038
895, 103, 18, 4.57216, 37.5551
896, 103, 18, 4.56211, 37.5648
897, 103, 18, 4.55133, 37.6031
898, 103, 18, 4.54277, 37.6885
899, 103, 18, 4.53539, 37.7411
900, 103, 18, 4.52381, 37.7521
901, 103, 17, 4.66309, 37.808
902, 103, 17, 4.65482, 37.8744
903, 104, 17, 4.65284, 37.9538
904, 104, 17, 4.64619, 38.0191
905, 104, 17, 4.63275, 38.085
906, 104, 17, 4.62836, 38.1303
907, 104, 17, 4.62328, 38.1409
908, 104, 17, 4.60983, 38.1526
909, 104, 17, 4.61002, 38.1855
910, 104, 17, 4.59925, 38.2263
911, 104, 17, 4.57184, 38.318
912, 104, 17, 4.56328, 38.3525
913, 104, 17, 4.55558, 38.4083
914, 105, 17, 4.55374, 38.482
915, 105, 17, 4.54795, 38.598
916, 105, 17, 4.53713, 38.6843
917, 105, 17, 4.52808, 38.7544
918, 105, 17, 4.52497, 38.7772
919, 105, 17, 4.57339, 38.8474
920, 106, 17, 4.57167, 38.9553
921, 106, 17, 4.56955, 39.0048
922, 106, 17, 4.55873, 39.0503
923, 106, 17, 4.55103, 39.0805
924, 106, 17, 4.54791, 39.126
925, 106, 17, 4.5448, 39.1364
926, 106, 17, 4.54168, 39.1952
927, 106, 17, 4.52485, 39.2234
928, 106, 17, 4.52273, 39.2504
929, 106, 17, 4.51416, 39.2882
930, 106, 16, 4.65594, 39.3506
931, 106, 16, 4.64988, 39.4194
932, 106, 16, 4.61999, 39.4637
933, 107, 16, 4.61749, 39.5448
934, 107, 16, 4.61437, 39.6063
935, 107, 16, 4.60699, 39.6479
936, 107, 16, 4.5972, 39.7335
937, 107, 16, 4.59113, 39.7599
938, 108, 16, 4.58929, 39.8136
939, 108, 16, 4.5824, 39.8715
940, 109, 16, 4.58069, 39.95
941, 109, 16, 4.56987, 40.0262
942, 109, 16, 4.57038, 40.0533
943, 109, 16, 4.56133, 40.0733
944, 109, 15, 4.7061, 40.1447
945, 109, 15, 4.7017, 40.2011
946, 109, 15, 4.69958, 40.2391
947, 110, 15, 4.69798, 40.2814
948, 110, 15, 4.67376, 40.3117
949, 110, 15, 4.66638, 40.3643
950, 110, 15, 4.65782, 40.3874
951, 110, 15, 4.64906, 40.4119
952, 110, 15, 4.64398, 40.4476
953, 110, 15, 4.63522, 40.5596
954, 110, 15, 4.63072, 40.6151
955, 110, 15, 4.62493, 40.6489
956, 110, 15, 4.61755, 40.6668
957, 110, 15, 4.61017, 40.6958
958, 110, 15, 4.59641, 40.8131
959, 110, 15, 4.58977, 40.8936
960, 110, 15, 4.5699, 40.9857
961, 110, 15, 4.55908, 41.0428
962, 110, 15, 4.5517, 41.061
963, 110, 15, 4.54731, 41.0891
964, 110, 15, 4.54067, 41.1236
965, 110, 15, 4.53329, 41.1923
966, 110, 15, 4.51985, 41.2517
967, 110, 15, 4.5132, 41.2948
968, 110, 15, 4.50742, 41.3586
969, 110, 15, 4.50004, 41.388
970, 110, 15, 4.4866, 41.4139
971, 110, 15, 4.48348, 41.4398
972, 111, 15, 4.48164, 41.4725
973, 111, 15, 4.47394, 41.5081
974, 111, 15, 4.46815, 41.5832
975, 112, 15, 4.46644, 41.6896
976, 112, 15, 4.46065, 41.7277
977, 112, 15, 4.45423, 41.7878
978, 112, 15, 4.4478, 41.8503
979, 112, 15, 4.43698, 41.912
980, 112, 15, 4.42928, 41.9806
981, 112, 15, 4.42023, 42.0802
982, 112, 15, 4.41359, 42.1437
983, 112, 15, 4.40531, 42.1616
984, 112, 15, 4.39655, 42.263
985, 113, 15, 4.39424, 42.3058
986, 113, 15, 4.39212, 42.3246
987, 113, 15, 4.38569, 42.349
988, 113, 15, 4.36148, 42.3695
989, 113, 15, 4.35541, 42.4011
990, 113, 15, 4.35329, 42.4546
991, 113, 15, 4.33985, 42.4893
992, 113, 15, 4.33852, 42.5346
993, 113, 15, 4.33929, 42.6043
994, 113, 15, 4.33218, 42.6375
995, 113, 15, 4.33084, 42.6777
996, 113, 15, 4.32441, 42.698
997, 113, 15, 4.3533, 42.7269
998, 113, 15, 4.34765, 42.7942
999, 113, 15, 4.32778, 42.8182
