Seed is: 26
Number of samples is: 1000
Simulation name is: Simulation_4TV.sim
TimeStep, Distraction Rate, Missed States, Model Accuracy, Time (ms)
0, 0, 112, 0, 6e-05
1, 0, 111, 0.763197, 0.007073
2, 0, 110, 1.7632, 0.026169
3, 0, 110, 1.34816, 0.032501
4, 0, 110, 1.17823, 0.037912
5, 0, 109, 1.94143, 0.046538
6, 0, 109, 1.5679, 0.05781
7, 0, 109, 1.19436, 0.06331
8, 0, 109, 1.04143, 0.06829
9, 0, 109, 0.888499, 0.076325
10, 0, 108, 1.6517, 0.081234
11, 0, 107, 2.41489, 0.086114
12, 0, 107, 2.04136, 0.093438
13, 0, 107, 1.66783, 0.098237
14, 0, 107, 1.51489, 0.10534
15, 0, 106, 1.75623, 0.11032
16, 0, 106, 1.5517, 0.120158
17, 0, 105, 2.31489, 0.13662
18, 0, 104, 3.07809, 0.147721
19, 0, 103, 4.07809, 0.198738
20, 0, 103, 3.66305, 0.203958
21, 0, 103, 3.49313, 0.208777
22, 0, 102, 4.25633, 0.220189
23, 0, 102, 3.88279, 0.23142
24, 0, 102, 3.50926, 0.240337
25, 0, 102, 3.35633, 0.259574
26, 0, 102, 3.20339, 0.272368
27, 0, 101, 2.9712, 0.27843
28, 0, 100, 4.31936, 0.294
29, 0, 99, 5.08256, 0.298859
30, 0, 99, 4.59759, 0.313376
31, 0, 99, 4.22406, 0.323416
32, 0, 99, 4.01952, 0.336951
33, 0, 99, 3.86659, 0.347211
34, 1, 98, 4.86659, 0.358112
35, 2, 98, 4.45155, 0.363241
36, 3, 98, 4.28163, 0.368722
37, 4, 98, 4.18852, 0.375154
38, 5, 98, 4.12962, 0.385834
39, 6, 98, 4.08898, 0.400212
40, 7, 98, 4.05924, 0.406153
41, 8, 98, 4.03652, 0.447372
42, 9, 98, 4.01859, 0.455157
43, 10, 98, 4.00409, 0.466378
44, 10, 97, 4.76729, 0.47262
45, 10, 97, 4.39376, 0.487037
46, 10, 97, 4.02022, 0.507356
47, 10, 97, 3.86729, 0.512726
48, 10, 97, 3.71436, 0.518958
49, 10, 96, 4.47756, 0.532404
50, 10, 95, 5.24075, 0.537634
51, 11, 94, 6.24075, 0.549917
52, 12, 94, 5.82572, 0.575365
53, 13, 94, 5.65579, 0.58818
54, 14, 94, 5.56268, 0.596115
55, 15, 94, 5.50379, 0.605303
56, 16, 94, 5.46315, 0.617766
57, 17, 94, 5.4334, 0.627705
58, 18, 94, 5.41068, 0.636973
59, 19, 94, 5.39276, 0.653544
60, 20, 94, 5.37826, 0.670186
61, 20, 93, 6.14145, 0.682409
62, 20, 92, 6.49422, 0.689232
63, 20, 92, 6.00926, 0.700093
64, 20, 92, 5.63573, 0.715242
65, 20, 92, 5.43119, 0.720532
66, 20, 92, 5.27826, 0.733547
67, 20, 91, 6.04145, 0.752633
68, 20, 90, 6.80465, 0.76681
69, 20, 90, 6.43112, 0.774835
70, 20, 90, 6.05758, 0.779705
71, 20, 90, 5.90465, 0.785967
72, 20, 90, 5.75172, 0.790866
73, 20, 89, 6.51492, 0.812046
74, 20, 89, 6.14138, 0.828908
75, 20, 89, 5.76785, 0.842063
76, 20, 89, 5.61492, 0.860919
77, 20, 89, 5.46198, 0.871019
78, 20, 89, 5.37818, 0.899773
79, 20, 88, 6.14138, 0.909782
80, 20, 87, 7.14138, 0.918339
81, 20, 87, 6.72634, 0.928027
82, 20, 87, 6.55642, 0.947875
83, 20, 86, 6.32423, 0.952895
84, 20, 85, 7.67239, 0.975027
85, 20, 85, 7.29885, 0.979966
86, 20, 85, 6.81389, 0.996067
87, 20, 85, 6.66096, 1.02074
88, 20, 85, 6.45642, 1.03457
89, 20, 84, 7.21962, 1.03952
90, 20, 83, 7.98281, 1.05366
91, 20, 83, 7.60928, 1.07299
92, 20, 83, 7.23575, 1.07808
93, 20, 83, 7.08281, 1.11112
94, 20, 83, 6.92988, 1.11638
95, 20, 82, 7.11962, 1.13218
96, 20, 82, 7.00912, 1.13991
97, 20, 81, 7.77231, 1.14513
98, 20, 80, 8.77231, 1.15018
99, 20, 80, 8.35728, 1.15517
100, 20, 80, 8.18735, 1.16259
101, 20, 79, 7.95516, 1.16773
102, 20, 78, 9.30332, 1.17295
103, 20, 77, 10.0665, 1.18133
104, 20, 77, 9.58155, 1.19018
105, 20, 77, 9.20802, 1.19515
106, 20, 77, 9.00348, 1.20201
107, 20, 77, 8.85055, 1.2106
108, 20, 76, 9.61375, 1.23003
109, 20, 76, 9.24021, 1.23643
110, 20, 76, 8.86668, 1.24145
111, 20, 76, 8.71375, 1.25072
112, 20, 76, 8.56081, 1.25885
113, 21, 76, 8.54884, 1.26574
114, 21, 76, 8.46504, 1.27327
115, 21, 75, 9.46504, 1.27832
116, 21, 75, 9.05001, 1.28623
117, 21, 75, 8.88008, 1.2912
118, 21, 75, 8.78697, 1.29613
119, 21, 75, 8.69386, 1.30289
120, 21, 75, 8.58336, 1.30804
121, 21, 74, 9.34656, 1.31296
122, 21, 73, 9.11437, 1.31793
123, 21, 72, 10.4625, 1.35126
124, 21, 72, 10.089, 1.3564
125, 21, 72, 10.404, 1.36498
126, 21, 72, 9.82596, 1.37834
127, 21, 72, 9.67303, 1.40282
128, 21, 72, 9.40959, 1.41561
129, 21, 71, 10.1728, 1.42129
130, 21, 70, 10.936, 1.42665
131, 21, 70, 10.5625, 1.43175
132, 21, 70, 10.1889, 1.45763
133, 21, 69, 10.4303, 1.46336
134, 21, 69, 10.2257, 1.46853
135, 21, 69, 10.0728, 1.47594
136, 21, 68, 11.0728, 1.48664
137, 21, 68, 10.6578, 1.51608
138, 21, 68, 10.4878, 1.52286
139, 21, 68, 10.6509, 1.53854
140, 21, 68, 10.5578, 1.5437
141, 21, 67, 10.7475, 1.55163
142, 21, 67, 10.637, 1.5573
143, 21, 66, 11.4002, 1.56558
144, 21, 65, 12.1634, 1.57517
145, 21, 65, 11.7899, 1.58052
146, 21, 65, 11.4163, 1.58583
147, 21, 65, 11.2634, 1.6022
148, 21, 65, 11.1105, 1.61722
149, 21, 64, 11.8736, 1.63801
150, 21, 63, 12.6368, 1.64554
151, 21, 62, 12.4047, 1.651
152, 21, 61, 13.7528, 1.65996
153, 21, 61, 13.3793, 1.68963
154, 21, 61, 12.8943, 1.6975
155, 21, 60, 13.1357, 1.70669
156, 21, 60, 12.9311, 1.71852
157, 21, 60, 12.7266, 1.72671
158, 21, 59, 13.4898, 1.7345
159, 21, 58, 14.253, 1.74392
160, 21, 57, 15.0162, 1.75943
161, 21, 56, 15.3689, 1.77571
162, 21, 56, 14.884, 1.78517
163, 21, 56, 14.5104, 1.81849
164, 21, 56, 14.3059, 1.8285
165, 21, 55, 14.5472, 1.83684
166, 21, 55, 14.3427, 1.84923
167, 21, 54, 15.1059, 1.85665
168, 21, 53, 15.8691, 1.8651
169, 21, 52, 16.6323, 1.89995
170, 21, 52, 16.2588, 1.92324
171, 21, 51, 16.6115, 1.93452
172, 21, 51, 16.1266, 1.94252
173, 21, 50, 16.3679, 1.97209
174, 21, 50, 16.1634, 1.99049
175, 21, 50, 16.3853, 2.0188
176, 21, 49, 17.3853, 2.05011
177, 21, 49, 16.9703, 2.05852
178, 21, 49, 16.8003, 2.07519
179, 21, 48, 17.8003, 2.10111
180, 21, 48, 17.3853, 2.11653
181, 21, 48, 17.2154, 2.12485
182, 21, 47, 17.9786, 2.1387
183, 22, 46, 18.9786, 2.1643
184, 23, 46, 18.5635, 2.17284
185, 24, 46, 18.3936, 2.18417
186, 25, 46, 18.3005, 2.20264
187, 26, 46, 18.2416, 2.21104
188, 27, 46, 18.201, 2.23494
189, 28, 46, 18.1712, 2.25107
190, 29, 46, 18.1485, 2.26619
191, 30, 46, 18.1306, 2.27625
192, 31, 46, 18.1161, 2.28603
193, 31, 45, 18.8793, 2.3004
194, 31, 45, 18.5057, 2.31925
195, 31, 45, 18.1322, 2.32722
196, 31, 45, 17.9793, 2.34469
197, 31, 45, 17.8263, 2.35321
198, 31, 45, 17.7425, 2.36641
199, 31, 44, 17.5104, 2.38731
200, 31, 43, 18.8585, 2.40142
201, 31, 42, 19.8585, 2.41213
202, 31, 42, 19.4435, 2.42756
203, 31, 42, 19.2736, 2.46789
204, 31, 41, 20.0368, 2.50524
205, 31, 41, 19.5518, 2.51771
206, 31, 41, 19.1783, 2.52647
207, 31, 41, 18.9737, 2.53519
208, 31, 41, 18.8208, 2.55274
209, 32, 41, 18.8088, 2.57574
210, 33, 41, 18.7988, 2.62665
211, 33, 41, 18.6883, 2.6392
212, 33, 40, 19.4515, 2.6517
213, 33, 39, 20.4515, 2.65997
214, 33, 39, 20.0364, 2.67115
215, 33, 39, 19.8665, 2.69173
216, 33, 38, 20.6297, 2.70281
217, 33, 38, 20.2562, 2.71819
218, 33, 38, 19.8826, 2.75978
219, 33, 38, 19.7297, 2.77036
220, 33, 38, 19.5768, 2.77572
221, 33, 38, 19.493, 2.78269
222, 33, 37, 20.493, 2.78837
223, 33, 37, 20.0779, 2.80365
224, 33, 37, 19.908, 2.81535
225, 33, 37, 19.8149, 2.82087
226, 33, 37, 19.7218, 2.83097
227, 33, 37, 19.638, 2.8362
228, 33, 37, 19.2644, 2.84829
229, 33, 37, 18.8909, 2.86378
230, 33, 37, 18.5174, 2.87592
231, 33, 36, 19.5174, 2.88466
232, 33, 36, 19.1023, 2.89668
233, 33, 36, 18.9324, 2.9027
234, 33, 35, 19.6956, 2.90804
235, 33, 34, 20.4588, 2.91484
236, 33, 34, 20.3059, 2.92166
237, 33, 34, 19.9323, 2.93311
238, 33, 34, 19.8485, 2.96551
239, 33, 34, 19.6956, 2.97995
240, 33, 33, 20.4588, 2.9855
241, 33, 33, 20.3059, 3.00029
242, 33, 33, 19.9323, 3.03338
243, 33, 32, 20.1221, 3.0461
244, 33, 32, 20.2851, 3.05576
245, 34, 31, 21.2851, 3.06126
246, 35, 31, 20.8701, 3.09964
247, 36, 31, 20.7002, 3.10606
248, 37, 31, 20.607, 3.11188
249, 38, 31, 20.5481, 3.11827
250, 39, 31, 20.5075, 3.12435
251, 40, 31, 20.4778, 3.13392
252, 41, 31, 20.455, 3.14182
253, 42, 31, 20.4371, 3.14871
254, 43, 31, 20.4226, 3.15549
255, 44, 31, 20.4106, 3.1635
256, 44, 31, 20.2595, 3.16909
257, 44, 31, 20.1066, 3.18742
258, 44, 31, 20.0228, 3.20251
259, 44, 31, 19.9698, 3.21485
260, 45, 31, 19.9597, 3.22201
261, 45, 31, 19.9067, 3.22763
262, 45, 31, 19.8229, 3.23311
263, 45, 31, 19.7298, 3.23883
264, 45, 31, 19.6193, 3.24437
265, 45, 31, 19.7823, 3.25126
266, 45, 31, 19.6985, 3.27191
267, 45, 31, 19.588, 3.27768
268, 46, 31, 19.578, 3.28481
269, 46, 31, 19.4942, 3.30347
270, 46, 31, 19.4104, 3.30921
271, 46, 31, 19.3574, 3.31556
272, 46, 31, 19.2469, 3.35444
273, 46, 31, 19.1364, 3.36244
274, 46, 31, 18.9835, 3.36779
275, 46, 31, 18.6099, 3.37461
276, 46, 31, 18.5261, 3.37995
277, 46, 31, 18.4156, 3.38571
278, 46, 31, 18.1522, 3.40499
279, 46, 31, 18.0591, 3.41054
280, 46, 31, 17.9061, 3.41584
281, 46, 31, 17.7956, 3.42865
282, 46, 31, 17.7118, 3.44267
283, 46, 31, 17.6281, 3.44801
284, 46, 31, 17.5443, 3.45656
285, 46, 31, 17.3931, 3.49464
286, 46, 31, 17.3093, 3.50019
287, 46, 31, 17.2255, 3.51416
288, 46, 31, 17.1725, 3.51977
289, 46, 31, 17.1052, 3.55305
290, 46, 31, 17.0378, 3.58872
291, 46, 31, 17.172, 3.59445
292, 47, 31, 17.1634, 3.60767
293, 48, 31, 17.156, 3.61878
294, 48, 31, 17.0589, 3.65521
295, 48, 31, 16.9078, 3.66818
296, 48, 31, 16.824, 3.67361
297, 48, 31, 16.7651, 3.68349
298, 48, 31, 16.668, 3.68909
299, 48, 31, 16.5842, 3.69446
300, 48, 31, 16.5004, 3.70137
301, 49, 31, 16.4884, 3.72896
302, 49, 30, 16.6782, 3.73798
303, 49, 30, 16.5677, 3.74394
304, 49, 30, 16.4746, 3.75429
305, 49, 30, 16.3815, 3.76573
306, 49, 30, 16.2977, 3.77119
307, 50, 30, 16.2876, 3.7797
308, 50, 30, 16.1771, 3.80253
309, 50, 30, 16.0933, 3.8104
310, 50, 30, 16.0095, 3.81616
311, 50, 30, 15.9257, 3.8216
312, 50, 30, 15.8727, 3.83403
313, 50, 30, 15.8197, 3.8429
314, 50, 30, 15.7266, 3.84826
315, 50, 30, 15.6428, 3.85796
316, 50, 30, 15.5323, 3.86975
317, 50, 29, 15.722, 3.89459
318, 50, 29, 15.6115, 3.90061
319, 50, 29, 15.5585, 3.90613
320, 51, 29, 15.55, 3.91486
321, 51, 29, 15.497, 3.92052
322, 51, 28, 15.6457, 3.92619
323, 51, 28, 15.6016, 3.93879
324, 51, 28, 15.5342, 3.94854
325, 51, 28, 15.4504, 3.95395
326, 51, 28, 15.3915, 3.96725
327, 51, 28, 15.3385, 3.97645
328, 51, 28, 15.2796, 3.98276
329, 51, 28, 15.2208, 4.00382
330, 51, 28, 15.1677, 4.00948
331, 51, 28, 15.1004, 4.02221
332, 51, 28, 15.0331, 4.02831
333, 51, 28, 14.9657, 4.04035
334, 51, 28, 14.9127, 4.04615
335, 51, 28, 14.8597, 4.05168
336, 51, 28, 14.7924, 4.05725
337, 51, 28, 14.6993, 4.06387
338, 51, 28, 14.6061, 4.08634
339, 51, 28, 14.5531, 4.10146
340, 51, 28, 14.4858, 4.10734
341, 51, 28, 14.4328, 4.11283
342, 51, 28, 14.3739, 4.11829
343, 51, 28, 14.315, 4.12379
344, 51, 28, 14.2784, 4.12951
345, 51, 28, 14.1586, 4.13506
346, 51, 28, 14.1056, 4.14431
347, 51, 28, 14.0383, 4.1559
348, 52, 28, 14.0297, 4.17032
349, 52, 28, 13.9767, 4.1801
350, 52, 28, 13.9237, 4.19324
351, 52, 28, 13.8871, 4.21972
352, 52, 28, 13.8198, 4.22662
353, 52, 28, 13.7896, 4.23222
354, 52, 28, 13.8822, 4.2379
355, 52, 28, 13.8416, 4.24337
356, 52, 28, 13.805, 4.24876
357, 52, 27, 13.9537, 4.25876
358, 52, 27, 13.9096, 4.26448
359, 53, 27, 13.9022, 4.27824
360, 53, 27, 13.8349, 4.28721
361, 53, 27, 13.776, 4.29279
362, 53, 27, 13.8686, 4.29842
363, 53, 26, 14.0584, 4.30429
364, 53, 26, 13.9479, 4.31136
365, 53, 26, 13.8805, 4.31876
366, 53, 26, 13.7967, 4.32544
367, 53, 26, 13.6456, 4.33133
368, 53, 26, 13.5926, 4.34859
369, 54, 26, 13.5861, 4.36115
370, 54, 26, 13.5496, 4.36798
371, 54, 26, 13.513, 4.37782
372, 54, 26, 13.4689, 4.38886
373, 54, 26, 13.4283, 4.40548
374, 54, 26, 13.5397, 4.41778
375, 54, 26, 13.4723, 4.43602
376, 54, 26, 13.4193, 4.46225
377, 54, 26, 13.2682, 4.46795
378, 54, 26, 13.1844, 4.47621
379, 55, 26, 13.1758, 4.48731
380, 56, 26, 13.1685, 4.49767
381, 56, 26, 13.1011, 4.52919
382, 56, 26, 13.057, 4.53555
383, 56, 26, 13.0129, 4.54129
384, 56, 26, 12.954, 4.54685
385, 56, 26, 12.8867, 4.55268
386, 56, 26, 12.8337, 4.55832
387, 56, 26, 12.7971, 4.58193
388, 56, 26, 12.7441, 4.59504
389, 56, 26, 12.6911, 4.60608
390, 57, 26, 12.6847, 4.61496
391, 57, 26, 12.6317, 4.62058
392, 57, 26, 12.5728, 4.62937
393, 57, 26, 12.5139, 4.65329
394, 57, 26, 12.4773, 4.66517
395, 57, 26, 12.5472, 4.6776
396, 57, 26, 12.5107, 4.68814
397, 57, 26, 12.47, 4.71027
398, 57, 26, 12.4294, 4.71592
399, 57, 26, 12.3323, 4.72158
400, 57, 26, 12.2957, 4.72718
401, 58, 26, 12.2901, 4.74014
402, 58, 26, 12.246, 4.74584
403, 58, 26, 12.2053, 4.75715
404, 58, 26, 12.1647, 4.76389
405, 58, 26, 12.1345, 4.77091
406, 58, 26, 12.1077, 4.7767
407, 58, 26, 12.0711, 4.78383
408, 58, 26, 12.0345, 4.79586
409, 58, 26, 11.9905, 4.80305
410, 58, 26, 11.9539, 4.8086
411, 58, 26, 11.8568, 4.81452
412, 58, 26, 11.8202, 4.82008
413, 58, 26, 11.7796, 4.8276
414, 58, 26, 11.7389, 4.84866
415, 58, 26, 11.7122, 4.85426
416, 59, 26, 11.7057, 4.86353
417, 59, 26, 11.6389, 4.86937
418, 59, 26, 11.5859, 4.875
419, 59, 26, 11.527, 4.88065
420, 59, 26, 11.4681, 4.89257
421, 59, 26, 11.4151, 4.9017
422, 60, 26, 11.4077, 4.92629
423, 60, 26, 11.3712, 4.93786
424, 60, 26, 11.4638, 4.94385
425, 60, 26, 11.4232, 4.94928
426, 60, 26, 11.3825, 4.95477
427, 60, 26, 11.346, 4.96282
428, 61, 26, 11.3395, 4.97059
429, 61, 26, 11.2865, 4.97638
430, 61, 26, 11.2424, 4.98215
431, 61, 26, 11.1894, 4.98776
432, 61, 26, 11.1529, 5.00553
433, 61, 25, 11.3015, 5.01772
434, 61, 25, 11.2575, 5.02956
435, 61, 25, 11.2134, 5.03689
436, 62, 25, 11.2077, 5.04489
437, 62, 25, 11.1712, 5.0513
438, 62, 24, 11.3198, 5.06956
439, 62, 24, 11.2758, 5.07697
440, 62, 24, 11.249, 5.0827
441, 62, 24, 11.2049, 5.10153
442, 62, 24, 11.1835, 5.10921
443, 62, 24, 11.1167, 5.11602
444, 62, 24, 11.0899, 5.12998
445, 62, 24, 11.0231, 5.13887
446, 62, 24, 10.9791, 5.14661
447, 62, 24, 10.8943, 5.15876
448, 62, 24, 10.8578, 5.17321
449, 62, 24, 10.8047, 5.18147
450, 62, 24, 10.7379, 5.18895
451, 62, 23, 10.8866, 5.19725
452, 62, 23, 10.8426, 5.20325
453, 62, 23, 10.8019, 5.20902
454, 62, 23, 10.7653, 5.21728
455, 62, 23, 10.7172, 5.22315
456, 62, 23, 10.687, 5.23014
457, 62, 23, 10.6602, 5.23585
458, 62, 22, 10.8089, 5.24219
459, 62, 22, 10.7648, 5.25165
460, 62, 22, 10.7241, 5.25759
461, 62, 22, 10.6801, 5.26907
462, 62, 22, 10.6435, 5.275
463, 63, 22, 10.6378, 5.33436
464, 63, 22, 10.5897, 5.34207
465, 63, 22, 10.5599, 5.34792
466, 63, 22, 10.5386, 5.35905
467, 64, 22, 10.5336, 5.37279
468, 64, 22, 10.4709, 5.37887
469, 64, 22, 10.4041, 5.38948
470, 64, 22, 10.3675, 5.40132
471, 65, 22, 10.3619, 5.41388
472, 65, 22, 10.3178, 5.43234
473, 65, 22, 10.2876, 5.44049
474, 66, 22, 10.2826, 5.44902
475, 66, 22, 10.2558, 5.46018
476, 66, 22, 10.226, 5.47116
477, 66, 22, 10.1963, 5.48276
478, 66, 22, 10.1695, 5.49256
479, 66, 22, 10.1214, 5.50039
480, 66, 22, 10.0946, 5.52249
481, 66, 22, 10.0742, 5.52847
482, 67, 22, 10.0697, 5.53715
483, 67, 22, 10.0492, 5.54832
484, 67, 22, 10.0195, 5.56056
485, 67, 22, 9.98976, 5.57386
486, 67, 22, 9.95953, 5.58276
487, 67, 22, 9.92978, 5.59733
488, 67, 22, 9.90301, 5.60307
489, 68, 22, 9.89855, 5.61155
490, 68, 22, 9.86832, 5.62627
491, 68, 22, 9.84155, 5.64374
492, 68, 22, 9.81477, 5.64958
493, 68, 22, 9.8847, 5.65558
494, 68, 22, 9.85447, 5.69125
495, 68, 22, 9.8277, 5.70245
496, 68, 22, 9.80093, 5.70861
497, 69, 22, 9.79592, 5.71718
498, 69, 22, 9.76915, 5.73109
499, 69, 22, 9.73892, 5.73725
500, 69, 22, 9.70235, 5.74495
501, 69, 22, 9.77227, 5.7573
502, 69, 22, 9.7455, 5.78062
503, 69, 22, 9.70141, 5.7962
504, 69, 22, 9.67167, 5.8092
505, 69, 22, 9.62352, 5.81924
506, 70, 22, 9.61906, 5.82778
507, 70, 22, 9.59861, 5.83369
508, 70, 22, 9.56886, 5.83955
509, 70, 22, 9.53911, 5.84525
510, 70, 22, 9.50324, 5.8579
511, 70, 22, 9.45509, 5.87179
512, 70, 22, 9.42831, 5.88368
513, 70, 22, 9.40154, 5.89342
514, 70, 22, 9.37131, 5.89942
515, 70, 22, 9.34108, 5.90566
516, 70, 22, 9.29293, 5.91156
517, 70, 22, 9.26616, 5.92379
518, 70, 22, 9.21831, 5.93349
519, 70, 22, 9.19786, 5.93955
520, 70, 22, 9.17109, 5.95218
521, 70, 22, 9.14134, 5.95793
522, 70, 22, 9.25184, 5.97428
523, 70, 22, 9.22161, 5.98965
524, 70, 22, 9.20024, 5.99534
525, 70, 22, 9.17886, 6.00154
526, 70, 22, 9.15748, 6.00768
527, 70, 21, 9.29867, 6.0141
528, 70, 21, 9.26844, 6.02017
529, 70, 21, 9.24799, 6.03409
530, 70, 21, 9.23257, 6.04751
531, 70, 21, 9.21212, 6.05642
532, 70, 21, 9.18237, 6.06222
533, 70, 21, 9.15262, 6.068
534, 70, 21, 9.13124, 6.0815
535, 71, 21, 9.12624, 6.09006
536, 71, 21, 9.09602, 6.10484
537, 71, 21, 9.06924, 6.11051
538, 71, 21, 9.03902, 6.13858
539, 71, 21, 9.00879, 6.1464
540, 71, 21, 8.96064, 6.16117
541, 71, 21, 8.93926, 6.18795
542, 72, 21, 8.9348, 6.20958
543, 73, 21, 8.9308, 6.21821
544, 73, 21, 8.90942, 6.22828
545, 73, 21, 8.8867, 6.24119
546, 73, 21, 8.86625, 6.25579
547, 74, 21, 8.86264, 6.27579
548, 74, 21, 8.84651, 6.28164
549, 74, 21, 8.83108, 6.29417
550, 74, 21, 8.8097, 6.30164
551, 74, 21, 8.79428, 6.31234
552, 74, 21, 8.77885, 6.31824
553, 74, 21, 8.67962, 6.32588
554, 74, 21, 8.61281, 6.33593
555, 74, 21, 8.53819, 6.34777
556, 74, 21, 8.51547, 6.36071
557, 74, 21, 8.49275, 6.36795
558, 74, 21, 8.4723, 6.3879
559, 74, 21, 8.45185, 6.39348
560, 74, 21, 8.43393, 6.41768
561, 74, 21, 8.41601, 6.44112
562, 74, 21, 8.39988, 6.4494
563, 75, 21, 8.39588, 6.46458
564, 75, 21, 8.36, 6.47129
565, 75, 21, 8.32977, 6.47711
566, 75, 21, 8.28162, 6.49144
567, 75, 21, 8.26118, 6.49725
568, 75, 21, 8.23846, 6.50284
569, 75, 21, 8.21574, 6.52511
570, 75, 21, 8.19436, 6.53102
571, 75, 21, 8.17164, 6.55157
572, 75, 21, 8.15119, 6.55763
573, 76, 21, 8.14758, 6.5731
574, 76, 21, 8.12018, 6.58713
575, 76, 21, 8.0988, 6.59313
576, 76, 21, 8.07835, 6.60143
577, 76, 20, 8.21608, 6.60759
578, 76, 20, 8.19471, 6.61352
579, 76, 20, 8.17426, 6.62815
580, 76, 19, 8.31199, 6.67193
581, 76, 19, 8.29061, 6.67808
582, 76, 19, 8.27448, 6.69826
583, 76, 19, 8.25404, 6.73439
584, 76, 19, 8.23266, 6.74355
585, 76, 19, 8.21723, 6.77518
586, 76, 19, 8.20596, 6.82403
587, 76, 19, 8.18324, 6.83037
588, 76, 18, 8.32004, 6.83652
589, 76, 18, 8.35754, 6.84836
590, 76, 18, 8.32167, 6.85895
591, 76, 18, 8.29489, 6.88785
592, 76, 18, 8.25902, 6.90052
593, 76, 18, 8.23764, 6.91566
594, 76, 18, 8.20176, 6.92166
595, 76, 18, 8.18563, 6.93356
596, 76, 18, 8.16425, 6.94428
597, 77, 18, 8.16025, 6.95306
598, 77, 18, 8.14412, 6.96136
599, 77, 18, 8.12368, 6.98072
600, 77, 18, 8.10323, 6.99318
601, 77, 18, 8.08185, 7.0015
602, 77, 18, 8.0614, 7.02839
603, 77, 18, 8.03868, 7.06505
604, 77, 18, 8.01596, 7.07816
605, 77, 18, 7.98856, 7.08405
606, 77, 18, 8.02606, 7.08999
607, 77, 18, 8.00334, 7.09885
608, 77, 18, 7.96747, 7.12352
609, 77, 18, 7.95204, 7.14402
610, 77, 18, 7.92464, 7.15215
611, 77, 18, 7.88876, 7.15802
612, 77, 18, 7.87263, 7.17509
613, 77, 18, 7.8513, 7.18592
614, 77, 18, 7.83338, 7.19817
615, 77, 18, 7.81206, 7.20825
616, 78, 18, 7.80805, 7.21715
617, 78, 17, 7.94486, 7.22639
618, 78, 17, 7.92943, 7.23257
619, 78, 17, 7.9133, 7.23828
620, 78, 17, 7.87584, 7.24429
621, 78, 17, 7.83997, 7.25161
622, 78, 17, 7.82454, 7.2653
623, 78, 17, 7.80409, 7.27599
624, 79, 17, 7.80048, 7.28484
625, 80, 17, 7.7972, 7.2938
626, 80, 17, 7.78593, 7.30825
627, 80, 17, 7.76801, 7.3142
628, 80, 17, 7.75009, 7.31996
629, 80, 17, 7.73466, 7.33156
630, 80, 17, 7.71853, 7.33745
631, 80, 17, 7.70548, 7.36035
632, 81, 17, 7.70249, 7.37427
633, 81, 17, 7.67261, 7.38667
634, 81, 17, 7.65956, 7.3987
635, 81, 17, 7.64413, 7.40511
636, 81, 17, 7.68163, 7.44663
637, 82, 17, 7.67836, 7.45595
638, 83, 17, 7.67537, 7.46546
639, 83, 17, 7.65405, 7.47357
640, 83, 17, 7.63613, 7.47988
641, 83, 17, 7.62, 7.48601
642, 83, 17, 7.60387, 7.49193
643, 83, 17, 7.59082, 7.51225
644, 83, 17, 7.56341, 7.53231
645, 83, 17, 7.54799, 7.5387
646, 83, 17, 7.53494, 7.54469
647, 83, 17, 7.51951, 7.55501
648, 84, 17, 7.5159, 7.59245
649, 84, 17, 7.50285, 7.61253
650, 84, 17, 7.48492, 7.61867
651, 84, 17, 7.467, 7.62476
652, 84, 17, 7.45087, 7.65584
653, 85, 17, 7.4476, 7.67943
654, 85, 17, 7.43147, 7.70846
655, 85, 17, 7.41604, 7.71828
656, 85, 17, 7.39991, 7.72571
657, 85, 17, 7.38864, 7.74043
658, 85, 17, 7.38036, 7.75279
659, 85, 17, 7.35296, 7.76945
660, 86, 17, 7.34998, 7.77871
661, 86, 17, 7.32953, 7.79242
662, 86, 17, 7.31161, 7.81612
663, 86, 17, 7.2842, 7.82208
664, 86, 17, 7.26148, 7.83081
665, 86, 17, 7.23876, 7.83832
666, 86, 17, 7.29077, 7.85089
667, 86, 17, 7.27285, 7.8578
668, 86, 17, 7.25492, 7.86348
669, 86, 17, 7.21905, 7.86931
670, 86, 17, 7.19772, 7.87534
671, 86, 17, 7.18645, 7.88922
672, 86, 17, 7.17102, 7.89718
673, 86, 17, 7.15652, 7.9181
674, 86, 17, 7.14202, 7.9289
675, 86, 17, 7.13374, 7.94077
676, 87, 17, 7.13047, 7.94985
677, 87, 17, 7.1192, 7.9639
678, 87, 17, 7.10128, 7.9713
679, 87, 17, 7.18456, 7.98171
680, 87, 17, 7.16913, 7.98765
681, 87, 17, 7.153, 7.99546
682, 87, 16, 7.2898, 8.0099
683, 87, 16, 7.27438, 8.01796
684, 87, 16, 7.26133, 8.03341
685, 87, 16, 7.2459, 8.04026
686, 87, 16, 7.23462, 8.04641
687, 87, 16, 7.22385, 8.05624
688, 87, 16, 7.20701, 8.06322
689, 87, 16, 7.19017, 8.06957
690, 87, 16, 7.25721, 8.07641
691, 87, 16, 7.24893, 8.08788
692, 87, 16, 7.23766, 8.09381
693, 87, 16, 7.22639, 8.09967
694, 87, 16, 7.21026, 8.1139
695, 87, 16, 7.18604, 8.13695
696, 87, 16, 7.17527, 8.14292
697, 87, 16, 7.16399, 8.15203
698, 87, 16, 7.14716, 8.17562
699, 87, 16, 7.13266, 8.18819
700, 87, 16, 7.11961, 8.21088
701, 87, 16, 7.10511, 8.22165
702, 87, 16, 7.09061, 8.23378
703, 87, 15, 7.22989, 8.24652
704, 87, 15, 7.22161, 8.2528
705, 88, 15, 7.21888, 8.26953
706, 89, 15, 7.21638, 8.28428
707, 89, 15, 7.17892, 8.29548
708, 89, 15, 7.15152, 8.30858
709, 89, 15, 7.12412, 8.31979
710, 89, 15, 7.09672, 8.33499
711, 89, 15, 7.08844, 8.3427
712, 89, 14, 7.22772, 8.34895
713, 89, 14, 7.21945, 8.36222
714, 89, 14, 7.20817, 8.36892
715, 89, 14, 7.19512, 8.37473
716, 89, 14, 7.18062, 8.39781
717, 89, 14, 7.16612, 8.40813
718, 89, 14, 7.15308, 8.41899
719, 89, 14, 7.13695, 8.42493
720, 89, 14, 7.10954, 8.43102
721, 89, 14, 7.09827, 8.43701
722, 90, 14, 7.09529, 8.44637
723, 90, 14, 7.08701, 8.45235
724, 90, 14, 7.07251, 8.46358
725, 90, 14, 7.00605, 8.47181
726, 90, 14, 6.9579, 8.47771
727, 90, 14, 6.94663, 8.49574
728, 91, 14, 6.9439, 8.50539
729, 91, 14, 6.93312, 8.51135
730, 91, 14, 6.92706, 8.52081
731, 91, 14, 6.91256, 8.52673
732, 91, 14, 6.89123, 8.53601
733, 92, 14, 6.8885, 8.5679
734, 92, 14, 6.87545, 8.58527
735, 92, 14, 6.86418, 8.59149
736, 92, 14, 6.85113, 8.60108
737, 92, 14, 6.84286, 8.60725
738, 92, 14, 6.83158, 8.61709
739, 92, 14, 6.81026, 8.63388
740, 92, 14, 6.80121, 8.65457
741, 92, 14, 6.78994, 8.66077
742, 92, 14, 6.78388, 8.66767
743, 92, 14, 6.7756, 8.67525
744, 92, 13, 6.9131, 8.69903
745, 92, 13, 6.90183, 8.7112
746, 92, 13, 6.88051, 8.71745
747, 92, 13, 6.87223, 8.72349
748, 93, 13, 6.86972, 8.74205
749, 93, 13, 6.85845, 8.75602
750, 93, 13, 6.83105, 8.80119
751, 93, 13, 6.81421, 8.81948
752, 93, 13, 6.80815, 8.83245
753, 93, 13, 6.81506, 8.84459
754, 93, 13, 6.80602, 8.86154
755, 93, 13, 6.80162, 8.87721
756, 93, 13, 6.78965, 8.89602
757, 93, 13, 6.77281, 8.92635
758, 94, 13, 6.7703, 8.93643
759, 94, 13, 6.76126, 8.94257
760, 94, 13, 6.74781, 8.94883
761, 94, 13, 6.73331, 8.95624
762, 94, 13, 6.71987, 8.96888
763, 94, 13, 6.77148, 8.97506
764, 94, 13, 6.76541, 8.9934
765, 94, 13, 6.75714, 9.00306
766, 94, 12, 6.89464, 9.01481
767, 94, 12, 6.88337, 9.02171
768, 94, 12, 6.87032, 9.03582
769, 94, 12, 6.85582, 9.04175
770, 94, 12, 6.84132, 9.04773
771, 94, 12, 6.83055, 9.08077
772, 95, 12, 6.82782, 9.12417
773, 95, 12, 6.80649, 9.13081
774, 95, 12, 6.79344, 9.13694
775, 95, 12, 6.78217, 9.14309
776, 95, 12, 6.77389, 9.15336
777, 96, 12, 6.77139, 9.1674
778, 96, 12, 6.75794, 9.17383
779, 96, 12, 6.74597, 9.18015
780, 96, 12, 6.7352, 9.18627
781, 96, 12, 6.72322, 9.19211
782, 96, 12, 6.71125, 9.2026
783, 96, 12, 6.70519, 9.22968
784, 96, 12, 6.6753, 9.23884
785, 96, 12, 6.65398, 9.24479
786, 96, 12, 6.6457, 9.25775
787, 96, 12, 6.63492, 9.27003
788, 96, 12, 6.62295, 9.29036
789, 96, 12, 6.61098, 9.29632
790, 96, 12, 6.60016, 9.31053
791, 96, 12, 6.58819, 9.31891
792, 96, 12, 6.57737, 9.32897
793, 97, 12, 6.57506, 9.37312
794, 97, 12, 6.55084, 9.37932
795, 97, 12, 6.534, 9.38537
796, 97, 12, 6.52572, 9.39806
797, 97, 12, 6.51495, 9.41808
798, 97, 12, 6.50889, 9.42424
799, 97, 12, 6.50282, 9.43107
800, 97, 12, 6.5183, 9.44524
801, 98, 12, 6.51599, 9.4552
802, 99, 12, 6.51386, 9.47936
803, 99, 12, 6.50615, 9.49787
804, 99, 12, 6.49787, 9.51287
805, 99, 12, 6.49181, 9.55225
806, 99, 12, 6.48104, 9.5583
807, 99, 12, 6.4642, 9.56469
808, 99, 12, 6.45115, 9.5936
809, 100, 12, 6.44901, 9.62417
810, 100, 12, 6.44462, 9.63055
811, 100, 12, 6.43856, 9.63704
812, 100, 12, 6.43249, 9.65043
813, 100, 12, 6.42479, 9.65633
814, 100, 12, 6.41401, 9.67134
815, 100, 12, 6.36062, 9.68694
816, 100, 12, 6.34864, 9.69313
817, 100, 12, 6.33667, 9.70835
818, 100, 12, 6.32762, 9.73766
819, 100, 12, 6.31685, 9.74832
820, 100, 12, 6.28097, 9.76545
821, 100, 12, 6.269, 9.78091
822, 100, 12, 6.26072, 9.79498
823, 100, 12, 6.24728, 9.82272
824, 100, 12, 6.20359, 9.84581
825, 100, 12, 6.19353, 9.87202
826, 100, 12, 6.18348, 9.88832
827, 100, 12, 6.15608, 9.90147
828, 100, 12, 6.14602, 9.93408
829, 100, 12, 6.13775, 9.95139
830, 100, 12, 6.1287, 9.97498
831, 100, 12, 6.12264, 9.99126
832, 100, 12, 6.12955, 10.0043
833, 100, 12, 6.12127, 10.0136
834, 100, 12, 6.09995, 10.0207
835, 100, 12, 6.09167, 10.0269
836, 101, 12, 6.08936, 10.0368
837, 101, 12, 6.07253, 10.0428
838, 101, 12, 6.06646, 10.0614
839, 101, 12, 6.06207, 10.0713
840, 101, 12, 6.05601, 10.0772
841, 101, 12, 6.04696, 10.101
842, 101, 12, 6.03618, 10.1076
843, 101, 12, 6.02848, 10.1212
844, 101, 12, 6.01842, 10.141
845, 101, 12, 6.00837, 10.1546
846, 101, 12, 5.99961, 10.161
847, 101, 12, 5.98955, 10.167
848, 101, 12, 5.98185, 10.1795
849, 101, 12, 5.9728, 10.1853
850, 102, 12, 5.97049, 10.1962
851, 102, 12, 5.98597, 10.2197
852, 103, 12, 5.98383, 10.232
853, 104, 12, 5.98185, 10.2649
854, 104, 12, 5.96501, 10.2774
855, 104, 12, 5.95157, 10.2882
856, 104, 12, 5.9396, 10.3046
857, 104, 12, 5.92763, 10.3149
858, 104, 12, 5.9063, 10.323
859, 104, 12, 5.88946, 10.3289
860, 104, 12, 5.88635, 10.3351
861, 104, 12, 5.87291, 10.3411
862, 104, 12, 5.85946, 10.35
863, 104, 12, 5.84941, 10.3559
864, 104, 12, 5.83859, 10.3621
865, 104, 12, 5.8342, 10.3681
866, 104, 12, 5.88262, 10.3758
867, 105, 12, 5.88064, 10.3904
868, 105, 12, 5.87399, 10.4088
869, 105, 12, 5.8696, 10.4189
870, 106, 12, 5.86776, 10.4412
871, 106, 12, 5.85694, 10.448
872, 106, 12, 5.85254, 10.4599
873, 106, 12, 5.84815, 10.4718
874, 106, 12, 5.8391, 10.4779
875, 106, 12, 5.82566, 10.4841
876, 107, 12, 5.82352, 10.5013
877, 107, 12, 5.8127, 10.5128
878, 107, 12, 5.80265, 10.5294
879, 107, 12, 5.7936, 10.5383
880, 107, 12, 5.78355, 10.5608
881, 107, 12, 5.7735, 10.5797
882, 107, 12, 5.7691, 10.6073
883, 107, 12, 5.74359, 10.6188
884, 107, 12, 5.79201, 10.6582
885, 107, 11, 5.94008, 10.68
886, 107, 11, 5.93697, 10.7029
887, 107, 11, 5.92615, 10.7179
888, 107, 11, 5.9171, 10.7382
889, 107, 11, 5.9094, 10.7562
890, 108, 11, 5.90741, 10.7909
891, 109, 11, 5.90557, 10.8085
892, 109, 11, 5.89681, 10.8202
893, 109, 11, 5.89075, 10.8363
894, 109, 11, 5.88304, 10.865
895, 109, 11, 5.87448, 10.8782
896, 109, 11, 5.86592, 10.9436
897, 109, 11, 5.84459, 10.9583
898, 109, 11, 5.83853, 10.9645
899, 109, 11, 5.81431, 10.9782
900, 109, 11, 5.80426, 10.9895
901, 109, 11, 5.79421, 10.9977
902, 109, 11, 5.77737, 11.0158
903, 109, 11, 5.76861, 11.0779
904, 109, 11, 5.76005, 11.1075
905, 109, 11, 5.75148, 11.1154
906, 109, 11, 5.74837, 11.1322
907, 109, 11, 5.7285, 11.156
908, 109, 11, 5.76954, 11.1774
909, 109, 11, 5.76216, 11.1832
910, 109, 11, 5.75478, 11.1996
911, 109, 11, 5.75266, 11.2234
912, 109, 11, 5.74688, 11.2356
913, 109, 11, 5.74082, 11.2712
914, 109, 11, 5.73642, 11.277
915, 109, 11, 5.72737, 11.2828
916, 109, 11, 5.72131, 11.3127
917, 109, 11, 5.71919, 11.3278
918, 109, 11, 5.70575, 11.3385
919, 109, 11, 5.70136, 11.3446
920, 109, 11, 5.68791, 11.3728
921, 109, 11, 5.67714, 11.381
922, 110, 11, 5.67516, 11.4084
923, 110, 11, 5.67204, 11.415
924, 110, 11, 5.66765, 11.4253
925, 110, 11, 5.66326, 11.4343
926, 110, 11, 5.66014, 11.4706
927, 110, 11, 5.65575, 11.5008
928, 110, 11, 5.64699, 11.5145
929, 111, 11, 5.64515, 11.525
930, 111, 11, 5.62528, 11.547
931, 111, 11, 5.61184, 11.5679
932, 111, 11, 5.60872, 11.5952
933, 111, 11, 5.60016, 11.6058
934, 111, 11, 5.59352, 11.6201
935, 111, 11, 5.58581, 11.6263
936, 112, 11, 5.58397, 11.6586
937, 112, 11, 5.57733, 11.6707
938, 112, 11, 5.56877, 11.6887
939, 112, 11, 5.56021, 11.7133
940, 112, 11, 5.55309, 11.7252
941, 112, 11, 5.5473, 11.7401
942, 112, 11, 5.54066, 11.7609
943, 112, 11, 5.52984, 11.7723
944, 112, 11, 5.52128, 11.7784
945, 112, 11, 5.51046, 11.7844
946, 112, 11, 5.50275, 11.7906
947, 112, 11, 5.49193, 11.7976
948, 112, 11, 5.46771, 11.8448
949, 112, 11, 5.45915, 11.8601
950, 112, 11, 5.45145, 11.8663
951, 112, 11, 5.44833, 11.9016
952, 112, 11, 5.42687, 11.9335
953, 112, 11, 5.41782, 11.9466
954, 112, 11, 5.4157, 11.9735
955, 112, 11, 5.40714, 11.9847
956, 112, 11, 5.39857, 12.0125
957, 112, 11, 5.39546, 12.0515
958, 112, 11, 5.38882, 12.0657
959, 112, 11, 5.38144, 12.0862
960, 112, 11, 5.37406, 12.1122
961, 112, 11, 5.36152, 12.1189
962, 112, 11, 5.3594, 12.1247
963, 112, 11, 5.35251, 12.1595
964, 112, 11, 5.34812, 12.1873
965, 112, 11, 5.341, 12.2367
966, 112, 11, 5.33362, 12.2435
967, 112, 11, 5.3305, 12.2585
968, 113, 11, 5.32879, 12.2822
969, 113, 11, 5.31535, 12.3295
970, 113, 11, 5.31095, 12.3553
971, 113, 11, 5.30883, 12.3693
972, 113, 11, 5.30007, 12.3758
973, 114, 11, 5.29847, 12.399
974, 114, 10, 5.44655, 12.4282
975, 114, 10, 5.44343, 12.4521
976, 114, 10, 5.43679, 12.4914
977, 114, 10, 5.42597, 12.5129
978, 114, 10, 5.42286, 12.5442
979, 114, 10, 5.41974, 12.5513
980, 114, 10, 5.41663, 12.5628
981, 115, 10, 5.41491, 12.5737
982, 116, 10, 5.41331, 12.6095
983, 116, 9, 5.56491, 12.6158
984, 116, 9, 5.55615, 12.6218
985, 116, 9, 5.54903, 12.651
986, 116, 9, 5.5477, 12.6572
987, 117, 9, 5.54598, 12.6726
988, 117, 9, 5.5409, 12.6933
989, 117, 8, 5.68566, 12.7046
990, 117, 8, 5.68127, 12.711
991, 117, 7, 5.82604, 12.7208
992, 117, 7, 5.82164, 12.7289
993, 117, 7, 5.78535, 12.7476
994, 117, 7, 5.76851, 12.7639
995, 117, 7, 5.75995, 12.7763
996, 117, 7, 5.75684, 12.7907
997, 117, 7, 5.75372, 12.801
998, 117, 7, 5.74634, 12.8276
999, 117, 7, 5.74195, 12.8657
